5.526676177978516 5.58423376083374
3.926935911178589 4.0032057762146
3.857867956161499 4.040287017822266
3.723628520965576 3.9110379219055176
3.705812454223633 3.8442747592926025
3.671473979949951 4.070226192474365
3.650891065597534 4.081080436706543
1.4794795513153076 1.4803683757781982
1.4616119861602783 1.516941785812378
1.4522457122802734 1.484173059463501
1.4495359659194946 1.549239158630371
1.4473850727081299 1.516941785812378
1.443320631980896 1.501168966293335
1.4384392499923706 1.5428684949874878
1.4066089391708374 1.4292303323745728
1.3940434455871582 1.549125075340271
1.389017105102539 1.3915201425552368
1.3827420473098755 1.513090968132019
1.3761534690856934 1.3783718347549438
1.37442946434021 1.4215524196624756
1.365469217300415 1.3794431686401367
1.3552125692367554 1.359441876411438
1.3389649391174316 1.3557140827178955
1.3353700637817383 1.3374602794647217
1.3325904607772827 1.337917447090149
1.3113149404525757 1.393126130104065
1.3064744472503662 1.311521291732788
1.3018509149551392 1.3373539447784424
1.2916074991226196 1.3586057424545288
1.284294605255127 1.3500447273254395
1.279333472251892 1.3641868829727173
1.2790180444717407 1.2909605503082275
1.2772152423858643 1.281828761100769
1.2755705118179321 1.4483524560928345
1.2653224468231201 1.302863597869873
1.258270025253296 1.3041671514511108
1.2572576999664307 1.2871623039245605
1.24858820438385 1.3633968830108643
1.246541142463684 1.2828999757766724
1.243160367012024 1.3197109699249268
1.2411987781524658 1.4107969999313354
1.2411854267120361 1.2466002702713013
1.2390189170837402 1.3026063442230225
1.2387239933013916 1.2804838418960571
1.2367790937423706 1.3729814291000366
1.229274868965149 1.2637900114059448
1.227867841720581 1.2515788078308105
1.2270978689193726 1.2537606954574585
1.221817970275879 1.3211601972579956
1.2203593254089355 1.252694845199585
1.2193573713302612 1.2593131065368652
1.2132209539413452 1.2936722040176392
1.211099624633789 1.2249009609222412
1.2106977701187134 1.2998632192611694
1.2103676795959473 1.405000925064087
1.209593653678894 1.2532755136489868
1.2059937715530396 1.3016788959503174
1.2047934532165527 1.2100961208343506
1.2031819820404053 1.2135437726974487
1.19622802734375 1.2327121496200562
1.1937965154647827 1.281828761100769
1.1898188591003418 1.24984872341156
1.1870046854019165 1.257225513458252
1.1833980083465576 1.2175315618515015
1.1808817386627197 1.2612347602844238
1.1803127527236938 1.242918848991394
1.1765114068984985 1.2062993049621582
1.175826907157898 1.3073549270629883
1.1703051328659058 1.2936722040176392
1.169689416885376 1.2828999757766724
1.168147325515747 1.2373725175857544
1.1637425422668457 1.1725331544876099
1.1631122827529907 1.2388725280761719
1.1594728231430054 1.1959991455078125
1.1566122770309448 1.1772961616516113
1.1565206050872803 1.2056667804718018
1.1554839611053467 1.2120310068130493
1.1554558277130127 1.2276579141616821
1.1506379842758179 1.216164231300354
1.150410771369934 1.1916241645812988
1.1491926908493042 1.1959991455078125
1.1464905738830566 1.2726948261260986
1.143314003944397 1.2881380319595337
1.142711877822876 1.2821505069732666
1.1427030563354492 1.2185661792755127
1.1412230730056763 1.330704927444458
1.1363890171051025 1.2163327932357788
1.135463833808899 1.1986122131347656
1.1353368759155273 1.2859553098678589
1.1323908567428589 1.1949418783187866
1.1304363012313843 1.1495773792266846
1.1288878917694092 1.1688330173492432
1.128868818283081 1.3026063442230225
1.1278101205825806 1.2174540758132935
1.1254127025604248 1.2029622793197632
1.1243019104003906 1.2373405694961548
1.1230193376541138 1.2624350786209106
1.1211446523666382 1.1392793655395508
1.1208136081695557 1.2470625638961792
1.1176279783248901 1.1495773792266846
1.1163723468780518 1.2219645977020264
1.1150331497192383 1.2191767692565918
1.1136853694915771 1.2505286931991577
1.1117148399353027 1.1725331544876099
1.1106030941009521 1.3650367259979248
1.1101106405258179 1.2161816358566284
1.1087510585784912 1.2574235200881958
1.107553243637085 1.2249009609222412
1.0954750776290894 1.3650367259979248
1.0952216386795044 1.2542020082473755
1.092922568321228 1.2105028629302979
1.0899065732955933 1.293259620666504
1.0856266021728516 1.2388725280761719
1.0808671712875366 1.2175315618515015
1.0695847272872925 1.2185661792755127
1.0605932474136353 1.236266016960144
1.0534862279891968 1.1602636575698853
1.0515238046646118 1.253644585609436
1.0292143821716309 1.2325084209442139
