3.983468770980835 4.012261390686035
3.8974859714508057 4.0196380615234375
3.7448348999023438 3.804246664047241
2.9306421279907227 4.26694917678833
2.4107844829559326 2.413250207901001
2.3262040615081787 2.370603322982788
2.3234267234802246 2.3796210289001465
2.3204619884490967 2.402871608734131
2.259303569793701 2.3728814125061035
2.140172004699707 2.355539560317993
2.1294162273406982 2.139192819595337
2.1145496368408203 2.1497161388397217
2.095508337020874 2.097001552581787
2.0488927364349365 2.1968393325805664
2.010146379470825 2.1608223915100098
2.0020594596862793 2.0382978916168213
1.953010082244873 1.9737470149993896
1.913722276687622 2.0382978916168213
1.9105273485183716 1.929673433303833
1.8684213161468506 1.9388320446014404
1.8554883003234863 1.9737470149993896
1.8426679372787476 1.8867205381393433
1.8426289558410645 1.885157823562622
1.8266466856002808 1.908939003944397
1.8080577850341797 1.9459518194198608
1.7940821647644043 1.821605920791626
1.7796130180358887 1.8702740669250488
1.7724664211273193 1.7783831357955933
1.7623602151870728 1.8988304138183594
1.7603150606155396 1.929673433303833
1.709355115890503 1.8274595737457275
1.7081681489944458 1.9115779399871826
1.704340934753418 1.7229703664779663
1.7003321647644043 1.845852255821228
1.666882038116455 1.6716156005859375
1.6654859781265259 1.8126070499420166
1.6587097644805908 1.711228609085083
1.6277748346328735 1.7902805805206299
1.6216480731964111 1.838574767112732
1.6149216890335083 1.9252009391784668
1.6050364971160889 1.9253733158111572
1.553769826889038 1.6363736391067505
1.5024089813232422 1.5135172605514526
1.4742155075073242 1.4893792867660522
1.4535268545150757 1.4755786657333374
1.4510592222213745 1.462117314338684
1.4337342977523804 1.5135172605514526
1.4252196550369263 1.4500607252120972
1.4122546911239624 1.5005048513412476
1.3980318307876587 1.5186883211135864
1.3838510513305664 1.4567813873291016
1.375255823135376 1.4561238288879395
1.3694432973861694 1.3802179098129272
1.3550370931625366 1.392104983329773
1.3379576206207275 1.3434643745422363
1.3356807231903076 1.4228715896606445
1.3243552446365356 1.4564484357833862
1.3050076961517334 1.3938039541244507
1.2945319414138794 1.3733950853347778
1.2894916534423828 1.389422059059143
1.28836190700531 1.3897491693496704
1.2872564792633057 1.3897491693496704
1.2811241149902344 1.4397543668746948
1.2797918319702148 1.3822277784347534
1.278592824935913 1.4109818935394287
1.2781659364700317 1.4109818935394287
1.2679535150527954 1.3849345445632935
1.2476518154144287 1.414527416229248
1.2404159307479858 1.2929779291152954
1.2290726900100708 1.4165300130844116
1.218569278717041 1.38961923122406
1.216115951538086 1.4241061210632324
1.2072803974151611 1.406219720840454
1.2072557210922241 1.265791654586792
1.1982260942459106 1.451764464378357
1.1818526983261108 1.2244600057601929
1.1367255449295044 1.17034912109375
1.1212140321731567 1.1905790567398071
1.1042779684066772 1.1617077589035034
1.1031734943389893 1.1469250917434692
1.0856832265853882 1.1419615745544434
