1.7840405 1.7283977 1.6734765 1.6192933 1.5658726 1.5132473 1.5132473 1.4503151 1.387965 1.3262135
1.7283977 1.6734765 1.6192933 1.5658726 1.5132473 1.5132473 1.4503151 1.387965 1.3262135 1.2650852
1.6734765 1.6192933 1.5658726 1.5132473 1.5132473 1.4503151 1.387965 1.3262135 1.2650852 1.2046128
1.6192933 1.5658726 1.5132473 1.5132473 1.4503151 1.387965 1.3262135 1.2650852 1.2046128 1.1448211000000001
1.5658726 1.5132473 1.5132473 1.4503151 1.387965 1.3262135 1.2650852 1.2046128 1.1448211000000001 1.0887354999999999
1.5132473 1.5132473 1.4503151 1.387965 1.3262135 1.2650852 1.2046128 1.1448211000000001 1.0887354999999999 1.0334699
1.5132473 1.4503151 1.387965 1.3262135 1.2650852 1.2046128 1.1448211000000001 1.0887354999999999 1.0334699 0.9728664
1.4503151 1.387965 1.3262135 1.2650852 1.2046128 1.1448211000000001 1.0887354999999999 1.0334699 0.9728664 0.91297623
1.387965 1.3262135 1.2650852 1.2046128 1.1448211000000001 1.0887354999999999 1.0334699 0.9728664 0.91297623 0.85382402
1.3262135 1.2650852 1.2046128 1.1448211000000001 1.0887354999999999 1.0334699 0.9728664 0.91297623 0.85382402 0.85382402
1.2650852 1.2046128 1.1448211000000001 1.0887354999999999 1.0334699 0.9728664 0.91297623 0.85382402 0.85382402 0.79705791
1.2046128 1.1448211000000001 1.0887354999999999 1.0334699 0.9728664 0.91297623 0.85382402 0.85382402 0.79705791 0.74114456
1.1448211000000001 1.0887354999999999 1.0334699 0.9728664 0.91297623 0.85382402 0.85382402 0.79705791 0.74114456 0.68610857
1.0887354999999999 1.0334699 0.9728664 0.91297623 0.85382402 0.85382402 0.79705791 0.74114456 0.68610857 0.63199914
1.0334699 0.9728664 0.91297623 0.85382402 0.85382402 0.79705791 0.74114456 0.68610857 0.63199914 0.57884907
0.9728664 0.91297623 0.85382402 0.85382402 0.79705791 0.74114456 0.68610857 0.63199914 0.57884907 0.52669115
0.91297623 0.85382402 0.85382402 0.79705791 0.74114456 0.68610857 0.63199914 0.57884907 0.52669115 0.47557459
0.85382402 0.85382402 0.79705791 0.74114456 0.68610857 0.63199914 0.57884907 0.52669115 0.47557459 0.42554039
0.85382402 0.79705791 0.74114456 0.68610857 0.63199914 0.57884907 0.52669115 0.47557459 0.42554039 0.37662953
0.79705791 0.74114456 0.68610857 0.63199914 0.57884907 0.52669115 0.47557459 0.42554039 0.37662953 0.32889122
0.74114456 0.68610857 0.63199914 0.57884907 0.52669115 0.47557459 0.42554039 0.37662953 0.32889122 0.28235826
0.68610857 0.63199914 0.57884907 0.52669115 0.47557459 0.42554039 0.37662953 0.32889122 0.28235826 0.23709625
0.63199914 0.57884907 0.52669115 0.47557459 0.42554039 0.37662953 0.32889122 0.28235826 0.23709625 0.19312977
0.57884907 0.52669115 0.47557459 0.42554039 0.37662953 0.32889122 0.28235826 0.23709625 0.19312977 0.19312977
0.52669115 0.47557459 0.42554039 0.37662953 0.32889122 0.28235826 0.23709625 0.19312977 0.19312977 0.15053264
0.47557459 0.42554039 0.37662953 0.32889122 0.28235826 0.23709625 0.19312977 0.19312977 0.15053264 0.10933764
0.42554039 0.37662953 0.32889122 0.28235826 0.23709625 0.19312977 0.19312977 0.15053264 0.10933764 0.069602185
0.37662953 0.32889122 0.28235826 0.23709625 0.19312977 0.19312977 0.15053264 0.10933764 0.069602185 0.031375461
0.32889122 0.28235826 0.23709625 0.19312977 0.19312977 0.15053264 0.10933764 0.069602185 0.031375461 -0.0052933325
0.28235826 0.23709625 0.19312977 0.19312977 0.15053264 0.10933764 0.069602185 0.031375461 -0.0052933325 0.068626428
0.23709625 0.19312977 0.19312977 0.15053264 0.10933764 0.069602185 0.031375461 -0.0052933325 0.068626428 0.034327331
0.19312977 0.19312977 0.15053264 0.10933764 0.069602185 0.031375461 -0.0052933325 0.068626428 0.034327331 0.0016763620999999999
0.19312977 0.15053264 0.10933764 0.069602185 0.031375461 -0.0052933325 0.068626428 0.034327331 0.0016763620999999999 -0.029293681000000002
0.15053264 0.10933764 0.069602185 0.031375461 -0.0052933325 0.068626428 0.034327331 0.0016763620999999999 -0.029293681000000002 -0.058525400000000005
0.10933764 0.069602185 0.031375461 -0.0052933325 0.068626428 0.034327331 0.0016763620999999999 -0.029293681000000002 -0.058525400000000005 -0.085969597
0.069602185 0.031375461 -0.0052933325 0.068626428 0.034327331 0.0016763620999999999 -0.029293681000000002 -0.058525400000000005 -0.085969597 -0.11159347
0.031375461 -0.0052933325 0.068626428 0.034327331 0.0016763620999999999 -0.029293681000000002 -0.058525400000000005 -0.085969597 -0.11159347 -0.11159347
-0.0052933325 0.068626428 0.034327331 0.0016763620999999999 -0.029293681000000002 -0.058525400000000005 -0.085969597 -0.11159347 -0.11159347 -0.13533963
0.068626428 0.034327331 0.0016763620999999999 -0.029293681000000002 -0.058525400000000005 -0.085969597 -0.11159347 -0.11159347 -0.13533963 -0.15717528
0.034327331 0.0016763620999999999 -0.029293681000000002 -0.058525400000000005 -0.085969597 -0.11159347 -0.11159347 -0.13533963 -0.15717528 -0.17706760000000002
0.0016763620999999999 -0.029293681000000002 -0.058525400000000005 -0.085969597 -0.11159347 -0.11159347 -0.13533963 -0.15717528 -0.17706760000000002 -0.19495922
-0.029293681000000002 -0.058525400000000005 -0.085969597 -0.11159347 -0.11159347 -0.13533963 -0.15717528 -0.17706760000000002 -0.19495922 -0.21083372
-0.058525400000000005 -0.085969597 -0.11159347 -0.11159347 -0.13533963 -0.15717528 -0.17706760000000002 -0.19495922 -0.21083372 -0.29144439
-0.085969597 -0.11159347 -0.11159347 -0.13533963 -0.15717528 -0.17706760000000002 -0.19495922 -0.21083372 -0.29144439 -0.30562977
-0.11159347 -0.11159347 -0.13533963 -0.15717528 -0.17706760000000002 -0.19495922 -0.21083372 -0.29144439 -0.30562977 -0.31768324
-0.11159347 -0.13533963 -0.15717528 -0.17706760000000002 -0.19495922 -0.21083372 -0.29144439 -0.30562977 -0.31768324 -0.32758021
-0.13533963 -0.15717528 -0.17706760000000002 -0.19495922 -0.21083372 -0.29144439 -0.30562977 -0.31768324 -0.32758021 -0.33530427
-0.15717528 -0.17706760000000002 -0.19495922 -0.21083372 -0.29144439 -0.30562977 -0.31768324 -0.32758021 -0.33530427 -0.34083083
-0.17706760000000002 -0.19495922 -0.21083372 -0.29144439 -0.30562977 -0.31768324 -0.32758021 -0.33530427 -0.34083083 -0.34415168
-0.19495922 -0.21083372 -0.29144439 -0.30562977 -0.31768324 -0.32758021 -0.33530427 -0.34083083 -0.34415168 -0.34415168
-0.21083372 -0.29144439 -0.30562977 -0.31768324 -0.32758021 -0.33530427 -0.34083083 -0.34415168 -0.34415168 -0.42611529
-0.29144439 -0.30562977 -0.31768324 -0.32758021 -0.33530427 -0.34083083 -0.34415168 -0.34415168 -0.42611529 -0.42725504
-0.30562977 -0.31768324 -0.32758021 -0.33530427 -0.34083083 -0.34415168 -0.34415168 -0.42611529 -0.42725504 -0.42611529
-0.31768324 -0.32758021 -0.33530427 -0.34083083 -0.34415168 -0.34415168 -0.42611529 -0.42725504 -0.42611529 -0.42270424
-0.32758021 -0.33530427 -0.34083083 -0.34415168 -0.34415168 -0.42611529 -0.42725504 -0.42611529 -0.42270424 -0.41702189
-0.33530427 -0.34083083 -0.34415168 -0.34415168 -0.42611529 -0.42725504 -0.42611529 -0.42270424 -0.41702189 -0.40909284
-0.34083083 -0.34415168 -0.34415168 -0.42611529 -0.42725504 -0.42611529 -0.42270424 -0.41702189 -0.40909284 -0.39891708
-0.34415168 -0.34415168 -0.42611529 -0.42725504 -0.42611529 -0.42270424 -0.41702189 -0.40909284 -0.39891708 -0.38653563
-0.34415168 -0.42611529 -0.42725504 -0.42611529 -0.42270424 -0.41702189 -0.40909284 -0.39891708 -0.38653563 -0.46738408
-0.42611529 -0.42725504 -0.42611529 -0.42270424 -0.41702189 -0.40909284 -0.39891708 -0.38653563 -0.46738408 -0.45241974
-0.42725504 -0.42611529 -0.42270424 -0.41702189 -0.40909284 -0.39891708 -0.38653563 -0.46738408 -0.45241974 -0.43524149
-0.42611529 -0.42270424 -0.41702189 -0.40909284 -0.39891708 -0.38653563 -0.46738408 -0.45241974 -0.43524149 -0.43524149
-0.42270424 -0.41702189 -0.40909284 -0.39891708 -0.38653563 -0.46738408 -0.45241974 -0.43524149 -0.43524149 -0.41589034
-0.41702189 -0.40909284 -0.39891708 -0.38653563 -0.46738408 -0.45241974 -0.43524149 -0.43524149 -0.41589034 -0.39441548
-0.40909284 -0.39891708 -0.38653563 -0.46738408 -0.45241974 -0.43524149 -0.43524149 -0.41589034 -0.39441548 -0.47316483
-0.39891708 -0.38653563 -0.46738408 -0.45241974 -0.43524149 -0.43524149 -0.41589034 -0.39441548 -0.47316483 -0.44897589
-0.38653563 -0.46738408 -0.45241974 -0.43524149 -0.43524149 -0.41589034 -0.39441548 -0.47316483 -0.44897589 -0.52687248
-0.46738408 -0.45241974 -0.43524149 -0.43524149 -0.41589034 -0.39441548 -0.47316483 -0.44897589 -0.52687248 -0.49989566
-0.45241974 -0.43524149 -0.43524149 -0.41589034 -0.39441548 -0.47316483 -0.44897589 -0.52687248 -0.49989566 -0.57681649
-0.43524149 -0.43524149 -0.41589034 -0.39441548 -0.47316483 -0.44897589 -0.52687248 -0.49989566 -0.57681649 -0.54698619
-0.43524149 -0.41589034 -0.39441548 -0.47316483 -0.44897589 -0.52687248 -0.49989566 -0.57681649 -0.54698619 -0.62277547
-0.41589034 -0.39441548 -0.47316483 -0.44897589 -0.52687248 -0.49989566 -0.57681649 -0.54698619 -0.62277547 -0.59004251
-0.39441548 -0.47316483 -0.44897589 -0.52687248 -0.49989566 -0.57681649 -0.54698619 -0.62277547 -0.59004251 -0.66456084
-0.47316483 -0.44897589 -0.52687248 -0.49989566 -0.57681649 -0.54698619 -0.62277547 -0.59004251 -0.66456084 -0.6288842
-0.44897589 -0.52687248 -0.49989566 -0.57681649 -0.54698619 -0.62277547 -0.59004251 -0.66456084 -0.6288842 -0.6288842
-0.52687248 -0.49989566 -0.57681649 -0.54698619 -0.62277547 -0.59004251 -0.66456084 -0.6288842 -0.6288842 -0.7019675999999999
-0.49989566 -0.57681649 -0.54698619 -0.62277547 -0.59004251 -0.66456084 -0.6288842 -0.6288842 -0.7019675999999999 -0.77452622
-0.57681649 -0.54698619 -0.62277547 -0.59004251 -0.66456084 -0.6288842 -0.6288842 -0.7019675999999999 -0.77452622 -0.84651087
-0.54698619 -0.62277547 -0.59004251 -0.66456084 -0.6288842 -0.6288842 -0.7019675999999999 -0.77452622 -0.84651087 -0.91786414
-0.62277547 -0.59004251 -0.66456084 -0.6288842 -0.6288842 -0.7019675999999999 -0.77452622 -0.84651087 -0.91786414 -0.98853684
-0.59004251 -0.66456084 -0.6288842 -0.6288842 -0.7019675999999999 -0.77452622 -0.84651087 -0.91786414 -0.98853684 -1.0584716
-0.66456084 -0.6288842 -0.6288842 -0.7019675999999999 -0.77452622 -0.84651087 -0.91786414 -0.98853684 -1.0584716 -1.0139885
-0.6288842 -0.6288842 -0.7019675999999999 -0.77452622 -0.84651087 -0.91786414 -0.98853684 -1.0584716 -1.0139885 -1.0817586000000001
-0.6288842 -0.7019675999999999 -0.77452622 -0.84651087 -0.91786414 -0.98853684 -1.0584716 -1.0139885 -1.0817586000000001 -1.1485856
-0.7019675999999999 -0.77452622 -0.84651087 -0.91786414 -0.98853684 -1.0584716 -1.0139885 -1.0817586000000001 -1.1485856 -1.0993878000000001
-0.77452622 -0.84651087 -0.91786414 -0.98853684 -1.0584716 -1.0139885 -1.0817586000000001 -1.1485856 -1.0993878000000001 -1.1637058
-0.84651087 -0.91786414 -0.98853684 -1.0584716 -1.0139885 -1.0817586000000001 -1.1485856 -1.0993878000000001 -1.1637058 -1.1112198999999998
-0.91786414 -0.98853684 -1.0584716 -1.0139885 -1.0817586000000001 -1.1485856 -1.0993878000000001 -1.1637058 -1.1112198999999998 -1.1112198999999998
-0.98853684 -1.0584716 -1.0139885 -1.0817586000000001 -1.1485856 -1.0993878000000001 -1.1637058 -1.1112198999999998 -1.1112198999999998 -1.1728319999999999
-1.0584716 -1.0139885 -1.0817586000000001 -1.1485856 -1.0993878000000001 -1.1637058 -1.1112198999999998 -1.1112198999999998 -1.1728319999999999 -1.2330747
-1.0139885 -1.0817586000000001 -1.1485856 -1.0993878000000001 -1.1637058 -1.1112198999999998 -1.1112198999999998 -1.1728319999999999 -1.2330747 -1.175874
-1.0817586000000001 -1.1485856 -1.0993878000000001 -1.1637058 -1.1112198999999998 -1.1112198999999998 -1.1728319999999999 -1.2330747 -1.175874 -1.2330747
-1.1485856 -1.0993878000000001 -1.1637058 -1.1112198999999998 -1.1112198999999998 -1.1728319999999999 -1.2330747 -1.175874 -1.2330747 -1.1728319999999999
-1.0993878000000001 -1.1637058 -1.1112198999999998 -1.1112198999999998 -1.1728319999999999 -1.2330747 -1.175874 -1.2330747 -1.1728319999999999 -1.1112198999999998
-1.1637058 -1.1112198999999998 -1.1112198999999998 -1.1728319999999999 -1.2330747 -1.175874 -1.2330747 -1.1728319999999999 -1.1112198999999998 -1.1637058
-1.1112198999999998 -1.1112198999999998 -1.1728319999999999 -1.2330747 -1.175874 -1.2330747 -1.1728319999999999 -1.1112198999999998 -1.1637058 -1.2143549
-1.1112198999999998 -1.1728319999999999 -1.2330747 -1.175874 -1.2330747 -1.1728319999999999 -1.1112198999999998 -1.1637058 -1.2143549 -1.2630443999999998
-1.1728319999999999 -1.2330747 -1.175874 -1.2330747 -1.1728319999999999 -1.1112198999999998 -1.1637058 -1.2143549 -1.2630443999999998 -1.1957992
-1.2330747 -1.175874 -1.2330747 -1.1728319999999999 -1.1112198999999998 -1.1637058 -1.2143549 -1.2630443999999998 -1.1957992 -1.2409218000000002
-1.175874 -1.2330747 -1.1728319999999999 -1.1112198999999998 -1.1637058 -1.2143549 -1.2630443999999998 -1.1957992 -1.2409218000000002 -1.1713068000000002
-1.2330747 -1.1728319999999999 -1.1112198999999998 -1.1637058 -1.2143549 -1.2630443999999998 -1.1957992 -1.2409218000000002 -1.1713068000000002 -1.1713068000000002
-1.1728319999999999 -1.1112198999999998 -1.1637058 -1.2143549 -1.2630443999999998 -1.1957992 -1.2409218000000002 -1.1713068000000002 -1.1713068000000002 -1.2128052
-1.1112198999999998 -1.1637058 -1.2143549 -1.2630443999999998 -1.1957992 -1.2409218000000002 -1.1713068000000002 -1.1713068000000002 -1.2128052 -1.1410584
-1.1637058 -1.2143549 -1.2630443999999998 -1.1957992 -1.2409218000000002 -1.1713068000000002 -1.1713068000000002 -1.2128052 -1.1410584 -1.0686308999999998
-1.2143549 -1.2630443999999998 -1.1957992 -1.2409218000000002 -1.1713068000000002 -1.1713068000000002 -1.2128052 -1.1410584 -1.0686308999999998 -1.1052997
-1.2630443999999998 -1.1957992 -1.2409218000000002 -1.1713068000000002 -1.1713068000000002 -1.2128052 -1.1410584 -1.0686308999999998 -1.1052997 -1.0311094
-1.1957992 -1.2409218000000002 -1.1713068000000002 -1.1713068000000002 -1.2128052 -1.1410584 -1.0686308999999998 -1.1052997 -1.0311094 -1.0642687
-1.2409218000000002 -1.1713068000000002 -1.1713068000000002 -1.2128052 -1.1410584 -1.0686308999999998 -1.1052997 -1.0311094 -1.0642687 -0.98853684
-1.1713068000000002 -1.1713068000000002 -1.2128052 -1.1410584 -1.0686308999999998 -1.1052997 -1.0311094 -1.0642687 -0.98853684 -1.0182523
-1.1713068000000002 -1.2128052 -1.1410584 -1.0686308999999998 -1.1052997 -1.0311094 -1.0642687 -0.98853684 -1.0182523 -1.0454669
-1.2128052 -1.1410584 -1.0686308999999998 -1.1052997 -1.0311094 -1.0642687 -0.98853684 -1.0182523 -1.0454669 -0.96753756
-1.1410584 -1.0686308999999998 -1.1052997 -1.0311094 -1.0642687 -0.98853684 -1.0182523 -1.0454669 -0.96753756 -0.99135752
-1.0686308999999998 -1.1052997 -1.0311094 -1.0642687 -0.98853684 -1.0182523 -1.0454669 -0.96753756 -0.99135752 -0.91241138
-1.1052997 -1.0311094 -1.0642687 -0.98853684 -1.0182523 -1.0454669 -0.96753756 -0.99135752 -0.91241138 -0.91241138
-1.0311094 -1.0642687 -0.98853684 -1.0182523 -1.0454669 -0.96753756 -0.99135752 -0.91241138 -0.91241138 -0.93293508
-1.0642687 -0.98853684 -1.0182523 -1.0454669 -0.96753756 -0.99135752 -0.91241138 -0.91241138 -0.93293508 -0.85316078
-0.98853684 -1.0182523 -1.0454669 -0.96753756 -0.99135752 -0.91241138 -0.91241138 -0.93293508 -0.85316078 -0.77323888
-1.0182523 -1.0454669 -0.96753756 -0.99135752 -0.91241138 -0.91241138 -0.93293508 -0.85316078 -0.77323888 -0.69319399
-1.0454669 -0.96753756 -0.99135752 -0.91241138 -0.91241138 -0.93293508 -0.85316078 -0.77323888 -0.69319399 -0.6130343
-0.96753756 -0.99135752 -0.91241138 -0.91241138 -0.93293508 -0.85316078 -0.77323888 -0.69319399 -0.6130343 -0.53277622
-0.99135752 -0.91241138 -0.91241138 -0.93293508 -0.85316078 -0.77323888 -0.69319399 -0.6130343 -0.53277622 -0.45241974
-0.91241138 -0.91241138 -0.93293508 -0.85316078 -0.77323888 -0.69319399 -0.6130343 -0.53277622 -0.45241974 -0.37197306
-0.91241138 -0.93293508 -0.85316078 -0.77323888 -0.69319399 -0.6130343 -0.53277622 -0.45241974 -0.37197306 -0.38653563
-0.93293508 -0.85316078 -0.77323888 -0.69319399 -0.6130343 -0.53277622 -0.45241974 -0.37197306 -0.38653563 -0.30562977
-0.85316078 -0.77323888 -0.69319399 -0.6130343 -0.53277622 -0.45241974 -0.37197306 -0.38653563 -0.30562977 -0.22465832
-0.77323888 -0.69319399 -0.6130343 -0.53277622 -0.45241974 -0.37197306 -0.38653563 -0.30562977 -0.22465832 -0.22465832
-0.69319399 -0.6130343 -0.53277622 -0.45241974 -0.37197306 -0.38653563 -0.30562977 -0.22465832 -0.22465832 -0.14364587
-0.6130343 -0.53277622 -0.45241974 -0.37197306 -0.38653563 -0.30562977 -0.22465832 -0.22465832 -0.14364587 -0.062576022
-0.53277622 -0.45241974 -0.37197306 -0.38653563 -0.30562977 -0.22465832 -0.22465832 -0.14364587 -0.062576022 0.018534823
-0.45241974 -0.37197306 -0.38653563 -0.30562977 -0.22465832 -0.22465832 -0.14364587 -0.062576022 0.018534823 0.031375461
-0.37197306 -0.38653563 -0.30562977 -0.22465832 -0.22465832 -0.14364587 -0.062576022 0.018534823 0.031375461 0.046126614
-0.38653563 -0.30562977 -0.22465832 -0.22465832 -0.14364587 -0.062576022 0.018534823 0.031375461 0.046126614 0.062771885
-0.30562977 -0.22465832 -0.22465832 -0.14364587 -0.062576022 0.018534823 0.031375461 0.046126614 0.062771885 0.081278474
-0.22465832 -0.22465832 -0.14364587 -0.062576022 0.018534823 0.031375461 0.046126614 0.062771885 0.081278474 0.10162178
-0.22465832 -0.14364587 -0.062576022 0.018534823 0.031375461 0.046126614 0.062771885 0.081278474 0.10162178 0.12376081
-0.14364587 -0.062576022 0.018534823 0.031375461 0.046126614 0.062771885 0.081278474 0.10162178 0.12376081 0.14767096
-0.062576022 0.018534823 0.031375461 0.046126614 0.062771885 0.081278474 0.10162178 0.12376081 0.14767096 0.22592013
0.018534823 0.031375461 0.046126614 0.062771885 0.081278474 0.10162178 0.12376081 0.14767096 0.22592013 0.25101104
0.031375461 0.046126614 0.062771885 0.081278474 0.10162178 0.12376081 0.14767096 0.22592013 0.25101104 0.25101104
0.046126614 0.062771885 0.081278474 0.10162178 0.12376081 0.14767096 0.22592013 0.25101104 0.25101104 0.32889122
0.062771885 0.081278474 0.10162178 0.12376081 0.14767096 0.22592013 0.25101104 0.25101104 0.32889122 0.40694359999999996
0.081278474 0.10162178 0.12376081 0.14767096 0.22592013 0.25101104 0.25101104 0.32889122 0.40694359999999996 0.48515997
0.10162178 0.12376081 0.14767096 0.22592013 0.25101104 0.25101104 0.32889122 0.40694359999999996 0.48515997 0.56353214
0.12376081 0.14767096 0.22592013 0.25101104 0.25101104 0.32889122 0.40694359999999996 0.48515997 0.56353214 0.6420437
0.14767096 0.22592013 0.25101104 0.25101104 0.32889122 0.40694359999999996 0.48515997 0.56353214 0.6420437 0.72069465
0.22592013 0.25101104 0.25101104 0.32889122 0.40694359999999996 0.48515997 0.56353214 0.6420437 0.72069465 0.69849822
0.25101104 0.25101104 0.32889122 0.40694359999999996 0.48515997 0.56353214 0.6420437 0.72069465 0.69849822 0.67783513
0.25101104 0.32889122 0.40694359999999996 0.48515997 0.56353214 0.6420437 0.72069465 0.69849822 0.67783513 0.65872997
0.32889122 0.40694359999999996 0.48515997 0.56353214 0.6420437 0.72069465 0.69849822 0.67783513 0.65872997 0.73869286
0.40694359999999996 0.48515997 0.56353214 0.6420437 0.72069465 0.69849822 0.67783513 0.65872997 0.73869286 0.81873776
0.48515997 0.56353214 0.6420437 0.72069465 0.69849822 0.67783513 0.65872997 0.73869286 0.81873776 0.89885644
0.56353214 0.6420437 0.72069465 0.69849822 0.67783513 0.65872997 0.73869286 0.81873776 0.89885644 0.89885644
0.6420437 0.72069465 0.69849822 0.67783513 0.65872997 0.73869286 0.81873776 0.89885644 0.89885644 0.88231777
0.72069465 0.69849822 0.67783513 0.65872997 0.73869286 0.81873776 0.89885644 0.89885644 0.88231777 0.86730423
0.69849822 0.67783513 0.65872997 0.73869286 0.81873776 0.89885644 0.89885644 0.88231777 0.86730423 0.85382402
0.67783513 0.65872997 0.73869286 0.81873776 0.89885644 0.89885644 0.88231777 0.86730423 0.85382402 0.84190174
0.65872997 0.73869286 0.81873776 0.89885644 0.89885644 0.88231777 0.86730423 0.85382402 0.84190174 0.83152919
0.73869286 0.81873776 0.89885644 0.89885644 0.88231777 0.86730423 0.85382402 0.84190174 0.83152919 0.82273918
0.81873776 0.89885644 0.89885644 0.88231777 0.86730423 0.85382402 0.84190174 0.83152919 0.82273918 0.8155316999999999
0.89885644 0.89885644 0.88231777 0.86730423 0.85382402 0.84190174 0.83152919 0.82273918 0.8155316999999999 0.73378948
0.89885644 0.88231777 0.86730423 0.85382402 0.84190174 0.83152919 0.82273918 0.8155316999999999 0.73378948 0.72806613
0.88231777 0.86730423 0.85382402 0.84190174 0.83152919 0.82273918 0.8155316999999999 0.73378948 0.72806613 0.72397451
0.86730423 0.85382402 0.84190174 0.83152919 0.82273918 0.8155316999999999 0.73378948 0.72806613 0.72397451 0.6420437
0.85382402 0.84190174 0.83152919 0.82273918 0.8155316999999999 0.73378948 0.72806613 0.72397451 0.6420437 0.6420437
0.84190174 0.83152919 0.82273918 0.8155316999999999 0.73378948 0.72806613 0.72397451 0.6420437 0.6420437 0.63953461
0.83152919 0.82273918 0.8155316999999999 0.73378948 0.72806613 0.72397451 0.6420437 0.6420437 0.63953461 0.63869825
0.82273918 0.8155316999999999 0.73378948 0.72806613 0.72397451 0.6420437 0.6420437 0.63953461 0.63869825 0.63953461
0.8155316999999999 0.73378948 0.72806613 0.72397451 0.6420437 0.6420437 0.63953461 0.63869825 0.63953461 0.6420437
0.73378948 0.72806613 0.72397451 0.6420437 0.6420437 0.63953461 0.63869825 0.63953461 0.6420437 0.56011289
0.72806613 0.72397451 0.6420437 0.6420437 0.63953461 0.63869825 0.63953461 0.6420437 0.56011289 0.5643849
0.72397451 0.6420437 0.6420437 0.63953461 0.63869825 0.63953461 0.6420437 0.56011289 0.5643849 0.57034604
0.6420437 0.6420437 0.63953461 0.63869825 0.63953461 0.6420437 0.56011289 0.5643849 0.57034604 0.57799631
0.6420437 0.63953461 0.63869825 0.63953461 0.6420437 0.56011289 0.5643849 0.57034604 0.57799631 0.5873275
0.63953461 0.63869825 0.63953461 0.6420437 0.56011289 0.5643849 0.57034604 0.57799631 0.5873275 0.66870893
0.63869825 0.63953461 0.6420437 0.56011289 0.5643849 0.57034604 0.57799631 0.5873275 0.66870893 0.67949146
0.63953461 0.6420437 0.56011289 0.5643849 0.57034604 0.57799631 0.5873275 0.66870893 0.67949146 0.7606761
0.6420437 0.56011289 0.5643849 0.57034604 0.57799631 0.5873275 0.66870893 0.67949146 0.7606761 0.7606761
0.56011289 0.5643849 0.57034604 0.57799631 0.5873275 0.66870893 0.67949146 0.7606761 0.7606761 0.77284437
0.5643849 0.57034604 0.57799631 0.5873275 0.66870893 0.67949146 0.7606761 0.7606761 0.77284437 0.78657876
0.57034604 0.57799631 0.5873275 0.66870893 0.67949146 0.7606761 0.7606761 0.77284437 0.78657876 0.80188749
0.57799631 0.5873275 0.66870893 0.67949146 0.7606761 0.7606761 0.77284437 0.78657876 0.80188749 0.81873776
0.5873275 0.66870893 0.67949146 0.7606761 0.7606761 0.77284437 0.78657876 0.80188749 0.81873776 0.83711315
0.66870893 0.67949146 0.7606761 0.7606761 0.77284437 0.78657876 0.80188749 0.81873776 0.83711315 0.75742904
0.67949146 0.7606761 0.7606761 0.77284437 0.78657876 0.80188749 0.81873776 0.83711315 0.75742904 0.77769855
0.7606761 0.7606761 0.77284437 0.78657876 0.80188749 0.81873776 0.83711315 0.75742904 0.77769855 0.7994768
0.7606761 0.77284437 0.78657876 0.80188749 0.81873776 0.83711315 0.75742904 0.77769855 0.7994768 0.72069465
0.77284437 0.78657876 0.80188749 0.81873776 0.83711315 0.75742904 0.77769855 0.7994768 0.72069465 0.6420437
0.78657876 0.80188749 0.81873776 0.83711315 0.75742904 0.77769855 0.7994768 0.72069465 0.6420437 0.56353214
0.80188749 0.81873776 0.83711315 0.75742904 0.77769855 0.7994768 0.72069465 0.6420437 0.56353214 0.58818026
0.81873776 0.83711315 0.75742904 0.77769855 0.7994768 0.72069465 0.6420437 0.56353214 0.58818026 0.58818026
0.83711315 0.75742904 0.77769855 0.7994768 0.72069465 0.6420437 0.56353214 0.58818026 0.58818026 0.61436171
0.75742904 0.77769855 0.7994768 0.72069465 0.6420437 0.56353214 0.58818026 0.58818026 0.61436171 0.6420437
0.77769855 0.7994768 0.72069465 0.6420437 0.56353214 0.58818026 0.58818026 0.61436171 0.6420437 0.67120162
0.7994768 0.72069465 0.6420437 0.56353214 0.58818026 0.58818026 0.61436171 0.6420437 0.67120162 0.70179448
0.72069465 0.6420437 0.56353214 0.58818026 0.58818026 0.61436171 0.6420437 0.67120162 0.70179448 0.6261281999999999
0.6420437 0.56353214 0.58818026 0.58818026 0.61436171 0.6420437 0.67120162 0.70179448 0.6261281999999999 0.5507161
0.56353214 0.58818026 0.58818026 0.61436171 0.6420437 0.67120162 0.70179448 0.6261281999999999 0.5507161 0.47557459
0.58818026 0.58818026 0.61436171 0.6420437 0.67120162 0.70179448 0.6261281999999999 0.5507161 0.47557459 0.40072007
0.58818026 0.61436171 0.6420437 0.67120162 0.70179448 0.6261281999999999 0.5507161 0.47557459 0.40072007 0.32616894
0.61436171 0.6420437 0.67120162 0.70179448 0.6261281999999999 0.5507161 0.47557459 0.40072007 0.32616894 0.25193759
0.6420437 0.67120162 0.70179448 0.6261281999999999 0.5507161 0.47557459 0.40072007 0.32616894 0.25193759 0.21751550000000003
0.67120162 0.70179448 0.6261281999999999 0.5507161 0.47557459 0.40072007 0.32616894 0.25193759 0.21751550000000003 0.18465134
0.70179448 0.6261281999999999 0.5507161 0.47557459 0.40072007 0.32616894 0.25193759 0.21751550000000003 0.18465134 0.15338611
0.6261281999999999 0.5507161 0.47557459 0.40072007 0.32616894 0.25193759 0.21751550000000003 0.18465134 0.15338611 0.15338611
0.5507161 0.47557459 0.40072007 0.32616894 0.25193759 0.21751550000000003 0.18465134 0.15338611 0.15338611 0.077391844
0.47557459 0.40072007 0.32616894 0.25193759 0.21751550000000003 0.18465134 0.15338611 0.15338611 0.077391844 0.047110571
0.40072007 0.32616894 0.25193759 0.21751550000000003 0.18465134 0.15338611 0.15338611 0.077391844 0.047110571 -0.029293681000000002
0.32616894 0.25193759 0.21751550000000003 0.18465134 0.15338611 0.15338611 0.077391844 0.047110571 -0.029293681000000002 -0.058525400000000005
0.25193759 0.21751550000000003 0.18465134 0.15338611 0.15338611 0.077391844 0.047110571 -0.029293681000000002 -0.058525400000000005 -0.13533963
0.21751550000000003 0.18465134 0.15338611 0.15338611 0.077391844 0.047110571 -0.029293681000000002 -0.058525400000000005 -0.13533963 -0.21189968
0.18465134 0.15338611 0.15338611 0.077391844 0.047110571 -0.029293681000000002 -0.058525400000000005 -0.13533963 -0.21189968 -0.28817274
0.15338611 0.15338611 0.077391844 0.047110571 -0.029293681000000002 -0.058525400000000005 -0.13533963 -0.21189968 -0.28817274 -0.31768324
0.15338611 0.077391844 0.047110571 -0.029293681000000002 -0.058525400000000005 -0.13533963 -0.21189968 -0.28817274 -0.31768324 -0.39441548
0.077391844 0.047110571 -0.029293681000000002 -0.058525400000000005 -0.13533963 -0.21189968 -0.28817274 -0.31768324 -0.39441548 -0.47085253
0.047110571 -0.029293681000000002 -0.058525400000000005 -0.13533963 -0.21189968 -0.28817274 -0.31768324 -0.39441548 -0.47085253 -0.54698619
-0.029293681000000002 -0.058525400000000005 -0.13533963 -0.21189968 -0.28817274 -0.31768324 -0.39441548 -0.47085253 -0.54698619 -0.54698619
-0.058525400000000005 -0.13533963 -0.21189968 -0.28817274 -0.31768324 -0.39441548 -0.47085253 -0.54698619 -0.54698619 -0.62277547
-0.13533963 -0.21189968 -0.28817274 -0.31768324 -0.39441548 -0.47085253 -0.54698619 -0.54698619 -0.62277547 -0.69820397
-0.21189968 -0.28817274 -0.31768324 -0.39441548 -0.47085253 -0.54698619 -0.54698619 -0.62277547 -0.69820397 -0.66456084
-0.28817274 -0.31768324 -0.39441548 -0.47085253 -0.54698619 -0.54698619 -0.62277547 -0.69820397 -0.66456084 -0.73863639
-0.31768324 -0.39441548 -0.47085253 -0.54698619 -0.54698619 -0.62277547 -0.69820397 -0.66456084 -0.73863639 -0.7019675999999999
-0.39441548 -0.47085253 -0.54698619 -0.54698619 -0.62277547 -0.69820397 -0.66456084 -0.73863639 -0.7019675999999999 -0.6633226999999999
-0.47085253 -0.54698619 -0.54698619 -0.62277547 -0.69820397 -0.66456084 -0.73863639 -0.7019675999999999 -0.6633226999999999 -0.62277547
-0.54698619 -0.54698619 -0.62277547 -0.69820397 -0.66456084 -0.73863639 -0.7019675999999999 -0.6633226999999999 -0.62277547 -0.58041613
-0.54698619 -0.62277547 -0.69820397 -0.66456084 -0.73863639 -0.7019675999999999 -0.6633226999999999 -0.62277547 -0.58041613 -0.53631846
-0.62277547 -0.69820397 -0.66456084 -0.73863639 -0.7019675999999999 -0.6633226999999999 -0.62277547 -0.58041613 -0.53631846 -0.49057267
-0.69820397 -0.66456084 -0.73863639 -0.7019675999999999 -0.6633226999999999 -0.62277547 -0.58041613 -0.53631846 -0.49057267 -0.44324434
-0.66456084 -0.73863639 -0.7019675999999999 -0.6633226999999999 -0.62277547 -0.58041613 -0.53631846 -0.49057267 -0.44324434 -0.39441548
-0.73863639 -0.7019675999999999 -0.6633226999999999 -0.62277547 -0.58041613 -0.53631846 -0.49057267 -0.44324434 -0.39441548 -0.39441548
-0.7019675999999999 -0.6633226999999999 -0.62277547 -0.58041613 -0.53631846 -0.49057267 -0.44324434 -0.39441548 -0.39441548 -0.45931564
-0.6633226999999999 -0.62277547 -0.58041613 -0.53631846 -0.49057267 -0.44324434 -0.39441548 -0.39441548 -0.45931564 -0.52334663
-0.62277547 -0.58041613 -0.53631846 -0.49057267 -0.44324434 -0.39441548 -0.39441548 -0.45931564 -0.52334663 -0.58642647
-0.58041613 -0.53631846 -0.49057267 -0.44324434 -0.39441548 -0.39441548 -0.45931564 -0.52334663 -0.58642647 -0.53277622
-0.53631846 -0.49057267 -0.44324434 -0.39441548 -0.39441548 -0.45931564 -0.52334663 -0.58642647 -0.53277622 -0.59365855
-0.49057267 -0.44324434 -0.39441548 -0.39441548 -0.45931564 -0.52334663 -0.58642647 -0.53277622 -0.59365855 -0.65344213
-0.44324434 -0.39441548 -0.39441548 -0.45931564 -0.52334663 -0.58642647 -0.53277622 -0.59365855 -0.65344213 -0.59607744
-0.39441548 -0.39441548 -0.45931564 -0.52334663 -0.58642647 -0.53277622 -0.59365855 -0.65344213 -0.59607744 -0.53750741
-0.39441548 -0.45931564 -0.52334663 -0.58642647 -0.53277622 -0.59365855 -0.65344213 -0.59607744 -0.53750741 -0.47779763
-0.45931564 -0.52334663 -0.58642647 -0.53277622 -0.59365855 -0.65344213 -0.59607744 -0.53750741 -0.47779763 -0.41702189
-0.52334663 -0.58642647 -0.53277622 -0.59365855 -0.65344213 -0.59607744 -0.53750741 -0.47779763 -0.41702189 -0.3552458
-0.58642647 -0.53277622 -0.59365855 -0.65344213 -0.59607744 -0.53750741 -0.47779763 -0.41702189 -0.3552458 -0.40796129
-0.53277622 -0.59365855 -0.65344213 -0.59607744 -0.53750741 -0.47779763 -0.41702189 -0.3552458 -0.40796129 -0.40796129
-0.59365855 -0.65344213 -0.59607744 -0.53750741 -0.47779763 -0.41702189 -0.3552458 -0.40796129 -0.40796129 -0.34415168
-0.65344213 -0.59607744 -0.53750741 -0.47779763 -0.41702189 -0.3552458 -0.40796129 -0.40796129 -0.34415168 -0.39441548
-0.59607744 -0.53750741 -0.47779763 -0.41702189 -0.3552458 -0.40796129 -0.40796129 -0.34415168 -0.39441548 -0.44324434
-0.53750741 -0.47779763 -0.41702189 -0.3552458 -0.40796129 -0.40796129 -0.34415168 -0.39441548 -0.44324434 -0.49057267
-0.47779763 -0.41702189 -0.3552458 -0.40796129 -0.40796129 -0.34415168 -0.39441548 -0.44324434 -0.49057267 -0.42270424
-0.41702189 -0.3552458 -0.40796129 -0.40796129 -0.34415168 -0.39441548 -0.44324434 -0.49057267 -0.42270424 -0.35413884
-0.3552458 -0.40796129 -0.40796129 -0.34415168 -0.39441548 -0.44324434 -0.49057267 -0.42270424 -0.35413884 -0.28491748
-0.40796129 -0.40796129 -0.34415168 -0.39441548 -0.44324434 -0.49057267 -0.42270424 -0.35413884 -0.28491748 -0.21508114
-0.40796129 -0.34415168 -0.39441548 -0.44324434 -0.49057267 -0.42270424 -0.35413884 -0.28491748 -0.21508114 -0.14467902
-0.34415168 -0.39441548 -0.44324434 -0.49057267 -0.42270424 -0.35413884 -0.28491748 -0.21508114 -0.14467902 -0.073743933
-0.39441548 -0.44324434 -0.49057267 -0.42270424 -0.35413884 -0.28491748 -0.21508114 -0.14467902 -0.073743933 -0.0023086633
-0.44324434 -0.49057267 -0.42270424 -0.35413884 -0.28491748 -0.21508114 -0.14467902 -0.073743933 -0.0023086633 -0.0023086633
-0.49057267 -0.42270424 -0.35413884 -0.28491748 -0.21508114 -0.14467902 -0.073743933 -0.0023086633 -0.0023086633 0.069602185
-0.42270424 -0.35413884 -0.28491748 -0.21508114 -0.14467902 -0.073743933 -0.0023086633 -0.0023086633 0.069602185 0.14194761
-0.35413884 -0.28491748 -0.21508114 -0.14467902 -0.073743933 -0.0023086633 -0.0023086633 0.069602185 0.14194761 0.21471123
-0.28491748 -0.21508114 -0.14467902 -0.073743933 -0.0023086633 -0.0023086633 0.069602185 0.14194761 0.21471123 0.28786842
-0.21508114 -0.14467902 -0.073743933 -0.0023086633 -0.0023086633 0.069602185 0.14194761 0.21471123 0.28786842 0.25193759
-0.14467902 -0.073743933 -0.0023086633 -0.0023086633 0.069602185 0.14194761 0.21471123 0.28786842 0.25193759 0.32616894
-0.073743933 -0.0023086633 -0.0023086633 0.069602185 0.14194761 0.21471123 0.28786842 0.25193759 0.32616894 0.29244382
-0.0023086633 -0.0023086633 0.069602185 0.14194761 0.21471123 0.28786842 0.25193759 0.32616894 0.29244382 0.36766732
-0.0023086633 0.069602185 0.14194761 0.21471123 0.28786842 0.25193759 0.32616894 0.29244382 0.36766732 0.33613151
0.069602185 0.14194761 0.21471123 0.28786842 0.25193759 0.32616894 0.29244382 0.36766732 0.33613151 0.30615362
0.14194761 0.21471123 0.28786842 0.25193759 0.32616894 0.29244382 0.36766732 0.33613151 0.30615362 0.27776646
0.21471123 0.28786842 0.25193759 0.32616894 0.29244382 0.36766732 0.33613151 0.30615362 0.27776646 0.27776646
0.28786842 0.25193759 0.32616894 0.29244382 0.36766732 0.33613151 0.30615362 0.27776646 0.27776646 0.43260848
0.25193759 0.32616894 0.29244382 0.36766732 0.33613151 0.30615362 0.27776646 0.27776646 0.43260848 0.43260848
0.32616894 0.29244382 0.36766732 0.33613151 0.30615362 0.27776646 0.27776646 0.43260848 0.43260848 0.40694359999999996
0.29244382 0.36766732 0.33613151 0.30615362 0.27776646 0.27776646 0.43260848 0.43260848 0.40694359999999996 0.48515997
0.36766732 0.33613151 0.30615362 0.27776646 0.27776646 0.43260848 0.43260848 0.40694359999999996 0.48515997 0.56353214
0.33613151 0.30615362 0.27776646 0.27776646 0.43260848 0.43260848 0.40694359999999996 0.48515997 0.56353214 0.54044195
0.30615362 0.27776646 0.27776646 0.43260848 0.43260848 0.40694359999999996 0.48515997 0.56353214 0.54044195 0.61940449
0.27776646 0.27776646 0.43260848 0.43260848 0.40694359999999996 0.48515997 0.56353214 0.54044195 0.61940449 0.69849822
0.27776646 0.43260848 0.43260848 0.40694359999999996 0.48515997 0.56353214 0.54044195 0.61940449 0.69849822 0.67783513
0.43260848 0.43260848 0.40694359999999996 0.48515997 0.56353214 0.54044195 0.61940449 0.69849822 0.67783513 0.75742904
0.43260848 0.40694359999999996 0.48515997 0.56353214 0.54044195 0.61940449 0.69849822 0.67783513 0.75742904 0.73869286
0.40694359999999996 0.48515997 0.56353214 0.54044195 0.61940449 0.69849822 0.67783513 0.75742904 0.73869286 0.72151462
0.48515997 0.56353214 0.54044195 0.61940449 0.69849822 0.67783513 0.75742904 0.73869286 0.72151462 0.7059107
0.56353214 0.54044195 0.61940449 0.69849822 0.67783513 0.75742904 0.73869286 0.72151462 0.7059107 0.7059107
0.54044195 0.61940449 0.69849822 0.67783513 0.75742904 0.73869286 0.72151462 0.7059107 0.7059107 0.69189751
0.61940449 0.69849822 0.67783513 0.75742904 0.73869286 0.72151462 0.7059107 0.7059107 0.69189751 0.67949146
0.69849822 0.67783513 0.75742904 0.73869286 0.72151462 0.7059107 0.7059107 0.69189751 0.67949146 0.7606761
0.67783513 0.75742904 0.73869286 0.72151462 0.7059107 0.7059107 0.69189751 0.67949146 0.7606761 0.75010676
0.75742904 0.73869286 0.72151462 0.7059107 0.7059107 0.69189751 0.67949146 0.7606761 0.75010676 0.83152919
0.73869286 0.72151462 0.7059107 0.7059107 0.69189751 0.67949146 0.7606761 0.75010676 0.83152919 0.82273918
0.72151462 0.7059107 0.7059107 0.69189751 0.67949146 0.7606761 0.75010676 0.83152919 0.82273918 0.8155316999999999
0.7059107 0.7059107 0.69189751 0.67949146 0.7606761 0.75010676 0.83152919 0.82273918 0.8155316999999999 0.80992314
0.7059107 0.69189751 0.67949146 0.7606761 0.75010676 0.83152919 0.82273918 0.8155316999999999 0.80992314 0.80590532
0.69189751 0.67949146 0.7606761 0.75010676 0.83152919 0.82273918 0.8155316999999999 0.80992314 0.80590532 0.80349462
0.67949146 0.7606761 0.75010676 0.83152919 0.82273918 0.8155316999999999 0.80992314 0.80590532 0.80349462 0.80269106
0.7606761 0.75010676 0.83152919 0.82273918 0.8155316999999999 0.80992314 0.80590532 0.80349462 0.80269106 0.80349462
0.75010676 0.83152919 0.82273918 0.8155316999999999 0.80992314 0.80590532 0.80349462 0.80269106 0.80349462 0.80349462
0.83152919 0.82273918 0.8155316999999999 0.80992314 0.80590532 0.80349462 0.80269106 0.80349462 0.80349462 0.80590532
0.82273918 0.8155316999999999 0.80992314 0.80590532 0.80349462 0.80269106 0.80349462 0.80349462 0.80590532 0.80992314
0.8155316999999999 0.80992314 0.80590532 0.80349462 0.80269106 0.80349462 0.80349462 0.80590532 0.80992314 0.8155316999999999
0.80992314 0.80590532 0.80349462 0.80269106 0.80349462 0.80349462 0.80590532 0.80992314 0.8155316999999999 0.89728211
0.80590532 0.80349462 0.80269106 0.80349462 0.80349462 0.80590532 0.80992314 0.8155316999999999 0.89728211 0.9043502
0.80349462 0.80269106 0.80349462 0.80349462 0.80590532 0.80992314 0.8155316999999999 0.89728211 0.9043502 0.91297623
0.80269106 0.80349462 0.80349462 0.80590532 0.80992314 0.8155316999999999 0.89728211 0.9043502 0.91297623 0.92314378
0.80349462 0.80349462 0.80590532 0.80992314 0.8155316999999999 0.89728211 0.9043502 0.91297623 0.92314378 0.93485287
0.80349462 0.80590532 0.80992314 0.8155316999999999 0.89728211 0.9043502 0.91297623 0.92314378 0.93485287 0.94807889
0.80590532 0.80992314 0.8155316999999999 0.89728211 0.9043502 0.91297623 0.92314378 0.93485287 0.94807889 0.86730423
0.80992314 0.8155316999999999 0.89728211 0.9043502 0.91297623 0.92314378 0.93485287 0.94807889 0.86730423 0.78657876
0.8155316999999999 0.89728211 0.9043502 0.91297623 0.92314378 0.93485287 0.94807889 0.86730423 0.78657876 0.7059107
0.89728211 0.9043502 0.91297623 0.92314378 0.93485287 0.94807889 0.86730423 0.78657876 0.7059107 0.7059107
0.9043502 0.91297623 0.92314378 0.93485287 0.94807889 0.86730423 0.78657876 0.7059107 0.7059107 0.72151462
0.91297623 0.92314378 0.93485287 0.94807889 0.86730423 0.78657876 0.7059107 0.7059107 0.72151462 0.73869286
0.92314378 0.93485287 0.94807889 0.86730423 0.78657876 0.7059107 0.7059107 0.72151462 0.73869286 0.75742904
0.93485287 0.94807889 0.86730423 0.78657876 0.7059107 0.7059107 0.72151462 0.73869286 0.75742904 0.77769855
0.94807889 0.86730423 0.78657876 0.7059107 0.7059107 0.72151462 0.73869286 0.75742904 0.77769855 0.7994768
0.86730423 0.78657876 0.7059107 0.7059107 0.72151462 0.73869286 0.75742904 0.77769855 0.7994768 0.82273918
0.78657876 0.7059107 0.7059107 0.72151462 0.73869286 0.75742904 0.77769855 0.7994768 0.82273918 0.74440801
0.7059107 0.7059107 0.72151462 0.73869286 0.75742904 0.77769855 0.7994768 0.82273918 0.74440801 0.76959731
0.7059107 0.72151462 0.73869286 0.75742904 0.77769855 0.7994768 0.82273918 0.74440801 0.76959731 0.79625434
0.72151462 0.73869286 0.75742904 0.77769855 0.7994768 0.82273918 0.74440801 0.76959731 0.79625434 0.71905472
0.73869286 0.75742904 0.77769855 0.7994768 0.82273918 0.74440801 0.76959731 0.79625434 0.71905472 0.74766327
0.75742904 0.77769855 0.7994768 0.82273918 0.74440801 0.76959731 0.79625434 0.71905472 0.74766327 0.74766327
0.77769855 0.7994768 0.82273918 0.74440801 0.76959731 0.79625434 0.71905472 0.74766327 0.74766327 0.67120162
0.7994768 0.82273918 0.74440801 0.76959731 0.79625434 0.71905472 0.74766327 0.74766327 0.67120162 0.70179448
0.82273918 0.74440801 0.76959731 0.79625434 0.71905472 0.74766327 0.74766327 0.67120162 0.70179448 0.6261281999999999
0.74440801 0.76959731 0.79625434 0.71905472 0.74766327 0.74766327 0.67120162 0.70179448 0.6261281999999999 0.5507161
0.76959731 0.79625434 0.71905472 0.74766327 0.74766327 0.67120162 0.70179448 0.6261281999999999 0.5507161 0.47557459
0.79625434 0.71905472 0.74766327 0.74766327 0.67120162 0.70179448 0.6261281999999999 0.5507161 0.47557459 0.40072007
0.71905472 0.74766327 0.74766327 0.67120162 0.70179448 0.6261281999999999 0.5507161 0.47557459 0.40072007 0.32616894
0.74766327 0.74766327 0.67120162 0.70179448 0.6261281999999999 0.5507161 0.47557459 0.40072007 0.32616894 0.25193759
0.74766327 0.67120162 0.70179448 0.6261281999999999 0.5507161 0.47557459 0.40072007 0.32616894 0.25193759 0.21751550000000003
0.67120162 0.70179448 0.6261281999999999 0.5507161 0.47557459 0.40072007 0.32616894 0.25193759 0.21751550000000003 0.14290697
0.70179448 0.6261281999999999 0.5507161 0.47557459 0.40072007 0.32616894 0.25193759 0.21751550000000003 0.14290697 0.10933764
0.6261281999999999 0.5507161 0.47557459 0.40072007 0.32616894 0.25193759 0.21751550000000003 0.14290697 0.10933764 0.034327331
0.5507161 0.47557459 0.40072007 0.32616894 0.25193759 0.21751550000000003 0.14290697 0.10933764 0.034327331 0.034327331
0.47557459 0.40072007 0.32616894 0.25193759 0.21751550000000003 0.14290697 0.10933764 0.034327331 0.034327331 0.0016763620999999999
0.40072007 0.32616894 0.25193759 0.21751550000000003 0.14290697 0.10933764 0.034327331 0.034327331 0.0016763620999999999 -0.073743933
0.32616894 0.25193759 0.21751550000000003 0.14290697 0.10933764 0.034327331 0.034327331 0.0016763620999999999 -0.073743933 -0.10542734
0.25193759 0.21751550000000003 0.14290697 0.10933764 0.034327331 0.034327331 0.0016763620999999999 -0.073743933 -0.10542734 -0.18126582
0.21751550000000003 0.14290697 0.10933764 0.034327331 0.034327331 0.0016763620999999999 -0.073743933 -0.10542734 -0.18126582 -0.21189968
0.14290697 0.10933764 0.034327331 0.034327331 0.0016763620999999999 -0.073743933 -0.10542734 -0.18126582 -0.21189968 -0.28817274
0.10933764 0.034327331 0.034327331 0.0016763620999999999 -0.073743933 -0.10542734 -0.18126582 -0.21189968 -0.28817274 -0.36415061
0.034327331 0.034327331 0.0016763620999999999 -0.073743933 -0.10542734 -0.18126582 -0.21189968 -0.28817274 -0.36415061 -0.43980869
0.034327331 0.0016763620999999999 -0.073743933 -0.10542734 -0.18126582 -0.21189968 -0.28817274 -0.36415061 -0.43980869 -0.51511419
0.0016763620999999999 -0.073743933 -0.10542734 -0.18126582 -0.21189968 -0.28817274 -0.36415061 -0.43980869 -0.51511419 -0.59004251
-0.073743933 -0.10542734 -0.18126582 -0.21189968 -0.28817274 -0.36415061 -0.43980869 -0.51511419 -0.59004251 -0.66456084
-0.10542734 -0.18126582 -0.21189968 -0.28817274 -0.36415061 -0.43980869 -0.51511419 -0.59004251 -0.66456084 -0.69820397
-0.18126582 -0.21189968 -0.28817274 -0.36415061 -0.43980869 -0.51511419 -0.59004251 -0.66456084 -0.69820397 -0.69820397
-0.21189968 -0.28817274 -0.36415061 -0.43980869 -0.51511419 -0.59004251 -0.66456084 -0.69820397 -0.69820397 -0.77323888
-0.28817274 -0.36415061 -0.43980869 -0.51511419 -0.59004251 -0.66456084 -0.69820397 -0.69820397 -0.77323888 -0.84783921
-0.36415061 -0.43980869 -0.51511419 -0.59004251 -0.66456084 -0.69820397 -0.69820397 -0.77323888 -0.84783921 -0.88126094
-0.43980869 -0.51511419 -0.59004251 -0.66456084 -0.69820397 -0.69820397 -0.77323888 -0.84783921 -0.88126094 -0.91241138
-0.51511419 -0.59004251 -0.66456084 -0.69820397 -0.69820397 -0.77323888 -0.84783921 -0.88126094 -0.91241138 -0.98853684
-0.59004251 -0.66456084 -0.69820397 -0.69820397 -0.77323888 -0.84783921 -0.88126094 -0.91241138 -0.98853684 -1.0182523
-0.66456084 -0.69820397 -0.69820397 -0.77323888 -0.84783921 -0.88126094 -0.91241138 -0.98853684 -1.0182523 -1.0949681999999998
-0.69820397 -0.69820397 -0.77323888 -0.84783921 -0.88126094 -0.91241138 -0.98853684 -1.0182523 -1.0949681999999998 -1.1713068000000002
-0.69820397 -0.77323888 -0.84783921 -0.88126094 -0.91241138 -0.98853684 -1.0182523 -1.0949681999999998 -1.1713068000000002 -1.2472191000000001
-0.77323888 -0.84783921 -0.88126094 -0.91241138 -0.98853684 -1.0182523 -1.0949681999999998 -1.1713068000000002 -1.2472191000000001 -1.2773938
-0.84783921 -0.88126094 -0.91241138 -0.98853684 -1.0182523 -1.0949681999999998 -1.1713068000000002 -1.2472191000000001 -1.2773938 -1.353962
-0.88126094 -0.91241138 -0.98853684 -1.0182523 -1.0949681999999998 -1.1713068000000002 -1.2472191000000001 -1.2773938 -1.353962 -1.353962
-0.91241138 -0.98853684 -1.0182523 -1.0949681999999998 -1.1713068000000002 -1.2472191000000001 -1.2773938 -1.353962 -1.353962 -1.382382
-0.98853684 -1.0182523 -1.0949681999999998 -1.1713068000000002 -1.2472191000000001 -1.2773938 -1.353962 -1.353962 -1.382382 -1.4078008999999998
-1.0182523 -1.0949681999999998 -1.1713068000000002 -1.2472191000000001 -1.2773938 -1.353962 -1.353962 -1.382382 -1.4078008999999998 -1.4300957
-1.0949681999999998 -1.1713068000000002 -1.2472191000000001 -1.2773938 -1.353962 -1.353962 -1.382382 -1.4078008999999998 -1.4300957 -1.4491598999999997
-1.1713068000000002 -1.2472191000000001 -1.2773938 -1.353962 -1.353962 -1.382382 -1.4078008999999998 -1.4300957 -1.4491598999999997 -1.5292047
-1.2472191000000001 -1.2773938 -1.353962 -1.353962 -1.382382 -1.4078008999999998 -1.4300957 -1.4491598999999997 -1.5292047 -1.6090692
-1.2773938 -1.353962 -1.353962 -1.382382 -1.4078008999999998 -1.4300957 -1.4491598999999997 -1.5292047 -1.6090692 -1.6887288
-1.353962 -1.353962 -1.382382 -1.4078008999999998 -1.4300957 -1.4491598999999997 -1.5292047 -1.6090692 -1.6887288 -1.7681505000000002
-1.353962 -1.382382 -1.4078008999999998 -1.4300957 -1.4491598999999997 -1.5292047 -1.6090692 -1.6887288 -1.7681505000000002 -1.7453555
-1.382382 -1.4078008999999998 -1.4300957 -1.4491598999999997 -1.5292047 -1.6090692 -1.6887288 -1.7681505000000002 -1.7453555 -1.7188214
-1.4078008999999998 -1.4300957 -1.4491598999999997 -1.5292047 -1.6090692 -1.6887288 -1.7681505000000002 -1.7453555 -1.7188214 -1.7955127
-1.4300957 -1.4491598999999997 -1.5292047 -1.6090692 -1.6887288 -1.7681505000000002 -1.7453555 -1.7188214 -1.7955127 -1.7639851000000002
-1.4491598999999997 -1.5292047 -1.6090692 -1.6887288 -1.7681505000000002 -1.7453555 -1.7188214 -1.7955127 -1.7639851000000002 -1.7639851000000002
-1.5292047 -1.6090692 -1.6887288 -1.7681505000000002 -1.7453555 -1.7188214 -1.7955127 -1.7639851000000002 -1.7639851000000002 -1.8385526
-1.6090692 -1.6887288 -1.7681505000000002 -1.7453555 -1.7188214 -1.7955127 -1.7639851000000002 -1.7639851000000002 -1.8385526 -1.9123330000000003
-1.6887288 -1.7681505000000002 -1.7453555 -1.7188214 -1.7955127 -1.7639851000000002 -1.7639851000000002 -1.8385526 -1.9123330000000003 -1.8738683999999997
-1.7681505000000002 -1.7453555 -1.7188214 -1.7955127 -1.7639851000000002 -1.7639851000000002 -1.8385526 -1.9123330000000003 -1.8738683999999997 -1.8320174999999999
-1.7453555 -1.7188214 -1.7955127 -1.7639851000000002 -1.7639851000000002 -1.8385526 -1.9123330000000003 -1.8738683999999997 -1.8320174999999999 -1.9009109
-1.7188214 -1.7955127 -1.7639851000000002 -1.7639851000000002 -1.8385526 -1.9123330000000003 -1.8738683999999997 -1.8320174999999999 -1.9009109 -1.8539023000000001
-1.7955127 -1.7639851000000002 -1.7639851000000002 -1.8385526 -1.9123330000000003 -1.8738683999999997 -1.8320174999999999 -1.9009109 -1.8539023000000001 -1.8040238999999998
-1.7639851000000002 -1.7639851000000002 -1.8385526 -1.9123330000000003 -1.8738683999999997 -1.8320174999999999 -1.9009109 -1.8539023000000001 -1.8040238999999998 -1.7515462
-1.7639851000000002 -1.8385526 -1.9123330000000003 -1.8738683999999997 -1.8320174999999999 -1.9009109 -1.8539023000000001 -1.8040238999999998 -1.7515462 -1.8125843000000001
-1.8385526 -1.9123330000000003 -1.8738683999999997 -1.8320174999999999 -1.9009109 -1.8539023000000001 -1.8040238999999998 -1.7515462 -1.8125843000000001 -1.7556788
-1.9123330000000003 -1.8738683999999997 -1.8320174999999999 -1.9009109 -1.8539023000000001 -1.8040238999999998 -1.7515462 -1.8125843000000001 -1.7556788 -1.8125843000000001
-1.8738683999999997 -1.8320174999999999 -1.9009109 -1.8539023000000001 -1.8040238999999998 -1.7515462 -1.8125843000000001 -1.7556788 -1.8125843000000001 -1.7515462
-1.8320174999999999 -1.9009109 -1.8539023000000001 -1.8040238999999998 -1.7515462 -1.8125843000000001 -1.7556788 -1.8125843000000001 -1.7515462 -1.7515462
-1.9009109 -1.8539023000000001 -1.8040238999999998 -1.7515462 -1.8125843000000001 -1.7556788 -1.8125843000000001 -1.7515462 -1.7515462 -1.8040238999999998
-1.8539023000000001 -1.8040238999999998 -1.7515462 -1.8125843000000001 -1.7556788 -1.8125843000000001 -1.7515462 -1.7515462 -1.8040238999999998 -1.7391975
-1.8040238999999998 -1.7515462 -1.8125843000000001 -1.7556788 -1.8125843000000001 -1.7515462 -1.7515462 -1.8040238999999998 -1.7391975 -1.7870423999999998
-1.7515462 -1.8125843000000001 -1.7556788 -1.8125843000000001 -1.7515462 -1.7515462 -1.8040238999999998 -1.7391975 -1.7870423999999998 -1.7188214
-1.8125843000000001 -1.7556788 -1.8125843000000001 -1.7515462 -1.7515462 -1.8040238999999998 -1.7391975 -1.7870423999999998 -1.7188214 -1.7619023999999999
-1.7556788 -1.8125843000000001 -1.7515462 -1.7515462 -1.8040238999999998 -1.7391975 -1.7870423999999998 -1.7188214 -1.7619023999999999 -1.8018919999999998
-1.8125843000000001 -1.7515462 -1.7515462 -1.8040238999999998 -1.7391975 -1.7870423999999998 -1.7188214 -1.7619023999999999 -1.8018919999999998 -1.8385526
-1.7515462 -1.7515462 -1.8040238999999998 -1.7391975 -1.7870423999999998 -1.7188214 -1.7619023999999999 -1.8018919999999998 -1.8385526 -1.7639851000000002
-1.7515462 -1.8040238999999998 -1.7391975 -1.7870423999999998 -1.7188214 -1.7619023999999999 -1.8018919999999998 -1.8385526 -1.7639851000000002 -1.7955127
-1.8040238999999998 -1.7391975 -1.7870423999999998 -1.7188214 -1.7619023999999999 -1.8018919999999998 -1.8385526 -1.7639851000000002 -1.7955127 -1.7188214
-1.7391975 -1.7870423999999998 -1.7188214 -1.7619023999999999 -1.8018919999999998 -1.8385526 -1.7639851000000002 -1.7955127 -1.7188214 -1.7453555
-1.7870423999999998 -1.7188214 -1.7619023999999999 -1.8018919999999998 -1.8385526 -1.7639851000000002 -1.7955127 -1.7188214 -1.7453555 -1.7681505000000002
-1.7188214 -1.7619023999999999 -1.8018919999999998 -1.8385526 -1.7639851000000002 -1.7955127 -1.7188214 -1.7453555 -1.7681505000000002 -1.7681505000000002
-1.7619023999999999 -1.8018919999999998 -1.8385526 -1.7639851000000002 -1.7955127 -1.7188214 -1.7453555 -1.7681505000000002 -1.7681505000000002 -1.6887288
-1.8018919999999998 -1.8385526 -1.7639851000000002 -1.7955127 -1.7188214 -1.7453555 -1.7681505000000002 -1.7681505000000002 -1.6887288 -1.7067188000000002
-1.8385526 -1.7639851000000002 -1.7955127 -1.7188214 -1.7453555 -1.7681505000000002 -1.7681505000000002 -1.6887288 -1.7067188000000002 -1.720855
-1.7639851000000002 -1.7955127 -1.7188214 -1.7453555 -1.7681505000000002 -1.7681505000000002 -1.6887288 -1.7067188000000002 -1.720855 -1.7310143
-1.7955127 -1.7188214 -1.7453555 -1.7681505000000002 -1.7681505000000002 -1.6887288 -1.7067188000000002 -1.720855 -1.7310143 -1.6494115000000003
-1.7188214 -1.7453555 -1.7681505000000002 -1.7681505000000002 -1.6887288 -1.7067188000000002 -1.720855 -1.7310143 -1.6494115000000003 -1.5677676999999999
-1.7453555 -1.7681505000000002 -1.7681505000000002 -1.6887288 -1.7067188000000002 -1.720855 -1.7310143 -1.6494115000000003 -1.5677676999999999 -1.5733434
-1.7681505000000002 -1.7681505000000002 -1.6887288 -1.7067188000000002 -1.720855 -1.7310143 -1.6494115000000003 -1.5677676999999999 -1.5733434 -1.5752046999999998
-1.7681505000000002 -1.6887288 -1.7067188000000002 -1.720855 -1.7310143 -1.6494115000000003 -1.5677676999999999 -1.5733434 -1.5752046999999998 -1.4932083
-1.6887288 -1.7067188000000002 -1.720855 -1.7310143 -1.6494115000000003 -1.5677676999999999 -1.5733434 -1.5752046999999998 -1.4932083 -1.4914290000000001
-1.7067188000000002 -1.720855 -1.7310143 -1.6494115000000003 -1.5677676999999999 -1.5733434 -1.5752046999999998 -1.4932083 -1.4914290000000001 -1.486091
-1.720855 -1.7310143 -1.6494115000000003 -1.5677676999999999 -1.5733434 -1.5752046999999998 -1.4932083 -1.4914290000000001 -1.486091 -1.4772353999999999
-1.7310143 -1.6494115000000003 -1.5677676999999999 -1.5733434 -1.5752046999999998 -1.4932083 -1.4914290000000001 -1.486091 -1.4772353999999999 -1.4772353999999999
-1.6494115000000003 -1.5677676999999999 -1.5733434 -1.5752046999999998 -1.4932083 -1.4914290000000001 -1.486091 -1.4772353999999999 -1.4772353999999999 -1.395895
-1.5677676999999999 -1.5733434 -1.5752046999999998 -1.4932083 -1.4914290000000001 -1.486091 -1.4772353999999999 -1.4772353999999999 -1.395895 -1.3840629
-1.5733434 -1.5752046999999998 -1.4932083 -1.4914290000000001 -1.486091 -1.4772353999999999 -1.4772353999999999 -1.395895 -1.3840629 -1.3031407
-1.5752046999999998 -1.4932083 -1.4914290000000001 -1.486091 -1.4772353999999999 -1.4772353999999999 -1.395895 -1.3840629 -1.3031407 -1.2886191
-1.4932083 -1.4914290000000001 -1.486091 -1.4772353999999999 -1.4772353999999999 -1.395895 -1.3840629 -1.3031407 -1.2886191 -1.2710063
-1.4914290000000001 -1.486091 -1.4772353999999999 -1.4772353999999999 -1.395895 -1.3840629 -1.3031407 -1.2886191 -1.2710063 -1.1911909999999999
-1.486091 -1.4772353999999999 -1.4772353999999999 -1.395895 -1.3840629 -1.3031407 -1.2886191 -1.2710063 -1.1911909999999999 -1.1713068000000002
-1.4772353999999999 -1.4772353999999999 -1.395895 -1.3840629 -1.3031407 -1.2886191 -1.2710063 -1.1911909999999999 -1.1713068000000002 -1.0920245000000002
-1.4772353999999999 -1.395895 -1.3840629 -1.3031407 -1.2886191 -1.2710063 -1.1911909999999999 -1.1713068000000002 -1.0920245000000002 -1.0700823
-1.395895 -1.3840629 -1.3031407 -1.2886191 -1.2710063 -1.1911909999999999 -1.1713068000000002 -1.0920245000000002 -1.0700823 -1.0454669
-1.3840629 -1.3031407 -1.2886191 -1.2710063 -1.1911909999999999 -1.1713068000000002 -1.0920245000000002 -1.0700823 -1.0454669 -0.96753756
-1.3031407 -1.2886191 -1.2710063 -1.1911909999999999 -1.1713068000000002 -1.0920245000000002 -1.0700823 -1.0454669 -0.96753756 -0.94120032
-1.2886191 -1.2710063 -1.1911909999999999 -1.1713068000000002 -1.0920245000000002 -1.0700823 -1.0454669 -0.96753756 -0.94120032 -0.94120032
-1.2710063 -1.1911909999999999 -1.1713068000000002 -1.0920245000000002 -1.0700823 -1.0454669 -0.96753756 -0.94120032 -0.94120032 -0.86382851
-1.1911909999999999 -1.1713068000000002 -1.0920245000000002 -1.0700823 -1.0454669 -0.96753756 -0.94120032 -0.94120032 -0.86382851 -0.83591693
-1.1713068000000002 -1.0920245000000002 -1.0700823 -1.0454669 -0.96753756 -0.94120032 -0.94120032 -0.86382851 -0.83591693 -0.7590863
-1.0920245000000002 -1.0700823 -1.0454669 -0.96753756 -0.94120032 -0.94120032 -0.86382851 -0.83591693 -0.7590863 -0.68195228
-1.0700823 -1.0454669 -0.96753756 -0.94120032 -0.94120032 -0.86382851 -0.83591693 -0.7590863 -0.68195228 -0.65344213
-1.0454669 -0.96753756 -0.94120032 -0.94120032 -0.86382851 -0.83591693 -0.7590863 -0.68195228 -0.65344213 -0.57681649
-0.96753756 -0.94120032 -0.94120032 -0.86382851 -0.83591693 -0.7590863 -0.68195228 -0.65344213 -0.57681649 -0.54698619
-0.94120032 -0.94120032 -0.86382851 -0.83591693 -0.7590863 -0.68195228 -0.65344213 -0.57681649 -0.54698619 -0.47085253
-0.94120032 -0.86382851 -0.83591693 -0.7590863 -0.68195228 -0.65344213 -0.57681649 -0.54698619 -0.47085253 -0.43980869
-0.86382851 -0.83591693 -0.7590863 -0.68195228 -0.65344213 -0.57681649 -0.54698619 -0.47085253 -0.43980869 -0.36415061
-0.83591693 -0.7590863 -0.68195228 -0.65344213 -0.57681649 -0.54698619 -0.47085253 -0.43980869 -0.36415061 -0.28817274
-0.7590863 -0.68195228 -0.65344213 -0.57681649 -0.54698619 -0.47085253 -0.43980869 -0.36415061 -0.28817274 -0.25679271
-0.68195228 -0.65344213 -0.57681649 -0.54698619 -0.47085253 -0.43980869 -0.36415061 -0.28817274 -0.25679271 -0.25679271
-0.65344213 -0.57681649 -0.54698619 -0.47085253 -0.43980869 -0.36415061 -0.28817274 -0.25679271 -0.25679271 -0.18126582
-0.57681649 -0.54698619 -0.47085253 -0.43980869 -0.36415061 -0.28817274 -0.25679271 -0.25679271 -0.18126582 -0.10542734
-0.54698619 -0.47085253 -0.43980869 -0.36415061 -0.28817274 -0.25679271 -0.25679271 -0.18126582 -0.10542734 -0.073743933
-0.47085253 -0.43980869 -0.36415061 -0.28817274 -0.25679271 -0.25679271 -0.18126582 -0.10542734 -0.073743933 0.0016763620999999999
-0.43980869 -0.36415061 -0.28817274 -0.25679271 -0.25679271 -0.18126582 -0.10542734 -0.073743933 0.0016763620999999999 0.077391844
-0.36415061 -0.28817274 -0.25679271 -0.25679271 -0.18126582 -0.10542734 -0.073743933 0.0016763620999999999 0.077391844 0.15338611
-0.28817274 -0.25679271 -0.25679271 -0.18126582 -0.10542734 -0.073743933 0.0016763620999999999 0.077391844 0.15338611 0.18465134
-0.25679271 -0.25679271 -0.18126582 -0.10542734 -0.073743933 0.0016763620999999999 0.077391844 0.15338611 0.18465134 0.26026023
-0.25679271 -0.18126582 -0.10542734 -0.073743933 0.0016763620999999999 0.077391844 0.15338611 0.18465134 0.26026023 0.33613151
-0.18126582 -0.10542734 -0.073743933 0.0016763620999999999 0.077391844 0.15338611 0.18465134 0.26026023 0.33613151 0.36766732
-0.10542734 -0.073743933 0.0016763620999999999 0.077391844 0.15338611 0.18465134 0.26026023 0.33613151 0.36766732 0.44316961
-0.073743933 0.0016763620999999999 0.077391844 0.15338611 0.18465134 0.26026023 0.33613151 0.36766732 0.44316961 0.51894249
0.0016763620999999999 0.077391844 0.15338611 0.18465134 0.26026023 0.33613151 0.36766732 0.44316961 0.51894249 0.51894249
0.077391844 0.15338611 0.18465134 0.26026023 0.33613151 0.36766732 0.44316961 0.51894249 0.51894249 0.5507161
0.15338611 0.18465134 0.26026023 0.33613151 0.36766732 0.44316961 0.51894249 0.51894249 0.5507161 0.6261281999999999
0.18465134 0.26026023 0.33613151 0.36766732 0.44316961 0.51894249 0.51894249 0.5507161 0.6261281999999999 0.65872997
0.26026023 0.33613151 0.36766732 0.44316961 0.51894249 0.51894249 0.5507161 0.6261281999999999 0.65872997 0.73378948
0.33613151 0.36766732 0.44316961 0.51894249 0.51894249 0.5507161 0.6261281999999999 0.65872997 0.73378948 0.76717022
0.36766732 0.44316961 0.51894249 0.51894249 0.5507161 0.6261281999999999 0.65872997 0.73378948 0.76717022 0.84190174
0.44316961 0.51894249 0.51894249 0.5507161 0.6261281999999999 0.65872997 0.73378948 0.76717022 0.84190174 0.87600405
0.51894249 0.51894249 0.5507161 0.6261281999999999 0.65872997 0.73378948 0.76717022 0.84190174 0.87600405 0.95040759
0.51894249 0.5507161 0.6261281999999999 0.65872997 0.73378948 0.76717022 0.84190174 0.87600405 0.95040759 1.0250816999999999
0.5507161 0.6261281999999999 0.65872997 0.73378948 0.76717022 0.84190174 0.87600405 0.95040759 1.0250816999999999 1.0592988
0.6261281999999999 0.65872997 0.73378948 0.76717022 0.84190174 0.87600405 0.95040759 1.0250816999999999 1.0592988 1.1336614
0.65872997 0.73378948 0.76717022 0.84190174 0.87600405 0.95040759 1.0250816999999999 1.0592988 1.1336614 1.1336614
0.73378948 0.76717022 0.84190174 0.87600405 0.95040759 1.0250816999999999 1.0592988 1.1336614 1.1336614 1.1685344
0.76717022 0.84190174 0.87600405 0.95040759 1.0250816999999999 1.0592988 1.1336614 1.1336614 1.1685344 1.2046128
0.84190174 0.87600405 0.95040759 1.0250816999999999 1.0592988 1.1336614 1.1336614 1.1685344 1.2046128 1.278098
0.87600405 0.95040759 1.0250816999999999 1.0592988 1.1336614 1.1336614 1.1685344 1.2046128 1.278098 1.3147668
0.95040759 1.0250816999999999 1.0592988 1.1336614 1.1336614 1.1685344 1.2046128 1.278098 1.3147668 1.387965
1.0250816999999999 1.0592988 1.1336614 1.1336614 1.1685344 1.2046128 1.278098 1.3147668 1.387965 1.461442
1.0592988 1.1336614 1.1336614 1.1685344 1.2046128 1.278098 1.3147668 1.387965 1.461442 1.4981108
1.1336614 1.1336614 1.1685344 1.2046128 1.278098 1.3147668 1.387965 1.461442 1.4981108 1.571309
1.1336614 1.1685344 1.2046128 1.278098 1.3147668 1.387965 1.461442 1.4981108 1.571309 1.644786
1.1685344 1.2046128 1.278098 1.3147668 1.387965 1.461442 1.4981108 1.571309 1.644786 1.6814547
1.2046128 1.278098 1.3147668 1.387965 1.461442 1.4981108 1.571309 1.644786 1.6814547 1.7546611
1.278098 1.3147668 1.387965 1.461442 1.4981108 1.571309 1.644786 1.6814547 1.7546611 1.7546611
1.3147668 1.387965 1.461442 1.4981108 1.571309 1.644786 1.6814547 1.7546611 1.7546611 1.7918546999999998
1.387965 1.461442 1.4981108 1.571309 1.644786 1.6814547 1.7546611 1.7546611 1.7918546999999998 1.830065
1.461442 1.4981108 1.571309 1.644786 1.6814547 1.7546611 1.7546611 1.7918546999999998 1.830065 1.8692838999999999
1.4981108 1.571309 1.644786 1.6814547 1.7546611 1.7546611 1.7918546999999998 1.830065 1.8692838999999999 1.9094868000000003
1.571309 1.644786 1.6814547 1.7546611 1.7546611 1.7918546999999998 1.830065 1.8692838999999999 1.9094868000000003 1.9506408
1.644786 1.6814547 1.7546611 1.7546611 1.7918546999999998 1.830065 1.8692838999999999 1.9094868000000003 1.9506408 1.9927377
1.6814547 1.7546611 1.7546611 1.7918546999999998 1.830065 1.8692838999999999 1.9094868000000003 1.9506408 1.9927377 2.0357448000000002
1.7546611 1.7546611 1.7918546999999998 1.830065 1.8692838999999999 1.9094868000000003 1.9506408 1.9927377 2.0357448000000002 2.0796457
1.7546611 1.7918546999999998 1.830065 1.8692838999999999 1.9094868000000003 1.9506408 1.9927377 2.0357448000000002 2.0796457 2.1244157
1.7918546999999998 1.830065 1.8692838999999999 1.9094868000000003 1.9506408 1.9927377 2.0357448000000002 2.0796457 2.1244157 2.0561947
1.830065 1.8692838999999999 1.9094868000000003 1.9506408 1.9927377 2.0357448000000002 2.0796457 2.1244157 2.0561947 1.9883509
1.8692838999999999 1.9094868000000003 1.9506408 1.9927377 2.0357448000000002 2.0796457 2.1244157 2.0561947 1.9883509 2.0351216
1.9094868000000003 1.9506408 1.9927377 2.0357448000000002 2.0796457 2.1244157 2.0561947 1.9883509 2.0351216 1.96827
1.9506408 1.9927377 2.0357448000000002 2.0796457 2.1244157 2.0561947 1.9883509 2.0351216 1.96827 1.96827
1.9927377 2.0357448000000002 2.0796457 2.1244157 2.0561947 1.9883509 2.0351216 1.96827 1.96827 2.0164593
2.0357448000000002 2.0796457 2.1244157 2.0561947 1.9883509 2.0351216 1.96827 1.96827 2.0164593 1.9506408
2.0796457 2.1244157 2.0561947 1.9883509 2.0351216 1.96827 1.96827 2.0164593 1.9506408 2.0002404
2.1244157 2.0561947 1.9883509 2.0351216 1.96827 1.96827 2.0164593 1.9506408 2.0002404 1.9354796000000003
2.0561947 1.9883509 2.0351216 1.96827 1.96827 2.0164593 1.9506408 2.0002404 1.9354796000000003 1.8712026000000002
1.9883509 2.0351216 1.96827 1.96827 2.0164593 1.9506408 2.0002404 1.9354796000000003 1.8712026000000002 1.807434
2.0351216 1.96827 1.96827 2.0164593 1.9506408 2.0002404 1.9354796000000003 1.8712026000000002 1.807434 1.8596656999999999
1.96827 1.96827 2.0164593 1.9506408 2.0002404 1.9354796000000003 1.8712026000000002 1.807434 1.8596656999999999 1.9126599999999998
1.96827 2.0164593 1.9506408 2.0002404 1.9354796000000003 1.8712026000000002 1.807434 1.8596656999999999 1.9126599999999998 1.8506789000000001
2.0164593 1.9506408 2.0002404 1.9354796000000003 1.8712026000000002 1.807434 1.8596656999999999 1.9126599999999998 1.8506789000000001 1.7892471999999997
1.9506408 2.0002404 1.9354796000000003 1.8712026000000002 1.807434 1.8596656999999999 1.9126599999999998 1.8506789000000001 1.7892471999999997 1.8442421999999998
2.0002404 1.9354796000000003 1.8712026000000002 1.807434 1.8596656999999999 1.9126599999999998 1.8506789000000001 1.7892471999999997 1.8442421999999998 1.7840405
1.9354796000000003 1.8712026000000002 1.807434 1.8596656999999999 1.9126599999999998 1.8506789000000001 1.7892471999999997 1.8442421999999998 1.7840405 1.7840405
1.8712026000000002 1.807434 1.8596656999999999 1.9126599999999998 1.8506789000000001 1.7892471999999997 1.8442421999999998 1.7840405 1.7840405 1.8403802
1.807434 1.8596656999999999 1.9126599999999998 1.8506789000000001 1.7892471999999997 1.8442421999999998 1.7840405 1.7840405 1.8403802 1.7814412
1.8596656999999999 1.9126599999999998 1.8506789000000001 1.7892471999999997 1.8442421999999998 1.7840405 1.7840405 1.8403802 1.7814412 1.8390928
1.9126599999999998 1.8506789000000001 1.7892471999999997 1.8442421999999998 1.7840405 1.7840405 1.8403802 1.7814412 1.8390928 1.7814412
1.8506789000000001 1.7892471999999997 1.8442421999999998 1.7840405 1.7840405 1.8403802 1.7814412 1.8390928 1.7814412 1.7244537
