0.89794077 0.88142134 0.86642527 0.85296075 0.84105235 0.83069187 0.83069187 0.82191209 0.81471299 0.7330659
0.88142134 0.86642527 0.85296075 0.84105235 0.83069187 0.83069187 0.82191209 0.81471299 0.7330659 0.72734921
0.86642527 0.85296075 0.84105235 0.83069187 0.83069187 0.82191209 0.81471299 0.7330659 0.72734921 0.72326236
0.85296075 0.84105235 0.83069187 0.83069187 0.82191209 0.81471299 0.7330659 0.72734921 0.72326236 0.6414269
0.84105235 0.83069187 0.83069187 0.82191209 0.81471299 0.7330659 0.72734921 0.72326236 0.6414269 0.63892073
0.83069187 0.83069187 0.82191209 0.81471299 0.7330659 0.72734921 0.72326236 0.6414269 0.63892073 0.63808534
0.83069187 0.82191209 0.81471299 0.7330659 0.72734921 0.72326236 0.6414269 0.63892073 0.63808534 0.63892073
0.82191209 0.81471299 0.7330659 0.72734921 0.72326236 0.6414269 0.63892073 0.63808534 0.63892073 0.6414269
0.81471299 0.7330659 0.72734921 0.72326236 0.6414269 0.63892073 0.63808534 0.63892073 0.6414269 0.55959144
0.7330659 0.72734921 0.72326236 0.6414269 0.63892073 0.63808534 0.63892073 0.6414269 0.55959144 0.55959144
0.72734921 0.72326236 0.6414269 0.63892073 0.63808534 0.63892073 0.6414269 0.55959144 0.55959144 0.56385848
0.72326236 0.6414269 0.63892073 0.63808534 0.63892073 0.6414269 0.55959144 0.55959144 0.56385848 0.56981268
0.6414269 0.63892073 0.63808534 0.63892073 0.6414269 0.55959144 0.55959144 0.56385848 0.56981268 0.57745404
0.63892073 0.63808534 0.63892073 0.6414269 0.55959144 0.55959144 0.56385848 0.56981268 0.57745404 0.58677437
0.63808534 0.63892073 0.6414269 0.55959144 0.55959144 0.56385848 0.56981268 0.57745404 0.58677437 0.6680611
0.63892073 0.6414269 0.55959144 0.55959144 0.56385848 0.56981268 0.57745404 0.58677437 0.6680611 0.67883107
0.6414269 0.55959144 0.55959144 0.56385848 0.56981268 0.57745404 0.58677437 0.6680611 0.67883107 0.75992123
0.55959144 0.55959144 0.56385848 0.56981268 0.57745404 0.58677437 0.6680611 0.67883107 0.75992123 0.77207534
0.55959144 0.56385848 0.56981268 0.57745404 0.58677437 0.6680611 0.67883107 0.75992123 0.77207534 0.78579375
0.56385848 0.56981268 0.57745404 0.58677437 0.6680611 0.67883107 0.75992123 0.77207534 0.78579375 0.80108467
0.56981268 0.57745404 0.58677437 0.6680611 0.67883107 0.75992123 0.77207534 0.78579375 0.80108467 0.81791532
0.57745404 0.58677437 0.6680611 0.67883107 0.75992123 0.77207534 0.78579375 0.80108467 0.81791532 0.83626933
0.58677437 0.6680611 0.67883107 0.75992123 0.77207534 0.78579375 0.80108467 0.81791532 0.83626933 0.75667796
0.6680611 0.67883107 0.75992123 0.77207534 0.78579375 0.80108467 0.81791532 0.83626933 0.75667796 0.75667796
0.67883107 0.75992123 0.77207534 0.78579375 0.80108467 0.81791532 0.83626933 0.75667796 0.75667796 0.77692388
0.75992123 0.77207534 0.78579375 0.80108467 0.81791532 0.83626933 0.75667796 0.75667796 0.77692388 0.79867678
0.77207534 0.78579375 0.80108467 0.81791532 0.83626933 0.75667796 0.75667796 0.77692388 0.79867678 0.71998632
0.78579375 0.80108467 0.81791532 0.83626933 0.75667796 0.75667796 0.77692388 0.79867678 0.71998632 0.6414269
0.80108467 0.81791532 0.83626933 0.75667796 0.75667796 0.77692388 0.79867678 0.71998632 0.6414269 0.56300671
0.81791532 0.83626933 0.75667796 0.75667796 0.77692388 0.79867678 0.71998632 0.6414269 0.56300671 0.58762614
0.83626933 0.75667796 0.75667796 0.77692388 0.79867678 0.71998632 0.6414269 0.56300671 0.58762614 0.61377713
0.75667796 0.75667796 0.77692388 0.79867678 0.71998632 0.6414269 0.56300671 0.58762614 0.61377713 0.6414269
0.75667796 0.77692388 0.79867678 0.71998632 0.6414269 0.56300671 0.58762614 0.61377713 0.6414269 0.67055089
0.77692388 0.79867678 0.71998632 0.6414269 0.56300671 0.58762614 0.61377713 0.6414269 0.67055089 0.70110814
0.79867678 0.71998632 0.6414269 0.56300671 0.58762614 0.61377713 0.6414269 0.67055089 0.70110814 0.62552992
0.71998632 0.6414269 0.56300671 0.58762614 0.61377713 0.6414269 0.67055089 0.70110814 0.62552992 0.55020559
0.6414269 0.56300671 0.58762614 0.61377713 0.6414269 0.67055089 0.70110814 0.62552992 0.55020559 0.55020559
0.56300671 0.58762614 0.61377713 0.6414269 0.67055089 0.70110814 0.62552992 0.55020559 0.55020559 0.47515153
0.58762614 0.61377713 0.6414269 0.67055089 0.70110814 0.62552992 0.55020559 0.55020559 0.47515153 0.40038412
0.61377713 0.6414269 0.67055089 0.70110814 0.62552992 0.55020559 0.55020559 0.47515153 0.40038412 0.32591975
0.6414269 0.67055089 0.70110814 0.62552992 0.55020559 0.55020559 0.47515153 0.40038412 0.32591975 0.25177479
0.67055089 0.70110814 0.62552992 0.55020559 0.55020559 0.47515153 0.40038412 0.32591975 0.25177479 0.21739276
0.70110814 0.62552992 0.55020559 0.55020559 0.47515153 0.40038412 0.32591975 0.25177479 0.21739276 0.18456685
0.62552992 0.55020559 0.55020559 0.47515153 0.40038412 0.32591975 0.25177479 0.21739276 0.18456685 0.15333801
0.55020559 0.55020559 0.47515153 0.40038412 0.32591975 0.25177479 0.21739276 0.18456685 0.15333801 0.077432178
0.55020559 0.47515153 0.40038412 0.32591975 0.25177479 0.21739276 0.18456685 0.15333801 0.077432178 0.047186146
0.47515153 0.40038412 0.32591975 0.25177479 0.21739276 0.18456685 0.15333801 0.077432178 0.047186146 -0.029129187
0.40038412 0.32591975 0.25177479 0.21739276 0.18456685 0.15333801 0.077432178 0.047186146 -0.029129187 -0.058326887
0.32591975 0.25177479 0.21739276 0.18456685 0.15333801 0.077432178 0.047186146 -0.029129187 -0.058326887 -0.058326887
0.25177479 0.21739276 0.18456685 0.15333801 0.077432178 0.047186146 -0.029129187 -0.058326887 -0.058326887 -0.13505172
0.21739276 0.18456685 0.15333801 0.077432178 0.047186146 -0.029129187 -0.058326887 -0.058326887 -0.13505172 -0.21152267
0.18456685 0.15333801 0.077432178 0.047186146 -0.029129187 -0.058326887 -0.058326887 -0.13505172 -0.21152267 -0.28770696
0.15333801 0.077432178 0.047186146 -0.029129187 -0.058326887 -0.058326887 -0.13505172 -0.21152267 -0.28770696 -0.31718312
0.077432178 0.047186146 -0.029129187 -0.058326887 -0.058326887 -0.13505172 -0.21152267 -0.28770696 -0.31718312 -0.39382606
0.047186146 -0.029129187 -0.058326887 -0.058326887 -0.13505172 -0.21152267 -0.28770696 -0.31718312 -0.39382606 -0.47017415
-0.029129187 -0.058326887 -0.058326887 -0.13505172 -0.21152267 -0.28770696 -0.31718312 -0.39382606 -0.47017415 -0.54621921
-0.058326887 -0.058326887 -0.13505172 -0.21152267 -0.28770696 -0.31718312 -0.39382606 -0.47017415 -0.54621921 -0.62192029
-0.058326887 -0.13505172 -0.21152267 -0.28770696 -0.31718312 -0.39382606 -0.47017415 -0.54621921 -0.62192029 -0.697261
-0.13505172 -0.21152267 -0.28770696 -0.31718312 -0.39382606 -0.47017415 -0.54621921 -0.62192029 -0.697261 -0.66365703
-0.21152267 -0.28770696 -0.31718312 -0.39382606 -0.47017415 -0.54621921 -0.62192029 -0.697261 -0.66365703 -0.73764638
-0.28770696 -0.31718312 -0.39382606 -0.47017415 -0.54621921 -0.62192029 -0.697261 -0.66365703 -0.73764638 -0.70102026
-0.31718312 -0.39382606 -0.47017415 -0.54621921 -0.62192029 -0.697261 -0.66365703 -0.73764638 -0.70102026 -0.70102026
-0.39382606 -0.47017415 -0.54621921 -0.62192029 -0.697261 -0.66365703 -0.73764638 -0.70102026 -0.70102026 -0.66242033
-0.47017415 -0.54621921 -0.62192029 -0.697261 -0.66365703 -0.73764638 -0.70102026 -0.70102026 -0.66242033 -0.62192029
-0.54621921 -0.62192029 -0.697261 -0.66365703 -0.73764638 -0.70102026 -0.70102026 -0.66242033 -0.62192029 -0.57961024
-0.62192029 -0.697261 -0.66365703 -0.73764638 -0.70102026 -0.70102026 -0.66242033 -0.62192029 -0.57961024 -0.5355639
-0.697261 -0.66365703 -0.73764638 -0.70102026 -0.70102026 -0.66242033 -0.62192029 -0.57961024 -0.5355639 -0.48987134
-0.66365703 -0.73764638 -0.70102026 -0.70102026 -0.66242033 -0.62192029 -0.57961024 -0.5355639 -0.48987134 -0.44259809
-0.73764638 -0.70102026 -0.70102026 -0.66242033 -0.62192029 -0.57961024 -0.5355639 -0.48987134 -0.44259809 -0.39382606
-0.70102026 -0.70102026 -0.66242033 -0.62192029 -0.57961024 -0.5355639 -0.48987134 -0.44259809 -0.39382606 -0.45865069
-0.70102026 -0.66242033 -0.62192029 -0.57961024 -0.5355639 -0.48987134 -0.44259809 -0.39382606 -0.45865069 -0.52260716
-0.66242033 -0.62192029 -0.57961024 -0.5355639 -0.48987134 -0.44259809 -0.39382606 -0.45865069 -0.52260716 -0.58561359
-0.62192029 -0.57961024 -0.5355639 -0.48987134 -0.44259809 -0.39382606 -0.45865069 -0.52260716 -0.58561359 -0.53202577
-0.57961024 -0.5355639 -0.48987134 -0.44259809 -0.39382606 -0.45865069 -0.52260716 -0.58561359 -0.53202577 -0.53202577
-0.5355639 -0.48987134 -0.44259809 -0.39382606 -0.45865069 -0.52260716 -0.58561359 -0.53202577 -0.53202577 -0.65255126
-0.48987134 -0.44259809 -0.39382606 -0.45865069 -0.52260716 -0.58561359 -0.53202577 -0.53202577 -0.65255126 -0.65255126
-0.44259809 -0.39382606 -0.45865069 -0.52260716 -0.58561359 -0.53202577 -0.53202577 -0.65255126 -0.65255126 -0.59525333
-0.39382606 -0.45865069 -0.52260716 -0.58561359 -0.53202577 -0.53202577 -0.65255126 -0.65255126 -0.59525333 -0.53675146
-0.45865069 -0.52260716 -0.58561359 -0.53202577 -0.53202577 -0.65255126 -0.65255126 -0.59525333 -0.53675146 -0.47711117
-0.52260716 -0.58561359 -0.53202577 -0.53202577 -0.65255126 -0.65255126 -0.59525333 -0.53675146 -0.47711117 -0.41640616
-0.58561359 -0.53202577 -0.53202577 -0.65255126 -0.65255126 -0.59525333 -0.53675146 -0.47711117 -0.41640616 -0.35470196
-0.53202577 -0.53202577 -0.65255126 -0.65255126 -0.59525333 -0.53675146 -0.47711117 -0.41640616 -0.35470196 -0.40735609999999994
-0.53202577 -0.65255126 -0.65255126 -0.59525333 -0.53675146 -0.47711117 -0.41640616 -0.35470196 -0.40735609999999994 -0.34362076
-0.65255126 -0.65255126 -0.59525333 -0.53675146 -0.47711117 -0.41640616 -0.35470196 -0.40735609999999994 -0.34362076 -0.39382606
-0.65255126 -0.59525333 -0.53675146 -0.47711117 -0.41640616 -0.35470196 -0.40735609999999994 -0.34362076 -0.39382606 -0.44259809
-0.59525333 -0.53675146 -0.47711117 -0.41640616 -0.35470196 -0.40735609999999994 -0.34362076 -0.39382606 -0.44259809 -0.48987134
-0.53675146 -0.47711117 -0.41640616 -0.35470196 -0.40735609999999994 -0.34362076 -0.39382606 -0.44259809 -0.48987134 -0.48987134
-0.47711117 -0.41640616 -0.35470196 -0.40735609999999994 -0.34362076 -0.39382606 -0.44259809 -0.48987134 -0.48987134 -0.42208190000000007
-0.41640616 -0.35470196 -0.40735609999999994 -0.34362076 -0.39382606 -0.44259809 -0.48987134 -0.48987134 -0.42208190000000007 -0.3535963
-0.35470196 -0.40735609999999994 -0.34362076 -0.39382606 -0.44259809 -0.48987134 -0.48987134 -0.42208190000000007 -0.3535963 -0.28445549
-0.40735609999999994 -0.34362076 -0.39382606 -0.44259809 -0.48987134 -0.48987134 -0.42208190000000007 -0.3535963 -0.28445549 -0.21470043
-0.34362076 -0.39382606 -0.44259809 -0.48987134 -0.48987134 -0.42208190000000007 -0.3535963 -0.28445549 -0.21470043 -0.14438025
-0.39382606 -0.44259809 -0.48987134 -0.48987134 -0.42208190000000007 -0.3535963 -0.28445549 -0.21470043 -0.14438025 -0.07352770900000001
-0.44259809 -0.48987134 -0.48987134 -0.42208190000000007 -0.3535963 -0.28445549 -0.21470043 -0.14438025 -0.07352770900000001 -0.0021755748000000003
-0.48987134 -0.48987134 -0.42208190000000007 -0.3535963 -0.28445549 -0.21470043 -0.14438025 -0.07352770900000001 -0.0021755748000000003 0.069651585
-0.48987134 -0.42208190000000007 -0.3535963 -0.28445549 -0.21470043 -0.14438025 -0.07352770900000001 -0.0021755748000000003 0.069651585 0.14191282
-0.42208190000000007 -0.3535963 -0.28445549 -0.21470043 -0.14438025 -0.07352770900000001 -0.0021755748000000003 0.069651585 0.14191282 0.21459175
-0.3535963 -0.28445549 -0.21470043 -0.14438025 -0.07352770900000001 -0.0021755748000000003 0.069651585 0.14191282 0.21459175 0.28766379999999997
-0.28445549 -0.21470043 -0.14438025 -0.07352770900000001 -0.0021755748000000003 0.069651585 0.14191282 0.21459175 0.28766379999999997 0.25177479
-0.21470043 -0.14438025 -0.07352770900000001 -0.0021755748000000003 0.069651585 0.14191282 0.21459175 0.28766379999999997 0.25177479 0.32591975
-0.14438025 -0.07352770900000001 -0.0021755748000000003 0.069651585 0.14191282 0.21459175 0.28766379999999997 0.25177479 0.32591975 0.32591975
-0.07352770900000001 -0.0021755748000000003 0.069651585 0.14191282 0.21459175 0.28766379999999997 0.25177479 0.32591975 0.32591975 0.29223388
-0.0021755748000000003 0.069651585 0.14191282 0.21459175 0.28766379999999997 0.25177479 0.32591975 0.32591975 0.29223388 0.36736984
0.069651585 0.14191282 0.21459175 0.28766379999999997 0.25177479 0.32591975 0.32591975 0.29223388 0.36736984 0.33587072
0.14191282 0.21459175 0.28766379999999997 0.25177479 0.32591975 0.32591975 0.29223388 0.36736984 0.33587072 0.30592772
0.21459175 0.28766379999999997 0.25177479 0.32591975 0.32591975 0.29223388 0.36736984 0.33587072 0.30592772 0.2775736
0.28766379999999997 0.25177479 0.32591975 0.32591975 0.29223388 0.36736984 0.33587072 0.30592772 0.2775736 0.35480623
0.25177479 0.32591975 0.32591975 0.29223388 0.36736984 0.33587072 0.30592772 0.2775736 0.35480623 0.43223541
0.32591975 0.32591975 0.29223388 0.36736984 0.33587072 0.30592772 0.2775736 0.35480623 0.43223541 0.40660041
0.32591975 0.29223388 0.36736984 0.33587072 0.30592772 0.2775736 0.35480623 0.43223541 0.40660041 0.48472575
0.29223388 0.36736984 0.33587072 0.30592772 0.2775736 0.35480623 0.43223541 0.40660041 0.48472575 0.56300671
0.36736984 0.33587072 0.30592772 0.2775736 0.35480623 0.43223541 0.40660041 0.48472575 0.56300671 0.53994339
0.33587072 0.30592772 0.2775736 0.35480623 0.43223541 0.40660041 0.48472575 0.56300671 0.53994339 0.53994339
0.30592772 0.2775736 0.35480623 0.43223541 0.40660041 0.48472575 0.56300671 0.53994339 0.53994339 0.61881404
0.2775736 0.35480623 0.43223541 0.40660041 0.48472575 0.56300671 0.53994339 0.53994339 0.61881404 0.69781572
0.35480623 0.43223541 0.40660041 0.48472575 0.56300671 0.53994339 0.53994339 0.61881404 0.69781572 0.67717667
0.43223541 0.40660041 0.48472575 0.56300671 0.53994339 0.53994339 0.61881404 0.69781572 0.67717667 0.75667796
0.40660041 0.48472575 0.56300671 0.53994339 0.53994339 0.61881404 0.69781572 0.67717667 0.75667796 0.73796358
0.48472575 0.56300671 0.53994339 0.53994339 0.61881404 0.69781572 0.67717667 0.75667796 0.73796358 0.72080533
0.56300671 0.53994339 0.53994339 0.61881404 0.69781572 0.67717667 0.75667796 0.73796358 0.72080533 0.70521957
0.53994339 0.53994339 0.61881404 0.69781572 0.67717667 0.75667796 0.73796358 0.72080533 0.70521957 0.69122269
0.53994339 0.61881404 0.69781572 0.67717667 0.75667796 0.73796358 0.72080533 0.70521957 0.69122269 0.67883107
0.61881404 0.69781572 0.67717667 0.75667796 0.73796358 0.72080533 0.70521957 0.69122269 0.67883107 0.75992123
0.69781572 0.67717667 0.75667796 0.73796358 0.72080533 0.70521957 0.69122269 0.67883107 0.75992123 0.7493642
0.67717667 0.75667796 0.73796358 0.72080533 0.70521957 0.69122269 0.67883107 0.75992123 0.7493642 0.83069187
0.75667796 0.73796358 0.72080533 0.70521957 0.69122269 0.67883107 0.75992123 0.7493642 0.83069187 0.83069187
0.73796358 0.72080533 0.70521957 0.69122269 0.67883107 0.75992123 0.7493642 0.83069187 0.83069187 0.82191209
0.72080533 0.70521957 0.69122269 0.67883107 0.75992123 0.7493642 0.83069187 0.83069187 0.82191209 0.81471299
0.70521957 0.69122269 0.67883107 0.75992123 0.7493642 0.83069187 0.83069187 0.82191209 0.81471299 0.80911096
0.69122269 0.67883107 0.75992123 0.7493642 0.83069187 0.83069187 0.82191209 0.81471299 0.80911096 0.80509782
0.67883107 0.75992123 0.7493642 0.83069187 0.83069187 0.82191209 0.81471299 0.80911096 0.80509782 0.80268993
0.75992123 0.7493642 0.83069187 0.83069187 0.82191209 0.81471299 0.80911096 0.80509782 0.80268993 0.8018873000000001
0.7493642 0.83069187 0.83069187 0.82191209 0.81471299 0.80911096 0.80509782 0.80268993 0.8018873000000001 0.80268993
0.83069187 0.83069187 0.82191209 0.81471299 0.80911096 0.80509782 0.80268993 0.8018873000000001 0.80268993 0.80509782
0.83069187 0.82191209 0.81471299 0.80911096 0.80509782 0.80268993 0.8018873000000001 0.80268993 0.80509782 0.80911096
0.82191209 0.81471299 0.80911096 0.80509782 0.80268993 0.8018873000000001 0.80268993 0.80509782 0.80911096 0.81471299
0.81471299 0.80911096 0.80509782 0.80268993 0.8018873000000001 0.80268993 0.80509782 0.80911096 0.81471299 0.89636827
0.80911096 0.80509782 0.80268993 0.8018873000000001 0.80268993 0.80509782 0.80911096 0.81471299 0.89636827 0.89636827
0.80509782 0.80268993 0.8018873000000001 0.80268993 0.80509782 0.80911096 0.81471299 0.89636827 0.89636827 0.90342813
0.80268993 0.8018873000000001 0.80268993 0.80509782 0.80911096 0.81471299 0.89636827 0.89636827 0.90342813 0.91204411
0.8018873000000001 0.80268993 0.80509782 0.80911096 0.81471299 0.89636827 0.89636827 0.90342813 0.91204411 0.92219984
0.80268993 0.80509782 0.80911096 0.81471299 0.89636827 0.89636827 0.90342813 0.91204411 0.92219984 0.9338953000000001
0.80509782 0.80911096 0.81471299 0.89636827 0.89636827 0.90342813 0.91204411 0.92219984 0.9338953000000001 0.94710592
0.80911096 0.81471299 0.89636827 0.89636827 0.90342813 0.91204411 0.92219984 0.9338953000000001 0.94710592 0.86642527
0.81471299 0.89636827 0.89636827 0.90342813 0.91204411 0.92219984 0.9338953000000001 0.94710592 0.86642527 0.78579375
0.89636827 0.89636827 0.90342813 0.91204411 0.92219984 0.9338953000000001 0.94710592 0.86642527 0.78579375 0.70521957
0.89636827 0.90342813 0.91204411 0.92219984 0.9338953000000001 0.94710592 0.86642527 0.78579375 0.70521957 0.72080533
0.90342813 0.91204411 0.92219984 0.9338953000000001 0.94710592 0.86642527 0.78579375 0.70521957 0.72080533 0.73796358
0.91204411 0.92219984 0.9338953000000001 0.94710592 0.86642527 0.78579375 0.70521957 0.72080533 0.73796358 0.75667796
0.92219984 0.9338953000000001 0.94710592 0.86642527 0.78579375 0.70521957 0.72080533 0.73796358 0.75667796 0.77692388
0.9338953000000001 0.94710592 0.86642527 0.78579375 0.70521957 0.72080533 0.73796358 0.75667796 0.77692388 0.79867678
0.94710592 0.86642527 0.78579375 0.70521957 0.72080533 0.73796358 0.75667796 0.77692388 0.79867678 0.82191209
0.86642527 0.78579375 0.70521957 0.72080533 0.73796358 0.75667796 0.77692388 0.79867678 0.82191209 0.82191209
0.78579375 0.70521957 0.72080533 0.73796358 0.75667796 0.77692388 0.79867678 0.82191209 0.82191209 0.74367208
0.70521957 0.72080533 0.73796358 0.75667796 0.77692388 0.79867678 0.82191209 0.82191209 0.74367208 0.76883206
0.72080533 0.73796358 0.75667796 0.77692388 0.79867678 0.82191209 0.82191209 0.74367208 0.76883206 0.79545807
0.73796358 0.75667796 0.77692388 0.79867678 0.82191209 0.82191209 0.74367208 0.76883206 0.79545807 0.7183483
0.75667796 0.77692388 0.79867678 0.82191209 0.82191209 0.74367208 0.76883206 0.79545807 0.7183483 0.74692355
0.77692388 0.79867678 0.82191209 0.82191209 0.74367208 0.76883206 0.79545807 0.7183483 0.74692355 0.67055089
0.79867678 0.82191209 0.82191209 0.74367208 0.76883206 0.79545807 0.7183483 0.74692355 0.67055089 0.70110814
0.82191209 0.82191209 0.74367208 0.76883206 0.79545807 0.7183483 0.74692355 0.67055089 0.70110814 0.62552992
0.82191209 0.74367208 0.76883206 0.79545807 0.7183483 0.74692355 0.67055089 0.70110814 0.62552992 0.55020559
0.74367208 0.76883206 0.79545807 0.7183483 0.74692355 0.67055089 0.70110814 0.62552992 0.55020559 0.47515153
0.76883206 0.79545807 0.7183483 0.74692355 0.67055089 0.70110814 0.62552992 0.55020559 0.47515153 0.40038412
0.79545807 0.7183483 0.74692355 0.67055089 0.70110814 0.62552992 0.55020559 0.47515153 0.40038412 0.40038412
0.7183483 0.74692355 0.67055089 0.70110814 0.62552992 0.55020559 0.47515153 0.40038412 0.40038412 0.32591975
0.74692355 0.67055089 0.70110814 0.62552992 0.55020559 0.47515153 0.40038412 0.40038412 0.32591975 0.25177479
0.67055089 0.70110814 0.62552992 0.55020559 0.47515153 0.40038412 0.40038412 0.32591975 0.25177479 0.21739276
0.70110814 0.62552992 0.55020559 0.47515153 0.40038412 0.40038412 0.32591975 0.25177479 0.21739276 0.14287106
0.62552992 0.55020559 0.47515153 0.40038412 0.40038412 0.32591975 0.25177479 0.21739276 0.14287106 0.10934080000000002
0.55020559 0.47515153 0.40038412 0.40038412 0.32591975 0.25177479 0.21739276 0.14287106 0.10934080000000002 0.034417783
0.47515153 0.40038412 0.40038412 0.32591975 0.25177479 0.21739276 0.14287106 0.10934080000000002 0.034417783 0.0018048129000000001
0.40038412 0.40038412 0.32591975 0.25177479 0.21739276 0.14287106 0.10934080000000002 0.034417783 0.0018048129000000001 -0.07352770900000001
0.40038412 0.32591975 0.25177479 0.21739276 0.14287106 0.10934080000000002 0.034417783 0.0018048129000000001 -0.07352770900000001 -0.10517425
0.32591975 0.25177479 0.21739276 0.14287106 0.10934080000000002 0.034417783 0.0018048129000000001 -0.07352770900000001 -0.10517425 -0.18092446
0.25177479 0.21739276 0.14287106 0.10934080000000002 0.034417783 0.0018048129000000001 -0.07352770900000001 -0.10517425 -0.18092446 -0.21152267
0.21739276 0.14287106 0.10934080000000002 0.034417783 0.0018048129000000001 -0.07352770900000001 -0.10517425 -0.18092446 -0.21152267 -0.21152267
0.14287106 0.10934080000000002 0.034417783 0.0018048129000000001 -0.07352770900000001 -0.10517425 -0.18092446 -0.21152267 -0.21152267 -0.28770696
0.10934080000000002 0.034417783 0.0018048129000000001 -0.07352770900000001 -0.10517425 -0.18092446 -0.21152267 -0.21152267 -0.28770696 -0.36359641
0.034417783 0.0018048129000000001 -0.07352770900000001 -0.10517425 -0.18092446 -0.21152267 -0.21152267 -0.28770696 -0.36359641 -0.43916644
0.0018048129000000001 -0.07352770900000001 -0.10517425 -0.18092446 -0.21152267 -0.21152267 -0.28770696 -0.36359641 -0.43916644 -0.5143843
-0.07352770900000001 -0.10517425 -0.18092446 -0.21152267 -0.21152267 -0.28770696 -0.36359641 -0.43916644 -0.5143843 -0.58922542
-0.10517425 -0.18092446 -0.21152267 -0.21152267 -0.28770696 -0.36359641 -0.43916644 -0.5143843 -0.58922542 -0.66365703
-0.18092446 -0.21152267 -0.21152267 -0.28770696 -0.36359641 -0.43916644 -0.5143843 -0.58922542 -0.66365703 -0.697261
-0.21152267 -0.21152267 -0.28770696 -0.36359641 -0.43916644 -0.5143843 -0.58922542 -0.66365703 -0.697261 -0.77220859
-0.21152267 -0.28770696 -0.36359641 -0.43916644 -0.5143843 -0.58922542 -0.66365703 -0.697261 -0.77220859 -0.8467220999999999
-0.28770696 -0.36359641 -0.43916644 -0.5143843 -0.58922542 -0.66365703 -0.697261 -0.77220859 -0.8467220999999999 -0.88010494
-0.36359641 -0.43916644 -0.5143843 -0.58922542 -0.66365703 -0.697261 -0.77220859 -0.8467220999999999 -0.88010494 -0.91121912
-0.43916644 -0.5143843 -0.58922542 -0.66365703 -0.697261 -0.77220859 -0.8467220999999999 -0.88010494 -0.91121912 -0.98725599
-0.5143843 -0.58922542 -0.66365703 -0.697261 -0.77220859 -0.8467220999999999 -0.88010494 -0.91121912 -0.98725599 -0.98725599
-0.58922542 -0.66365703 -0.697261 -0.77220859 -0.8467220999999999 -0.88010494 -0.91121912 -0.98725599 -0.98725599 -1.0169369000000001
-0.66365703 -0.697261 -0.77220859 -0.8467220999999999 -0.88010494 -0.91121912 -0.98725599 -0.98725599 -1.0169369000000001 -1.0935635000000001
-0.697261 -0.77220859 -0.8467220999999999 -0.88010494 -0.91121912 -0.98725599 -0.98725599 -1.0169369000000001 -1.0935635000000001 -1.1698133
-0.77220859 -0.8467220999999999 -0.88010494 -0.91121912 -0.98725599 -0.98725599 -1.0169369000000001 -1.0935635000000001 -1.1698133 -1.2456372
-0.8467220999999999 -0.88010494 -0.91121912 -0.98725599 -0.98725599 -1.0169369000000001 -1.0935635000000001 -1.1698133 -1.2456372 -1.2757768
-0.88010494 -0.91121912 -0.98725599 -0.98725599 -1.0169369000000001 -1.0935635000000001 -1.1698133 -1.2456372 -1.2757768 -1.3522558999999998
-0.91121912 -0.98725599 -0.98725599 -1.0169369000000001 -1.0935635000000001 -1.1698133 -1.2456372 -1.2757768 -1.3522558999999998 -1.3806428
-0.98725599 -0.98725599 -1.0169369000000001 -1.0935635000000001 -1.1698133 -1.2456372 -1.2757768 -1.3522558999999998 -1.3806428 -1.4060321000000002
-0.98725599 -1.0169369000000001 -1.0935635000000001 -1.1698133 -1.2456372 -1.2757768 -1.3522558999999998 -1.3806428 -1.4060321000000002 -1.428301
-1.0169369000000001 -1.0935635000000001 -1.1698133 -1.2456372 -1.2757768 -1.3522558999999998 -1.3806428 -1.4060321000000002 -1.428301 -1.4473428999999998
-1.0935635000000001 -1.1698133 -1.2456372 -1.2757768 -1.3522558999999998 -1.3806428 -1.4060321000000002 -1.428301 -1.4473428999999998 -1.5272947000000001
-1.1698133 -1.2456372 -1.2757768 -1.3522558999999998 -1.3806428 -1.4060321000000002 -1.428301 -1.4473428999999998 -1.5272947000000001 -1.6070662
-1.2456372 -1.2757768 -1.3522558999999998 -1.3806428 -1.4060321000000002 -1.428301 -1.4473428999999998 -1.5272947000000001 -1.6070662 -1.6070662
-1.2757768 -1.3522558999999998 -1.3806428 -1.4060321000000002 -1.428301 -1.4473428999999998 -1.5272947000000001 -1.6070662 -1.6070662 -1.6866330000000003
-1.3522558999999998 -1.3806428 -1.4060321000000002 -1.428301 -1.4473428999999998 -1.5272947000000001 -1.6070662 -1.6070662 -1.6866330000000003 -1.7659623
-1.3806428 -1.4060321000000002 -1.428301 -1.4473428999999998 -1.5272947000000001 -1.6070662 -1.6070662 -1.6866330000000003 -1.7659623 -1.7431938000000002
-1.4060321000000002 -1.428301 -1.4473428999999998 -1.5272947000000001 -1.6070662 -1.6070662 -1.6866330000000003 -1.7659623 -1.7431938000000002 -1.7166907
-1.428301 -1.4473428999999998 -1.5272947000000001 -1.6070662 -1.6070662 -1.6866330000000003 -1.7659623 -1.7431938000000002 -1.7166907 -1.7932927
-1.4473428999999998 -1.5272947000000001 -1.6070662 -1.6070662 -1.6866330000000003 -1.7659623 -1.7431938000000002 -1.7166907 -1.7932927 -1.7618018
-1.5272947000000001 -1.6070662 -1.6070662 -1.6866330000000003 -1.7659623 -1.7431938000000002 -1.7166907 -1.7932927 -1.7618018 -1.8362825
-1.6070662 -1.6070662 -1.6866330000000003 -1.7659623 -1.7431938000000002 -1.7166907 -1.7932927 -1.7618018 -1.8362825 -1.909977
-1.6070662 -1.6866330000000003 -1.7659623 -1.7431938000000002 -1.7166907 -1.7932927 -1.7618018 -1.8362825 -1.909977 -1.8715573
-1.6866330000000003 -1.7659623 -1.7431938000000002 -1.7166907 -1.7932927 -1.7618018 -1.8362825 -1.909977 -1.8715573 -1.829755
-1.7659623 -1.7431938000000002 -1.7166907 -1.7932927 -1.7618018 -1.8362825 -1.909977 -1.8715573 -1.829755 -1.8985682000000002
-1.7431938000000002 -1.7166907 -1.7932927 -1.7618018 -1.8362825 -1.909977 -1.8715573 -1.829755 -1.8985682000000002 -1.8985682000000002
-1.7166907 -1.7932927 -1.7618018 -1.8362825 -1.909977 -1.8715573 -1.829755 -1.8985682000000002 -1.8985682000000002 -1.8516144
-1.7932927 -1.7618018 -1.8362825 -1.909977 -1.8715573 -1.829755 -1.8985682000000002 -1.8985682000000002 -1.8516144 -1.801794
-1.7618018 -1.8362825 -1.909977 -1.8715573 -1.829755 -1.8985682000000002 -1.8985682000000002 -1.8516144 -1.801794 -1.7493773999999997
-1.8362825 -1.909977 -1.8715573 -1.829755 -1.8985682000000002 -1.8985682000000002 -1.8516144 -1.801794 -1.7493773999999997 -1.8103445
-1.909977 -1.8715573 -1.829755 -1.8985682000000002 -1.8985682000000002 -1.8516144 -1.801794 -1.7493773999999997 -1.8103445 -1.7535052
-1.8715573 -1.829755 -1.8985682000000002 -1.8985682000000002 -1.8516144 -1.801794 -1.7493773999999997 -1.8103445 -1.7535052 -1.8103445
-1.829755 -1.8985682000000002 -1.8985682000000002 -1.8516144 -1.801794 -1.7493773999999997 -1.8103445 -1.7535052 -1.8103445 -1.7493773999999997
-1.8985682000000002 -1.8985682000000002 -1.8516144 -1.801794 -1.7493773999999997 -1.8103445 -1.7535052 -1.8103445 -1.7493773999999997 -1.801794
-1.8985682000000002 -1.8516144 -1.801794 -1.7493773999999997 -1.8103445 -1.7535052 -1.8103445 -1.7493773999999997 -1.801794 -1.7370431
-1.8516144 -1.801794 -1.7493773999999997 -1.8103445 -1.7535052 -1.8103445 -1.7493773999999997 -1.801794 -1.7370431 -1.7848323
-1.801794 -1.7493773999999997 -1.8103445 -1.7535052 -1.8103445 -1.7493773999999997 -1.801794 -1.7370431 -1.7848323 -1.7166907
-1.7493773999999997 -1.8103445 -1.7535052 -1.8103445 -1.7493773999999997 -1.801794 -1.7370431 -1.7848323 -1.7166907 -1.7597215
-1.8103445 -1.7535052 -1.8103445 -1.7493773999999997 -1.801794 -1.7370431 -1.7848323 -1.7166907 -1.7597215 -1.7996646
-1.7535052 -1.8103445 -1.7493773999999997 -1.801794 -1.7370431 -1.7848323 -1.7166907 -1.7597215 -1.7996646 -1.8362825
-1.8103445 -1.7493773999999997 -1.801794 -1.7370431 -1.7848323 -1.7166907 -1.7597215 -1.7996646 -1.8362825 -1.8362825
-1.7493773999999997 -1.801794 -1.7370431 -1.7848323 -1.7166907 -1.7597215 -1.7996646 -1.8362825 -1.8362825 -1.7618018
-1.801794 -1.7370431 -1.7848323 -1.7166907 -1.7597215 -1.7996646 -1.8362825 -1.8362825 -1.7618018 -1.7932927
-1.7370431 -1.7848323 -1.7166907 -1.7597215 -1.7996646 -1.8362825 -1.8362825 -1.7618018 -1.7932927 -1.7166907
-1.7848323 -1.7166907 -1.7597215 -1.7996646 -1.8362825 -1.8362825 -1.7618018 -1.7932927 -1.7166907 -1.7431938000000002
-1.7166907 -1.7597215 -1.7996646 -1.8362825 -1.8362825 -1.7618018 -1.7932927 -1.7166907 -1.7431938000000002 -1.7659623
-1.7597215 -1.7996646 -1.8362825 -1.8362825 -1.7618018 -1.7932927 -1.7166907 -1.7431938000000002 -1.7659623 -1.6866330000000003
-1.7996646 -1.8362825 -1.8362825 -1.7618018 -1.7932927 -1.7166907 -1.7431938000000002 -1.7659623 -1.6866330000000003 -1.7046021
-1.8362825 -1.8362825 -1.7618018 -1.7932927 -1.7166907 -1.7431938000000002 -1.7659623 -1.6866330000000003 -1.7046021 -1.7187218
-1.8362825 -1.7618018 -1.7932927 -1.7166907 -1.7431938000000002 -1.7659623 -1.6866330000000003 -1.7046021 -1.7187218 -1.7288694
-1.7618018 -1.7932927 -1.7166907 -1.7431938000000002 -1.7659623 -1.6866330000000003 -1.7046021 -1.7187218 -1.7288694 -1.6473615000000001
-1.7932927 -1.7166907 -1.7431938000000002 -1.7659623 -1.6866330000000003 -1.7046021 -1.7187218 -1.7288694 -1.6473615000000001 -1.5658127
-1.7166907 -1.7431938000000002 -1.7659623 -1.6866330000000003 -1.7046021 -1.7187218 -1.7288694 -1.6473615000000001 -1.5658127 -1.5658127
-1.7431938000000002 -1.7659623 -1.6866330000000003 -1.7046021 -1.7187218 -1.7288694 -1.6473615000000001 -1.5658127 -1.5658127 -1.571382
-1.7659623 -1.6866330000000003 -1.7046021 -1.7187218 -1.7288694 -1.6473615000000001 -1.5658127 -1.5658127 -1.571382 -1.5732411
-1.6866330000000003 -1.7046021 -1.7187218 -1.7288694 -1.6473615000000001 -1.5658127 -1.5658127 -1.571382 -1.5732411 -1.4913401000000002
-1.7046021 -1.7187218 -1.7288694 -1.6473615000000001 -1.5658127 -1.5658127 -1.571382 -1.5732411 -1.4913401000000002 -1.4895629
-1.7187218 -1.7288694 -1.6473615000000001 -1.5658127 -1.5658127 -1.571382 -1.5732411 -1.4913401000000002 -1.4895629 -1.4842311000000001
-1.7288694 -1.6473615000000001 -1.5658127 -1.5658127 -1.571382 -1.5732411 -1.4913401000000002 -1.4895629 -1.4842311000000001 -1.4753858
-1.6473615000000001 -1.5658127 -1.5658127 -1.571382 -1.5732411 -1.4913401000000002 -1.4895629 -1.4842311000000001 -1.4753858 -1.3941401000000002
-1.5658127 -1.5658127 -1.571382 -1.5732411 -1.4913401000000002 -1.4895629 -1.4842311000000001 -1.4753858 -1.3941401000000002 -1.3823216999999999
-1.5658127 -1.571382 -1.5732411 -1.4913401000000002 -1.4895629 -1.4842311000000001 -1.4753858 -1.3941401000000002 -1.3823216999999999 -1.3014937
-1.571382 -1.5732411 -1.4913401000000002 -1.4895629 -1.4842311000000001 -1.4753858 -1.3941401000000002 -1.3823216999999999 -1.3014937 -1.286989
-1.5732411 -1.4913401000000002 -1.4895629 -1.4842311000000001 -1.4753858 -1.3941401000000002 -1.3823216999999999 -1.3014937 -1.286989 -1.2693967
-1.4913401000000002 -1.4895629 -1.4842311000000001 -1.4753858 -1.3941401000000002 -1.3823216999999999 -1.3014937 -1.286989 -1.2693967 -1.2693967
-1.4895629 -1.4842311000000001 -1.4753858 -1.3941401000000002 -1.3823216999999999 -1.3014937 -1.286989 -1.2693967 -1.2693967 -1.1896743
-1.4842311000000001 -1.4753858 -1.3941401000000002 -1.3823216999999999 -1.3014937 -1.286989 -1.2693967 -1.2693967 -1.1896743 -1.1698133
-1.4753858 -1.3941401000000002 -1.3823216999999999 -1.3014937 -1.286989 -1.2693967 -1.2693967 -1.1896743 -1.1698133 -1.0906232
-1.3941401000000002 -1.3823216999999999 -1.3014937 -1.286989 -1.2693967 -1.2693967 -1.1896743 -1.1698133 -1.0906232 -1.0687065
-1.3823216999999999 -1.3014937 -1.286989 -1.2693967 -1.2693967 -1.1896743 -1.1698133 -1.0906232 -1.0687065 -1.0441198
-1.3014937 -1.286989 -1.2693967 -1.2693967 -1.1896743 -1.1698133 -1.0906232 -1.0687065 -1.0441198 -0.96628115
-1.286989 -1.2693967 -1.2693967 -1.1896743 -1.1698133 -1.0906232 -1.0687065 -1.0441198 -0.96628115 -0.93997456
-1.2693967 -1.2693967 -1.1896743 -1.1698133 -1.0906232 -1.0687065 -1.0441198 -0.96628115 -0.93997456 -0.86269279
-1.2693967 -1.1896743 -1.1698133 -1.0906232 -1.0687065 -1.0441198 -0.96628115 -0.93997456 -0.86269279 -0.8348136999999999
-1.1896743 -1.1698133 -1.0906232 -1.0687065 -1.0441198 -0.96628115 -0.93997456 -0.86269279 -0.8348136999999999 -0.75807248
-1.1698133 -1.0906232 -1.0687065 -1.0441198 -0.96628115 -0.93997456 -0.86269279 -0.8348136999999999 -0.75807248 -0.68102823
-1.0906232 -1.0687065 -1.0441198 -0.96628115 -0.93997456 -0.86269279 -0.8348136999999999 -0.75807248 -0.68102823 -0.65255126
-1.0687065 -1.0441198 -0.96628115 -0.93997456 -0.86269279 -0.8348136999999999 -0.75807248 -0.68102823 -0.65255126 -0.65255126
-1.0441198 -0.96628115 -0.93997456 -0.86269279 -0.8348136999999999 -0.75807248 -0.68102823 -0.65255126 -0.65255126 -0.57601479
-0.96628115 -0.93997456 -0.86269279 -0.8348136999999999 -0.75807248 -0.68102823 -0.65255126 -0.65255126 -0.57601479 -0.54621921
-0.93997456 -0.86269279 -0.8348136999999999 -0.75807248 -0.68102823 -0.65255126 -0.65255126 -0.57601479 -0.54621921 -0.47017415
-0.86269279 -0.8348136999999999 -0.75807248 -0.68102823 -0.65255126 -0.65255126 -0.57601479 -0.54621921 -0.47017415 -0.43916644
-0.8348136999999999 -0.75807248 -0.68102823 -0.65255126 -0.65255126 -0.57601479 -0.54621921 -0.47017415 -0.43916644 -0.36359641
-0.75807248 -0.68102823 -0.65255126 -0.65255126 -0.57601479 -0.54621921 -0.47017415 -0.43916644 -0.36359641 -0.28770696
-0.68102823 -0.65255126 -0.65255126 -0.57601479 -0.54621921 -0.47017415 -0.43916644 -0.36359641 -0.28770696 -0.25636346
-0.65255126 -0.65255126 -0.57601479 -0.54621921 -0.47017415 -0.43916644 -0.36359641 -0.28770696 -0.25636346 -0.18092446
-0.65255126 -0.57601479 -0.54621921 -0.47017415 -0.43916644 -0.36359641 -0.28770696 -0.25636346 -0.18092446 -0.10517425
-0.57601479 -0.54621921 -0.47017415 -0.43916644 -0.36359641 -0.28770696 -0.25636346 -0.18092446 -0.10517425 -0.07352770900000001
-0.54621921 -0.47017415 -0.43916644 -0.36359641 -0.28770696 -0.25636346 -0.18092446 -0.10517425 -0.07352770900000001 0.0018048129000000001
-0.47017415 -0.43916644 -0.36359641 -0.28770696 -0.25636346 -0.18092446 -0.10517425 -0.07352770900000001 0.0018048129000000001 0.077432178
-0.43916644 -0.36359641 -0.28770696 -0.25636346 -0.18092446 -0.10517425 -0.07352770900000001 0.0018048129000000001 0.077432178 0.15333801
-0.36359641 -0.28770696 -0.25636346 -0.18092446 -0.10517425 -0.07352770900000001 0.0018048129000000001 0.077432178 0.15333801 0.15333801
-0.28770696 -0.25636346 -0.18092446 -0.10517425 -0.07352770900000001 0.0018048129000000001 0.077432178 0.15333801 0.15333801 0.18456685
-0.25636346 -0.18092446 -0.10517425 -0.07352770900000001 0.0018048129000000001 0.077432178 0.15333801 0.15333801 0.18456685 0.26008774
-0.18092446 -0.10517425 -0.07352770900000001 0.0018048129000000001 0.077432178 0.15333801 0.15333801 0.18456685 0.26008774 0.33587072
-0.10517425 -0.07352770900000001 0.0018048129000000001 0.077432178 0.15333801 0.15333801 0.18456685 0.26008774 0.33587072 0.36736984
-0.07352770900000001 0.0018048129000000001 0.077432178 0.15333801 0.15333801 0.18456685 0.26008774 0.33587072 0.36736984 0.44278426
0.0018048129000000001 0.077432178 0.15333801 0.15333801 0.18456685 0.26008774 0.33587072 0.36736984 0.44278426 0.51846896
0.077432178 0.15333801 0.15333801 0.18456685 0.26008774 0.33587072 0.36736984 0.44278426 0.51846896 0.55020559
0.15333801 0.15333801 0.18456685 0.26008774 0.33587072 0.36736984 0.44278426 0.51846896 0.55020559 0.62552992
0.15333801 0.18456685 0.26008774 0.33587072 0.36736984 0.44278426 0.51846896 0.55020559 0.62552992 0.65809375
0.18456685 0.26008774 0.33587072 0.36736984 0.44278426 0.51846896 0.55020559 0.62552992 0.65809375 0.7330659
0.26008774 0.33587072 0.36736984 0.44278426 0.51846896 0.55020559 0.62552992 0.65809375 0.7330659 0.76640779
0.33587072 0.36736984 0.44278426 0.51846896 0.55020559 0.62552992 0.65809375 0.7330659 0.76640779 0.76640779
0.36736984 0.44278426 0.51846896 0.55020559 0.62552992 0.65809375 0.7330659 0.76640779 0.76640779 0.84105235
0.44278426 0.51846896 0.55020559 0.62552992 0.65809375 0.7330659 0.76640779 0.76640779 0.84105235 0.87511496
0.51846896 0.55020559 0.62552992 0.65809375 0.7330659 0.76640779 0.76640779 0.84105235 0.87511496 0.94943191
0.55020559 0.62552992 0.65809375 0.7330659 0.76640779 0.76640779 0.84105235 0.87511496 0.94943191 1.0240190999999998
0.62552992 0.65809375 0.7330659 0.76640779 0.76640779 0.84105235 0.87511496 0.94943191 1.0240190999999998 1.0581964
0.65809375 0.7330659 0.76640779 0.76640779 0.84105235 0.87511496 0.94943191 1.0240190999999998 1.0581964 1.1324724
0.7330659 0.76640779 0.76640779 0.84105235 0.87511496 0.94943191 1.0240190999999998 1.0581964 1.1324724 1.1673049
0.76640779 0.76640779 0.84105235 0.87511496 0.94943191 1.0240190999999998 1.0581964 1.1324724 1.1673049 1.2033413
0.76640779 0.84105235 0.87511496 0.94943191 1.0240190999999998 1.0581964 1.1324724 1.1673049 1.2033413 1.276741
0.84105235 0.87511496 0.94943191 1.0240190999999998 1.0581964 1.1324724 1.1673049 1.2033413 1.276741 1.3133671
0.87511496 0.94943191 1.0240190999999998 1.0581964 1.1324724 1.1673049 1.2033413 1.276741 1.3133671 1.3864801000000002
0.94943191 1.0240190999999998 1.0581964 1.1324724 1.1673049 1.2033413 1.276741 1.3133671 1.3864801000000002 1.4598716
1.0240190999999998 1.0581964 1.1324724 1.1673049 1.2033413 1.276741 1.3133671 1.3864801000000002 1.4598716 1.4598716
1.0581964 1.1324724 1.1673049 1.2033413 1.276741 1.3133671 1.3864801000000002 1.4598716 1.4598716 1.4964977
1.1324724 1.1673049 1.2033413 1.276741 1.3133671 1.3864801000000002 1.4598716 1.4598716 1.4964977 1.5696107
1.1673049 1.2033413 1.276741 1.3133671 1.3864801000000002 1.4598716 1.4598716 1.4964977 1.5696107 1.6430022000000002
1.2033413 1.276741 1.3133671 1.3864801000000002 1.4598716 1.4598716 1.4964977 1.5696107 1.6430022000000002 1.6796282999999999
1.276741 1.3133671 1.3864801000000002 1.4598716 1.4598716 1.4964977 1.5696107 1.6430022000000002 1.6796282999999999 1.7527495
1.3133671 1.3864801000000002 1.4598716 1.4598716 1.4964977 1.5696107 1.6430022000000002 1.6796282999999999 1.7527495 1.7898998
1.3864801000000002 1.4598716 1.4598716 1.4964977 1.5696107 1.6430022000000002 1.6796282999999999 1.7527495 1.7898998 1.8280656000000002
1.4598716 1.4598716 1.4964977 1.5696107 1.6430022000000002 1.6796282999999999 1.7527495 1.7898998 1.8280656000000002 1.8672388999999998
1.4598716 1.4964977 1.5696107 1.6430022000000002 1.6796282999999999 1.7527495 1.7898998 1.8280656000000002 1.8672388999999998 1.9073949000000001
1.4964977 1.5696107 1.6430022000000002 1.6796282999999999 1.7527495 1.7898998 1.8280656000000002 1.8672388999999998 1.9073949000000001 1.9485009999999998
1.5696107 1.6430022000000002 1.6796282999999999 1.7527495 1.7898998 1.8280656000000002 1.8672388999999998 1.9073949000000001 1.9485009999999998 1.9905490000000001
1.6430022000000002 1.6796282999999999 1.7527495 1.7898998 1.8280656000000002 1.8672388999999998 1.9073949000000001 1.9485009999999998 1.9905490000000001 1.9905490000000001
1.6796282999999999 1.7527495 1.7898998 1.8280656000000002 1.8672388999999998 1.9073949000000001 1.9485009999999998 1.9905490000000001 1.9905490000000001 2.033506
1.7527495 1.7898998 1.8280656000000002 1.8672388999999998 1.9073949000000001 1.9485009999999998 1.9905490000000001 1.9905490000000001 2.033506 2.0773558000000003
1.7898998 1.8280656000000002 1.8672388999999998 1.9073949000000001 1.9485009999999998 1.9905490000000001 1.9905490000000001 2.033506 2.0773558000000003 2.1220738
1.8280656000000002 1.8672388999999998 1.9073949000000001 1.9485009999999998 1.9905490000000001 1.9905490000000001 2.033506 2.0773558000000003 2.1220738 2.0539321
1.8672388999999998 1.9073949000000001 1.9485009999999998 1.9905490000000001 1.9905490000000001 2.033506 2.0773558000000003 2.1220738 2.0539321 1.9861673
1.9073949000000001 1.9485009999999998 1.9905490000000001 1.9905490000000001 2.033506 2.0773558000000003 2.1220738 2.0539321 1.9861673 2.0328836
1.9485009999999998 1.9905490000000001 1.9905490000000001 2.033506 2.0773558000000003 2.1220738 2.0539321 1.9861673 2.0328836 1.9661096999999998
1.9905490000000001 1.9905490000000001 2.033506 2.0773558000000003 2.1220738 2.0539321 1.9861673 2.0328836 1.9661096999999998 2.0142429
1.9905490000000001 2.033506 2.0773558000000003 2.1220738 2.0539321 1.9861673 2.0328836 1.9661096999999998 2.0142429 1.9485009999999998
2.033506 2.0773558000000003 2.1220738 2.0539321 1.9861673 2.0328836 1.9661096999999998 2.0142429 1.9485009999999998 1.9980429
2.0773558000000003 2.1220738 2.0539321 1.9861673 2.0328836 1.9661096999999998 2.0142429 1.9485009999999998 1.9980429 1.9333575
2.1220738 2.0539321 1.9861673 2.0328836 1.9661096999999998 2.0142429 1.9485009999999998 1.9980429 1.9333575 1.8691553
2.0539321 1.9861673 2.0328836 1.9661096999999998 2.0142429 1.9485009999999998 1.9980429 1.9333575 1.8691553 1.805461
1.9861673 2.0328836 1.9661096999999998 2.0142429 1.9485009999999998 1.9980429 1.9333575 1.8691553 1.805461 1.805461
2.0328836 1.9661096999999998 2.0142429 1.9485009999999998 1.9980429 1.9333575 1.8691553 1.805461 1.805461 1.8576319
1.9661096999999998 2.0142429 1.9485009999999998 1.9980429 1.9333575 1.8691553 1.805461 1.805461 1.8576319 1.9105645
2.0142429 1.9485009999999998 1.9980429 1.9333575 1.8691553 1.805461 1.805461 1.8576319 1.9105645 1.8486555
1.9485009999999998 1.9980429 1.9333575 1.8691553 1.805461 1.805461 1.8576319 1.9105645 1.8486555 1.7872953
1.9980429 1.9333575 1.8691553 1.805461 1.805461 1.8576319 1.9105645 1.8486555 1.7872953 1.8422262999999999
1.9333575 1.8691553 1.805461 1.805461 1.8576319 1.9105645 1.8486555 1.7872953 1.8422262999999999 1.7820946
1.8691553 1.805461 1.805461 1.8576319 1.9105645 1.8486555 1.7872953 1.8422262999999999 1.7820946 1.8383688000000002
1.805461 1.805461 1.8576319 1.9105645 1.8486555 1.7872953 1.8422262999999999 1.7820946 1.8383688000000002 1.7794983
1.805461 1.8576319 1.9105645 1.8486555 1.7872953 1.8422262999999999 1.7820946 1.8383688000000002 1.7794983 1.8370828999999997
1.8576319 1.9105645 1.8486555 1.7872953 1.8422262999999999 1.7820946 1.8383688000000002 1.7794983 1.8370828999999997 1.7794983
1.9105645 1.8486555 1.7872953 1.8422262999999999 1.7820946 1.8383688000000002 1.7794983 1.8370828999999997 1.7794983 1.7225772000000001
1.8486555 1.7872953 1.8422262999999999 1.7820946 1.8383688000000002 1.7794983 1.8370828999999997 1.7794983 1.7225772000000001 1.7225772000000001
1.7872953 1.8422262999999999 1.7820946 1.8383688000000002 1.7794983 1.8370828999999997 1.7794983 1.7225772000000001 1.7225772000000001 1.7820946
1.8422262999999999 1.7820946 1.8383688000000002 1.7794983 1.8370828999999997 1.7794983 1.7225772000000001 1.7225772000000001 1.7820946 1.7265166
1.7820946 1.8383688000000002 1.7794983 1.8370828999999997 1.7794983 1.7225772000000001 1.7225772000000001 1.7820946 1.7265166 1.6716593000000002
1.8383688000000002 1.7794983 1.8370828999999997 1.7794983 1.7225772000000001 1.7225772000000001 1.7820946 1.7265166 1.6716593000000002 1.6175392
1.7794983 1.8370828999999997 1.7794983 1.7225772000000001 1.7225772000000001 1.7820946 1.7265166 1.6716593000000002 1.6175392 1.5641806999999999
1.8370828999999997 1.7794983 1.7225772000000001 1.7225772000000001 1.7820946 1.7265166 1.6716593000000002 1.6175392 1.5641806999999999 1.5116166000000002
1.7794983 1.7225772000000001 1.7225772000000001 1.7820946 1.7265166 1.6716593000000002 1.6175392 1.5641806999999999 1.5116166000000002 1.4487576000000002
1.7225772000000001 1.7225772000000001 1.7820946 1.7265166 1.6716593000000002 1.6175392 1.5641806999999999 1.5116166000000002 1.4487576000000002 1.3864801000000002
1.7225772000000001 1.7820946 1.7265166 1.6716593000000002 1.6175392 1.5641806999999999 1.5116166000000002 1.4487576000000002 1.3864801000000002 1.3248004999999998
1.7820946 1.7265166 1.6716593000000002 1.6175392 1.5641806999999999 1.5116166000000002 1.4487576000000002 1.3864801000000002 1.3248004999999998 1.2637433
1.7265166 1.6716593000000002 1.6175392 1.5641806999999999 1.5116166000000002 1.4487576000000002 1.3864801000000002 1.3248004999999998 1.2637433 1.2033413
1.6716593000000002 1.6175392 1.5641806999999999 1.5116166000000002 1.4487576000000002 1.3864801000000002 1.3248004999999998 1.2637433 1.2033413 1.1436191
1.6175392 1.5641806999999999 1.5116166000000002 1.4487576000000002 1.3864801000000002 1.3248004999999998 1.2637433 1.2033413 1.1436191 1.1436191
1.5641806999999999 1.5116166000000002 1.4487576000000002 1.3864801000000002 1.3248004999999998 1.2637433 1.2033413 1.1436191 1.1436191 1.0875989
1.5116166000000002 1.4487576000000002 1.3864801000000002 1.3248004999999998 1.2637433 1.2033413 1.1436191 1.1436191 1.0875989 1.0323976000000001
1.4487576000000002 1.3864801000000002 1.3248004999999998 1.2637433 1.2033413 1.1436191 1.1436191 1.0875989 1.0323976000000001 0.97186459
1.3864801000000002 1.3248004999999998 1.2637433 1.2033413 1.1436191 1.1436191 1.0875989 1.0323976000000001 0.97186459 0.91204411
1.3248004999999998 1.2637433 1.2033413 1.1436191 1.1436191 1.0875989 1.0323976000000001 0.97186459 0.91204411 0.85296075
1.2637433 1.2033413 1.1436191 1.1436191 1.0875989 1.0323976000000001 0.97186459 0.91204411 0.85296075 0.7962607
1.2033413 1.1436191 1.1436191 1.0875989 1.0323976000000001 0.97186459 0.91204411 0.85296075 0.7962607 0.74041242
1.1436191 1.1436191 1.0875989 1.0323976000000001 0.97186459 0.91204411 0.85296075 0.7962607 0.74041242 0.68544048
1.1436191 1.0875989 1.0323976000000001 0.97186459 0.91204411 0.85296075 0.7962607 0.74041242 0.68544048 0.63139403
1.0875989 1.0323976000000001 0.97186459 0.91204411 0.85296075 0.7962607 0.74041242 0.68544048 0.63139403 0.57830581
1.0323976000000001 0.97186459 0.91204411 0.85296075 0.7962607 0.74041242 0.68544048 0.63139403 0.57830581 0.5262085999999999
0.97186459 0.91204411 0.85296075 0.7962607 0.74041242 0.68544048 0.63139403 0.57830581 0.5262085999999999 0.47515153
0.91204411 0.85296075 0.7962607 0.74041242 0.68544048 0.63139403 0.57830581 0.5262085999999999 0.47515153 0.47515153
0.85296075 0.7962607 0.74041242 0.68544048 0.63139403 0.57830581 0.5262085999999999 0.47515153 0.47515153 0.42517555
0.7962607 0.74041242 0.68544048 0.63139403 0.57830581 0.5262085999999999 0.47515153 0.47515153 0.42517555 0.37632161
0.74041242 0.68544048 0.63139403 0.57830581 0.5262085999999999 0.47515153 0.47515153 0.42517555 0.37632161 0.32863886
0.68544048 0.63139403 0.57830581 0.5262085999999999 0.47515153 0.47515153 0.42517555 0.37632161 0.32863886 0.28216006
0.63139403 0.57830581 0.5262085999999999 0.47515153 0.47515153 0.42517555 0.37632161 0.32863886 0.28216006 0.23695072
0.57830581 0.5262085999999999 0.47515153 0.47515153 0.42517555 0.37632161 0.32863886 0.28216006 0.23695072 0.19303541
0.5262085999999999 0.47515153 0.47515153 0.42517555 0.37632161 0.32863886 0.28216006 0.23695072 0.19303541 0.15048785
0.47515153 0.47515153 0.42517555 0.37632161 0.32863886 0.28216006 0.23695072 0.19303541 0.15048785 0.10934080000000002
0.47515153 0.42517555 0.37632161 0.32863886 0.28216006 0.23695072 0.19303541 0.15048785 0.10934080000000002 0.069651585
0.42517555 0.37632161 0.32863886 0.28216006 0.23695072 0.19303541 0.15048785 0.10934080000000002 0.069651585 0.031469348
0.37632161 0.32863886 0.28216006 0.23695072 0.19303541 0.15048785 0.10934080000000002 0.069651585 0.031469348 -0.0051567704
0.32863886 0.28216006 0.23695072 0.19303541 0.15048785 0.10934080000000002 0.069651585 0.031469348 -0.0051567704 -0.0051567704
0.28216006 0.23695072 0.19303541 0.15048785 0.10934080000000002 0.069651585 0.031469348 -0.0051567704 -0.0051567704 0.068676963
0.23695072 0.19303541 0.15048785 0.10934080000000002 0.069651585 0.031469348 -0.0051567704 -0.0051567704 0.068676963 0.034417783
0.19303541 0.15048785 0.10934080000000002 0.069651585 0.031469348 -0.0051567704 -0.0051567704 0.068676963 0.034417783 0.0018048129000000001
0.15048785 0.10934080000000002 0.069651585 0.031469348 -0.0051567704 -0.0051567704 0.068676963 0.034417783 0.0018048129000000001 -0.029129187
0.10934080000000002 0.069651585 0.031469348 -0.0051567704 -0.0051567704 0.068676963 0.034417783 0.0018048129000000001 -0.029129187 -0.058326887
0.069651585 0.031469348 -0.0051567704 -0.0051567704 0.068676963 0.034417783 0.0018048129000000001 -0.029129187 -0.058326887 -0.085739145
0.031469348 -0.0051567704 -0.0051567704 0.068676963 0.034417783 0.0018048129000000001 -0.029129187 -0.058326887 -0.085739145 -0.1113332
-0.0051567704 -0.0051567704 0.068676963 0.034417783 0.0018048129000000001 -0.029129187 -0.058326887 -0.085739145 -0.1113332 -0.13505172
-0.0051567704 0.068676963 0.034417783 0.0018048129000000001 -0.029129187 -0.058326887 -0.085739145 -0.1113332 -0.13505172 -0.15686196
0.068676963 0.034417783 0.0018048129000000001 -0.029129187 -0.058326887 -0.085739145 -0.1113332 -0.13505172 -0.15686196 -0.17673113
0.034417783 0.0018048129000000001 -0.029129187 -0.058326887 -0.085739145 -0.1113332 -0.13505172 -0.15686196 -0.17673113 -0.19460193
0.0018048129000000001 -0.029129187 -0.058326887 -0.085739145 -0.1113332 -0.13505172 -0.15686196 -0.17673113 -0.19460193 -0.21045796
-0.029129187 -0.058326887 -0.085739145 -0.1113332 -0.13505172 -0.15686196 -0.17673113 -0.19460193 -0.21045796 -0.21045796
-0.058326887 -0.085739145 -0.1113332 -0.13505172 -0.15686196 -0.17673113 -0.19460193 -0.21045796 -0.21045796 -0.29097481
-0.085739145 -0.1113332 -0.13505172 -0.15686196 -0.17673113 -0.19460193 -0.21045796 -0.21045796 -0.29097481 -0.30514368
-0.1113332 -0.13505172 -0.15686196 -0.17673113 -0.19460193 -0.21045796 -0.21045796 -0.29097481 -0.30514368 -0.31718312
-0.13505172 -0.15686196 -0.17673113 -0.19460193 -0.21045796 -0.21045796 -0.29097481 -0.30514368 -0.31718312 -0.32706857
-0.15686196 -0.17673113 -0.19460193 -0.21045796 -0.21045796 -0.29097481 -0.30514368 -0.31718312 -0.32706857 -0.33478364
-0.17673113 -0.19460193 -0.21045796 -0.21045796 -0.29097481 -0.30514368 -0.31718312 -0.32706857 -0.33478364 -0.34030377
-0.19460193 -0.21045796 -0.21045796 -0.29097481 -0.30514368 -0.31718312 -0.32706857 -0.33478364 -0.34030377 -0.34362076
-0.21045796 -0.21045796 -0.29097481 -0.30514368 -0.31718312 -0.32706857 -0.33478364 -0.34030377 -0.34362076 -0.42548898
-0.21045796 -0.29097481 -0.30514368 -0.31718312 -0.32706857 -0.33478364 -0.34030377 -0.34362076 -0.42548898 -0.42662740000000005
-0.29097481 -0.30514368 -0.31718312 -0.32706857 -0.33478364 -0.34030377 -0.34362076 -0.42548898 -0.42662740000000005 -0.42548898
-0.30514368 -0.31718312 -0.32706857 -0.33478364 -0.34030377 -0.34362076 -0.42548898 -0.42662740000000005 -0.42548898 -0.42208190000000007
-0.31718312 -0.32706857 -0.33478364 -0.34030377 -0.34362076 -0.42548898 -0.42662740000000005 -0.42548898 -0.42208190000000007 -0.41640616
-0.32706857 -0.33478364 -0.34030377 -0.34362076 -0.42548898 -0.42662740000000005 -0.42548898 -0.42208190000000007 -0.41640616 -0.41640616
-0.33478364 -0.34030377 -0.34362076 -0.42548898 -0.42662740000000005 -0.42548898 -0.42208190000000007 -0.41640616 -0.41640616 -0.40848634
-0.34030377 -0.34362076 -0.42548898 -0.42662740000000005 -0.42548898 -0.42208190000000007 -0.41640616 -0.41640616 -0.40848634 -0.39832243
-0.34362076 -0.42548898 -0.42662740000000005 -0.42548898 -0.42208190000000007 -0.41640616 -0.41640616 -0.40848634 -0.39832243 -0.38595538
-0.42548898 -0.42662740000000005 -0.42548898 -0.42208190000000007 -0.41640616 -0.41640616 -0.40848634 -0.39832243 -0.38595538 -0.46670974
-0.42662740000000005 -0.42548898 -0.42208190000000007 -0.41640616 -0.41640616 -0.40848634 -0.39832243 -0.38595538 -0.46670974 -0.45176281
-0.42548898 -0.42208190000000007 -0.41640616 -0.41640616 -0.40848634 -0.39832243 -0.38595538 -0.46670974 -0.45176281 -0.43460456
-0.42208190000000007 -0.41640616 -0.41640616 -0.40848634 -0.39832243 -0.38595538 -0.46670974 -0.45176281 -0.43460456 -0.41527593
-0.41640616 -0.41640616 -0.40848634 -0.39832243 -0.38595538 -0.46670974 -0.45176281 -0.43460456 -0.41527593 -0.39382606
-0.41640616 -0.40848634 -0.39832243 -0.38595538 -0.46670974 -0.45176281 -0.43460456 -0.41527593 -0.39382606 -0.47248376
-0.40848634 -0.39832243 -0.38595538 -0.46670974 -0.45176281 -0.43460456 -0.41527593 -0.39382606 -0.47248376 -0.44832297
-0.39832243 -0.38595538 -0.46670974 -0.45176281 -0.43460456 -0.41527593 -0.39382606 -0.47248376 -0.44832297 -0.5261289000000001
-0.38595538 -0.46670974 -0.45176281 -0.43460456 -0.41527593 -0.39382606 -0.47248376 -0.44832297 -0.5261289000000001 -0.49918348
-0.46670974 -0.45176281 -0.43460456 -0.41527593 -0.39382606 -0.47248376 -0.44832297 -0.5261289000000001 -0.49918348 -0.49918348
-0.45176281 -0.43460456 -0.41527593 -0.39382606 -0.47248376 -0.44832297 -0.5261289000000001 -0.49918348 -0.49918348 -0.57601479
-0.43460456 -0.41527593 -0.39382606 -0.47248376 -0.44832297 -0.5261289000000001 -0.49918348 -0.49918348 -0.57601479 -0.54621921
-0.41527593 -0.39382606 -0.47248376 -0.44832297 -0.5261289000000001 -0.49918348 -0.49918348 -0.57601479 -0.54621921 -0.62192029
-0.39382606 -0.47248376 -0.44832297 -0.5261289000000001 -0.49918348 -0.49918348 -0.57601479 -0.54621921 -0.62192029 -0.58922542
-0.47248376 -0.44832297 -0.5261289000000001 -0.49918348 -0.49918348 -0.57601479 -0.54621921 -0.62192029 -0.58922542 -0.66365703
-0.44832297 -0.5261289000000001 -0.49918348 -0.49918348 -0.57601479 -0.54621921 -0.62192029 -0.58922542 -0.66365703 -0.62802191
-0.5261289000000001 -0.49918348 -0.49918348 -0.57601479 -0.54621921 -0.62192029 -0.58922542 -0.66365703 -0.62802191 -0.70102026
-0.49918348 -0.49918348 -0.57601479 -0.54621921 -0.62192029 -0.58922542 -0.66365703 -0.62802191 -0.70102026 -0.77349443
-0.49918348 -0.57601479 -0.54621921 -0.62192029 -0.58922542 -0.66365703 -0.62802191 -0.70102026 -0.77349443 -0.8453953000000002
-0.57601479 -0.54621921 -0.62192029 -0.58922542 -0.66365703 -0.62802191 -0.70102026 -0.77349443 -0.8453953000000002 -0.91666554
-0.54621921 -0.62192029 -0.58922542 -0.66365703 -0.62802191 -0.70102026 -0.77349443 -0.8453953000000002 -0.91666554 -0.98725599
-0.62192029 -0.58922542 -0.66365703 -0.62802191 -0.70102026 -0.77349443 -0.8453953000000002 -0.91666554 -0.98725599 -1.0571093
-0.58922542 -0.66365703 -0.62802191 -0.70102026 -0.77349443 -0.8453953000000002 -0.91666554 -0.98725599 -1.0571093 -1.0571093
-0.66365703 -0.62802191 -0.70102026 -0.77349443 -0.8453953000000002 -0.91666554 -0.98725599 -1.0571093 -1.0571093 -1.0126780999999998
-0.62802191 -0.70102026 -0.77349443 -0.8453953000000002 -0.91666554 -0.98725599 -1.0571093 -1.0571093 -1.0126780999999998 -1.0803691999999998
-0.70102026 -0.77349443 -0.8453953000000002 -0.91666554 -0.98725599 -1.0571093 -1.0571093 -1.0126780999999998 -1.0803691999999998 -1.1471185
-0.77349443 -0.8453953000000002 -0.91666554 -0.98725599 -1.0571093 -1.0571093 -1.0126780999999998 -1.0803691999999998 -1.1471185 -1.0979778999999998
-0.8453953000000002 -0.91666554 -0.98725599 -1.0571093 -1.0571093 -1.0126780999999998 -1.0803691999999998 -1.1471185 -1.0979778999999998 -1.1622211
-0.91666554 -0.98725599 -1.0571093 -1.0571093 -1.0126780999999998 -1.0803691999999998 -1.1471185 -1.0979778999999998 -1.1622211 -1.1097962
-0.98725599 -1.0571093 -1.0571093 -1.0126780999999998 -1.0803691999999998 -1.1471185 -1.0979778999999998 -1.1622211 -1.1097962 -1.1713366000000003
-1.0571093 -1.0571093 -1.0126780999999998 -1.0803691999999998 -1.1471185 -1.0979778999999998 -1.1622211 -1.1097962 -1.1713366000000003 -1.2315093000000001
-1.0571093 -1.0126780999999998 -1.0803691999999998 -1.1471185 -1.0979778999999998 -1.1622211 -1.1097962 -1.1713366000000003 -1.2315093000000001 -1.1743752
-1.0126780999999998 -1.0803691999999998 -1.1471185 -1.0979778999999998 -1.1622211 -1.1097962 -1.1713366000000003 -1.2315093000000001 -1.1743752 -1.2315093000000001
-1.0803691999999998 -1.1471185 -1.0979778999999998 -1.1622211 -1.1097962 -1.1713366000000003 -1.2315093000000001 -1.1743752 -1.2315093000000001 -1.1713366000000003
-1.1471185 -1.0979778999999998 -1.1622211 -1.1097962 -1.1713366000000003 -1.2315093000000001 -1.1743752 -1.2315093000000001 -1.1713366000000003 -1.1097962
-1.0979778999999998 -1.1622211 -1.1097962 -1.1713366000000003 -1.2315093000000001 -1.1743752 -1.2315093000000001 -1.1713366000000003 -1.1097962 -1.1097962
-1.1622211 -1.1097962 -1.1713366000000003 -1.2315093000000001 -1.1743752 -1.2315093000000001 -1.1713366000000003 -1.1097962 -1.1097962 -1.1622211
-1.1097962 -1.1713366000000003 -1.2315093000000001 -1.1743752 -1.2315093000000001 -1.1713366000000003 -1.1097962 -1.1097962 -1.1622211 -1.2128113
-1.1713366000000003 -1.2315093000000001 -1.1743752 -1.2315093000000001 -1.1713366000000003 -1.1097962 -1.1097962 -1.1622211 -1.2128113 -1.2614441
-1.2315093000000001 -1.1743752 -1.2315093000000001 -1.1713366000000003 -1.1097962 -1.1097962 -1.1622211 -1.2128113 -1.2614441 -1.1942771
-1.1743752 -1.2315093000000001 -1.1713366000000003 -1.1097962 -1.1097962 -1.1622211 -1.2128113 -1.2614441 -1.1942771 -1.2393471999999999
-1.2315093000000001 -1.1713366000000003 -1.1097962 -1.1097962 -1.1622211 -1.2128113 -1.2614441 -1.1942771 -1.2393471999999999 -1.1698133
-1.1713366000000003 -1.1097962 -1.1097962 -1.1622211 -1.2128113 -1.2614441 -1.1942771 -1.2393471999999999 -1.1698133 -1.2112633999999998
-1.1097962 -1.1097962 -1.1622211 -1.2128113 -1.2614441 -1.1942771 -1.2393471999999999 -1.1698133 -1.2112633999999998 -1.1396
-1.1097962 -1.1622211 -1.2128113 -1.2614441 -1.1942771 -1.2393471999999999 -1.1698133 -1.2112633999999998 -1.1396 -1.0672568999999998
-1.1622211 -1.2128113 -1.2614441 -1.1942771 -1.2393471999999999 -1.1698133 -1.2112633999999998 -1.1396 -1.0672568999999998 -1.103883
-1.2128113 -1.2614441 -1.1942771 -1.2393471999999999 -1.1698133 -1.2112633999999998 -1.1396 -1.0672568999999998 -1.103883 -1.029779
-1.2614441 -1.1942771 -1.2393471999999999 -1.1698133 -1.2112633999999998 -1.1396 -1.0672568999999998 -1.103883 -1.029779 -1.029779
-1.1942771 -1.2393471999999999 -1.1698133 -1.2112633999999998 -1.1396 -1.0672568999999998 -1.103883 -1.029779 -1.029779 -1.0628997
-1.2393471999999999 -1.1698133 -1.2112633999999998 -1.1396 -1.0672568999999998 -1.103883 -1.029779 -1.029779 -1.0628997 -0.98725599
-1.1698133 -1.2112633999999998 -1.1396 -1.0672568999999998 -1.103883 -1.029779 -1.029779 -1.0628997 -0.98725599 -1.0169369000000001
-1.2112633999999998 -1.1396 -1.0672568999999998 -1.103883 -1.029779 -1.029779 -1.0628997 -0.98725599 -1.0169369000000001 -1.0441198
-1.1396 -1.0672568999999998 -1.103883 -1.029779 -1.029779 -1.0628997 -0.98725599 -1.0169369000000001 -1.0441198 -0.96628115
-1.0672568999999998 -1.103883 -1.029779 -1.029779 -1.0628997 -0.98725599 -1.0169369000000001 -1.0441198 -0.96628115 -0.99007339
-1.103883 -1.029779 -1.029779 -1.0628997 -0.98725599 -1.0169369000000001 -1.0441198 -0.96628115 -0.99007339 -0.91121912
-1.029779 -1.029779 -1.0628997 -0.98725599 -1.0169369000000001 -1.0441198 -0.96628115 -0.99007339 -0.91121912 -0.93171894
-1.029779 -1.0628997 -0.98725599 -1.0169369000000001 -1.0441198 -0.96628115 -0.99007339 -0.91121912 -0.93171894 -0.85203747
-1.0628997 -0.98725599 -1.0169369000000001 -1.0441198 -0.96628115 -0.99007339 -0.91121912 -0.93171894 -0.85203747 -0.77220859
-0.98725599 -1.0169369000000001 -1.0441198 -0.96628115 -0.99007339 -0.91121912 -0.93171894 -0.85203747 -0.77220859 -0.69225685
-1.0169369000000001 -1.0441198 -0.96628115 -0.99007339 -0.91121912 -0.93171894 -0.85203747 -0.77220859 -0.69225685 -0.61219045
-1.0441198 -0.96628115 -0.99007339 -0.91121912 -0.93171894 -0.85203747 -0.77220859 -0.69225685 -0.61219045 -0.61219045
-0.96628115 -0.99007339 -0.91121912 -0.93171894 -0.85203747 -0.77220859 -0.69225685 -0.61219045 -0.61219045 -0.53202577
-0.99007339 -0.91121912 -0.93171894 -0.85203747 -0.77220859 -0.69225685 -0.61219045 -0.61219045 -0.53202577 -0.45176281
-0.91121912 -0.93171894 -0.85203747 -0.77220859 -0.69225685 -0.61219045 -0.61219045 -0.53202577 -0.45176281 -0.37140976
-0.93171894 -0.85203747 -0.77220859 -0.69225685 -0.61219045 -0.61219045 -0.53202577 -0.45176281 -0.37140976 -0.38595538
-0.85203747 -0.77220859 -0.69225685 -0.61219045 -0.61219045 -0.53202577 -0.45176281 -0.37140976 -0.38595538 -0.30514368
-0.77220859 -0.69225685 -0.61219045 -0.61219045 -0.53202577 -0.45176281 -0.37140976 -0.38595538 -0.30514368 -0.22426646
-0.69225685 -0.61219045 -0.61219045 -0.53202577 -0.45176281 -0.37140976 -0.38595538 -0.30514368 -0.22426646 -0.14334829
-0.61219045 -0.61219045 -0.53202577 -0.45176281 -0.37140976 -0.38595538 -0.30514368 -0.22426646 -0.14334829 -0.062372795
-0.61219045 -0.53202577 -0.45176281 -0.37140976 -0.38595538 -0.30514368 -0.22426646 -0.14334829 -0.062372795 0.018643654
-0.53202577 -0.45176281 -0.37140976 -0.38595538 -0.30514368 -0.22426646 -0.14334829 -0.062372795 0.018643654 0.031469348
-0.45176281 -0.37140976 -0.38595538 -0.30514368 -0.22426646 -0.14334829 -0.062372795 0.018643654 0.031469348 0.046203334000000006
-0.37140976 -0.38595538 -0.30514368 -0.22426646 -0.14334829 -0.062372795 0.018643654 0.031469348 0.046203334000000006 0.062829233
-0.38595538 -0.30514368 -0.22426646 -0.14334829 -0.062372795 0.018643654 0.031469348 0.046203334000000006 0.062829233 0.062829233
-0.30514368 -0.22426646 -0.14334829 -0.062372795 0.018643654 0.031469348 0.046203334000000006 0.062829233 0.062829233 0.081314284
-0.22426646 -0.14334829 -0.062372795 0.018643654 0.031469348 0.046203334000000006 0.062829233 0.062829233 0.081314284 0.10163392
-0.14334829 -0.062372795 0.018643654 0.031469348 0.046203334000000006 0.062829233 0.062829233 0.081314284 0.10163392 0.12374718
-0.062372795 0.018643654 0.031469348 0.046203334000000006 0.062829233 0.062829233 0.081314284 0.10163392 0.12374718 0.14762951
0.018643654 0.031469348 0.046203334000000006 0.062829233 0.062829233 0.081314284 0.10163392 0.12374718 0.14762951 0.22578761
0.031469348 0.046203334000000006 0.062829233 0.062829233 0.081314284 0.10163392 0.12374718 0.14762951 0.22578761 0.25084931
0.046203334000000006 0.062829233 0.062829233 0.081314284 0.10163392 0.12374718 0.14762951 0.22578761 0.25084931 0.32863886
0.062829233 0.062829233 0.081314284 0.10163392 0.12374718 0.14762951 0.22578761 0.25084931 0.32863886 0.40660041
0.062829233 0.081314284 0.10163392 0.12374718 0.14762951 0.22578761 0.25084931 0.32863886 0.40660041 0.48472575
0.081314284 0.10163392 0.12374718 0.14762951 0.22578761 0.25084931 0.32863886 0.40660041 0.48472575 0.56300671
0.10163392 0.12374718 0.14762951 0.22578761 0.25084931 0.32863886 0.40660041 0.48472575 0.56300671 0.6414269
0.12374718 0.14762951 0.22578761 0.25084931 0.32863886 0.40660041 0.48472575 0.56300671 0.6414269 0.71998632
0.14762951 0.22578761 0.25084931 0.32863886 0.40660041 0.48472575 0.56300671 0.6414269 0.71998632 0.71998632
0.22578761 0.25084931 0.32863886 0.40660041 0.48472575 0.56300671 0.6414269 0.71998632 0.71998632 0.69781572
0.25084931 0.32863886 0.40660041 0.48472575 0.56300671 0.6414269 0.71998632 0.71998632 0.69781572 0.67717667
0.32863886 0.40660041 0.48472575 0.56300671 0.6414269 0.71998632 0.71998632 0.69781572 0.67717667 0.65809375
0.40660041 0.48472575 0.56300671 0.6414269 0.71998632 0.71998632 0.69781572 0.67717667 0.65809375 0.73796358
0.48472575 0.56300671 0.6414269 0.71998632 0.71998632 0.69781572 0.67717667 0.65809375 0.73796358 0.81791532
