0.0550006813786319 0.28867648410005486
0.7736989820755317 0.9014875193379172
0.08452618343113127 0.1723227964478602
0.5837229593840046 0.022789427699805298
0.6616682032812269 0.8063112998671749
0.20827505978911276 0.38344925727351464
0.035730795083778855 0.5040386260561242
0.9106737083323047 0.7887534945522002
0.4938486761759284 0.6636210588054401
0.27514719807978194 0.3616653199456352
0.08316950510967969 0.6285485047988525
0.9003329918086075 0.9426157396423455
0.08965256638161567 0.2282681826721653
0.7062189344626086 0.9544263114140374
0.8584574806938216 0.3797051322852725
0.6828094874990582 0.1377375517664332
0.09849020259843644 0.448502140833377
0.9642080993528278 0.5692900825667
0.8224041949554775 0.0804844553295867
0.08142767218508018 0.34227467768618425
0.8693572016385904 0.739788079278168
0.5431130712648948 0.6082825000795464
0.37707522188272535 0.4303957463164123
0.23511858942475294 0.05982818047724825
0.43198928196785813 0.918639078291882
0.6935839094120905 0.6624775233504423
0.47618759983276315 0.535492916944406
0.3467784847964843 0.32832400241999204
0.11862421628866615 0.6942577930149727
0.8615479007739981 0.1117486970756758
0.20896114099547436 0.6902860359983792
0.9572304267595567 0.833577214956837
0.44277227257529717 0.6971146702051507
0.18178259633999838 0.2176965642327573
0.7778492918790343 0.8224957627408745
0.28883698242866984 0.5414313927764698
0.15782902135277643 0.00664796757707431
0.1809422237173661 0.5253554414546069
0.05369207927761299 0.7031877811062152
0.7841936189095778 0.29550673550498674
0.5128323856261816 0.16993039008197997
0.006521569756162915 0.19260702617625441
0.550805028509442 0.0585729979497962
0.7438027350228348 0.7255337903336451
0.4407735179849228 0.5882565737320573
0.2885112381606958 0.30671033638693057
0.03274810895190838 0.4175751824788687
0.8839696320500371 0.7765608083006257
0.49126904964240303 0.6512940050711118
0.28615448374580144 0.36623933819402543
0.09853278248209829 0.6771235945985437
0.863728095309816 0.08908014898657068
0.14773516146066967 0.5297633413375791
0.01963466375414935 0.597135344404517
0.8616112007901049 0.014466032525501493
0.9115098832897591 0.2967746883674724
0.6419580377812761 0.1012423926499868
0.9604313348130006 0.23425284337810176
0.5882559054288177 0.08199097642739028
0.8516955021703746 0.5240769345633384
0.724666556447489 0.22241421901243363
0.32997802612481886 0.9962380684109889
0.34309525423387616 0.785071221057227
0.9336656504711718 0.0018405836621810945
0.9400958361700444 0.198945376112444
0.49787723319577215 0.07392960462627607
0.7375012968470471 0.7515055736121738
0.3911086093940872 0.5850049012938607
0.24081819304016072 0.22489166958747475
0.8509221159218756 0.6688795095366726
0.6261011053271606 0.488224298860112
0.5006157703464846 0.3632229717541935
0.31013792625134506 0.11205634708570456
0.6583869538236393 0.8992538520903438
0.9754742193922159 0.9829887855171141
0.034000635118677014 0.09794485727282676
0.34323145284189027 0.886927536449601
0.6942362382215397 0.6298805296150096
0.5101949063157758 0.5045167532132537
0.38512350260721284 0.33332861942693115
0.1628957807497482 0.8105912281998047
0.7002615921284272 0.5452247597134607
0.5681031160094363 0.40399163927777915
0.41084149735944786 0.2511693042019103
0.06913299425968278 0.47640698597721737
0.9421847881723056 0.6670611318587638
0.719501811949546 0.37342747278679544
0.5384296956915651 0.24325852749848353
0.1827230527337007 0.7659322130653063
0.8102032559233605 0.3041410031162177
0.5509406426122354 0.17005868137210145
0.04492618452952768 0.3202360600281142
0.8068234251297725 0.8657439102988363
0.21363329740738113 0.4537233010606434
0.08113793238084765 0.7146642901449737
0.7948552812587886 0.285375561043276
0.5086325069675786 0.16011474042536733
0.9793055431011746 0.23104642765907563
0.6011294588388676 0.07025134160142787
0.8297357759550634 0.5647114547950207
0.6900792726191554 0.3132560002170255
0.44302264752685283 0.17689353478505332
0.9526303900039114 0.33483358994222817
0.7321505894641094 0.02120495328236105
0.8047941507993982 0.5710567930170191
0.6621224133808759 0.3540639237954806
0.46258172919797635 0.2241634793311329
0.07128147772650406 0.45586497963983774
0.9394638276488323 0.6549153842986688
0.7304681106254174 0.3440109592452951
0.5203040777009118 0.21756806474579893
0.11611678452089547 0.5767859338027808
0.9704805058160179 0.6770542615676447
0.735761765428594 0.357511626434619
0.5397014873240176 0.226994898099532
0.1538402375011203 0.6826018639930491
0.9121381949330442 0.9630992429637115
0.03652501401557462 0.08626752374728985
0.31241404734387684 0.8381078100286214
0.7873049281356506 0.42420338397001167
0.6421969836300594 0.22843344643280572
0.2590776080727861 0.9002808501710505
0.5732909515249796 0.7564803776570215
0.21805330709417037 0.35325159591515165
0.017680477739095757 0.4140391704761975
0.866818052995625 0.8180949764639436
0.387672603815036 0.6489339226960151
0.18503800716135688 0.17673022343090183
0.6942762876107356 0.9196287576835694
0.9529672576480401 0.07650107992941857
0.2002375840947197 0.6369998089666227
0.009546267295600819 0.6700927852337488
0.7832858227355911 0.26421478446331625
0.4637044852057097 0.1346040090836773
0.871404679583685 0.5268089830253684
0.7438891540856942 0.19362226484314404
0.2903535459862381 0.9147915399612386
0.5631714703042827 0.7758243186498217
0.17189477864904834 0.27403869167767225
0.8681899836434651 0.6745651674838593
0.6365344916981277 0.4843193315024279
0.5106738999222702 0.3589205690140007
0.3160119794566034 0.11543999805183014
0.6734095966122859 0.8851918893615051
0.02910482590768515 0.9840939619194948
0.08389045202348856 0.2530789162092364
0.74549537635207 0.9171409868733807
0.011472266098127015 0.9568332731038335
0.15603402814646103 0.41773920882781
0.007350095971499604 0.44327546104029275
0.8710882393508299 0.8363027761945468
0.3502397888842719 0.6328043532775507
0.16351030201113215 0.11151574429331257
0.510290242749206 0.986145132457881
0.5581104284054885 0.8493262558447381
0.006009512826726571 0.87023315088283
0.40125546178252713 0.7111064574855932
0.12027468441011901 0.08143685393617162
0.38209180906014495 0.907778658718689
0.6750997882876992 0.675468883214299
0.4423371368700426 0.5388313629690944
0.3120595752449111 0.2902057515691632
0.03301188188360227 0.40193309295253193
0.8743519679811036 0.7864452071928937
0.46217396944787437 0.6564373771372374
0.25151968406835046 0.3153387412180142
0.007170452336034083 0.3402553705406718
0.7928562390921908 0.9150786518273932
0.0648402338822287 0.12730457466053635
0.45368365364085567 0.9947963608703255
0.47180161808404475 0.8670133402709523
0.8753558463050983 0.24889130052699437
0.5296613199765134 0.12081202186737228
0.9014189903154279 0.4318318016168706
0.7601548288676221 0.06994992917587473
0.987854106912199 0.11194422546702723
0.33579861239285025 0.8925768905446302
0.6713904599289333 0.6647654764033506
0.45137364217845244 0.5314896470408885
0.3229030496307934 0.29671799263563226
0.05327053881748922 0.47323275242617485
0.9257628394181147 0.7137737684233614
0.6408155551873773 0.5193721963838089
0.5145020682128123 0.39363611144523714
0.3499055994530973 0.1897869596808679
0.8880931431089591 0.5376299526321993
0.7581370964361036 0.1794082906845813
0.2734104421498669 0.8747083936410655
0.6569881112221301 0.6634499589132439
0.43848249948153617 0.5252045488681065
0.3112590569887794 0.2755235463774297
0.009895183180398615 0.3098139862332171
0.7582976637666524 0.95130209535763
0.9204401293069966 0.20760743719673602
0.4962131915676844 0.08255724748337534
0.7613086108673885 0.7185695820863204
0.46910429312052804 0.5902286756237825
0.3156100444536518 0.34622988065143767
0.10785167083800307 0.6829987884255271
0.8656417228597652 0.0900702451900266
0.152493309284788 0.5424070948685935
0.02119904335160938 0.6150308485626443
0.8498867069279624 0.06155837166551592
0.05207799182988393 0.23433893275449258
0.680062682554807 0.9958599389835765
0.6944929057440202 0.7384637226369433
0.3704655911954786 0.5547366519117642
0.2349792374766948 0.18391063592224466
0.7602855361859157 0.821790674705681
0.27286320203953474 0.5162217372486149
0.14694219538176378 0.9549473903421446
0.2975222474548169 0.6864570493770252
0.05084043803646443 0.8553519570155622
0.4838778912946995 0.729442228653693
0.17462481428119192 0.23390068846827194
0.8017938616893832 0.7901223161314052
0.38219550757830456 0.6165496716098386
0.20965211674504025 0.19649304502261344
0.7622444657262816 0.8307904857083934
0.25426625670309977 0.4944427316269193
0.12915816539190317 0.8881098995926726
0.4769556358254827 0.7612512500719455
0.11307288100094315 0.11225716611275938
0.4618671126927642 0.982167756282407
0.5231670044983269 0.8552892709414177
0.9563603733370325 0.001362504708312784
0.9611226423493466 0.1321431852029607
0.3625074156751653 0.9409784475978344
0.5568904463148793 0.8046506175111627
0.1070484506901146 0.1392123971435253
0.52646152037789 0.011761654931042198
0.5671431347930285 0.8709829530066204
0.9604439048177352 0.0039528898133078805
0.9742243304817463 0.09184238514029608
0.2661500954938778 0.7754421627089675
0.8756107480016012 0.15665014365883922
0.3379988145283661 0.9397947993290876
0.5360306852191726 0.8102510633583169
0.07413565711679038 0.050489528470599065
0.24192683306574508 0.6923833702504337
0.987387069044541 0.7359718274990351
0.6674976072382206 0.5127777579921828
0.541926158390647 0.3816254483412913
0.367882287709246 0.19553263368799279
0.918430967687851 0.45773697216732273
0.7871793953623012 0.04408495424502368
0.9346745440521337 0.25778809688076765
0.6043414230078923 0.09468313293717578
0.9043552534682113 0.3974220344114808
0.7425274168832332 0.06655361662129322
0.9599622314589502 0.20107522633085412
0.522216160362925 0.07434777409640492
0.763086799404527 0.7070964500231927
0.48797551076179646 0.5815903908281537
0.3396760391975784 0.36662718740233613
0.15241696420683803 0.8187783037031693
0.6717483400152929 0.5905370806601389
0.5180589696046811 0.4643956383189991
0.38862212260719087 0.29597802781515226
0.11793474463750897 0.6600695200719331
0.9032568652413026 0.965913172297086
0.018494070821533093 0.029445312878020102
0.11851807331790772 0.39509570153023577
0.9550008818868909 0.5455053927177662
0.8227532892044973 0.055911492794639805
0.007502181392899043 0.08197213813000459
0.2708866548442992 0.7732469008804811
0.8845631139015431 0.13063614087270192
0.28205930239860644 0.8393926240242646
0.753903566051341 0.48875805103670755
0.6284612310936146 0.3060000434074026
0.3717352900408608 0.12341861803424514
0.7503879096895287 0.7789892494188245
0.3529654051700519 0.5783221471500002
0.20649514960039994 0.15181430692167952
0.6571786805748936 0.940346325226254
0.8535115790839629 0.3779497973137247
0.6763746971687998 0.1440716790088743
0.10797730327633337 0.48118539739613864
0.9817383408273391 0.5439339958153672
0.8499826548682727 0.9902264903351115
0.8838556134762888 0.3495185283447082
0.6795992568858904 0.11162290258583418
0.0266705626004069 0.20248025550428056
0.5918575683236132 0.04794791050013503
0.7516287476494345 0.7013383172474552
0.48474883467730523 0.5755242240945047
0.3397851551895359 0.3606834363527609
0.1468532880168727 0.7991893357070323
0.7085533829140193 0.521958538369947
0.5818657619883139 0.37350152791920155
0.40085923995259587 0.21410041185948225
0.989774229206384 0.24952462727800567
0.6451915360156071 0.05074258982100588
0.8137787639130277 0.5811426954312493
0.6657342843365579 0.3600052099153208
0.4721393899585711 0.2322884623437389
0.0962962540785921 0.5368699616953205
0.9665383748146417 0.6500667685839158
0.7627182521983769 0.28349368845032075
0.47365581190541306 0.15606463158805028
0.9346354301490906 0.3698867815949528
0.7503823565360723 0.0254671459690039
0.837247353094263 0.5023919258772012
0.7122273285113558 0.21975038949246706
0.3123378738476721 0.9714906319204243
0.4092759178871485 0.8176826251571563
0.9310480417435507 0.04237417513883179
0.07307315721402463 0.27944132331962857
0.7778117027075364 0.8843136257552164
0.1358723324136144 0.2952522716985617
0.8641466195575157 0.7061426098254804
0.5904149050077048 0.5525306171590474
0.45575677492081823 0.4206794967801224
0.308735677112127 0.16764235254597448
0.7971200567380169 0.7336612041399662
0.4810286026175308 0.6074015054247137
0.315655810831299 0.3634617751437834
0.1254064068671954 0.7473405150872754
0.7862857504544599 0.33548215689081884
0.5665543279999199 0.19497898187649554
0.11592195276007256 0.5536731695757697
0.9808391207969899 0.619451259264892
0.8058990091071003 0.16694154606042155
0.29265124101492224 0.8914642685761401
0.6312962835134389 0.7061287693505953
0.3575845400744706 0.5101411980602952
0.2322245864311272 0.1341783456683623
0.6388353967083504 0.9417149098412847
0.8309431811920205 0.433383047720054
0.6904108170332806 0.181486070368569
0.21033188524088398 0.7628094118902176
0.8435911308175968 0.22461738377241525
0.4531665821963746 0.09194059219132411
0.7453729011422892 0.7562130800388814
0.39061490280175315 0.5893352318271368
0.23768216004212417 0.2234979597665565
0.8450953361557254 0.6816801911390407
0.6045684146726114 0.5184092544240393
0.4783822624030398 0.39177361139820066
0.31238693323878297 0.14357829152977963
0.7427594132978753 0.8123158269232293
0.27636529818428324 0.5122721474265135
0.15083817857567983 0.9605732260352926
0.2833912406837312 0.6713554848914263
0.05562178297541576 0.8552034857106066
0.489028476062038 0.7297821755292819
0.179229007393644 0.24465307158744776
0.8260218189196062 0.7476372791466779
0.48638704183851234 0.6219886849420053
0.3093027044499328 0.36970958008662147
0.12488812712571695 0.7522283699872385
0.7772210999332494 0.35824798611853614
0.581893382895172 0.20977514455148283
0.16208674937477774 0.6851263672331178
0.9171355479175185 0.9511191385555485
0.07985587781866776 0.2082953466432207
0.657035261053672 0.9969850903935386
0.6675556307965141 0.7737229774528764
0.2803206914466765 0.4798164823302442
0.15389488109733773 0.9355558456730533
0.3649137496474476 0.7466868130529596
0.02692340657765735 0.8383816916986498
0.501165814108717 0.7133769347697736
0.21681180708761216 0.30769250065233034
0.9623741970188732 0.43442785741136325
0.8223252264260474 0.9458004268442537
0.0017421544152316226 0.9518873444405416
0.16203455218589533 0.42711509073388254
0.01844181719033977 0.49047109872558503
0.8931240173320983 0.8245583732139372
0.39944053565062765 0.6641656526681228
0.1801142703448 0.18102157253848383
0.6989989401944239 0.9174195488437201
0.964162161045292 0.03835675773189573
0.09326147008396535 0.33432994671799615
0.8721984871433484 0.7244689483067057
0.5708464065046335 0.5819017017055366
0.42236879590671395 0.4358085882341296
0.2829469152009796 0.1459164425614321
0.7191338354317489 0.8528477101528312
0.15837856247141158 0.31937948712598385
0.9191953686233575 0.5793428373625298
0.7721618681807785 0.1950905486417498
0.3217676608342166 0.9589068651059758
0.4596833728893367 0.828217858630445
0.9576390033554951 0.9702007577577069
0.05882836926976909 0.1639873305936077
0.5386625702641359 0.033755550405605295
0.6528189665426056 0.8270178225325802
0.15352666965378026 0.28186463228837777
0.861986034390384 0.6982460204605108
0.5994308381908815 0.5386432999188164
0.4692042719907268 0.4103239808961425
0.3160580125826229 0.16690268932345176
0.8027196482528017 0.7211655402894017
0.5065199615125413 0.5960167556459641
0.3492527007358226 0.3914801368219121
0.18303473827115435 0.9148457168219873
0.4556953475917346 0.7829755590344272
0.050432263053771464 0.9505865336740905
0.21483347790425839 0.5409667250394565
0.08395952394265382 0.8101528530263752
0.6222777511012528 0.6328213835760454
0.43553243132856023 0.49327514763962155
0.3103741485911191 0.24242227531072102
0.9531621536947481 0.3986764939163022
0.7922295685969223 0.9747830712481006
0.8782631919936958 0.34899242278769194
0.6734516826793366 0.11869322100266544
0.03956967369670927 0.25170692217352375
0.6987965899588032 0.9883866275461538
0.7389713470781337 0.6635110610109713
0.520395812322866 0.5370550989498879
0.3905900310692152 0.37015820439486435
0.2065839094683346 0.9438326967547618
0.39212778998821946 0.7781052488298719
0.9964289369946822 0.7905593356300264
0.5759423906685139 0.6453739721784544
0.37697481941421684 0.4674007894748784
0.24825533957020252 0.12058698028267933
0.6194155012116467 0.9456767635289786
0.7992182797878189 0.5073162371718434
0.6740309341455775 0.2763125560333053
0.3739046800863415 0.09566245206885782
0.676693695751951 0.8613901346541671
0.09458379276320139 0.16112208083821922
0.5676499384292368 0.020104281245040934
0.6366002853515511 0.8297955483916029
0.1309224222653378 0.2280316440389032
0.7470386690107013 0.8894332800858774
0.09123469027614228 0.17962150556813272
0.6069863613456372 0.014560220269205448
0.657205132237849 0.8030631326624867
0.21073971391064883 0.3852128367827601
0.03962338897253437 0.5183996528487897
0.9134384736851885 0.7951398525178057
0.48356210978037617 0.6691941376957522
0.2583688129732442 0.3398444307918955
0.04359449075394228 0.48577346974635904
0.91788611118324 0.7495726630268796
0.5748833117270906 0.6049463767136216
0.4113352147784797 0.4524313222292975
0.2784154879114946 0.1555823862380441
0.7382332635683152 0.831939578691608
0.2275896699114477 0.4472137209052689
0.09283730049911387 0.7419785973782977
0.7628995549370248 0.3750719814269976
0.5832750205510071 0.22580042975980041
0.19512610543132158 0.7754821091966426
0.8045097317253133 0.32594049069266484
0.5734712369942272 0.18204741136354818
0.09464276682205464 0.4819467086496711
0.9685020421720251 0.5887171363319182
0.8159544861957486 0.11432180561665017
0.1703376425159453 0.6089513608198438
0.0037912459302100743 0.6221704141656174
0.8265516105893155 0.12394457384095148
0.20658971818649285 0.6976309966823656
0.9448866802126646 0.8798964428751055
0.3147621046306106 0.6348006702920226
0.12616283214148538 0.0206608720383592
0.19698183355889348 0.5742908398617037
0.05266488245314305 0.7489103639943926
0.7108175898897695 0.46835616727013396
0.5823129273653445 0.3196422042300502
0.3434616566328623 0.10887731892560248
0.6830423258549753 0.8666115932352062
0.08762811482437827 0.14643459234366962
0.5250983736052235 0.01922984309197373
0.5911085703984348 0.8651771424918109
0.9993683615037395 0.8673864808435576
0.4019634694305916 0.7087474162022547
0.1244492762316809 0.09011320477207563
0.41142412907391646 0.937653307585976
0.6160326673306094 0.7655307779784806
0.24425958814210924 0.4116197240781281
0.09192083204001733 0.703769598447937
0.8215936596593002 0.21679091168222064
0.4158678026890432 0.06701711849692638
0.6347081878275768 0.8785050829596625
0.008276845435523317 0.9072342703877216
0.3028377170117534 0.6461788899717407
0.1030487794549575 0.9696829397490443
0.2059415558353922 0.54203664970326
0.07475677612143117 0.7841253516120249
0.6672115221211324 0.5612664256567941
0.5290740099264744 0.4333078824705776
0.38850657503452046 0.26480013913371203
0.06989016410419624 0.4923194908636087
0.9446836983321166 0.6752169203954576
0.7122303061570783 0.3925709604151124
0.5468368112456186 0.2598930563083104
0.22005710581424376 0.8606049722904691
0.639931294672109 0.667072286990325
0.41723527289148765 0.518097286803612
0.29108898162770513 0.24034393921288943
0.9301145369655264 0.4678491370311474
0.8014966640017795 0.02469830261644068
0.8858057016268555 0.3787371646891749
0.7093393383301845 0.10035680968535687
0.025337959853153347 0.18679262643807354
0.5569919538656929 0.050424336619071086
0.7245779840002848 0.7489008884773584
0.3827472010034205 0.5757821224234956
0.23764694572688683 0.209880184620987
0.8180536702624528 0.7308267045350274
0.5065702839196997 0.6056756143272781
0.34248460979763307 0.39383677080016444
0.1780374004781542 0.9060270665821388
0.4760344746876161 0.7790168541698939
0.07855805749959277 0.03237026602508597
0.18818656915852172 0.5670736112391193
0.04744052652222397 0.7252383416184327
0.7448774396496477 0.3903609800456487
0.5778049382117205 0.24417335061019507
0.22373947732867094 0.8520537832569693
0.664942945259263 0.6318321700891687
0.47911392151279486 0.5053053711281608
0.35401540714296864 0.30571511639744453
0.09690225115536366 0.6120078334647971
0.9279921095041916 0.8458874731723293
0.38425860516280586 0.6740012264963218
0.15329111128502104 0.128276539197407
0.5446669516963218 0.9962935611889615
0.5575914056246467 0.8596848661825824
0.9797851952619089 0.9290064486088043
0.21062232994412344 0.510918422864417
0.08520508809166172 0.7837265565567556
0.6784524319572233 0.5472681099066898
0.5456324722076951 0.4149799810874386
0.3953330595520721 0.2516368916078833
0.054438241916392016 0.4317984106749386
0.9131581431637669 0.7093496312560778
0.6347627047890718 0.520786178148845
0.5082504765819476 0.3955479318754427
0.3450646557077075 0.18653056868704354
0.8761438604208683 0.5663358556239456
0.735742300326105 0.2468253430532934
0.38640137610581604 0.07665907732601052
0.6341399972691895 0.888681691290187
0.9803828972644886 0.9559946433454024
0.12762399560553606 0.34567103307465197
0.919262990492678 0.60543593988563
0.7553544095241964 0.25221537926355153
0.4154641455669268 0.1022032918669975
0.7366163720618406 0.7812477155200217
0.3347654008635319 0.5606890608887594
0.19687433347307337 0.11409096691288201
0.5506340971092532 0.9801176256476395
0.618838826507909 0.8056882922474202
0.16678016444790433 0.2920641864286404
0.890449605468363 0.6334860559922392
0.7030847604630919 0.3641340862290092
0.5134763476261999 0.23849844442031154
0.14913562512911072 0.6826281109829218
0.9074000309049444 0.9767163628481981
0.9869953137796924 0.021640838096364412
0.06109910655967221 0.22242185817685153
0.6664254196967004 0.0004808870525714326
0.6681077149974498 0.7765701736067481
0.275389001746416 0.4749948217290978
0.1482005954551573 0.9168249480957271
0.41509996471263766 0.7665968921244435
0.041341304596195005 0.9053095960811222
0.3413757642321466 0.6922438274758478
0.08702385202317431 0.9703212816836282
0.18781647400731677 0.5042163430293432
0.06275425258742295 0.7100728903230022
0.7832970852171125 0.3041725555992105
0.5240777272852075 0.17714347626993776
0.034250555082496525 0.29291456722656867
0.7591552374481388 0.9328495373877643
0.9783997103893333 0.006817547235671517
0.002098449388096446 0.01414670787958867
0.05091147426325033 0.1832649440601632
0.5747876394490099 0.03868877550992034
0.7049594790071315 0.7666594173878586
0.3310841219214189 0.5417954088531554
0.19997012521721036 0.10173266868553776
0.5198110900440076 0.9753589911749766
0.6039294933258874 0.8125543026345616
0.1370138209920675 0.22639792110683565
0.7500104794807528 0.8826295816311499
0.11259159089345205 0.23233111756851743
0.7368283837160361 0.9110242259010923
0.020535183744463392 0.9814214408067481
0.08435207090490499 0.2517502374431042
0.7436542647714619 0.9189643348484784
0.00429536620886406 0.9339335409814638
0.2202512532483732 0.5350257763995934
0.09095743570499315 0.8244204084819715
0.5975873306663607 0.6660889036089217
0.37603799700931306 0.4873058799598009
0.25047400461673064 0.144384601657761
0.6828559142333481 0.9023576028623634
0.9912351721993323 0.9327656224423866
0.21073387831152024 0.5149035103939563
0.08495647713430055 0.7869895698392599
0.6716859309464684 0.5588233637419155
0.5345752725197706 0.4296392905975581
0.3922480695231183 0.26400261577232653
0.07231639075505392 0.49880617211358347
0.9473114024674756 0.6734999543926138
0.7169535828576388 0.38375895449093167
0.5446616505439943 0.2517776338883331
0.20401144991073394 0.8201453576445222
0.7202857748360473 0.5253049785616102
0.5930445780460349 0.37000445129843373
0.4088986286582603 0.21595634178722434
0.001515829460123852 0.2212537028113252
0.6045675857727343 0.05798337283114163
0.795742140344667 0.6268614253163852
0.6144137660281002 0.45604464081782026
0.48265150842517945 0.3299912452580944
0.2564910900140527 0.9974531829091897
0.2653822478613595 0.6797939692441299
0.027241698043402485 0.7725425270030309
0.64226369645521 0.5767061693511806
0.4966702689973479 0.45166736447125544
0.3634941161973073 0.26144886737661555
0.03932086613165886 0.39366044204071815
0.8747425105772447 0.7771486197226408
0.4809027596276674 0.6508721536582054
0.2762343360045394 0.3506234003165525
0.07313754613907797 0.5878829595099653
0.9211055951362723 0.8422282316172058
0.38618502633083285 0.6718897628076097
0.1577737093776359 0.13697384383160993
0.5715157441592487 0.9940730880123311
0.5921369871161064 0.8393608026304138
0.06405684684925106 0.049198287903853055
0.2277792041483903 0.6648337219745598
0.007683658498437662 0.6915198915913695
0.754304117435343 0.3401728470853791
0.5398976016045653 0.20960148193709083
0.11973805407859706 0.578504465631329
0.9731677251443853 0.669897529217235
0.7471396286249612 0.331124543088142
0.5223234088098003 0.2043803720550288
0.09145503331766913 0.49519890774989483
0.96637435661389 0.6089312659753252
0.7998432841394354 0.16926028332299747
0.2919826234828917 0.892810982057286
0.6269309867960584 0.711420818125712
0.34548531861674947 0.5028590644553259
0.22045670874329049 0.10435348355210872
0.5475801278225603 0.9714299435794695
0.6447184568608638 0.7731279324328055
0.25862242069829655 0.4442069571693801
0.1227273979992487 0.8210358003979196
0.6370034500192837 0.6303409917877674
0.45254274052851784 0.4974583216198649
0.3275201300770596 0.26833575226964435
0.014680997209409075 0.31896488162585673
0.7749729979128188 0.9293293580917861
0.004840055894550943 0.946187562228996
0.18304836348706124 0.4695833726201908
0.05481026421299373 0.6509047196448252
0.8501074437742022 0.09689144199345368
0.15636966039079225 0.5586051059436656
0.019348705841453206 0.625015272926665
0.8396478412142033 0.09625297678152478
0.14410703556197335 0.527943669303822
0.0163740652724087 0.5843145127098446
0.8664927855851638 0.9892051461089395
0.9038669231570229 0.29332542543781726
0.6293665939604156 0.10975042072260055
0.9713350245187602 0.2072019520392496
0.5462775854050697 0.07470629985101729
0.7882160255526248 0.6589666290022878
0.5747696635753963 0.5143998699331651
0.449043916686074 0.38031204143972985
0.27390569070093673 0.076396812998758
0.5208668805693045 0.9498728195323304
0.687517442430414 0.7018030502775776
0.4199817935757433 0.5543928535198352
0.28462675477663746 0.26704313186668593
0.9696855963399494 0.3699271739344372
0.7854693060575619 0.9597026374809863
0.9208265038831491 0.2148703251841868
0.5112802437711492 0.08942497153580886
0.7962787547768495 0.657191119673387
0.5847970864122438 0.5070242091493675
0.45962439811263467 0.376318546852183
0.2810845416279899 0.08358462415238765
0.549178363279911 0.9501198342002695
0.7150508352882378 0.6632558180466788
0.4967672178469218 0.5382192399651062
0.3666547317846356 0.35098587802111014
0.16393650186264752 0.8307005162900101
0.6561665917019703 0.6203425010166754
0.4804784802736506 0.49400868695318345
0.35535284486156327 0.29577888873943303
0.08438092686581022 0.5661916399042026
0.9440462606895835 0.7510718541907971
0.5984164948057664 0.5921715316163101
0.44368192546402874 0.4560704922982728
0.3119276196998224 0.20727122148706156
0.887012137505953 0.5580468404678183
0.7502191125969158 0.21391322538706015
0.3387593634673931 0.9979183253440193
0.346030057970519 0.7899447246740532
0.9267922561884252 0.02741401987563097
0.020110976053038465 0.09638685630894499
0.3249484818924217 0.8641362373377576
0.7358652841936727 0.5444227243305906
0.6039584596643419 0.38159695965535145
0.4298909797943442 0.2393934981556618
0.06718585898194362 0.45874521582746886
0.9362290087220162 0.6677100976503938
0.7127856397333501 0.38423804798183525
0.5408827363606545 0.25338815451866337
0.2030218281996672 0.8197020336781254
0.7202889620169148 0.5248567399254114
0.5931264606978965 0.3695028580380022
0.4085231964870222 0.2152148385046706
0.9996641377592992 0.2163899615350669
0.5931428490460164 0.06102539538563545
0.7936973868088345 0.634121852821452
0.6057370368939272 0.4699907294225749
0.4775850897718654 0.3432322307207012
0.26656862257503944 0.02751650283790097
0.3602263297581941 0.8341381267128732
0.8444573227270356 0.2938601615819034
0.5707296072863992 0.15135079086779468
0.020282658686606503 0.22090024441902661
0.6226443012078496 0.04325455825336033
0.7674869062606842 0.6678322006801682
0.5439001397126653 0.536086922746398
0.4143422087360995 0.3854065225316632
0.24338138096209772 0.02992061780244315
0.34497019147676916 0.8208007724448195
0.8597742168725941 0.2427695675028101
0.5031879829631745 0.11773399617900271
0.8667424410927129 0.5219839328337557
0.7400509145327763 0.19529838734567773
0.29010015989327 0.9160955872767699
0.5591257777640699 0.7788600856900483
0.16195546189535603 0.25390070159171096
0.8249784355256737 0.7592622591432102
0.4647192189695297 0.6299056918577901
0.2806550082498509 0.3365129029372347
0.0621069000788157 0.5403866185821896
0.9313981237170542 0.7640214245691077
0.5624225295068006 0.6253834219040117
0.38239902079754273 0.451978455821193
0.24932778032893288 0.10705048981932386
0.5838951688996163 0.9574160920428909
0.7265919844903498 0.6527123460194288
0.5199682722966976 0.5263167843746261
0.39254426630732553 0.36090321291261773
0.1998265596842117 0.9205388829640613
0.45584122738790017 0.7887138927689361
0.03909623581562571 0.9202009133312976
0.29610540934002727 0.649695398979905
0.09267491567489206 0.9439973638583079
0.2777071087789487 0.6460479106523584
0.07805213605823136 0.8979079110547838
0.39889466617829517 0.7371299012095895
0.07708760101145118 0.9861377609457163
0.12493287185085089 0.3687740337825405
0.9396619821168805 0.5672147289662361
0.7988496128518645 0.1296259101102537
0.19373023023606195 0.676321808560859
0.9599173996264593 0.8109877578837841
0.4964205501889185 0.685942914270459
0.2504088644030491 0.34290784188044454
0.039036052903741236 0.474200680051476
0.9117064357194191 0.7559430178067172
0.5574325364453856 0.6193982809577903
0.3825367132105215 0.44610659785593487
0.24737096742920484 0.09773159951413923
0.5560014363261199 0.9617550364670796
0.6847394383666208 0.7173047261590288
0.39446473432794393 0.5533228031073789
0.25951310966864494 0.22590399763302083
0.8715629448711882 0.617697420628297
0.6980785549922484 0.355374521810937
0.49987070369729536 0.23037446329956834
0.12042794855381 0.6011121654628264
0.9596451035377731 0.7366544912409508
0.6386263847519766 0.5443940303180401
0.5067284800044001 0.41923557676694645
0.35889835779381274 0.2245517197504565
0.9683472149703041 0.33182982155391577
0.7443629837552468 0.9978333841497313
0.751929709446338 0.6506933593937245
0.5474499994675561 0.5178131008205757
0.421339426504602 0.3711569004413886
0.23823752144105614 0.006338317306763042
0.26028102208274256 0.6802101579988321
0.021616068421868473 0.7542310070263056
0.6703991511542353 0.5276054595270119
0.542731936269294 0.39621439520638146
0.3800318551009738 0.22084114993958348
0.9822780326162844 0.2817687973347648
0.690591030257782 0.02963150448323515
0.7912282047463151 0.6077829691440695
0.625568115215025 0.4275972386887812
0.48222055575581235 0.3014908584570686
0.21929997828942183 0.9007171007979519
0.5322902962377161 0.7720677794890338
0.1482172280113887 0.21393886415106422
0.7368088209602471 0.8926644022550259
0.07216015616620863 0.12700014035399532
0.46020902263042146 0.9964585137739034
0.47256032698534595 0.8688232389808743
0.871453291342145 0.26090182220968083
0.5463655061628663 0.128377661643595
0.938004437883678 0.3319100550233063
0.7141146342757403 0.04645228688468728
0.8691452860232852 0.44451343920844155
0.7333696315236216 0.12889859199729337
0.12636273894805194 0.5152817820348878
0.0005453739304854821 0.5171895497770529
0.8745111917551033 0.9012843351526558
0.1859092800189217 0.4309989038288433
0.04424525056404738 0.5790055331118454
0.8973986906460432 0.9012655154666822
0.20884964198644562 0.4795756570667091
0.08238960374154725 0.7441811063457124
0.7487041593047908 0.4026929503514527
0.5905638426152238 0.24898661678913037
0.24503682768683976 0.8964648494631645
0.5698915086773658 0.7543679690149705
0.21843078586456244 0.35188369079400283
0.016646242179739534 0.4091756975976183
0.8627745535056621 0.8235568792483045
0.3713628641245057 0.640640584706428
0.17713365489152477 0.15079121589346034
0.6253199427514373 0.9708234077141781
0.7244585583708683 0.6694876522234283
0.49891733347413414 0.5444835496396065
0.3669915818142466 0.3575642120606397
0.17098374391357418 0.8536832733686899
0.6081622414008043 0.6877365267417295
0.35980472924513585 0.4939450279446256
0.23467640984206617 0.12255690171459221
0.6110548862905582 0.9543907445230614
0.763406565811781 0.586550178328415
0.6121882990213994 0.4174984277978129
0.4633655160659851 0.28780112885192244
0.1807662528581706 0.8061154802521753
0.7277928474831009 0.4995019454765679
0.6027919792790217 0.33752027696222187
0.38539316788450595 0.16654873607580023
0.8712290589402438 0.5592101863699936
0.7339585973453511 0.24263199791867907
0.3771245876116933 0.0647877135250916
0.5891905175661812 0.9119453940420601
0.8702439907125427 0.3071632497364374
0.615092947829802 0.1358008964959001
0.02584949335363662 0.2239354361603893
0.6341087414257959 0.03598739531655082
0.7555318008578797 0.6824496409427019
0.5140242506774568 0.5567612623179774
0.377747807527701 0.3794516673429833
0.2018861557553473 0.9434001428868456
0.38877325226308446 0.7751002799443856
0.9988926781739068 0.7789716147700189
0.6015046117080356 0.6179104630770222
0.4278445411474032 0.47468802722922154
0.30060210526798303 0.21052970574675967
0.8823264258752817 0.5739224700177743
0.7382005653679311 0.25033418732216717
0.39503500229764166 0.08677240972287081
0.6723853575157913 0.8577639195224056
0.09940278012367121 0.1710904555181525
0.5957675705442738 0.013990459030318814
0.644049111846813 0.816364945846824
0.16874538548448959 0.30731127711445616
0.913794081739073 0.5830218798264671
0.7646698678843515 0.21284639344574674
0.3510696897344494 0.01021556284047076
0.3864589076415804 0.8400950340516697
0.856632694988458 0.269940957080113
0.5463876236862075 0.1374096163707268
0.9612363716347252 0.2678231495550446
0.647565057045838 0.06660908834174961
0.8651681689679451 0.4748918176458436
0.7379616960939916 0.1517016268180913
0.1883705474299171 0.6868064218361378
0.9412323100926433 0.880405591692221
0.3097528604251627 0.6287266822847943
0.1267559048629865 0.016137641343526354
0.18232616742686572 0.5379293176875632
0.05229095143601126 0.7113774451063112
0.7709094663871606 0.32950565868269477
0.5441703449128843 0.1976770908886638
0.0992733501054901 0.5106406231137939
0.9738770700946158 0.599682451648693
0.8140990010111868 0.12937881312190358
0.2083387764409359 0.7066468704740073
0.9338785246724818 0.9227698608721144
0.18330828125608734 0.4467421043487072
0.04838086918387341 0.6078826667318094
0.8826455249497902 0.9704210745574575
0.9831095690925147 0.02853907943681433
0.08014567042851195 0.2865672762270814
0.7957083239085675 0.8555153313262314
0.22833929608056724 0.47221694813722537
0.10063765318273354 0.7890009539433442
0.6833122233521631 0.5463891546372475
0.5507803855143085 0.41236388820181125
0.3989000771954423 0.25158970783300494
0.0579232208047209 0.44257813237015453
0.9213827727173727 0.6961060883697212
0.6617811800825177 0.479500062568599
0.535310314061098 0.35013619859177236
0.3317032576572614 0.12600292140064884
0.717144905854289 0.8359712359160107
0.19707655608402797 0.389802090857315
0.029574028956059983 0.4902500110430964
0.9042413109597509 0.7933113798404933
0.4781308315559816 0.6666374679909783
0.2559426714714266 0.33316353936121423
0.03352225537675668 0.44655833756045693
0.8985262158816995 0.7656773309530027
0.5264806612436097 0.6382230419833568
0.33461102857064473 0.4174857504367464
0.18578092373719057 0.94691805283066
0.3617058129263705 0.754979565206414
0.009154787571388878 0.7867279862321046
0.596409504260876 0.6291962124407071
0.4129886896792909 0.4776978240076635
0.28624783499031503 0.19278286584551685
0.8309095486769871 0.6845289129258914
0.586731329707348 0.5332007804910748
0.45787330831909 0.4019894769591503
0.29925208912549683 0.13594044393747917
0.7103643278639578 0.8560544174056877
0.14165270932459495 0.28160968483527626
0.8497225551724792 0.7285391552479892
0.5419170459873535 0.5973895196429186
0.38372053111037907 0.4250663175445355
0.23906783242820162 0.06176673128652577
0.4418984401026652 0.9249514618677632
0.6848553328002436 0.6803512326413523
0.4460123478968505 0.5451498996127149
0.31387755087421665 0.29890441837268567
0.047339535549119294 0.45674918210358106
0.9157923191786371 0.7266577976957573
0.6109841687816191 0.5585465976752433
0.4739872044339053 0.43117826830917116
0.3324096967986696 0.20787548426427271
0.9087311323702535 0.49816149927392883
0.7837193020730342 0.091423250983095
0.07444694264275364 0.3325893347917457
0.8513547847536078 0.7755136880993564
0.4606775115982247 0.6451017847699791
0.26198666379620805 0.32182556603197154
0.025875212576812245 0.4100454668601811
0.8725538494634025 0.7992581692351826
0.4341097679744266 0.6590628398678389
0.2205563133805506 0.2607521308976972
0.8952179133355764 0.589061934323052
0.7424558148268039 0.258315056821399
0.4130151736694514 0.10683279678025404
0.7469835997627219 0.7683296518491207
0.36998079254757554 0.5841621717761727
0.22018934349428854 0.18513315954662235
0.7481953982344638 0.844529814579948
0.20774262226373708 0.4205795026354797
0.060665968358039724 0.6200291328797534
0.8852414937685106 0.9755906030562767
0.9685890177644955 0.08207576656304538
0.23227669063596412 0.7062105702441359
0.9584468931545231 0.8456031317935142
0.4154015566853251 0.6955539936540824
0.15655678116611194 0.15771763768364577
0.621506526731088 0.9810442115497616
0.6865941596017267 0.7341833801586004
0.3696476652029501 0.5497123210039527
0.23599806319435013 0.1807727417739824
0.7543269148135983 0.829385113178871
0.24959598007009642 0.4849275069891765
0.12380084991063178 0.864587205141306
0.533567444376011 0.7356434985145279
0.2142199400034288 0.3247976490937745
0.9817844168326902 0.38739086403392053
0.8124015555720958 0.920809302300392
0.06761991441319637 0.14147541785821138
0.4927303484133919 0.016290450438543935
0.5488180992340784 0.8829492265936447
0.9105427137137312 0.1680406073516234
0.39985307942755455 0.007937687401120552
0.4274144612470038 0.864497375874901
0.8374102816780926 0.34103743223758665
0.6239684388544231 0.16224882382557682
0.09970293932920127 0.4764167450896929
0.9727563446366254 0.5691717802100498
0.8310097715156295 0.060685639274147274
0.03051989512575326 0.16424514821957925
0.5109602733964302 0.038824701644343484
0.6415709780494294 0.8436765052537913
0.10317358712732205 0.16752729841690162
0.5912902465844481 0.0133586164918289
0.637420820084834 0.8222629302170698
0.14893393341251215 0.26589708933483314
