0.7438757638580586 0.25463690135617867
0.5220432581360583 0.2776446899162417
0.3443315340540365 0.20329073762736627
0.00838234990541542 0.23737029070082855
0.7505874566584894 0.004914589619090304
0.7706382460131509 0.7296098427782836
0.5794834584204116 0.7287076001121593
0.39002407638925174 0.7041193146386071
0.24419882849425933 0.4608389333293985
0.26291111300886416 0.2553732579571466
0.04255791702661105 0.4224348949295118
0.042890900375767815 0.5907451061964792
0.03412873575146547 0.7258973633011149
0.8499072988912423 0.24891338024991772
0.6164248873594005 0.21833888722365646
0.31615965931272716 0.10477007668120497
0.7007122209377468 0.9645999545827771
0.8407144379646405 0.5136460088087775
0.8649509623833624 0.9925702685361535
0.8951865376556711 0.37726343040461696
0.8584230490398976 0.8755483938640838
0.30517300489093624 0.7449224059688524
0.08422636661409366 0.06116477767128847
0.31966332195330593 0.9528273761307288
0.5039475284021999 0.9777634859107351
0.5930899396769334 0.9672339647476091
0.723028870640476 0.7882922684770275
0.40726789917959083 0.7780353741345047
0.11532285517212326 0.19633170054750293
0.7622436671934003 0.9393675625170269
0.9957638617255707 0.9566621554855185
0.1657485322895833 0.5235935764525905
0.1884662392053038 0.1506751115815539
0.7131519407642084 0.9893967371902045
0.7561643586372943 0.7453540047823735
0.5343501492200236 0.7655162805014781
0.27030467885353104 0.5742005242195021
0.27273123589629034 0.3874310505568688
0.24577698554349636 0.14745075213152692
0.7611839996357294 0.8927607173020885
0.15371397730755998 0.4261132783022772
0.15633106197028934 0.9668690885397537
0.28766740405113367 0.8070200501999771
0.926196028029468 0.08728352753678736
0.2528229927953092 0.8617879886850494
0.7411717428925382 0.6483163694487688
0.675980986562037 0.5463422081602425
0.6921758255076513 0.4199228617310986
0.6908851984069706 0.29553050995053765
0.5444733317265131 0.31242121328762584
0.42521154670611905 0.31448863102865254
0.30911222783386294 0.19009225062219315
0.940336694023751 0.42011699379675055
0.9391733858354705 0.6543366162093673
0.8665122423133444 0.12857859877058875
0.32590142741934525 0.029306315574640474
0.4425359947318735 0.04076765677867389
0.602869179983619 0.02238117719761501
0.6925782464135612 0.8953270151315534
0.07681610595298505 0.1860801215902932
0.6977787767038481 0.05070269908096359
0.8951197117900104 0.435612393836378
0.9031220800973352 0.7943320068421684
0.572933626065208 0.797522820216988
0.23500232901074058 0.5346053811350875
0.2550924461563715 0.31368857042344134
0.1377734561138415 0.8007354871310257
0.7919619399121065 0.4762442122663395
0.8146481563636347 0.09533001682389863
0.1682411957002754 0.6690680094793284
0.07604682920013595 0.9571492162511677
0.2442066649320028 0.7138852721638118
0.08164433537279248 0.021297277448554475
0.1671035194023109 0.5919350035918113
0.15745013537206276 0.1358393235896771
0.6387368425732047 0.0819228864922299
0.9471041039333503 0.28732435950064894
0.7866572988799323 0.9754174907959797
0.8849679576054759 0.39279614442596067
0.8628480243407239 0.8779955204772976
0.3020375089870213 0.7423200143002364
0.08628965273210731 0.06557938341050296
0.33753243704831226 0.9823569764635144
0.4085926008019164 0.9731001946880673
0.5159150445249789 0.9970617112549158
0.5279266308627512 0.01886413473840376
0.6038105754145491 0.9996799289100146
0.6051224468569285 0.9793719406939447
0.6879528710057452 0.8595341856448053
0.18296706535192442 0.47244367087336414
0.2048537251246889 0.14028724422499605
0.6993413317889736 0.0023656813314492098
0.7090176798104513 0.8482432803907375
0.2367968122275137 0.5892120163709829
0.22916579838110973 0.31347224082816183
0.11151611812027395 0.7197013622587639
0.9386144949490118 0.9559323940233193
0.11132966847768722 0.36156742494009464
0.057758999343050066 0.584701304025647
0.05334432463810512 0.7917460054603862
0.7293698246595292 0.6010428879565792
0.712510197312445 0.4408844937133045
0.7231821606699624 0.2616623586639215
0.5152823524316172 0.2857048024509605
0.3520003824920317 0.22089886664269032
0.05762086766255914 0.4435317500594195
0.06954734833201637 0.7088448602146259
0.915721028215943 0.02526656968085028
0.016696525779336335 0.09257935208641907
0.36113102995941576 0.038512529641874904
0.512951220239496 0.06282481980853771
0.7543504537202022 0.8225787912470797
0.35271643981425127 0.7586397581330244
0.10344888941710284 0.1389033465844549
0.593846637674687 0.1277938618327945
0.05084325958837299 0.325652574258284
0.951215457651044 0.5159114784429956
0.9751774395514521 0.6151577223024326
0.9458061054273268 0.8253110793936813
0.5369141820845704 0.8447241863538928
0.07469164698942143 0.12808668627755204
0.5325816440009723 0.14873427582174692
0.05169244717283483 0.3497176619420328
0.9840948445309412 0.4138916060861446
0.978694756971004 0.4993820576448772
0.0036931913747118017 0.5144682196648216
0.027834940915606676 0.6254148632821301
0.9883465003940974 0.6726374150487651
0.891151424387747 0.0703397241664554
0.15925881860738067 0.6193110581094199
0.125894791399904 0.07049675899236219
0.39455535185203744 0.0499106063178667
0.5889754564009209 0.042452415766682794
0.7556413098661684 0.7995072505953124
0.4128524779135989 0.7933690191115332
0.08498441427830006 0.11219347990463802
0.493369436461555 0.13701322597600463
0.9781559041845319 0.22461764427924286
0.6922305926310459 0.09811198123178189
0.05502327615032687 0.31129441368303
0.934023103090678 0.5639525922155385
0.9422543734812214 0.787037975676141
0.6294520956121681 0.7433308109367749
0.4116915730524593 0.7363574600299834
0.2076456925139758 0.4109261914968889
0.20011570473285523 0.06721077025061328
0.4571589834458787 0.0846858241831121
0.7749669384445891 0.7996978735089912
0.43170979536276266 0.8055773101064685
0.0738620763099529 0.08604383707832453
0.3962872865445223 0.06694289665590247
0.6523796220417227 0.9967427448802315
0.6656908682180209 0.9091835432557809
0.004223062725463356 0.9264249799691695
0.28368618220446623 0.7595791421151239
0.03242272501744914 0.8882022589866811
0.43954865009976385 0.8982193595971617
0.8143761508320722 0.5180066663280036
0.838046766699855 0.07447663877547628
0.12065922981380739 0.5094890170811157
0.14529005988862775 0.018630536464481207
0.2202521621482878 0.7227692400553789
0.041785011457398546 0.8869292395824837
0.4529566420374943 0.902855621716091
0.8125567690496356 0.5273195128132273
0.8344967103501919 0.09357851094931657
0.1822651606252752 0.7046612555241396
0.03553161962313478 0.8451646624075153
0.5720631785060692 0.848872945452285
0.09804261702500194 0.21143702076703708
0.7816413857914081 0.9112173529859675
0.11333256906458633 0.32321937418657654
0.010201871446345212 0.3646203265744601
0.9600584819414412 0.5218397186687803
0.9831028913641622 0.589947263726685
0.9749317993312991 0.6901503862608169
0.8516874048112337 0.20804586037908845
0.5272148042799083 0.23000921353391424
0.2533452026959486 0.0055709984981930916
0.27605904883904614 0.8249578451100148
0.8681088843350142 0.29439082713190245
0.7197808432682509 0.12134598895431825
0.15692751693621942 0.6637812015485713
0.07194796081537502 0.9375441537230969
0.3120239263406049 0.8176706362226471
0.9232739305563891 0.10811127303916201
0.31860915584854554 0.9982104558370553
0.3259331567965434 0.8989834656355065
0.6982631528094139 0.7628195268115976
0.44005932774817835 0.7730887016325962
0.15929182801473196 0.3221522619566701
0.05460957451350357 0.5338244743849966
0.07491878473707625 0.8179789121504397
0.6853653715903303 0.7021015961126726
0.5429006454700418 0.7195556880475131
0.37026137483857235 0.6755440335265257
0.2689169732408483 0.4816066359762252
0.29252987829639276 0.330126845237416
0.1992166345895221 0.9841972503160383
0.26298402801371173 0.7788733093119578
0.9691257051626398 0.901549707610147
0.3330328176672823 0.8122497437080263
0.9582832176397971 0.9761533626698553
0.05372291603437285 0.18458409641111517
0.6708254278635227 0.08994065651161698
0.0064159006168156285 0.11607707753958915
0.42708897801559076 0.11928140731966397
0.8578077260843586 0.6193732950524603
0.8243827934404633 0.2129540886634833
0.5115618370589163 0.2374060167511578
0.2538438769010942 0.0139753853009148
0.3103421799181779 0.8914980215563407
0.7069323062998089 0.7409320060550533
0.49393455697878874 0.7657811686989746
0.22931207547531818 0.49036616351670714
0.2539315511732321 0.2671124693338591
0.056561483220163966 0.48589782486186534
0.08074611071129478 0.7902251477586711
0.7604005015059705 0.5372106209019711
0.7797235172435386 0.2414051118956766
0.5305511210134197 0.26257829081545236
0.32443794224576084 0.1612079427115507
0.8788397041106272 0.5977779049279777
0.8646415774729981 0.07762763683779217
0.15820808350376336 0.6236586086908935
0.12051313233995642 0.05821644951252458
0.3453050398665455 0.985101273680691
0.4054797323873679 0.9734715416234803
0.5113609994053764 0.9979423451627754
0.5197800250699379 0.02133822265652885
0.6053999270025339 0.0007907297467568686
0.6086393554247541 0.9774004406036221
0.6992035146017709 0.8397040756618606
0.2510681926145266 0.6106391922762469
0.22587996605761118 0.32755784094108353
0.12896114335191844 0.7881115250559494
0.8136273147846521 0.409826945481921
0.8052894777640582 0.05270011802477015
0.009973021662334602 0.0931817160799247
0.3564184455224671 0.0336574986565672
0.4897695984295436 0.05822838807976671
0.7146047543252787 0.8944020657058124
0.10183749764992966 0.2694152147673663
0.9088431906087324 0.6090889212881402
0.885051580342711 0.026203571238021084
0.9896710511215306 0.06811484418151591
0.24991942107446974 0.8366996307630296
0.8101161915150319 0.467394216579899
0.8307573293540338 0.043852531802106576
0.002668227106306098 0.05476307325080919
0.21490095124794242 0.746509056093564
0.9907574208297688 0.7840533870856681
0.6849434812989232 0.6688166128583108
0.5930973813134166 0.6582814109879065
0.5153800605496941 0.6823115713116061
0.40410627350985595 0.6696095835129232
0.3111598891502041 0.548401174903294
0.32655492684892495 0.45006008196172864
0.3413295456528809 0.37183719832257145
0.29898416034426845 0.23116699037332644
0.02767229337803423 0.34148379435798676
0.949650004828356 0.5375247743052103
0.9688767592130623 0.6611585714516199
0.887391210088522 0.07086357787083752
0.15734312801746508 0.6144672770117307
0.1286218222408957 0.07398809825747188
0.40952864649312537 0.06542932845547167
0.6602368053698098 0.9851584098954702
0.7201842063313753 0.8113859625525817
0.3476432138647043 0.7412143423985291
0.1340873420518094 0.21725684208702
0.8313181993307315 0.7921926703352109
0.5062743172804844 0.8170312654001326
0.11918814199152616 0.24745881348068188
0.8827022333483275 0.6719687159005111
0.7864519524295974 0.36054435959252484
0.7317156622996155 0.1654065521572321
0.29770928340844005 0.022628262678812128
0.38838580347693835 0.9965515743303087
0.4024755930003151 0.9825564334916839
0.47274667583303803 0.00451118441127063
0.4911590937015984 0.029190721752144322
0.6073474501161045 0.006944474061783001
0.6356220683174362 0.9565317578615157
0.8060949599793212 0.5973858473100724
0.7922105466284881 0.27229913271030104
0.6046350382741155 0.25241031864833596
0.3783023719956593 0.216688036734616
0.07421313102558535 0.4983807597913711
0.09920238107628698 0.8647619613182078
0.5786920985349935 0.864372931193659
0.05934480328969172 0.09324722140367703
0.4060087294167914 0.08202634972570877
0.7147306428899678 0.9179784288423593
0.0234361782821062 0.011814816543864959
0.07130460756309527 0.28331788460767476
0.9038049371264343 0.6397783328921722
0.8486992095073631 0.16625466417682655
0.4170168178540994 0.16302120924868158
0.9764425256475938 0.25733154024230337
0.7600018020667854 0.005167698222602324
0.7810798738492833 0.7062435267417733
0.6316806653254567 0.660150356497498
0.5515233049117263 0.6742662876064882
0.45201147502752237 0.6898244036374483
0.32927492774063927 0.5953214974157959
0.3170215574753219 0.4830489446578925
0.34084347053875597 0.4041926610902862
0.32820938116401677 0.30819339253808087
0.20237130503320877 0.9700037482607762
0.32166685917857457 0.8646126408883155
0.8016031098068126 0.5166584539232404
0.8254653430496504 0.10735492686489145
0.2183677138748239 0.8071562740537098
0.8565533094435374 0.31092219790564024
0.7349766069397183 0.10954477408913821
0.13490994483119967 0.5880527057181917
0.12812150099559227 0.04604887182892936
0.3082278312476623 0.9202649565262313
0.6090750331432824 0.8964857688198777
0.9895510771488553 0.9388787145556996
0.22483152017959585 0.6534361761803438
0.1533066135201291 0.18563132884193112
0.7731132017567999 0.9048089628491441
0.12624498650450078 0.3570684413857588
0.06748432166812579 0.6150822121739454
0.038184267876844924 0.765659753384518
0.7738263391467209 0.48323821094148833
0.7976744130997084 0.14493698046303916
0.30578844694462104 0.015292658368291745
0.3675294981147431 0.9683440795023911
0.4932101732144808 0.9931550623365037
0.5210823196311851 0.01633275911227461
0.5869529200086107 0.010333436890376912
0.6288822135954897 0.9672298744671557
0.7588368156576539 0.717544236193999
0.589802287382609 0.7094799878354894
0.4348866396380262 0.7170970140752135
0.2666490742044949 0.5188411303397742
0.2901936226153252 0.36336439477552385
0.23864953929358368 0.10831773519855403
0.6346480533976244 0.05898433223509891
0.8622192946197258 0.5460527809163709
0.8785237742361875 0.9836037655021369
0.9446461060040197 0.19799211120553162
0.5956901699382424 0.1854500158520116
0.21502923057549328 0.8774958242037906
0.6557665316811667 0.8030166533966727
0.30430825351471746 0.6710060888625864
0.2094116155595942 0.3497954912586776
0.14190989833008372 0.8490585555113965
0.6673582101097026 0.7592225964977906
0.41685315651597166 0.7558776664142246
0.17341229782065581 0.34357360483361
0.09808850769117416 0.7062889294689898
0.9486125057631806 0.9061508901277989
0.2972824690016065 0.7626638608940519
0.03941402334055 0.9178921491231603
0.348415245315578 0.8486826039269411
0.8749390563623626 0.29730749038475546
0.7314936172004458 0.10259138168611459
0.10896581656882476 0.5006696779782019
0.13396397784758718 0.9763419629742391
0.22866714851796638 0.6994937461714168
0.09049635399579303 0.03695147819938738
0.2363992264746901 0.7770614702065063
0.9466706875554279 0.9840511874094275
0.011017924222273212 0.028726958638659816
0.12541497821500663 0.47843981060143753
0.14850912697070884 0.996901891927575
0.161172017145775 0.5512038438708167
0.17542249927447218 0.1442665725641734
0.6815827865539861 0.03408010823606045
0.8165492698345693 0.6482460032815845
0.7514440721298186 0.4140271055037603
0.7461395839187661 0.19062985693977685
0.37872905370864407 0.1553326230407328
0.9166670906747195 0.4685256187902595
0.9376054803173215 0.7083815375348695
0.7845717330571969 0.4013591453886458
0.7696786584435178 0.12818017222707412
0.22785372271065585 0.8495194276330348
0.7519820185096664 0.6141901832589909
0.7235204869035066 0.4343484101901103
0.7308489488007859 0.24085433782415588
0.4805074044801032 0.2642964965757364
0.2777272242215685 0.08673523048151566
0.6024973683483879 0.06866181735630073
0.8646815943422738 0.5483918898230076
0.8800803168396412 0.9811015961024272
0.9560994591731988 0.1531920578042809
0.48796888921607895 0.17759859253483135
0.08680395232044003 0.5026015998809936
0.11177620220048268 0.9096589594516835
0.44871230365843473 0.9238742054879825
0.7370680011383542 0.71844913311667
0.5664159037247134 0.7253637368196313
0.3831817668441504 0.6944130884692479
0.25321632607472866 0.46971414343342377
0.27445567033204643 0.2861461403874208
0.11194842992013987 0.693751654117498
0.9830356456797469 0.7621255706287731
0.7263254050921613 0.5771104957692363
0.7269466880052737 0.3909408190633279
0.7031816777243047 0.2466813629955884
0.465083317123836 0.2666827465489823
0.26689186001633747 0.06889118634974656
0.5298871422679288 0.09022889713067861
0.8664464796062948 0.5646685052257072
0.8743002157769726 0.015255833949885389
0.9358948990465261 0.2612379455892825
0.7271648926781777 0.07466200288078162
0.010424004325285896 0.11695491516314212
0.43385750255281563 0.12401811229208382
0.8792717450267424 0.5592451803319994
0.8898807803172006 0.9610163866029274
0.04348273457987917 0.1315435307336008
0.5118660386284091 0.15596623895540396
0.05159320080059926 0.35658474292557196
0.9922646633575296 0.38805429788451395
0.9658841184468001 0.5231574494186104
0.9886854218461405 0.5690223391663553
0.9941526802997593 0.592856166231867
0.9838013831099106 0.6581946752057107
0.9061966065298053 0.006712374264759902
0.933532611545413 0.26111522064387743
0.7245622665325171 0.07935955328797029
0.0241148863511238 0.1758463235782946
0.6183049020065222 0.14346251923932596
0.12211710373913331 0.5830010377646722
0.1188714974320817 0.012439402339051053
0.16923861822692457 0.588886726482071
0.16184513263366074 0.14505699775553027
0.6703085397801584 0.051136502995126065
0.869246940112036 0.51712896158851
0.8930439946791233 0.9087462763998868
0.23304256894895525 0.6415545694270564
0.1758880148336699 0.23585539582037285
0.9148212899731011 0.5553409150990876
0.9272645607486831 0.8318653951248505
0.5007125347750532 0.8568633135310473
0.003571694143182924 0.8714549558219822
0.4628586789038689 0.8907990971176418
0.8616905482412163 0.3794368811008122
0.8270951391225474 0.9657728379466577
0.9626233591901252 0.1132893108263997
0.3744882149935296 0.07370115730680693
0.6543923315391509 0.0009694899506169641
0.6583633867025466 0.9231457447342256
0.9492488694271486 0.12066510333978364
0.3842795177478586 0.09076106028784414
0.7226258276632676 0.912555797802549
0.049796453831226994 0.10655454257250097
0.44011920915285774 0.11685313521133622
0.8632329771635889 0.6009065328449265
0.8464862508433737 0.13369037254858762
0.3213370038726442 0.027816461189253072
0.43221209714489955 0.03397614211793365
0.5667813290722337 0.04069118387605242
0.7268265159385863 0.8547450837114177
0.2358658108271614 0.5937009171624468
0.22486837713111818 0.30834153656234187
0.09926321404125305 0.6749226529181009
0.9988116825752368 0.679788964756592
0.8912829879974238 0.07706922030220431
0.1829141658927036 0.6898411729169727
0.0601515150612868 0.9216277451351589
0.35629469764347693 0.8619577680411021
0.8441396516777621 0.4013861586278473
0.8292684238660564 0.9818736093113758
0.9022395049278894 0.3435074700803782
0.8268308660532502 0.9305519685593961
0.09179337576872815 0.2723581114876039
0.9043279752062183 0.6270855541967266
0.8631099490557128 0.11150533027343301
0.26930470459129996 0.9183020210462327
0.5769007232647121 0.9190557639678258
0.8819090166746135 0.34605232619660775
0.8097394829697633 0.977704282224065
0.8991138198234057 0.3496077334105423
0.8313807010387562 0.9243737404246986
0.1179991076343534 0.35108254517528215
0.05207583339331867 0.5534747031510932
0.06535170349721886 0.803906222374738
0.7116798363050757 0.6451919746723489
0.6502489273171261 0.577635540016566
0.6505370913151045 0.5097237349839563
0.6751494321247478 0.40894670833210744
0.6661575542381586 0.3207525437274401
0.5594259868594071 0.33127360727916066
0.46770474489700087 0.3519973749202727
0.40289515907199047 0.338337039380491
0.32074201644330413 0.23158999823835913
0.050361907355999325 0.4276748993765659
0.05391513461722086 0.6368089001699199
0.0021767664378380402 0.6457142154853438
0.9401229728003503 0.8765104676202105
0.38390643066723307 0.8462518285744802
0.9173560826234309 0.1570888197930982
0.46024496482878074 0.17560892222509206
0.05380372233491859 0.3843353375961769
0.023952634406057882 0.4801888510115541
0.04734345974666376 0.6651072829316612
0.9605757587506536 0.8203741617818261
0.564753384247282 0.8281828586187738
0.14816703061340264 0.3456584613944733
0.07549965740300513 0.6318362438481127
0.029238397115891157 0.7482086481730496
0.801647511701531 0.4001446407785756
0.7857660313640482 0.09032951958418689
0.12266343101514332 0.5315596857818066
0.1435797745718932 0.03571463969549438
0.28478010182024627 0.8708042609482297
0.7460473220770586 0.6475931936729333
0.6817339437208969 0.5371815658414978
0.7010658214833516 0.3964289611095202
0.6820852850862531 0.28549325182525775
0.5184313905349938 0.3091004155813386
0.3940165200770016 0.2880471737133252
0.2348281177362732 0.024751052425845188
0.333795712837872 0.9364932056344535
0.5776378067212027 0.9367799266012902
0.8204533191657061 0.5407495745675868
0.8386451550732046 0.0955593562439121
0.1929989943536654 0.7341359246256829
0.9932385064323391 0.7616706052925039
0.7375053331683432 0.5553945938305405
0.7499242329631759 0.32429989271938986
0.6483550693996625 0.25906206359141715
0.4353456036762746 0.2669232806390771
0.23761409953326784 0.00965320150775173
0.27681017008771797 0.8304170307850309
0.8541909717332539 0.3410669285099097
0.7756261147588297 0.05459093244801472
0.9872302411829608 0.10627836996286963
0.37666168115067133 0.06890777228689693
0.6397155950926231 0.01387393748734489
0.6958095456109858 0.8816742870625838
0.12354097385158624 0.3256165537512743
0.023861669916699135 0.4211149453157654
0.02334797732130678 0.5146066273486385
0.04747322771504847 0.7000066608466293
0.9084623037446722 0.04095670116696937
0.06950722791027686 0.30612819119884266
0.9404034870941634 0.5359117422755768
0.9601159088377669 0.6929144790565995
0.8325303242960822 0.2645511710931232
0.6302421050582412 0.22000284678011517
0.33380864123215837 0.13176261909079923
0.8028536895668001 0.7807091542254818
0.5047834095762602 0.8056153420960672
0.14684038654582565 0.31925632053814956
0.03790044811765236 0.4687587375536969
0.0588987805527732 0.6960205657825917
0.9263601254928909 0.9757104436803056
0.02352837796418683 0.06990709659800642
0.2901107651814849 0.914287783937929
0.6114098567086643 0.8883979436333638
0.0179127099722991 0.9605245072877281
0.17337314054061972 0.5481155754745073
0.18888119526732328 0.17625644177552058
0.7841606401507509 0.8701926371908938
0.24728602676632105 0.6333487928939281
0.19938023444462338 0.28782259477939265
0.039801304171409146 0.44451295224581555
0.05217817305066097 0.6472809586076161
0.9882422819003096 0.6949208026832084
0.857466392693778 0.19601369287064907
0.5035949255130037 0.2209607065639283
0.20935692365966485 0.8996197754831753
0.5796034673350487 0.8986392562349503
0.9530591152276757 0.08206275248232453
0.26190578949080767 0.8746384548625425
0.711454504857455 0.7163151236020455
0.5446063507916852 0.7331572448251469
0.34672091745242595 0.6618298885239802
0.2643463748917221 0.45914610131462164
0.28250330663676193 0.2901963736564577
0.127031303966469 0.7448632159505526
0.9062035264113164 0.09335786598769769
0.2532364432795915 0.8686996289939418
0.720884835956483 0.6936601748962998
0.5921173562589348 0.6838691848673442
0.47850505996943005 0.706974851834981
0.32786684387176956 0.6104925757364512
0.30281154577098013 0.4760711011634071
0.3254639177528993 0.3761734407381234
0.2875985489604955 0.21620449748300663
0.982385011240117 0.2871537712995826
0.8216405912449563 0.887997824560322
0.22941711260443243 0.6128159188599
0.20223464325679785 0.2742926673866335
0.018365063275490368 0.34820659706478163
0.9488959908594107 0.547025393565208
0.9648293015355636 0.6861536473444445
0.8477512618150405 0.21533679295923802
0.5405153818998403 0.23360665866022945
0.2745571914281535 0.05022637291950427
0.4701422973978596 0.07157129506032489
0.7425825610110821 0.8553014695428738
0.2500021105478467 0.6240557961476965
0.21190376426070756 0.30875808785438164
0.08695254152014664 0.6342644557320503
0.038042070820749396 0.784303429572566
0.731645466547185 0.5892989786679277
0.7239508054235313 0.40866772934354945
0.7147503124041523 0.24458517296505722
0.4722797035400643 0.2664346721381674
0.27361337778532224 0.08130597099530545
0.5798641490961678 0.08015501352080023
0.8821579171421181 0.506371851619752
0.9069914551205551 0.85223946900105
0.4232936166797745 0.8531156051085655
0.937062031337902 0.09492040623599118
0.2892951744734429 0.937894659885266
0.5281130685337084 0.9596542469335039
0.6868567589652815 0.8415009086123657
0.23370298957468894 0.575753107790387
0.2351750028810906 0.3132107634843624
0.11712510548090194 0.7371787055870194
0.9114847781067724 0.06796784287134239
0.1712124604544838 0.6497527336137253
0.10426634743287178 0.03267172613983105
0.233843913681459 0.7672315707737801
0.9660517927667492 0.9016940492552661
0.3294835450176714 0.8074830174343299
0.9668457403745375 0.9389087416803445
0.20201811792850144 0.5998566133045673
0.1861356107238039 0.22096210839611707
0.8919008164257686 0.6162584837438628
0.8614850727518384 0.10550550667201497
0.24841886116081335 0.8710039220515643
0.7090788294324762 0.7167766986924609
0.5414110673388681 0.7347457050500692
0.34047832857710647 0.6554123340704994
0.26645105489402043 0.45677738405402435
0.2837914573242457 0.2901182349575331
0.12818500060514637 0.7483080204800534
0.9003918211627836 0.11602221761844644
0.3208921779758951 0.009495808786550874
0.35945529542425964 0.9535092714509941
0.5412055923270128 0.9715478780110121
0.6545402471745907 0.8986288572241992
0.028029887345919713 0.010330129545507605
0.06994590101915032 0.27704936453956275
0.8911472590250779 0.6747650337439541
0.7909217092450236 0.3527597260127653
0.7270349462812962 0.16642577199766606
0.2958207073731485 0.020500119493499946
0.37814815220958237 0.9846238409727495
0.4402210565289412 0.9949724004344336
0.46073058004245765 0.013649842324845896
0.5159310289728039 0.037609271819903256
0.6643297683944314 0.9518917534195767
0.8520845254790915 0.4686413497840447
0.8730527292112882 0.9230511608188827
0.16426636206345102 0.4859111506862326
0.18845252979600824 0.11295766330515322
0.5992652711797589 0.0975579276493499
0.9602308226284266 0.2541270462506729
0.7373714341482098 0.04811173547740344
0.9251391193339086 0.3320643252465568
0.834509316828842 0.8982887447608325
0.2091102275958876 0.5763596200346357
0.21020398215136837 0.25703451899484553
0.9931718598150975 0.28483873740956867
0.8283649472451122 0.8677622292344987
0.2988438125138473 0.7268606010022456
0.11283431013673706 0.13728178823233073
0.5984198554302004 0.12256726966643416
0.03935244512929437 0.2775629734521592
0.8614916989335705 0.7667903550208546
0.5946656154517407 0.7550478821505413
0.35296298447488716 0.6914063580189589
0.22775376952555137 0.4125225169880178
0.2213792983856937 0.11924158597901968
0.6519737220098274 0.049547936034786355
0.8450547680946916 0.5863904847967726
0.8394551730546638 0.13894824529112837
0.3299858577834074 0.04543853022118882
0.5078187255727677 0.0701878870959014
0.7753910707365168 0.78424289554614
0.4691355736958558 0.8053371830206957
0.11188931282229908 0.2127545704643521
0.7985985719869116 0.8721940309745984
0.2556321455451185 0.6523598729819815
0.18545666887526768 0.271716093646305
0.996791147084847 0.28483017397660504
0.8319691255580008 0.8579958226492557
0.33150898851729993 0.7666000167523559
0.06509915589463855 0.016131165517776713
0.13017005506357926 0.4803569940139051
0.15358807955848297 0.013351997655587367
0.20760033899667243 0.6878119944606578
0.0879796234171828 0.016792752510927045
0.15567372291072135 0.55569435362486
0.16795609270538847 0.12865641250182236
0.62758224680372 0.08691977073393242
0.9529776159806415 0.27064601635795993
0.7623042917495013 0.013551496330109103
0.8171124901865303 0.6262541374576697
0.7767580505632916 0.33721456139613637
0.6931117445753374 0.20931676323512183
0.3716750936173019 0.16680090868279596
0.9414863923533988 0.39266894668659724
0.9192545768314044 0.6969939058908692
0.7851475211030279 0.38862655984694205
0.7592909440997682 0.13797620570913072
0.24693991080546196 0.9004146298622258
0.6145792199938785 0.8715881994791626
0.07346028102599833 0.15065005884323934
0.5980742173424466 0.136213995203172
0.08047916246969189 0.43962328940243417
0.09053323902110488 0.7772048731815888
0.8004788179870598 0.4320260409400962
0.8065349356349221 0.07177500720480223
0.07969069337168855 0.3724693629274773
0.03800803346398207 0.5223793966378272
0.06095460014910192 0.7570598578038638
0.8150275411231169 0.3751662159729474
0.7761352992216144 0.08753833172048431
0.10362432524193732 0.4683722620068554
0.1245230386186289 0.915342173041286
0.442235643721333 0.9266616175305016
0.7208710866389825 0.7516470661868535
0.48623347836513475 0.7758700460033683
0.19920592100934242 0.42991402638443255
0.20406654184900996 0.0958499186062971
0.5593836598578095 0.10639160046805407
0.9491806139111996 0.30416238242212135
0.8169358868310237 0.9173241213405148
0.12788225559522948 0.37459049696684876
0.08839932744603929 0.7049885310146703
0.9411161062710742 0.9321965122464803
0.20026142295918414 0.5888393325240227
0.19290247224559742 0.22717287715727164
0.9127204525151685 0.5537863722675371
0.9258592597641901 0.8352263248472308
0.4901148353948075 0.8598256872822168
0.9842692819595169 0.9233070637389138
0.27459491409334746 0.7399965074533137
0.06344178737521489 0.9836059081117106
0.12955562249695074 0.4459668571348616
0.14258534233262443 0.9472113833213638
0.34759345470657255 0.8769775876234258
0.789933838268024 0.5573249022748281
0.8014606461426674 0.20972296546653446
0.48099154335474203 0.23324154762799232
0.21423524851591624 0.9234294255458757
0.504136087001664 0.9483592859615657
0.7049292848390073 0.8011756376445951
0.3580315495254305 0.7435399698309788
0.13985351021380676 0.2367474439991808
0.8807156864258525 0.6674752650472777
0.7907190323749633 0.3459532863286343
0.7184244334038774 0.17534543058663443
0.3112820166958685 0.05432607397488276
0.5219184985074377 0.07735634960991855
0.8145451121257188 0.6967079766049764
0.6808995970796206 0.5875368532883432
0.6744825242767583 0.4877158330485858
0.6988638311702282 0.3505738573230115
0.6323183254974007 0.3037904863470233
0.4994758151808565 0.3287893597911524
0.4042921735658902 0.31623340882411144
0.2908345174330247 0.16185759252446097
0.8470393377262754 0.6930687546135444
0.7192096072933727 0.5210520617017143
0.7423925311556121 0.30516009114561404
0.6117459118178319 0.27896278103281946
0.43643035792597606 0.2873942735197994
0.276105458704063 0.1068663344691152
0.6674337349116897 0.016926706564555527
0.7356585269063648 0.8142334472194762
0.35581362356547985 0.753995631507276
0.11630712218388206 0.17539271111133692
0.7092905649853253 0.020802294684642453
0.7928057577893578 0.6942879263267822
0.6630397846922771 0.6103018436175154
0.6381571482000434 0.5570435134625633
0.6498159022446133 0.49001981474455647
0.6744075254439081 0.39030607652553995
0.6500732223703034 0.32296599102785306
0.5465749570060274 0.33907216188538847
0.4653941037770326 0.3591621328664698
0.4090693540202728 0.3502617651154787
0.3421410441763113 0.27309202038712277
0.15604339620711993 0.8130368246869204
0.779275976405834 0.5182570335974495
0.8029093673751424 0.16706528573865254
0.37344271913797344 0.12639662984797395
0.8261668585632711 0.715218869385339
0.6612582954313062 0.6336014942191559
0.6130759224751823 0.6061782208203406
0.5918532827112328 0.5965864160865388
0.5786046460442205 0.5962537855296164
0.5656190020062168 0.6035997864900196
0.5466140473870285 0.619691021893439
0.5128776904272558 0.6440110987594039
0.4528469845071035 0.659895130592103
0.37302452808013387 0.6187917716680849
0.3401674395143599 0.5390513373633619
0.3589149110199048 0.48244082780002406
0.3826507804536763 0.45098038655468575
0.39779879819413133 0.4331555353873737
0.40447925015180175 0.4207462594159692
0.403726513025902 0.4077450638099469
0.39383152269503574 0.38653090695960257
0.3660430588858532 0.33795861246170067
0.2833876726569702 0.17058292099814865
0.863473663710711 0.6539191937318718
0.791340079094526 0.3309151228159726
0.6991223267559414 0.1933513486639029
0.3385854057543276 0.11152719659837307
0.7448498179251792 0.8907263199125999
0.14391488392816143 0.39586021937223137
0.12444999890044217 0.8426052257361321
0.6681988020234475 0.7516127940274282
0.43363190973846244 0.7585534280670774
0.18454742156098902 0.3755610781674137
0.14605873596687724 0.8869359627874183
0.5572090348441492 0.8985171807494421
0.9310636670989668 0.16167205186892564
0.48675388510397655 0.18595266767358698
0.10738840464449684 0.5789628219624543
0.10682438291017249 0.970155851879191
0.22553363017955674 0.6862955204133003
0.10823894438270076 0.08204094914993965
0.41701089481401904 0.07880346367370361
0.7146441537396157 0.9149078014618609
0.033835370512564245 0.048939008142712126
0.2246656951739149 0.7631221925450516
0.9658092135140823 0.8985114766271591
0.3396824857994911 0.8181344846534946
0.9497233294639383 0.013905085090561542
0.005941437630599955 0.03812024658343628
0.15627652050440258 0.5787223421215387
0.15586797119309015 0.11817224379342339
0.5831189860131196 0.11484630386644179
0.9999111704672203 0.11521047259902625
0.417852950837615 0.11254310808606816
0.8273492941620375 0.698197110493693
0.6912927062690359 0.573166222659593
0.6943441921021158 0.4433105961439141
0.7061680692129264 0.29403897781567134
0.557246304310151 0.30560270645127274
0.42730604257996374 0.3089366195251899
0.30263465961026936 0.17422900141785735
0.8925150111897232 0.5675500619798564
0.8988066666084453 0.9404583569213637
0.12839205346278892 0.39927924660999237
0.11179890579264073 0.8064088794804491
0.7518646599523366 0.5713220710555338
0.7560086248917692 0.3276063653777377
0.6591584073328454 0.24874763101635322
0.42533462036127756 0.25089046345831534
0.19590681945762456 0.8967525474035666
0.5755152255856253 0.8983720952930501
0.9498438877221079 0.0936980496771942
0.2980106608940334 0.9514193079160869
0.4875151555003341 0.9757802354131453
0.5844111426202034 0.9715667473195069
0.6976728341924548 0.836361094871028
0.25880381100682426 0.6228411283732176
0.22193504544480236 0.33082864067090245
0.12959735529405814 0.7933163519297619
0.8018559778255839 0.4447365233987002
0.8143343652567281 0.06463154135516458
0.062197016647330905 0.30377858720192497
0.9293353610013934 0.5730302931565182
0.9324683237554328 0.8312120038439996
0.5076926186449664 0.8559693806793705
0.013164398721822845 0.9092328797246448
0.35153104434614774 0.8438564534735682
0.891758275904925 0.239610811839571
0.638767905730451 0.18565903203022804
0.2586459047393408 0.9718266549039535
0.3709022964001377 0.9284951648974462
0.6431090604041303 0.8695263319014588
0.1082552495330873 0.26532413887608564
0.9074569343766591 0.6096374100524229
0.8831734514763463 0.03266764499560959
0.01273537833715288 0.08421771774623565
0.3289482627689421 0.9892570608262077
0.37252112933891424 0.9476285247196015
0.5759988151540621 0.9489476631098341
0.7746273978857595 0.6647248116648707
0.688376917215848 0.5442327736119101
0.7053551103440978 0.39633281609971993
0.6862928817710583 0.2790421611256013
0.5111211788748748 0.30353507058537654
0.3778674580663135 0.26737800360872344
0.18100418592555467 0.8751688530809492
0.6289223458050479 0.832022870964656
0.20194167974623634 0.4927839456474259
0.2267281868405171 0.21160626179079323
0.910727299063567 0.5449489135869767
0.9274436392497041 0.8208458481733489
0.5303812002603938 0.8420614771233741
0.07565637831991312 0.12878468915502594
0.5356730695964171 0.14856716078785936
0.05430240364192129 0.35911713645044707
0.9979256805500413 0.3676042047104379
0.9510582294475829 0.5584447466656457
0.9620534969550556 0.7081216670672239
0.80946352091341 0.34047421688511337
0.7301247714518966 0.14834883409838406
0.24812474728403666 0.9132401480823893
0.572978325336701 0.9164042206096967
0.8870691780762682 0.32713177128148163
0.7895471376251284 0.008397837163170774
0.8236891229511502 0.6038217790639431
0.8044953795383409 0.24868029080712994
0.5705328350003067 0.2532832794730897
0.34596936023133695 0.18100898372416063
0.9537727595260964 0.36177914284365364
0.9004422375786523 0.7293278017319627
0.7098181509250732 0.5738308102557337
0.7124690978986987 0.4137440282519975
0.7069647179837106 0.2631230108426823
0.5019108152155429 0.2881080408620518
0.3428281855915394 0.21182582595981647
0.027346331798197232 0.32087971669487503
0.9208016206438333 0.619876300555321
0.8868832781610316 0.03119374978075351
0.010788147158045547 0.0749479782404153
0.2950443402302126 0.9277200061065729
0.5699722853726048 0.9326459111534853
0.8275240991775039 0.5178305654311401
0.8512205900167678 0.037071363739061614
0.9975786087080778 0.0469750291792094
0.18112894954064718 0.6550921672128996
0.1075092701843916 0.04849137794902503
0.2966831234602739 0.9040065935769571
0.6524756800802818 0.8336863782115849
0.22095462416402567 0.5394344589322801
0.23957881030377082 0.28637575515680247
0.07747400656598247 0.5794100731344485
0.07661957173358669 0.8694810262743371
0.5419030337489634 0.8872819829011331
0.9519549632016457 0.07480249897446911
0.23570401220038484 0.8134077853898743
0.857983808434144 0.31298291627571717
0.7395847110547287 0.10263949781388804
0.11721369939457249 0.5268855548960143
0.1392500838400994 0.01830949665757542
0.21294454569795818 0.7054660778949137
0.0648576781193313 0.9541358326989458
0.24427632450055542 0.7110179800340701
0.08670911412015259 0.03569961899353902
0.22785225452889873 0.7570355979970252
0.9819763301143765 0.8296007485558834
0.5615660509751219 0.8390601961619311
0.11522260282751651 0.25704025012512344
0.8982018985845398 0.6319247667761617
0.8518449078198667 0.14936592622520273
0.3727734676830359 0.10800090507106463
0.7677539769401075 0.8390629171853657
0.32140296351808173 0.7332856212808587
0.12327202102285706 0.17639734368962778
0.7189254364212286 0.004891122169503603
0.7388809527042777 0.7959282729533999
0.4048294274982318 0.783792777685111
0.09962223076668542 0.15155310949050516
0.6268197651931682 0.11061177283153878
0.03016468021783969 0.23055633920083893
0.7575051462039408 0.9836898478826358
0.8232860835305587 0.5801828914840736
0.821925969574897 0.18027393894844979
0.42780447770118446 0.18390394584445469
0.04314594434509211 0.35316987035427017
0.9797536877607865 0.4344991065819657
0.9871631829026879 0.48645444280086697
0.011410906211364313 0.532705302267146
0.032025395346184204 0.6598043568034757
0.9523219222873567 0.8459643591383846
0.48658743733182064 0.8702267821053402
0.9496091695607128 0.06641832015773752
0.20383756987187618 0.7317983615782145
0.008542600107462883 0.7665238203507687
0.7422993181685505 0.5508170860524961
0.7567115756055967 0.3056236705478734
0.6268047300553419 0.2646979683338002
0.42479984101975266 0.26651220630011685
0.22628198681171185 0.9843338482507669
0.28950695290998474 0.8276738244704853
0.8742893984132155 0.2782943540359255
0.6977604852585904 0.14294659496410178
0.20006323566290085 0.7991021382999667
0.8582686702068899 0.2978407340875324
0.7157083581503918 0.13206734140618792
0.18567314898475806 0.7519817274026397
0.9503445061110033 0.9454600132467494
0.16176255016364705 0.5014012661123719
0.18675449962210444 0.12409801773367946
0.6324150685079328 0.07720964122504115
0.9245331498683933 0.3632732203426044
0.8728868795389171 0.8181902581202938
0.4827822140520144 0.841974804293196
0.028300470289398305 0.9547229743434645
