0.5110416816004872 0.4679321106652303
0.581619778637023 0.5142864211267768
0.655742140773993 0.484987279151452
0.7297729990887043 0.3329660653775157
0.6848015572321904 0.2611141184891128
0.5144157603756856 0.33522051765611316
0.4726609658291525 0.4070065996617156
0.5104755440513038 0.48153473046208095
0.5840093894811393 0.5261871471218076
0.6560605927813088 0.4964610400590175
0.7310067385602141 0.3419953530400408
0.6986552241781663 0.24730059123894765
0.49907016206896904 0.3222968734650622
0.43828303699371296 0.38091824431736865
0.45230703948694395 0.4461373848426189
0.5148319598470976 0.5201914406011232
0.5880788744708383 0.5618325216505096
0.6466388533160972 0.5443698224525122
0.7131735243948869 0.4239651309898811
0.7633139287817272 0.20082796310086648
0.4534471258335082 0.26650913170027324
0.2940197878422586 0.159069386157916
0.8692149489868757 0.6478947683697768
0.8501616401889311 0.1956581190526261
0.5268785240450133 0.2675515623168212
0.36953973646520555 0.2693660767620787
0.21581410830830938 0.997091106304693
0.22828596604924792 0.7546284864477941
0.024492601773261624 0.8573671576438378
0.5503340747147886 0.9214730256110439
0.8614841760485594 0.4345885446169686
0.9180859445186562 0.7579663594995241
0.706935381194874 0.6488306759413724
0.6866879297598611 0.573965428533874
0.7381631259016028 0.4050622280152163
0.7744064495390333 0.15627695995615887
0.34138067803401917 0.12308857596208478
0.8055131252817759 0.796734016168501
0.5018934969703763 0.8717185992461607
0.9827422137606068 0.9446464059762478
0.20758738046595182 0.6519743037063623
0.18327376782170712 0.2956176272619735
0.07865350439179686 0.6072262890083252
0.10421435305746019 0.008647292207708546
0.14107617420174728 0.5296941474873943
0.2122846819032338 0.24873969913704386
0.01581820510733789 0.3156820539634802
0.9447338526135157 0.5401927954235007
0.012787371156507632 0.5944753688937782
0.0494073112477611 0.7964301529187984
0.7465627183420737 0.6100195043909975
0.7695142655523783 0.37267636524517433
0.7748056412935032 0.12294836115222019
0.23848350635497795 0.9038675924241566
0.6121146678498939 0.9248178878116609
0.9110926452894221 0.27313008686412577
0.7647718280984219 0.046682366759430494
0.9561352586890465 0.2270270576163401
0.710724081412597 0.11108711212145383
0.13533517367306525 0.6142712392132239
0.15418613439436402 0.17504615173923854
0.7751276193466087 0.9245567619517092
0.07505930963525143 0.2230860235427321
0.8203295030985333 0.8568587641547132
0.34773233961620775 0.8321613704400714
0.9483082827619144 0.042946009950444175
0.12504537853497055 0.513404846871115
0.19927271188052686 0.19952616904643672
0.8860492626025116 0.6336798264758821
0.8842069897740372 0.07393527921360521
0.1786230606892465 0.7048177895943899
0.07323665487161968 0.9966718927901801
0.08749988779416504 0.33999961973992643
0.05241936455568208 0.553587391273547
0.11507144799061386 0.9914564336197633
0.15149491556170946 0.5441965199386012
0.21809558635057202 0.27747509666798154
0.08017105615799824 0.5945728256917717
0.11671177291289547 0.03786040609039576
0.27334785459947963 0.8919642675273636
0.6877131104209502 0.8154485566845597
0.33482960518915084 0.773139141600081
0.08902814529082548 0.12187832053875591
0.5492313260328807 0.18645630964804605
0.2014998492669362 0.8783162477011003
0.661070161185983 0.8417587813558425
0.23383418326051153 0.6121285407532668
0.2547711017592462 0.4285385268640587
0.30781211054538304 0.34471293199607245
0.27912159454158036 0.2099276710053002
0.9923111835334201 0.24273537484736984
0.78271530790725 0.9740452099494779
0.8914242052802585 0.3902297034885658
0.9146112778965634 0.7260489029247741
0.7698894198885395 0.4878356173633529
0.8442531394073374 0.05324165419858007
0.061003155371486706 0.29955326694527856
0.9632339163645505 0.4518349234823894
0.02825845560197715 0.5699125592249528
0.08224106207123216 0.8944656792816528
0.48814742190734844 0.9688615997696504
0.6178732630315584 0.9841169433775105
0.6850856391112683 0.9118131600150359
0.030848300436519205 0.04036889604083482
0.1974270680116193 0.7217022656010403
0.061073921349292126 0.9682810247663846
0.19313931327739448 0.6383780562261476
0.18580082156420885 0.2888772241883253
0.06913766775857422 0.5656151220068859
0.12562468754386646 0.0379405613273871
0.2825793106181309 0.9096720097908522
0.6359053415120037 0.9052498838294265
0.0047272276338199415 0.9254808719261138
0.3012811464212938 0.8306773860252821
0.906086751818686 0.1965796510138822
0.5852119466495986 0.2403570248510818
0.37032970610961713 0.2430551688453233
0.16144092720406422 0.8251795120238151
0.7817515525318641 0.5588285814011171
0.8418701039762924 0.131265359032245
0.33221959154293 0.0852192175455535
0.6674342723207817 0.039672004690917806
0.8312562602800846 0.6428299517995051
0.818534561216574 0.2815336050349333
0.6883060285817342 0.2040592153139662
0.38670795200721697 0.22386833631885028
0.1338385605517427 0.7223492774419251
0.9962499954822741 0.7384138279724497
0.8268330359978238 0.3540885442683641
0.8102853784688056 0.01509737507478559
0.8742239891335439 0.4879099206897875
0.948595458057317 0.6975870152342749
0.8557207551238017 0.22847681604312964
0.6137039455916729 0.247883890897739
0.4153850559755612 0.2920972292630257
0.30452373903108443 0.20279006427275892
0.999688631682624 0.2041285311514907
0.6982669495447542 0.11009646303982756
0.1195604465683282 0.5627391716340813
0.177634770841806 0.19088600546215706
0.8417634858794971 0.7636362002559846
0.6178960877122188 0.7788684040152414
0.3584954646527849 0.7677672098627668
0.12518856633871356 0.23868768340888247
0.9065668210891829 0.6029123893634589
0.9360256935858493 0.8604032458552688
0.45249654520689186 0.925699959520961
0.7482485864014563 0.7357023087245793
0.5843595995476396 0.7801011779704754
0.32199591897571356 0.7188537306668823
0.19103901064042095 0.38338909099886753
0.20756716301871836 0.09066614517570781
0.5620840827858651 0.14909208183365052
0.1075977045489469 0.5619799674900516
0.1660791841576552 0.15751658910293775
0.7367111711770055 0.9915782212949825
0.7726198362753885 0.7469954482324579
0.5852908050509116 0.7907150060996575
0.2968753815333587 0.6882986804026174
0.21941289145548026 0.4247634408327088
0.2700725701635469 0.27243696197056133
0.1223973441716395 0.7343267695094469
0.9612884940640857 0.8943423480590252
0.36761317793145243 0.8939793842321655
0.7751682305716403 0.6433938972336777
0.7617524485870315 0.4237822165660594
0.8117731013872242 0.08081160954704325
0.1311818026178999 0.5708960998502617
0.18456889762979323 0.21805994437758103
0.9177610592829906 0.5426054429686217
0.9849555970696149 0.606323139113291
0.011345774452726332 0.6545564448889061
0.9836286874289273 0.7238006034807297
0.8432558339200704 0.292154963144029
0.7324977287337326 0.13471762951874844
0.23374352494080264 0.9048798343216677
0.6038544999073359 0.9335010785723556
0.8707848038767345 0.41733118419294923
0.916398031516892 0.746765705393036
0.7295567840769648 0.5951715417952754
0.7656090078958984 0.3668145179708686
0.7643340056155703 0.14136291191434758
0.28626559352817926 0.019928606921943093
0.3702508609849825 0.022538798898848134
0.4649833071900778 0.09226627316486691
0.82512210159495 0.7127374350991437
0.7055160715369317 0.6061189557612585
0.7320927706179339 0.44949062281689045
0.7961226227292038 0.14742960974119423
0.33660733835404333 0.1076318136582688
0.7496103256457154 0.9147189605817404
0.08504551570191898 0.24931389721366903
0.8898183705420638 0.6708929405617691
0.8392394628665159 0.25103426394813155
0.6477085306367667 0.23221768084977912
0.41436683770404237 0.27568561536511393
0.27300398214129373 0.1291186892331604
0.7565263114339388 0.921153970864181
0.06883244258286858 0.19676048181724326
0.7484293594157135 0.006376751352525467
0.7756745395129817 0.7545920088890391
0.5719610482553086 0.8073249212852267
0.24083203711053414 0.593502379435642
0.2782384487819891 0.45703618136158264
0.34530112302041127 0.4291296884449751
0.39870393846281416 0.46000785248831
0.466826639453648 0.5302758235335754
0.5378851498439123 0.599104099845184
0.5706521726375784 0.6526396630020201
0.5454670457356863 0.7187504783359169
0.4147044271152587 0.762466538894851
0.19348308574565642 0.4334702783816313
0.2494504091536005 0.23853735924644903
0.03049074536137253 0.36564991642377503
0.027875982046536407 0.48217523661112865
0.10150977663009852 0.8743590666891345
0.573887520136951 0.9258837944715845
0.8689663926448371 0.415498139195805
0.9132619653835392 0.7561206954553431
0.7061913796292663 0.6483066898116363
0.6866134203848611 0.5735610445403676
0.7383451431072203 0.4042848933963219
0.7739512020889603 0.15657307055458047
0.34180036185523077 0.12395643086529606
0.8087426685386933 0.7890716787468044
0.524424196088662 0.8615065509221214
0.03747015474234616 0.01659096257962389
0.10762767566565942 0.42957998669443215
0.16130406908764705 0.011305772143115123
0.2093692612229083 0.7231009989580072
0.07034082155784716 0.004290857593788555
0.0887123399379102 0.3519134385205872
0.06941493226748774 0.6296783861374748
0.07210405179324164 0.9173701334229032
0.398053390217398 0.947679755064389
0.6112595889109995 0.9694513617284171
0.7386058904877397 0.7996404465339939
0.4275329825316472 0.8520591314647321
0.9695667647265306 0.9789394613610461
0.0582198318366518 0.2147096783365705
0.7832403910069126 0.944741666216251
0.0077212474310415224 0.9776866742235967
0.10152764488859903 0.36993173773508303
0.10378130763955373 0.7698779533790485
0.865594635843279 0.2701423710223154
0.7134061585665346 0.14931096041157832
0.25958010787050134 0.9757635449258714
0.3612710199446454 0.9680069063249157
0.49444002316302615 0.04287397895247658
0.6708939669524405 0.9922935628072865
0.7037762734320259 0.8887370534677583
0.12897533745520828 0.3718020625369092
0.13330607942510886 0.8686050075745955
0.6240665775061183 0.8774171902620442
0.08655851483334498 0.21740158513776375
0.818152499277956 0.8571512301114816
0.34465739424633446 0.8283865319134249
0.955955222575189 0.009437322440987606
0.9961527379355585 0.025916903188898454
0.10470717240294003 0.42901429912527883
0.158039602569636 0.00118557145912912
0.163131515851247 0.5882199563246109
0.20466564486740713 0.2881637166417974
0.0867048177952352 0.6286682138170175
0.09051612803372966 0.9826569357949153
0.16379794204870057 0.571620093580953
0.2167413594891594 0.3016076266575396
0.12249536414720641 0.7638157012690333
0.8982208499320976 0.15692236639027168
0.4671011203941182 0.22726832038918587
0.22225607342177423 0.9705590587594951
0.34512501396509976 0.9424181351724599
0.5784696467483488 0.9909409476909741
0.6170706860335883 0.007007101918961478
0.646990096532721 0.9891009214605573
0.6933453376263863 0.9033565172585536
0.06875047356210207 0.1786590548310354
0.6997324604811429 0.0821189150206747
0.02384667539210117 0.18221436431950788
0.664599521339227 0.14071445389156656
0.18452927567675537 0.7877708088999263
0.9034375103206083 0.16289496254505553
0.4897863433273604 0.23744639177976135
0.2683684354126541 0.08173771041307942
0.5911120609835341 0.1210416574894102
0.04859153194252808 0.3198323558432375
0.9840118979382375 0.3874820312564057
0.004572636790443951 0.4070544607242802
0.04242548172405014 0.5817443696897696
0.08869227122734591 0.9292959643728571
0.37122366361201387 0.9329875816747566
0.6400672063084316 0.923626645857647
0.9433912054618505 0.15326487320972126
0.5014226384156866 0.22825617043945545
0.25889039012749615 0.05328064135610999
0.4757901929624999 0.12576034790190005
0.9485523289917203 0.3356038229731453
0.9073400860012271 0.6971222566201509
0.8152541945646381 0.3447658657005763
0.7866343578223645 0.06648106883834748
0.05349810401753552 0.28421611343982467
0.9282785555117726 0.5704992726614475
0.9819069214948621 0.6468918644274301
0.9641248762045063 0.7956206913664825
0.6633410255993186 0.7558954415979824
0.4567663743676249 0.8228581121411047
0.08354572389375692 0.15209120656625252
0.6380714511350952 0.1451171864064833
0.17152166218367704 0.7561557072238134
0.9643739529073494 0.9038900842269857
0.33792699231875845 0.8659391470059574
0.8371077172795333 0.45228021089346115
0.9023158507083311 0.8312906228494381
0.505375900520066 0.9061663515319109
0.8710001485180674 0.38930957767007035
0.8933149592570813 0.7991139518158525
0.5835975877222277 0.8440631581220577
0.14956592358145415 0.39100577788618507
0.17348303962841305 0.007568478621893027
0.20578118566735784 0.7103402225804782
0.09053624595597576 0.06439978931442991
0.34962180869392967 0.04216130750634406
0.5232718548134377 0.11483251683257589
0.9603496974284677 0.27856858796590445
0.8245126554161901 0.9007421948072565
0.20895713661076054 0.6115066169890842
0.23049211639165423 0.3741782698827705
0.23741835298197445 0.15269704807476492
0.7937551891932512 0.8566409700095249
0.3218262287891114 0.7951336311952315
0.02227962966043462 0.8888015965745341
0.4472628992151357 0.9518424288380043
0.6443681030727597 0.9372211873432483
0.8973699264268483 0.3332388961007893
0.8527900836000097 0.8730572708288312
0.3293516561315093 0.822837584589079
0.9561880002312731 0.0029753709025441832
0.96894402793458 0.1323688151598591
0.46278746924662695 0.2014142936460548
0.1544277458794241 0.7629075075287585
0.932210208564992 0.03464315066124457
0.07601512049107173 0.3366614850367828
0.036293397468398325 0.48705908814175924
0.11057328850959047 0.9099504845661501
0.4629178693866989 0.9790376215996157
0.5511665848830875 0.04278013814264359
0.727251575952589 0.8957140394190216
0.12891629168131735 0.3785906295269774
0.14053328015509803 0.8979604420199485
0.534531472480433 0.9678330248757809
0.6684001940734138 0.9208909358107382
0.9816587207285663 0.9983119058190584
0.9889052721601712 0.045489935691210626
0.17561385836085774 0.668016549474833
0.1292267465019128 0.15188348578373856
0.6831307843805664 0.08267488377602006
0.009241698065725501 0.12204692683114617
0.4699930383392673 0.19317513051427881
0.14018458603906891 0.7114664623816112
0.022896907776637443 0.8076688117625053
0.6908584875318242 0.7260328740318824
0.5461677889164389 0.791867575678121
0.2548650574678768 0.6084756734621435
0.2792670790156948 0.47396667711521046
0.35135282324387274 0.453953949537671
0.41723579656220156 0.49949932204368985
0.4922347186450129 0.5742400337872446
0.5435349133930685 0.641090292445434
0.5329370897170147 0.7114254293656193
0.415724027332538 0.7558849392187179
0.20917248822098 0.46718818030614107
0.27954304152100384 0.3332027169763587
0.2349113069375086 0.10603305166116561
0.6425084944888293 0.09370576635483285
0.007685976027580477 0.12650144409519376
0.4828309395967851 0.2002339045641377
0.17143417811347628 0.8110252575226803
0.830466321600163 0.41643090176132835
0.8754360066243363 0.885336462960205
0.31195399097160625 0.808282866460726
0.9782891902326664 0.8996125036390212
0.3666215320546853 0.8981162960798321
0.7600862156760897 0.6822434858655815
0.6922716566722045 0.5982794090398429
0.7257386350349551 0.45416030424583087
0.7917031408955655 0.16327019788997688
0.3791392144906274 0.1754586811520238
0.0012328236404171022 0.18075328743306532
0.6379834306557985 0.173883750750228
0.2556706561494191 0.9921873892044697
0.2890024239541969 0.8757514876864905
0.7568889478101704 0.6669861822063199
0.7119860921044485 0.5487523382497423
0.7767658930197341 0.2943750922319954
0.6699550014329523 0.24517087143007377
0.4657220969318079 0.3151184804834384
0.3937430390191712 0.3415691509288483
0.36081160308832505 0.33326348863902777
0.3162670269387662 0.2631049254623714
0.14995413867595508 0.8112168738329737
0.8084735856749681 0.47704627567853475
0.881208029795997 0.927172159160468
0.17156099948018722 0.5383217977919177
0.24024619068036723 0.3231920195308591
0.18082362426278986 0.9601357165672739
0.3454066503210117 0.9323695703779031
0.6165498351492897 0.9489589548625987
0.8248240195986267 0.5702631869172998
0.8785952832247923 0.028925316453038752
0.9993764460656527 0.03160492644684336
0.13098248287152447 0.521057036271885
0.2040758681323358 0.2195013414388729
0.9407540290775912 0.4591656506019134
0.008584019487301475 0.49576008721790876
0.08350671898758266 0.8248534787654085
0.7047286535238355 0.719624045998573
0.5723193507264672 0.7721346654937324
0.32887306322390897 0.7212116229851491
0.19345436000589689 0.39213963656775386
0.21842877060703114 0.12622550051372183
0.6926870518022947 0.041573810805002775
0.8640223967609509 0.5467708978275778
0.9296160741614807 0.8281200217625093
0.5416662548313336 0.89565489155833
0.9435322440109879 0.12475523020541313
0.41305510380076016 0.16724974581249774
0.011947357654816582 0.218009604502001
0.7450174500964095 0.03486533583949081
0.8897113501404579 0.456803109197807
0.9566876732280585 0.6349794964204379
0.9533439760762237 0.8262402256486594
0.5706834313016844 0.8797567915681657
0.02555798211045124 0.986847309710006
0.08137067933140806 0.3082701247791848
0.9983011956069938 0.3155625741427389
0.9270273901625274 0.6064472887619553
0.9533039814380118 0.797863940535476
0.646795395031329 0.7802037221251392
0.38418465369236543 0.7975269860316028
0.07853873179905246 0.10871970347933324
0.49520756888425854 0.1836209436765368
0.13979602757972076 0.7007092661629348
0.04157392662796644 0.8720450677495402
0.5213785371498987 0.9450797877916608
0.7445656618970184 0.7628866269814158
0.5223953337206542 0.83572995779984
0.11272253409423993 0.2657994647267752
0.9518680039885002 0.46280528470400467
0.020919182550914517 0.5508760372189636
0.08478918654956136 0.8845559529124113
0.5238910785919588 0.9571015832763767
0.7004410916267463 0.8593420690625333
0.22019618445473377 0.597694315729669
0.2541562133534143 0.4128058957689218
0.2964641225589757 0.3096704261244647
0.2156951317849114 0.037104616334029394
0.36932494604206706 0.03867794650832179
0.5292073867796181 0.11000973930559654
0.9502100520027164 0.3134466483311557
0.8755607940215344 0.7819492353049884
0.6087306974785434 0.8061130676360551
0.2807982937150524 0.6745006990716556
0.22486116961611735 0.4239847823361085
0.27501442235521534 0.28132518869903156
0.14439412803590446 0.8125663831450493
0.7992938293846802 0.5023861590217411
0.8742693462387088 0.9750527218257541
0.9788664656282624 0.06400642664154765
0.23647776278581212 0.8403973577641535
0.8132352097426986 0.49349728228717815
0.8880533827907922 0.9209799423370568
0.20098970183531195 0.6115291611803535
0.22250306052286084 0.35540959007788375
0.2076055979646445 0.0627832988089474
0.4606242896229839 0.13111637856786018
0.9505012471311558 0.3334254718009353
0.9061888313187696 0.6989711950420715
0.8109538245559482 0.35819438671639436
0.7994858471333683 0.04751976439367178
0.9941108835916277 0.07269383367376586
0.28397147653580745 0.9470200449882533
0.4997157178642173 0.022019697478022238
0.5923154885885114 0.06037445491467919
0.83625182305478 0.649193714331728
0.8155391361515618 0.2960644446256504
0.7117033799444308 0.1783456639820975
0.34181887886422446 0.14575421552188272
0.8772115528360026 0.6089134264722047
0.9012043746325622 0.9917641405076918
0.9363269041087062 0.2481251213366129
0.7385307997514134 0.07846826888740255
0.04946809831184584 0.28065859280080074
0.9175922907897086 0.6058103110947155
0.9444502564736785 0.8314053800327854
0.5471832950405764 0.8968324477099752
0.9450365313519686 0.12018513648747065
0.3997214100082911 0.15194521536135186
0.9538102376359113 0.3413871686937539
0.9206307075394813 0.655587342555546
0.891538796536445 0.07138603702475299
0.17658610072985548 0.6966208709879405
0.08534910302521315 0.03229879563136073
0.21974811178334774 0.7695719759806653
0.9822711957766301 0.8444542989946362
0.5470815101643192 0.9099226240174187
0.899524312134617 0.2985580172748714
0.8000351607964236 0.9864672971040878
0.8574383068438693 0.5120900813466158
0.9318097755559078 0.7853134476043488
0.6567735930052259 0.7546282219101454
0.4529808080148001 0.8201217629258988
0.08732565269002324 0.162831260136723
0.6734897883837655 0.10840682144091485
0.08910535315953294 0.45741885499166063
0.1563087913455814 0.02448717329441963
0.25902526339099674 0.849791231454172
0.8079034693014243 0.5171316819004035
0.8816414428450567 0.9658358610439196
0.023528330276577858 0.06462727723310824
0.28346587703991366 0.938013063686905
0.5334874680102424 0.008190998477835887
0.5684202639038619 0.06306126867333717
0.8224838076904413 0.6908793019164774
0.7408137037199176 0.516516970349469
0.814640619388959 0.16582247706075748
0.40943976698638496 0.20555750710579224
0.11164532601283583 0.632034290032783
0.11168319491165324 0.058637543242492374
0.3490396765010553 0.03564476037759645
0.496848785672502 0.11060206072512369
0.9198365386929649 0.4276723680718592
0.9723420074295346 0.5433123885468405
0.039275366522514954 0.7055634806070998
0.9325730849175011 0.9759497432884121
0.033502004931387885 0.1151821118553622
0.4717373346761623 0.186747365375171
0.12479031834875687 0.6563834529944139
0.0946304455557958 0.0247882076121555
0.19857758077058416 0.7091096659114664
0.08555211554688213 0.04551135552250729
0.27234442532323044 0.8976549945924435
0.6673875980086705 0.8521749803338605
0.2090705658841039 0.5632232571033797
0.26688269085743554 0.40454543386933883
0.30270292181810654 0.3121630445151564
0.22598721788110154 0.06430612402763902
0.48472185757387953 0.13830241099286988
0.997173730231525 0.15042102345385433
0.5466902486064071 0.21604711239966345
0.27498450638715877 0.07332963122659186
0.5671798109534436 0.12892318512770795
0.050078400049652805 0.3334765668896228
0.0058391688177277246 0.3584383804681797
0.9946684926824988 0.38124163456124566
0.00902323042725417 0.4196914250428623
0.05629052141717539 0.6481155890906213
0.036956142171029605 0.8011542477161375
0.7219724542258968 0.6642856348453456
0.6809164440147826 0.5985433680710437
0.7141600238344061 0.47632595009340406
0.7867500430867922 0.19775592508921225
0.4689386755664773 0.26860725982428457
0.31370549468056463 0.19437299616176817
0.9870516731374859 0.24932986724586334
0.7918589566810867 0.9580487696874816
0.9646816524085596 0.10455390592133917
0.36725791512366257 0.10378592320287705
0.7672198581192179 0.8717381771378808
0.24800598704950172 0.6736839521174285
0.19329169159004622 0.3441830103923387
0.16389227431335174 0.9334188763474585
0.43112900810388977 0.9880230581910159
0.4820130352016096 0.06163187530958414
0.7306966003998641 0.9077819131345495
0.09066641907726902 0.26229979710913787
0.9227104573235339 0.5689580349672521
0.9772630518013914 0.6645039463237083
0.9358983938702752 0.9224720842753604
0.24342294730481595 0.7143954132054473
0.12077175652961758 0.17099495242923113
0.7303211748233288 0.01788922506963808
0.8058687378163263 0.6905997805442221
0.724657149539252 0.5485751907360843
0.78951108817255 0.2631635089842119
0.6233175372228625 0.27277248454134995
0.4762984589623649 0.34535690343684755
0.4484661635094107 0.4089372373320608
0.48780872850712576 0.483298140799425
0.5616092344738755 0.5419766403778601
0.629032469623003 0.5453843140447121
0.695175604989374 0.4565821918779489
0.762069648922244 0.23625603806716722
0.5379578758613257 0.3050605966055808
0.44955198057950563 0.36911708515274344
0.45089152976417446 0.43374702520246067
0.5070168660852239 0.5085353086409312
0.581703604662761 0.5548307488769095
0.6437760372664292 0.5409430886411477
0.7115677902842785 0.4234710901323262
0.76138409188848 0.2046880231151551
0.46138468801444876 0.27327611114026684
0.31534868436182206 0.20166284516255373
0.007626935148861591 0.23420853470166933
0.7788529921394967 0.9748448724335236
0.8842990847709368 0.4147959902436711
0.9280822746731436 0.70180192451954
0.8279690026920461 0.31427815759423394
0.7546508108816996 0.11043590501859324
0.17708201925736478 0.7370490091849192
0.010455418408491512 0.7815372505128173
0.7446235576753291 0.5992223051429564
0.7772897745724368 0.3435969430884953
0.7471035348640043 0.15603826823666456
0.31337194131818347 0.08126912940108721
0.6344291107503326 0.07856303038744894
0.9457098975186283 0.29933658557936443
0.847566932204753 0.854884664421804
0.3810114945251142 0.8690041273506721
0.8705060967172407 0.3537226262206974
0.8534986953742305 0.8913889174061804
0.26980197130018824 0.7385270480118793
0.10015281497716444 0.12605263111793086
0.5738552857937285 0.17759783718733568
0.20189972107270848 0.8704835991122609
0.6866899030646583 0.7956151835152074
0.3859200551483202 0.8146539781005493
0.03518941362996619 0.9606437889334343
0.19776080241327973 0.6428450989346168
0.1850204965678255 0.2912331223303861
0.07261097695657148 0.5807892011529161
0.11954532835798815 0.033382445303722585
0.2582979762498343 0.8571770116785422
0.7847236802618963 0.5835864430404643
0.8296808983832222 0.19122161557775952
0.4947013084316638 0.26610088820871325
0.33445349209562636 0.22325660920758184
0.08012980340230058 0.5402053866463216
0.14817896900616567 0.0829598238931939
0.47531218251122354 0.15533902406404954
0.0395100726787998 0.3185198394576273
0.9728893633957126 0.43193513440257714
0.027968211901892914 0.5488348958096632
0.09271336959230791 0.9105405787815997
0.44297603223908527 0.9715581273150489
0.5617976422605192 0.030136648382524278
0.6874798947297265 0.9539971913926861
0.8761920606222031 0.42045918554941486
0.9239870736193148 0.7224695195854529
0.7861685188976111 0.4453321083908275
0.8483176318937444 0.9986338658321434
0.8541839836285 0.5342148005186429
0.9241501775580185 0.8356302960918986
0.5147650862426556 0.9096928626733605
0.8680176468230357 0.40231381266875244
0.9019845046831785 0.782470182045617
0.6338900685801772 0.7803860150486774
0.37083990361020525 0.7836519939011668
0.09986855294054253 0.17019974171981644
0.7071652483853367 0.06065474912401614
0.9521609756760275 0.2565216930495383
0.7722497260675356 0.012806065670991185
0.8266106285855278 0.6291057040393467
0.8299370124788976 0.23601444556429563
0.6052770087907748 0.26335647667058426
0.43947633311560796 0.32260508538211297
0.37915982346677213 0.33481498784441177
0.33682964403115223 0.29532935805630967
0.2317023358344903 0.06079972069063455
0.4772457288491644 0.1335733662115297
0.9748912736661006 0.23882996245342125
0.7565891830641509 0.03072652433164924
0.8846535247109779 0.46950568781956
0.9556549414869377 0.6517335573032619
0.931655730115758 0.9255288791336591
0.22803397411574045 0.6824771464219648
0.15985296556063666 0.25996712475902317
0.9871051064159002 0.31470017056430766
0.9144601912236445 0.6510579950950057
0.8913405643305166 0.06752401474573899
0.1620880096974484 0.6515306080277425
0.13835345146964162 0.16414123595288288
0.728308681104436 0.015004364322000363
0.7918593846095962 0.723722192667824
0.6516374207935707 0.6998483909126403
0.5548980895869733 0.7618890498793531
0.3349788294661189 0.7197915069645524
0.20225311137099866 0.41358270530507335
0.2451409314347226 0.20928418253624193
0.9567234793831518 0.3873199350708769
0.9771272521436967 0.48342315169663974
0.050945646975104175 0.6913289602230264
0.9685365315889992 0.8223650900591946
0.596683751046847 0.8571697748782932
0.12313168427442145 0.3214419470676053
0.06103487772628746 0.5678733192046711
0.11622569164889285 0.00955762427807727
0.15693067886270928 0.5784624201239909
0.20545836796434047 0.28041689621440247
0.07312638825143947 0.5718662504631811
0.1259179290422019 0.045135448471258055
0.3112403600211947 0.9669255812260668
0.4487565168870036 0.030634234611393474
0.5764483634960241 0.08050351980214643
0.894745986832955 0.48545862508303533
0.9688367450197095 0.615284683116128
0.9866873449266094 0.6717670247557646
0.9348205285147855 0.9337707890788919
0.2007450094448502 0.6236905267785917
0.20995781986135853 0.33695532186241417
0.17064848146470601 0.9455239039879465
0.3921348206586638 0.9704938472562903
0.5152676413427545 0.04449151350595493
0.6980693218899432 0.9507962515280045
0.8992351022056335 0.34042498414549116
0.8647391037602765 0.8433761447545371
0.4327382435783744 0.8989223260837722
0.8234404479115982 0.5240833156991744
0.8959464217028139 0.9249569696043455
0.19441618983698694 0.5984166699592444
0.22776707385575956 0.35474037582790574
0.21203553267290198 0.07316917772309472
0.5036419640369119 0.1481121429442962
0.04619418908091344 0.33757137264139825
0.007747035442835504 0.37062555384553497
0.010774721976404722 0.41645765141929936
0.05576362874897378 0.6428700511874971
0.04299266718580608 0.8197905315299404
0.6782489357441382 0.7581679942260933
0.4666508688004245 0.8283856866534971
0.0779510842452027 0.13744695130735707
0.587738817844984 0.17934512063296526
0.2206147456988674 0.9187038032530586
0.5417693838069907 0.9862016731315111
0.6002834958967035 0.01795752106967541
0.676114204475546 0.9595878050920412
0.8428641169414697 0.5290978535420099
0.9142233710942351 0.8662995485511185
0.41226932623859636 0.9082038627410101
0.7707586339448664 0.6679698399615424
0.72443900525703 0.5263665115142522
0.7964496756604758 0.22347214765768664
0.5426387672399509 0.2906544704291929
0.4291888990094397 0.34409335872816293
0.39966931160097907 0.3758084964792907
0.4083481345500213 0.4146882193853083
0.4520523049299292 0.47980259909641854
0.5252981844159113 0.5520506071170301
0.5886483419005302 0.593258934473663
0.6262502578061295 0.5997206858103721
0.6584901325386183 0.5667084607283042
0.7143550519878374 0.4441316809836575
0.7759335949880766 0.19173248095856876
0.4423094828154521 0.25242123913458014
0.253739938639328 0.06665196250272376
0.5212406957475428 0.1397119437326131
0.03806851674513623 0.29717495427784757
0.9361751203047053 0.5541053913147038
0.9985873288166411 0.560171296151696
0.05801881383016827 0.7951776097609028
0.758360582222281 0.5831517908420878
0.8036294348452218 0.2617312059130441
0.6345097564319175 0.25893184523893686
0.4596201789003307 0.3269205664451593
0.40580727052577314 0.3637698042161983
0.4010050056796133 0.39662976594407673
0.4300577629378748 0.45059452488548213
0.49456188876132234 0.525467360753952
0.5667729669671029 0.5812952555483157
0.6133546170960393 0.6010433979152601
0.6444526135683144 0.5863172003783779
0.687414779519322 0.5102827121745908
0.7619601225897603 0.29020335711744893
0.6476972077211691 0.2714011568923391
0.49799025411947717 0.3463837888547707
0.47151911071502983 0.41789579632058094
0.5175323795891542 0.4915740436841307
0.5922270936078553 0.5299989454641165
0.6633573656733314 0.49025074110927536
0.7379486590629822 0.3217866144048285
0.676380612600221 0.2630130962495427
0.5098806046385382 0.33759330295304335
0.4714640830820198 0.4090918191693389
0.5109276045116771 0.48357834524577514
0.5847680203087491 0.5276801909973978
0.6564733905220437 0.4973993266491026
0.731444307463968 0.3420635165819568
0.6991853964477992 0.24646178130226892
0.49777439458399964 0.3214404820285577
0.43567533831376615 0.3786485349940494
0.4473527726596771 0.44173009364356774
0.5077526301164912 0.5164716495665584
0.5815859745868839 0.5628496831946042
0.6396006190729369 0.5540498519587511
0.7020386571368562 0.4535254903547954
0.7677511729357787 0.22025552073830879
0.506246186122981 0.29508775692165234
0.40069336846036174 0.32768198653032954
0.34801132806598756 0.3033495940263906
0.2567243847367704 0.12386258660506799
0.7233631635884215 0.9843308443576878
0.789684786364629 0.6984865599178685
0.695278054152102 0.6095124306541138
0.7187082725406821 0.4788292041998776
0.7917810013829971 0.1877437472971999
0.4475139417694187 0.2508981661702887
0.25569153021492097 0.069245664012763
0.5328295489361574 0.1396112130943512
0.04934521470865949 0.3413253504186191
0.016081343703631124 0.4093631069983814
0.05575664429978744 0.6357488229381034
0.0515173497047412 0.845861066189908
0.6121518781488556 0.86677547796895
0.10869759781964294 0.2833699271748431
0.9819046674750419 0.3597718604776511
0.9723497636852747 0.4753803736874512
0.0447434218862659 0.6591686004493973
0.010804455399480384 0.7051257927643017
0.9048751147135925 0.07525320115261946
0.20411278924987486 0.7737914627650169
0.956777199392942 0.9516162002584009
0.15476127234884696 0.5141001502565965
0.22890637112863477 0.2730856011136207
0.08249875011417718 0.5985642383918564
0.11572464102818025 0.03859376688629634
0.2752730796166173 0.8964343552827997
0.6744842280081144 0.8405219482413728
0.25087687990148355 0.6486539336806074
0.23085551430699436 0.4121672907111116
0.2726827995765808 0.2649729193952455
0.11016056652092754 0.6864813486455236
0.03562680493251813 0.8342187521676429
0.6303074554403841 0.8362046105112477
0.219263232885599 0.5723081411489124
0.2717808235970314 0.4233469734933002
0.321515371764693 0.3613628946732286
0.31386830977913194 0.2873893684239768
0.19449420294476338 0.9610540626762484
0.3554395534905853 0.9461938550877425
0.5743570413229216 0.9974192858322581
0.5854254738760646 0.04103998600837233
0.7546550077703258 0.8371885421836021
0.3407617219567438 0.8031541766486221
0.020581166232876758 0.8898317785149193
0.4421152594104247 0.9504240127844925
0.6447235568510206 0.9353609087817669
0.9047053370012909 0.30607934665325476
0.8180028918852482 0.946238237889517
0.03675006257986113 0.09845606845453792
0.4184286880476181 0.14484438903991692
0.9510460036629697 0.3450416501324737
0.922794015830203 0.6513960968986048
0.8992346697588367 0.041026314287580856
0.06841023980013383 0.31506651351725556
0.9963485437826811 0.33071044278194667
0.9481150407954173 0.542239956697509
0.015442920845645247 0.6076190359755307
0.04064093615714426 0.7752728129768159
0.7898079134312171 0.48912171822118555
0.864299064269042 0.9934523428437972
0.8922696412395026 0.4067878156596745
0.9299090426086747 0.6870541405178332
0.8544552612237539 0.2218084520182746
0.5966759505393386 0.2566196225437305
0.41696971557708684 0.30197530157892616
0.3233504564826306 0.24279353831187755
0.11388325156589918 0.6767231216001899
0.054589686221002465 0.8986446268311582
0.4462442706651829 0.9612190095549904
0.6065354791331717 0.9874148338042121
0.6599706322199045 0.9523752401610177
0.8550041932037291 0.485454938234426
0.9290944902701423 0.7687299874395949
0.6935665238282178 0.6826175911077528
0.6251650301256246 0.6902525666124542
0.5445220619843314 0.7567290463981065
0.33610990794706264 0.7162312086236893
0.2100593849407586 0.42974929950168494
0.2638381929825915 0.26492798339865575
0.10122512512979398 0.6561359598393373
0.07139784192350396 0.9412267772356695
0.309269245439471 0.8598004280741858
0.8276069488572915 0.4732972824339745
0.8995408978180244 0.8618756876082726
0.4114386407055961 0.9031502958599607
0.7875589481821087 0.6225826565376775
0.7979449651416215 0.31586648684873664
0.7271528172802877 0.168993356535738
0.3310216058051363 0.12121245640563649
0.7890575921214533 0.8369290026845108
0.3759166348665435 0.8457232722222869
0.9369609367553757 0.09970337314670452
0.3229401620338319 0.03989757239809988
0.48765491332763644 0.11424224738882272
0.9227760254192435 0.4206621064108635
0.9707096695748505 0.5429214563764242
0.03778798847971521 0.6992696989238243
0.9420418129701914 0.9340455519437375
0.2069409859729734 0.6397461334230177
0.19796636420423264 0.3224815696693737
0.13746135384392 0.8323142088556351
0.7376006001923293 0.6645618144450882
0.6961540598664528 0.5741132290760929
0.7475351457528854 0.3856365410296134
0.7662954425378987 0.15570951134885558
0.3315908980626303 0.10875452120284468
0.7483768919420044 0.9184828752645331
0.07032684931642019 0.19962110466560956
0.7573486820384928 0.9898392248337277
0.8005960774399519 0.6762998172128998
0.7419450875779536 0.49958888797955403
0.8169443608216522 0.14263785819597752
0.34280124912419163 0.11137863490524547
0.7683870178693164 0.876642792053871
0.23338990880293364 0.6459947469230065
0.21673770444774876 0.37597337617242355
0.22559250975005996 0.12718565213975852
0.7029331964770942 0.02510355854039159
0.8081686869997973 0.6917414180575218
0.7250801699853473 0.5488987614988006
0.789798487818046 0.26277115826980824
0.6228051374188579 0.2729224206310106
0.4760789610949152 0.3454618913911267
0.448386244941561 0.40900677863282686
0.4877832497020267 0.48336500798510174
0.561593340976883 0.5420519274785149
0.6289893731768523 0.5455074163905187
0.6950843959067301 0.4568583538274553
0.7620812288784788 0.23650610054650478
0.5385363781668815 0.3051203750449547
0.45023068480961914 0.36946934068652104
0.4519661968201296 0.4345481818204542
0.5085452526571939 0.5092341900456605
0.5831785905142566 0.5544838749899255
0.6454140721884098 0.5385592897111362
0.7140207512493923 0.41659829726011277
0.7591106219637684 0.20290354527797394
0.4545655173076617 0.26902708874263626
0.300167028648443 0.17231425805410971
0.91344186310754 0.512297309123824
0.9877916007172864 0.5641525324833938
0.04509474679394465 0.7493157380871929
0.8528138965847091 0.28906186190706396
0.7364858347456162 0.12358199675514103
0.20221662812817565 0.8172797695327222
0.8443508838628052 0.38239638529921294
0.8598792600428333 0.9004901335206107
0.24519216773919994 0.6963038985803842
0.1544907191684115 0.2579842470751097
0.9776327331140647 0.35201222778446073
0.9584610959951958 0.5232099486576614
0.031144678613423515 0.6529611053698687
0.005537149662743435 0.6766390108061987
0.9463713870667961 0.8948751254808759
0.35088801875558495 0.8742672787931463
0.8235612360621103 0.49909222282037136
0.8985576926066563 0.891044815175821
0.31601868846032066 0.8204935862936207
0.9493392913823308 0.027298651539727548
0.06351906258684314 0.2830815340219345
0.9361884927930514 0.5399618086681169
0.004321624339334473 0.5584644846484548
0.06462381168893394 0.8183890556508815
0.7037259714284154 0.7149206884827399
0.5801050913754673 0.7623283381263704
0.35919561634365094 0.7520770779619395
0.16096134743818302 0.3328040838589299
0.11575710762890057 0.7729409024067841
0.870421141940393 0.2579300661021575
0.6934503744819778 0.17201096233712265
0.3058700965257901 0.08495935881862682
0.6401575410471351 0.07548957267539547
0.9402583985456662 0.3170315054684185
0.8713052775837067 0.7992007860739105
0.5613645029185488 0.8580086965346161
0.08523252770256495 0.19327085540780087
0.7556766246908374 0.9871775488306137
0.8101061791270359 0.6486644267997059
0.7900713984055898 0.36185633725591604
0.7830116107132796 0.09244537852225876
0.14377830191546037 0.6218016163214573
0.15498507683982665 0.1849498383476098
0.8031816781038786 0.864697579614709
0.3062630824235222 0.7783014087169589
0.04822088381999379 0.9756526185064924
0.15036560580403763 0.5250025172059485
0.22267756457751253 0.26929926449471164
0.06881939831798412 0.5448574060471911
0.13516699474566907 0.04751398263869255
0.3297695323434301 0.9979068105288221
0.33875140686819727 0.9611020427447836
0.49950650342752456 0.03610099552765522
0.6491366721206646 0.015461483551380661
0.7145931042550802 0.8924456218579042
0.1273347699587004 0.37026431502644463
0.12995997374980273 0.8564669446092839
0.6585646385737662 0.8233531428033587
0.28396844224228635 0.6976737168302938
0.19094637944262272 0.3619629131979134
0.18401315891155345 0.007617873111376294
0.2165204757302851 0.7370671181865855
