0.4953293162858501 0.42261886554618733
0.5445816044176062 0.489072531900661
0.6190681433136391 0.5031104740663845
0.694026540603293 0.4162313906949149
0.7388526670121887 0.2459138255779223
0.5362455956726686 0.315264729793556
0.46449897942220275 0.3848453432066756
0.4824784210030928 0.4585252185653328
0.550081743774363 0.5227400400095648
0.6228581732699257 0.5328352778309056
0.6932221047479248 0.44729571624906805
0.7562778161874202 0.2398789442489575
0.5403270725137612 0.30788597130557793
0.4566235324225958 0.3747954441657553
0.4642159549754985 0.4442893032889983
0.5258701235449901 0.5164114711323962
0.5997119770906532 0.5486588141184903
0.6645309522675567 0.5072559468259934
0.7393045625808876 0.3360092500362646
0.6986648084641134 0.24129811371130838
0.4858801447960066 0.3154408213740869
0.4144131560111983 0.35894285755904387
0.403855551046683 0.3941947107815349
0.4307180863722899 0.44855478149108974
0.49433766119034295 0.5234169145436696
0.5669797480773373 0.5791258819379042
0.6150578557497974 0.5972011482080168
0.649431183934083 0.5761835296606672
0.6994742841103845 0.48008657256886056
0.7727691423645469 0.23515365095581164
0.5461517113757917 0.30099473496527973
0.4508584006761729 0.3656106787936344
0.44819829516264975 0.4290719873101938
0.5015659283309108 0.5040614431445822
0.5764949984531191 0.5539000585547085
0.6390025683106548 0.545816688367788
0.7049761418987934 0.4401512477526164
0.7645740873728479 0.2141536226031624
0.48822903604799794 0.2885578335560173
0.3709855401207409 0.2919854908668884
0.2599243852782167 0.11914939749550713
0.7112215051376651 0.002306943295238284
0.7211184767615098 0.8670654060043178
0.2167493239355167 0.5970723403930744
0.25123025507714436 0.4059608806404489
0.28820382440648884 0.28807311465748797
0.1700779040632825 0.8950241802921984
0.5740882610965323 0.9464211774332743
0.7921332301546153 0.6544513335428257
0.7645558080920394 0.4284952984833281
0.8175702420343893 0.06983660639247136
0.09689589767462325 0.44611706195281575
0.15941140232045736 0.02231451261475126
0.253222675428982 0.8354486065483042
0.8443618745976262 0.4005326736398218
0.8768187538406849 0.8649654686818211
0.37905964252107704 0.8770712173931634
0.8426740196797191 0.4471416372103003
0.9056597916574467 0.8145342109697791
0.5552531812148063 0.8764066806220472
0.021020627582102547 0.9648953520541227
0.16667156762753785 0.5621316235942255
0.22507211143058337 0.3121146447673038
0.1482782125736426 0.8551693170406193
0.6808536643751129 0.7895247109936236
0.3954080637885653 0.8174849765756593
0.03698220927820328 0.9706274361186171
0.15957441967959618 0.5473022604517372
0.22495315315106712 0.2970039582171138
0.12276136333913423 0.7600753055611944
0.9069129557193151 0.12308924537260846
0.37104757281801914 0.12658571292527498
0.846463184714461 0.685427737966582
0.7736143668826265 0.4385090043788855
0.83235545394998 0.03853036896660722
0.9916523063757686 0.0741258103987728
0.28676635729121003 0.9536108889524753
0.47698615141331424 0.026333448877360333
0.5872381443079245 0.06860832544151219
0.8620134037309066 0.5800773961739156
0.9094401294055314 0.9342201520331568
0.1736874255492309 0.5513565981809951
0.23734617478931685 0.32971236102043755
0.1876552908356115 0.9852077264455958
0.25032117828484357 0.7921478161893996
0.9583146883166321 0.9639226960242815
0.10785033640494923 0.3776628537961222
0.11849491383732058 0.8268144914937503
0.7342217528809506 0.6659172245464624
0.6908490936557854 0.584296705384753
0.7352935751392728 0.42123551942692417
0.7836170485195031 0.15034940951999332
0.33291824620052846 0.1053092659733521
0.7380609114366037 0.9366153764910382
0.9933390673864362 0.9650666042292482
0.1383051979983423 0.47752714611066915
0.21113357260203802 0.1937187507367224
0.8827582969058598 0.6387519211805427
0.8749742856913061 0.10914734698281015
0.29308136129783 4.1457900665786696e-05
0.29325962288003554 0.8912526487143339
0.7100214918383132 0.776583832468174
0.45607744139234674 0.8432883105032101
0.02433592564130871 0.9453861704705145
0.24634991000183068 0.743731187399373
0.06590887564406489 0.008460239147593418
0.10198012869904835 0.40225502196076107
0.13589758155191567 0.9072015661458623
0.49790118502385033 0.9821826245413543
0.5731508263626192 0.03417313793195742
0.7150737650387348 0.9102692229778288
0.06629417315055997 0.1764360227322559
0.6911114893936787 0.09438453680569414
0.058658702269654084 0.33182133015177906
0.012037222804411218 0.38295834085952224
0.028132597914681146 0.5005253067113059
0.10313141134197501 0.8982551970586315
0.49612044280987433 0.9731904779134681
0.608310760741576 0.9977462280760667
0.6179801382165832 0.012893182117569069
0.6727060144981278 0.9596355021091106
0.8392673968620226 0.5396953258429182
0.9074918056187882 0.9006821677631391
0.2921431474963041 0.7899029418923433
0.00575516990961189 0.8145077479867139
0.6554201386718123 0.7856394441162229
0.37958360292120563 0.7982889767688399
0.07198545417545921 0.08554423558807178
0.4083590573620735 0.12443256740753061
0.8768402027384476 0.588795852287727
0.9179359781893812 0.9127127802677328
0.2605090705051969 0.7410823874335084
0.08558998512344385 0.07761904758456217
0.3934456085809427 0.10379754276261366
0.793447143960888 0.8085192696777646
0.4591553429821329 0.8763456398480636
0.9251203682617448 0.17421813155075694
0.5437449172775413 0.24098957506399543
0.33027339630776376 0.19211895906011933
0.9976732342157985 0.20210077242442348
0.6910742501182603 0.12011048547392478
0.14551526415677474 0.6547749453068077
0.11750754426945598 0.10068288693644423
0.5068546700921819 0.1754808449775318
0.12901013759324576 0.6586568895406273
0.09577050061880654 0.03103049040975492
0.22506117663995215 0.7809876570701422
0.9605587039091505 0.9438960821602927
0.1882706573529438 0.6010427949714798
0.219369177765655 0.3374020639034043
0.1806853958273027 0.973966253220149
0.2897161563036533 0.8588232850653976
0.8110733117116218 0.5177268824506838
0.8847220695575142 0.9562792779908316
0.06450171760502554 0.21574663592424814
0.7920618251549832 0.9239561641589501
0.09418485990298953 0.29080667405153826
0.9810089151310583 0.37091749537864055
0.9843610552339683 0.43711327852097825
0.04235567435893417 0.6115284647176749
0.0638697010571232 0.8686270227968615
0.5545604087319882 0.9308266185325547
0.8314306352163481 0.5334876749049331
0.9016085104230325 0.9149432736348431
0.23624345298339144 0.690802954430108
0.15469865308058273 0.2531009676373439
0.9675743846996343 0.38801000516020495
0.9886448212394998 0.4362828314662192
0.04618734770586208 0.6257153609225867
0.053228634226708094 0.8424153518403766
0.6240610595700417 0.8512334218833186
0.1685919179842208 0.4539587595341956
0.2344767959426115 0.22579770039471891
0.9861731211746668 0.28443119425803465
0.861352508135893 0.7979559631728018
0.5546081573778952 0.8601331445083034
0.07191586575210951 0.14713223273080978
0.6114985226886729 0.1686749743152567
0.21446055031519085 0.8930840318121509
0.6250458092326978 0.9008472778635117
0.009128086499172072 0.9397397653684653
0.2526325231400267 0.7516198903537668
0.05538847548696779 0.9765984371156153
0.15366037336446506 0.5358085481100359
0.2231466892581453 0.2812231987345142
0.0923345475387265 0.6416013778735583
0.08111546161125838 0.962105074918617
0.2378887304694338 0.7416851091744388
0.06171845488379413 0.9906950441798088
0.10135746143850871 0.38235678791158345
0.11684578243144395 0.8260860238171222
0.7346177742373428 0.6643903738683576
0.6934137356488557 0.5785322193764824
0.7418943048840132 0.4019269440146065
0.7755355103496624 0.1504717289209161
0.325204457530468 0.09409175775187872
0.6917300026931421 0.011022063841215957
0.7386024878776954 0.8412181307890849
0.31295429292714805 0.7657779156912374
0.08421132090968042 0.09739294535464449
0.4622138269737848 0.16625342740518612
0.05825069568300778 0.4021409015876357
0.09207216217206038 0.761598881825231
0.8728060697915522 0.23896610942950924
0.6548096940781742 0.21091213149302424
0.3704509724911762 0.21374544422055153
0.09310178846187189 0.5768109796429643
0.1427321041089109 0.10295747707484626
0.5398682145625946 0.17112273658548705
0.14977912068121313 0.7187076800489426
0.0190970086379334 0.7992566255147118
0.7090125386057878 0.6864057879486372
0.6345999321485531 0.6835020784907382
0.5648059770637426 0.7404428754390369
0.3912110387613561 0.7645522116632892
0.1652631861688234 0.3577426531677439
0.15324342943948643 0.9157101404921237
0.48513926953516706 0.9897605228593456
0.528718179603891 0.061214167348371706
0.7758262497800251 0.8090696510572065
0.44007283820014464 0.8686272127552463
0.9307629436702276 0.14573334410565586
0.46609203071241256 0.21578941746646163
0.19375671324898347 0.8875141295421807
0.6230377506911973 0.8974194907330391
0.01888606874881238 0.9770958469039573
0.11511814607689386 0.4151194685430224
0.15913791620909246 0.9905155398280198
0.19953428851416577 0.6773130715796589
0.1393426094962087 0.19299593228214085
0.8090611698363677 0.8572650634694572
0.3352163698602759 0.815504390992748
0.9821813806967453 0.8907591902630835
0.40060257816398437 0.9232758461522019
0.7052040778397755 0.8172083778352897
0.34753311147352317 0.7922499238184257
0.05527003419445786 0.01677553113121144
0.12619471874630983 0.4909348614706646
0.2008413587791189 0.18110252321703202
0.8385502757753814 0.7632524795384087
0.6155522434479641 0.7808374993852212
0.35141252888590424 0.7609010821252675
0.1337142178731212 0.2589904031155803
0.958946026974442 0.4282751437103918
0.011824870432452617 0.47852082805873764
0.08484104467513864 0.8123859078570876
0.7402257363360422 0.6392397689448548
0.7318585693360309 0.48307866539428534
0.805627343607225 0.15642395080452776
0.3730359868099158 0.16210855002960067
0.9571022693685906 0.33865586598336395
0.9201649721678042 0.6545398694852456
0.8924699157475822 0.06719953998751427
0.1620100915433993 0.6509796736479586
0.13899218556756976 0.1655751126984546
0.733080163006969 0.006971754432826938
0.7628497040206768 0.7848848967466703
0.48886426512492465 0.8593516770044758
0.008589665731429497 0.8959699755128986
0.4093831132483818 0.9356608688053094
0.6682414250331346 0.888948607287436
0.09273304285653938 0.25072319744959426
0.9005356684105972 0.6358792642723616
0.8961440182360445 0.03607990658030347
0.0456900499983226 0.223570524697039
0.7921130542883602 0.9316513678086387
0.06592456996476503 0.19643900827945981
0.7446826844790262 0.01399965911885026
0.8040384597316731 0.691510303636015
0.7213308152170108 0.5558647856481207
0.7829110558323156 0.2866985239458515
0.6622717211787381 0.24847044452031786
0.46522311687557005 0.31826988864096184
0.39821203336492594 0.34871849098863916
0.37480182499928194 0.3563177839875442
0.361030134446807 0.3482735028004922
0.3370401356513484 0.3090830580298092
0.2553082371069766 0.12662460507071804
0.7308487392910084 0.9724727012120519
0.8459577897113731 0.5328194944855436
0.9163261770727407 0.8625113059067306
0.42624405535886667 0.914119566616135
0.763815488905224 0.6898455342150349
0.6838377834012386 0.6195213126097476
0.6974108034790234 0.526945903689743
0.7692886520586986 0.2901254777411024
0.6548851971570766 0.2619709532580403
0.48625654065766666 0.33615875775685455
0.4458275442206252 0.39853974140663073
0.47656255270314163 0.4711776914827208
0.5479904331896013 0.5362744402685009
0.6173323426173911 0.5520768621849359
0.680670744444767 0.4867166152225626
0.7549120167068415 0.2823020292979017
0.6261246689812512 0.2889000711576919
0.5095029951651728 0.36351175141412173
0.5043981145563987 0.4384285747440213
0.5630966408017726 0.4963094745980092
0.6380380748974788 0.48937508107598093
0.7125526526182682 0.37010697149521343
0.7150021975454435 0.24633540821292277
0.5133155795014739 0.3205729981858445
0.44988116888740093 0.3847718400878435
0.46778779488941225 0.45531004760807114
0.5341998699568029 0.5252806338563036
0.6064516950296439 0.551553191345161
0.6700234494167996 0.502248905933337
0.7450017018318424 0.3191378201611912
0.6793438510188463 0.2558316874986297
0.49798574225084913 0.3308142413912256
0.44990331231193537 0.39502262548676903
0.47751624092526335 0.4678488919716064
0.5480713578112135 0.5329122135718074
0.6184135384617695 0.5476186193803485
0.6836631469415002 0.4775703677391916
0.7564998668070733 0.2696639865493924
0.6033647467101038 0.29872162184088347
0.5041589089983372 0.37364724678744077
0.5105093305474433 0.4481723288646524
0.5739590683175941 0.49965157058310417
0.6489585462844423 0.4792403819850546
0.7221054108018985 0.34211788390289
0.6899203316937026 0.26201803462311224
0.521388043561724 0.33505100647129993
0.47939291055736 0.40822500228952285
0.5181755146769003 0.48180450015431076
0.591751886953972 0.5206053424879686
0.6649261923560721 0.4786425521101587
0.7379647878604927 0.3101454189857549
0.657972311552486 0.27783783875164136
0.5207414002231567 0.35098795431380747
0.500261664256946 0.42598765990061893
0.5517070103629043 0.4894911157417401
0.626232132774984 0.4959725449585788
0.7011623850803081 0.3969674327224264
0.7305148324251349 0.2434779544600778
0.5225595250787953 0.31628954612142035
0.45243654236241815 0.3815617313609194
0.4671177614060591 0.4519123924166393
0.5321743639927665 0.5224610767137814
0.6050050141340544 0.5500490488426215
0.6692339127868345 0.5018965447229111
0.7442184461947245 0.32043315203731915
0.6805681587795385 0.2552322541876788
0.49794978640234455 0.3302141796717559
0.44899271982884503 0.39402668636078353
0.4757022440530392 0.46648804830133384
0.545873125154428 0.5324393707721684
0.6163481802172228 0.5492307049007732
0.6809264323056066 0.4834728971013815
0.754751908245654 0.27940919765573247
0.6205126093064368 0.29195905494779506
0.5094041595881142 0.3665787706122925
0.507858894447407 0.4413131930579699
0.5680490868184871 0.49640127672560075
0.6429933983389025 0.48347869526101617
0.7168196982447055 0.3563323346092382
0.7030659865057283 0.25401841664439617
0.5178861473001697 0.3276427853038497
0.4651460066315658 0.3974191416328243
0.49489782686717554 0.47230720329891196
0.5666001956139259 0.5282341832589152
0.6381723684654443 0.521140288607308
0.7112506477151233 0.40424489311905387
0.7468237735918632 0.21728039971550617
0.47812317233626 0.29022243868440145
0.3638946838407251 0.2855664132110918
0.2411731023251531 0.07250355248315343
0.5303342879752001 0.14354682566721522
0.05898116635994999 0.3822070956787257
0.07431794263365421 0.6780246756350525
0.013038966553301723 0.733361168824504
0.8538719955582056 0.26989199509101325
0.7011883116884703 0.17084202702276796
0.3103049356382055 0.0911098920168989
0.6663831178905475 0.04707152176528551
0.8592630303876863 0.5670708442509081
0.914919488349009 0.9017906624601533
0.29574582165628316 0.7973956541654257
0.9904358686554128 0.8381280867311317
0.5738142755986531 0.88969933341787
0.9957923225934245 0.9077162167047659
0.3559925151280199 0.8935421471984055
0.7650282021554344 0.6665103710661158
0.7208076763633593 0.5318594423198757
0.7914430728841453 0.24162146397161677
0.579377360999412 0.28952817258292374
0.4638942834133928 0.35892259467092424
0.4533120959475401 0.42454962501623394
0.5038332318812191 0.49948644224961636
0.5788320977924983 0.5477640937874424
0.6440220405745551 0.5335719966510295
0.7141756010502671 0.4113258878844839
0.7553642789645241 0.20591895350887723
0.4584845327716742 0.27350775722637666
0.31289996781418283 0.1979801424374612
0.995671192057169 0.21651344070534895
0.7251032860640743 0.07362603629891784
0.018385831298735722 0.1512315440755355
0.5703362571526146 0.20495863107350898
0.27102379682713806 0.054509194109832126
0.49263694685665177 0.12927607153798748
0.97666115297913 0.22729089607259498
0.7318690549101108 0.07110888398549076
0.015894420506574525 0.13836857196983
0.5285520746282724 0.2098631218178426
0.2415806198787338 0.9977066449221269
0.2514194309602813 0.8069997579144523
0.9211493701142922 0.11932255253949253
0.37301349839258835 0.12498259470038908
0.8432698649986821 0.6932955337706714
0.7576082624832203 0.48293886110228934
0.8313566079031263 0.08581089421770471
0.1686803619035555 0.6887882730877612
0.09042401006508127 0.042452559503736165
0.26522047075494826 0.8804304218878654
0.7178930553944975 0.7512776724545223
0.5213890400956003 0.8243104609988141
0.14412675710856782 0.3547336714727376
0.12838684043226856 0.8359194079079151
0.7181668914126903 0.7062532001206057
0.6102432464047307 0.7289928345958328
0.4597610577309226 0.7970303929536158
0.1553847240767512 0.36136373283509116
0.1477386614110452 0.9027851149778174
0.5251245113659626 0.9750707783708903
0.6296478601796913 0.9777939374794473
0.723013559403601 0.8389332324646344
0.3040478943072198 0.7488251532452659
0.11281787969084056 0.17921217781075116
0.7453271241716797 0.9954149670370602
0.7649523690450544 0.7685560082279372
0.5298263519571615 0.8397306797623256
0.10853353243854258 0.2557729002946294
0.9270519646474054 0.5465673641050317
0.9927273312287357 0.5776124054639252
0.0418254836565799 0.7499396895298593
0.8482051355267652 0.30357837897884377
0.7573048867470766 0.09389341857996225
0.12313789821459675 0.5581857304028821
0.1835799075577742 0.20266252832795129
0.8784187476983708 0.6618993093066574
0.840709786376288 0.2377417276165814
0.619958360212086 0.25086469242205944
0.4280642338396792 0.3036132482738483
0.33722288194941763 0.26467877058217937
0.1741057335861449 0.8829883571920528
0.6183813820840749 0.8977275052082692
0.01317655796754158 0.9536401312452484
0.20328227265985502 0.6500620694582757
0.18145218649242345 0.28872941864930723
0.06452057475210671 0.5482674004480946
0.12950268438423462 0.03301387867059602
0.2667757230728271 0.8741215562733246
0.7399178859388174 0.7016110107019136
0.6401357875029547 0.6921674432638985
0.5563439846254452 0.753516471468967
0.3549803990093201 0.7380845273815342
0.1862381576418195 0.3897646043855354
0.20898523512282607 0.100599352866513
0.5980454643210389 0.13426382664862224
0.09786478578089008 0.5138990854339097
0.1720340921045238 0.12638404744458276
0.6468019080877891 0.10871560650625534
0.06345695874318835 0.364265350966346
0.05923421046554456 0.6038850817034389
0.08782813660326472 0.9483768083069097
0.2983485590250522 0.8485246026236366
0.8510301448990079 0.39366930332401706
0.8774134115599281 0.8561735054552111
0.40691727781043907 0.8939166148232696
0.8146849902449953 0.5431020495556504
0.8816965075386349 0.9916254869267283
0.9174053441360815 0.31744843527927724
0.8491075268735493 0.8683813544042837
0.3405767911007911 0.8340935884006841
0.9356171301158743 0.09311576698400459
0.29873158008471057 0.9939271665066562
0.3246861830875458 0.9367669485848782
0.5793951033701197 0.9846615440965245
0.644338810368202 0.9700766677289412
0.7691588941326768 0.7335566734788215
0.6095993993087576 0.7569049516648074
0.4007987362922003 0.7895891215635424
0.11519274118204037 0.22785962787587621
0.871733097980657 0.7086619944984002
0.7595118378040402 0.4940725004685491
0.8343607562260502 0.08834490466110756
0.18068311089661782 0.7249028192944623
0.03818361495224831 0.8828230132505973
0.4830037392129002 0.956580859863402
0.6615995883604049 0.9192888239429171
0.9806461814616363 0.0008995914022127405
0.9845109446529801 0.06647091280156339
0.2513368260304085 0.8755874042204487
0.7197534637314733 0.742933589485935
0.5409815294592337 0.8107118007316174
0.20085169006953096 0.5009060419943168
0.27584816014752045 0.35985663856453476
0.2663954646034652 0.20020099904586197
0.9549138684191384 0.3853305000215818
0.9733727632503464 0.4967788761763273
0.0483281480039901 0.6945467900686537
0.9605797978421177 0.8573716642934239
0.48640742015075533 0.9315772039175041
0.7604942235033765 0.7147910698594078
0.6371128476305759 0.7089513580223361
0.5243719665472484 0.7813971891828013
0.25887914080332886 0.6063983336019154
0.28520053761229147 0.48300145472110634
0.35895805028341754 0.47246227892772996
0.4306972481314446 0.5268099318365453
0.5026065266175996 0.6017807177182097
0.5330614742708939 0.6720805550700604
0.48073108930804764 0.7454840041172661
0.2966027853150299 0.6425911682683698
0.2841741478620341 0.5172937349287294
0.35788813281055787 0.50545186890563
0.43276032444993184 0.5610108208428928
0.49175434733226053 0.6357184604548496
0.4875504951468519 0.7100520027191688
0.3728265666076169 0.7155077494276991
0.24811912933503155 0.5176986654978462
0.3217721854652915 0.45610850384042667
0.3884883926942504 0.4776386980156062
0.4613382730405702 0.5462113627502185
0.5271556658374712 0.6180404129457899
0.542241447757297 0.6853677513386705
0.4694882738409696 0.7563645999758946
0.2618801989215278 0.5875501294135945
0.3039205907320779 0.49722745003650815
0.37888753648888773 0.5091540661202669
0.45352720970479066 0.57486726909763
0.5044252453816018 0.6497830630718742
0.48295489165387195 0.7235337594821898
0.3430953226524336 0.6926717250559511
0.2584690300174788 0.5168217243749516
0.3322522572504072 0.4708227120253423
0.403591606476116 0.505856025155361
0.4784441464444489 0.5788580094185749
0.5267042281517706 0.6507916114734931
0.5039303547614473 0.7257251864127243
0.3598373577028928 0.7162492513411849
0.2337532812687142 0.4864337958299263
0.3079619011177026 0.4028556807139201
0.3423827204086125 0.3710298913630248
0.3458595780447298 0.34386503173666494
0.3160336262919814 0.27333743711896785
0.17011718142125076 0.8803999389470899
0.6228894931521669 0.8904620805801451
0.04230875675697132 0.06469260177234326
0.3024908736645249 0.9719502253333918
0.41972170833789585 0.019238427650992485
0.500855443713689 0.0942352809800191
0.8678819127478234 0.5872857435539311
0.910121068328444 0.939028793600415
0.15631205740442988 0.5061067654924387
0.23115169928987744 0.2703053076751405
0.07928519705636639 0.5842012423867684
0.12379884541262243 0.05063381492140184
0.33049998175662276 0.002093713328029434
0.3394840994344995 0.9663026896903087
0.4794998462611091 0.03949558758604077
0.6426232966943879 0.027027547118146478
0.7557006495985561 0.8208814116361152
0.3879516641641363 0.841895644512693
0.9603133476961122 0.005775618823725015
0.9850050702151029 0.06928697084599052
0.2622961022381056 0.9013234558978429
0.6447358823468179 0.8862450106513817
0.07823948685854809 0.19635270973641616
0.7567722762555543 0.9878451017665437
0.8084030499898339 0.6538616044215062
0.7816074587346455 0.3878597329170703
0.8025330688784931 0.06929682452740238
0.07986059982112237 0.38527322752193394
0.09826300083121642 0.7662849765670352
0.8683599392263985 0.2578220838114684
0.691164323941895 0.17568374919437302
0.3138858926344361 0.10173836706430617
0.7068528810794332 0.9927494750975989
0.7378040866809084 0.8245811054363927
0.35978664245377234 0.8150440272085318
0.007999864410760837 0.849168253503264
0.5587504466163264 0.9093263090995074
0.9132939291359169 0.24983526009890888
0.7191896216498606 0.1182456720711702
0.16752324401257268 0.7179202610019
0.038319511345486834 0.8763801045035386
0.5041729841612798 0.9513052251772542
0.7033644371904235 0.84846971962801
0.2562105115506408 0.6679064665108889
0.20998241111710003 0.3812325985066507
0.2243279197899255 0.12945368653504685
0.7089182669733161 0.016772264751971466
0.7798293772876794 0.7550629990611666
0.5750837032803497 0.8058214803185126
0.247918558636262 0.6075777520744281
0.2731547758482973 0.4613051024765522
0.34171640694259175 0.4285742104025503
0.39477934023822936 0.4559672452675303
0.461442141234111 0.5245743988353062
0.5338453665982092 0.5946487108225873
0.5703243392185848 0.6483830062705056
0.5506490180541312 0.7123521172421603
0.43174730475604983 0.7673208664874871
0.19946738841967981 0.4539455088073505
0.2653470189359204 0.29217881626163544
0.15463154797113554 0.854277535337335
0.68992748817894 0.7741659970437009
0.44170941425858357 0.8345554897835681
0.03542169855799404 0.9814735976493889
0.1136093500541778 0.4144933398775028
0.15717037767536945 0.9841050951215329
0.22443208224806732 0.7325730827567485
0.0668440553092644 0.0007895713467771515
0.07023653138188606 0.28159402382448495
0.9401214985364135 0.5236542098865506
0.012715555461378258 0.5776358513625042
0.06179805616922063 0.826945793981088
0.6771557817009471 0.7669938587237715
0.44562718313724736 0.8292813249053326
0.0543945621321793 0.05045523799863205
0.2604054420478531 0.8786113635374079
0.7190152142693356 0.7473504079872031
0.5309316496441614 0.8182363101034538
0.17045194865063662 0.42624806206635446
0.22206275075007298 0.1690768696277054
0.8261692424238586 0.786615458403284
0.5479310321422428 0.8517367078817348
0.09094057195487526 0.20721936048953515
0.7973424096046011 0.9020455737268125
0.1772876431853172 0.5292295331909977
0.24861387105989352 0.332491094149983
0.20295916684189308 0.028088090927955056
0.3203455121685984 0.9643024304367132
0.4683655004580113 0.0349992417232432
0.6135949681067884 0.05451282957275927
0.8352220463411298 0.6463054020542804
0.8181793824589918 0.28598148853974337
0.6962225124940367 0.19541740857901213
0.3723091260081217 0.20030608358553015
0.0610984188039958 0.44697731228721366
0.12400937553115887 0.9140908286267965
0.4616831538140031 0.9827776516097386
0.5344638319706022 0.05267030203911771
0.7490172396561732 0.8610290837614037
0.26354664257329885 0.6956152657364587
0.17400571415997357 0.3136444858149585
0.09967369019113725 0.6995215222166777
0.0034956875321983105 0.7145004333304426
0.8806508131667236 0.16645175460314476
0.47725675553524427 0.23922755737737522
0.25984700816035255 0.06623168157238002
0.5257807056527946 0.13837370900136903
0.038454335984660304 0.2973687891245174
0.9368988832149439 0.5515820622603173
0.00045783388272635506 0.5535498466250246
0.06312721376640251 0.8078611718135463
0.73057965899164 0.654243161508532
0.7032785616414077 0.5515578149296338
0.7668482660360385 0.3203634274579401
0.7030902837990058 0.21800707495162897
0.4361542417564601 0.27547906731515104
0.29439275013765975 0.16869940017254548
0.8974243741197258 0.5645310276513857
0.954518083941827 0.751208266541742
0.7581640332725275 0.5396189938169256
0.8264144751869453 0.15646943248717893
0.3939574966795174 0.1831158786921383
0.03717064743017828 0.33700853741127684
0.9979359148598903 0.34586578358964637
0.9707792811856253 0.467843317736934
0.041332856664703765 0.6382284597228809
0.0341722962320552 0.7801480264527015
0.7716957543130779 0.5377281199321662
0.8405750868685296 0.11396514381148837
0.2747765730408447 0.9708450979912167
0.39648761594070353 0.9997713992805675
0.39747037432362103 0.029568405472812476
0.5208550682672347 0.10269818982135903
0.9171055362709678 0.429596967753425
0.9707922123880648 0.5515221465988556
0.03437772655040261 0.6942645100096575
0.9471013171984456 0.9096962822951418
0.30034182917466534 0.8132837260326722
0.9533110492879333 0.004672824184605684
0.9733103015525387 0.11637546549485857
0.415488832613107 0.16066427461854804
0.9953492741764354 0.18056938988192628
0.6315948410506946 0.1811054204599487
0.2693117037525825 0.027271933350142774
0.3833828562589815 0.043793833028595186
0.563449369093194 0.10148279654380032
0.9555407348558288 0.2841581437579497
0.830213595159969 0.8902817645155205
0.25023821559257153 0.6970436840288747
0.1582854979051862 0.26993783997867693
0.00569252876837556 0.29427637268244305
0.8987070221705953 0.6857170277114257
0.8253965203281395 0.3054205773122822
0.7375935678741516 0.13768255228305515
0.248115656317631 0.9398659451361747
0.4911428426483078 0.014528613419858338
0.5527082337397128 0.07758253443282936
0.8604312183100882 0.5939666829631033
0.8974633470296081 0.9896651003655951
0.9414441318106004 0.22671153787253173
0.6952918226230147 0.13771428514382977
0.2059127841109758 0.8408189357815924
0.7814353320655978 0.5752337974016373
0.832096797698274 0.1759941803234093
0.4556837816057866 0.2425492933085256
0.24567605618924637 0.03942241920806744
0.40850971209820497 0.07842938625254803
0.7193060478839706 0.9466202729070565
0.9365864747462038 0.2020069482023905
0.629747081391697 0.2046194361448368
0.3295734681271021 0.15472506425007393
0.891949908721505 0.5691387211788506
0.9463952088266436 0.7872833865863046
0.6665087087301103 0.7430652412295391
0.487461649306022 0.8173892372056009
0.12929715936202335 0.30148067416022073
0.03483449161493746 0.4460511883383459
0.09731945221220761 0.8237992070016367
0.721481968456186 0.6878658788913607
0.644719538114205 0.6728077766298086
0.5913106691601322 0.7119559319291828
0.4731318057162681 0.7838517625136887
0.2016729664631196 0.47615598107635426
0.2742282563378655 0.33197259606051976
0.22782545989690828 0.08843298085510298
0.5744595915312993 0.13959278853976875
0.09091815181937779 0.49499656694301214
0.16581050414724818 0.0897613046482515
0.5171386193424579 0.16349825587449907
0.10523489700459021 0.5683884637397001
0.1601238745220821 0.14667060685921007
0.6983047362759549 0.05257410261246309
0.9124880215678712 0.3959447204834637
0.9409297664282339 0.634942767116899
0.9376286997204215 0.8864115881952555
0.3705788631066289 0.8893873162937329
0.7936021901177559 0.5937176583133785
0.8308352923548603 0.19807409844301715
0.5138505172215737 0.27224920008560516
0.3658076817164928 0.2698166134545059
0.21297479851781764 0.9905677084251902
0.2531510893547854 0.8035498542722548
0.9319382790313449 0.07629594363424719
0.23498023129393486 0.8492833890726772
0.7853850220009255 0.5740715627080615
0.836792657472264 0.1613255979609738
0.4185811499073484 0.20782077261421206
0.1264957359695975 0.6829474010439738
0.05757580430999587 0.9162689746366014
0.3874724095564636 0.9368204026091798
0.6419805337731862 0.9251389731359487
0.9397850039131037 0.16847231956849962
0.5421694114762523 0.2358258047322095
0.3170809880610981 0.1669505355387817
0.9151166212161095 0.5009667559363022
0.9901126023628357 0.5430621950583564
0.05713888599688666 0.7747205399852186
0.8076119731108752 0.44283249818020565
0.8685590430743155 0.9337386947832285
0.13460324505960353 0.4346251041430482
0.19122557392388218 0.09965602548891361
0.5770417928363486 0.14913364276212637
0.12268083007843544 0.6119436920038428
0.14379585230679526 0.14135369421832022
0.6656990099081568 0.09829219811478351
0.04681163009771172 0.29015949407160246
0.9324695670060826 0.5609308106099595
0.9915055431752595 0.5971467050303298
0.025924369292784633 0.7057315794194204
0.9189247933800246 0.02609025463288628
0.028185872338157614 0.14387339906927346
0.5578334020091239 0.20449117880109302
0.2573339093617433 0.026277803154778123
0.3673592142911317 0.025625417610874557
0.47472486329864594 0.09787843770920435
0.8544073346041279 0.6327788347780346
0.8535973930545735 0.17014503436557527
0.46073891013371715 0.23851687170237534
0.24173317668117544 0.02669933798542834
0.3534750550284187 0.009380232140050904
0.3934317015841322 0.03554598256286101
0.5408463040360899 0.10337177418320342
0.9393963211233969 0.3481745280110696
0.9152771331613525 0.6816176095062092
0.8484418220055279 0.23454728521932178
0.6204417037324699 0.2471706080280076
0.42057408751928227 0.29504416306241055
0.31494443861169485 0.222788251619225
0.05950511881829268 0.46343456812589323
0.12875588634329072 0.9457991428494438
0.34918732055250595 0.9229979464362734
0.6548000909884969 0.8949567533050717
0.05903949196897873 0.13383822384027333
0.5575193727910619 0.1946117673812815
0.23149289051652833 0.9595986756556546
0.3981998370594725 0.9900366010043675
0.4406155946666436 0.04987261833814305
0.6443725578630797 0.03524584584325141
0.7905879354974739 0.7471480483395101
0.6029346569659499 0.7765872108393095
0.34898257060651483 0.7535202757226593
0.14761069073579414 0.29455390700273165
0.04111587308607256 0.46408294668843453
0.11056872379615346 0.8869590554796811
0.5416982881399276 0.9544824423743392
0.728514839305786 0.8049406057076576
0.40366311536556765 0.8400331857410654
0.9814860755231306 0.9181691697736024
0.3045646209618118 0.8289307240404611
0.9143243097253493 0.16577279943409629
0.5089806768534297 0.24042599344008964
0.29425241786270284 0.13339810295211119
0.791345528910526 0.8434045689226484
0.3592607276956412 0.8332321350169785
0.956773007721354 0.011073338510886321
0.0038611023673253975 0.027611973810974376
0.11931417903424209 0.47944868838817006
0.1924980464756858 0.1478516472767113
0.734261658475065 0.9868739913613129
0.789962639579453 0.7003371622482126
0.6923822316954862 0.6161901930380289
0.709331539575164 0.5027655111561224
0.784298652951759 0.2302148976543279
0.5463274467268004 0.29598609867736236
0.442354257415404 0.3566970626334054
0.4290506104264593 0.4100516543457158
0.469260579416906 0.4809885328412431
0.5427064051177333 0.5481460335774992
0.6077388307559768 0.5732331142710396
0.6596775479448855 0.5385963612049673
0.7282719278223488 0.3895316471685213
0.7507979228199584 0.1940633753780563
0.42332988419416573 0.2437866567500322
0.21605519197906453 0.9721006445412348
0.33267541210119245 0.9267113183645601
0.6247204504533823 0.9348239980909934
0.8867112403952866 0.36677798926433036
0.8853943925741306 0.8031039866057232
0.5653446777801161 0.8597433008747182
0.08385913492589259 0.19009845666082437
0.7458915787006799 0.005108982214399926
0.7677479649157513 0.7718463995333366
0.5249759656770259 0.8441640644288868
0.09064568172691878 0.19860894550696484
0.7750484404946969 0.9483068736471361
0.9858385127698392 0.008338913538376236
0.021396829825154784 0.09837663718230527
0.4028011299128821 0.13275186969359165
0.8978550162946055 0.5271108295332341
0.9696945288592913 0.6534751426397221
0.9434096654036743 0.8830429777341089
0.3875053974005982 0.9036263245939202
0.7619742948082526 0.6835150406907107
0.6921598831214859 0.599735731761279
0.7243868535046674 0.45823305365066136
0.7918855989330686 0.16688508133324165
0.38973373806811606 0.189602892695389
0.05044437190891404 0.3955717628773946
0.07855176806221298 0.7068117304024017
0.9696360731844594 0.8334121530870903
0.5666323187319313 0.8893207297188375
0.9898786072000565 0.9324022156120884
0.26090040011521176 0.7615771553523052
0.04168318484573463 0.9333436522237643
0.30920028487842244 0.851804167674721
0.8520057435872186 0.3939995805456411
0.8786905612118685 0.8523514535965133
0.4198389097500921 0.8997205119192817
0.8078000128593378 0.5673348658795851
0.8633038809583442 0.07477911322618791
0.16080882999890367 0.6550613190573236
0.13241957552737604 0.14906523469878374
0.6778521746901912 0.0880502317180536
0.02313094486372913 0.18521262000784666
0.6720392380737344 0.13294337242878496
0.1676977963447337 0.7331169278459567
0.009020737536884482 0.7715561923200097
0.7669268455113134 0.5401814466451413
0.8349842862969792 0.13265921676178616
0.3297455068677022 0.08301686930532282
0.657083302346785 0.05191366463778535
0.8687234374119269 0.5422986794612563
0.9360299707900128 0.7997734971245567
0.6246141276033803 0.808000169691645
0.29169847812402727 0.6964252164235059
0.2007921558418364 0.38646628019866935
0.22036556205454993 0.1252259789928778
0.6914066247206083 0.042689046249053675
0.8671333985120275 0.5381052373461914
0.9358897593252262 0.7961057435223957
0.6338717305333379 0.7940426905076361
0.33708898401716914 0.7549206942548359
0.1326553744718888 0.24966977646596633
0.9381949249691119 0.49900616971061806
0.013190677864942657 0.5549779104049637
0.07519362414520891 0.853997945447371
0.6113410790070817 0.8756915511871877
0.07942126998331012 0.1900797381746453
0.7414038246167555 0.01449377005437702
0.8028237375579033 0.6951742411316642
0.714023904632223 0.5732074445893658
0.7659787858760112 0.34400517208423453
0.7363409246291932 0.17881993166953203
0.36776738857030766 0.17863243850981325
0.9986758173842671 0.18431888388118536
0.6451611789659788 0.1687102820023758
0.24822380678691358 0.9711279006862201
0.3687893619253925 0.9720981050472537
0.48541989253179907 0.046184013051981054
0.6748394074904998 0.9897380938819762
0.718512784914149 0.8594223940469465
0.2380196183416634 0.6392973964394013
0.22958343032604178 0.3998593754762094
0.2614624082019781 0.23018858986277047
0.023430160928944677 0.32857770036026074
0.9720720602297054 0.44531397114733084
0.03421264469750307 0.5873951716006445
0.07636960581534669 0.890705514829352
0.49497116874764996 0.9655967715111644
0.6378156480886863 0.9589262142213144
0.8071785866608029 0.6281838725787223
0.811524834346907 0.2858786661947905
0.6893786683076626 0.20666226215186057
0.3943764459904484 0.23369002095694325
0.16441612475742096 0.8244389104687877
0.7867955162648725 0.545756737425358
0.8527926964796759 0.08556718466093471
0.18924809523126163 0.7453301754961188
0.0054444466927487944 0.7686138356758409
0.7701848580118519 0.5297144484306373
0.8413881796960427 0.10356712471507379
0.24060437388734512 0.889236934075656
0.6641311932382941 0.8483990251222031
0.21718910620205767 0.5794764180238017
0.26502815180791317 0.4170658094197397
0.3104524079489406 0.3375741639146139
0.2720091533683826 0.18906091147906645
0.9312717512563982 0.464281020722496
0.0007856156897032562 0.46765651426256877
0.07128738109021926 0.7523401229288924
0.8724825692392146 0.2307440860645933
0.6357379563256926 0.22651747707844794
0.3891293878484823 0.24866061873138312
0.19249200416957013 0.9170475984828981
0.5195985967480541 0.9903959470065788
0.5604994019339932 0.04965718317878398
0.7634221954853837 0.8262747949591233
0.38066465563522667 0.8400388199760895
0.9584711395450816 0.011196941054297138
0.006078888675973726 0.03717726494458416
0.15999788711401844 0.6150910868467777
0.1780402665462566 0.24436138599467405
0.9720305323728312 0.36126624497830667
0.9642681968084288 0.5094229231369818
0.03888639344251299 0.6701321630814342
0.9894230959090117 0.7151318058020392
0.8654118122781327 0.21597089782676537
0.5935199294883975 0.25336319581725153
0.40695216282523594 0.29113422580477555
0.2943650428155027 0.18430556265481446
0.9408142384015216 0.42374163371150647
0.9908082831568641 0.462902719205336
0.05989058771472422 0.7050086516423453
0.9541678345474105 0.893054437311164
0.3648531345804289 0.8895163338104006
0.7874443450685185 0.6092320523093617
0.8111382876861433 0.2679618058330211
0.654618876411371 0.24016171897934724
0.43930036759116975 0.29931860386870857
0.3411263697523912 0.26578303320007657
0.18023874334347845 0.9011198097882778
0.5633812055837666 0.9588459477368956
0.733060909439116 0.800281181449968
0.420335121327265 0.8479912620060193
0.9746140720673346 0.9543796371673696
0.16183239697622764 0.5376431279075418
0.23073927513797443 0.3008873747086809
0.13526217367124893 0.8038425423020855
0.813284924467092 0.45680853353917383
0.8802632625344344 0.9100278935558453
0.23233490651090682 0.6769561037839877
0.17268701704534628 0.29128081189809185
0.06036310927309141 0.5351742504395897
0.1300430293289474 0.021641161802750775
0.2210861635788325 0.7621315707699036
0.0006204338833555312 0.7647977812340568
0.774113614613494 0.5167032042532138
0.8479139273744982 0.07121357055027899
0.1323253784294638 0.5649196729580199
0.1892027535004659 0.22456148070174375
0.9379773284736376 0.47471767759705386
0.010228786421465408 0.5182515585012345
