2.59104486430676139719 -0.48199932477279994192 0.70149733700143623860 
1.56143573105513278065 0.29452332225041638614 0.82616854884316714980 
2.41452455512165586882 -0.02567556523045700853 0.77201413548849440183 
2.81083608267876616793 1.05697947846336792743 -0.20112534574302176615 
1.71910542862146575871 0.98576063954644665976 1.09868257317961059982 
1.76074957116650465672 0.59320447507365525741 -0.57812580898234644522 
2.00568280474359417198 0.79007581960179973368 0.42068128064706422631 
1.96098797406330516147 0.22003321073737516778 0.50973434901976688582 
2.57496886513397882368 0.84862238667228950817 -0.70156976695683137546 
1.71316042992644446130 0.40104998937813307602 -0.09930782103560978347 
1.26353976823037128518 0.84024539767062511597 0.96923145791799636406 
0.96115886161616481687 0.86560406479657647782 0.65523909032745342174 
1.28633066877481350154 -0.05933079794013118580 0.00579801074143313291 
1.13381996337570845057 0.11379911697740580090 -0.41931728350302688302 
1.71116035939288768652 0.09470058129034018835 -0.38740966208509947100 
2.84332981518219707340 0.69853504768707597172 0.00524480456021296504 
1.26145798463933278555 -0.38347539463783220093 0.93893012778683349051 
2.40748607707941397749 1.16649500539180417391 0.93653983053970435435 
1.04915496550694142819 -0.14450626804796001812 -0.23971941190854900716 
1.03817184124886541241 0.38389297296614538491 0.24357259814297443912 
2.19827142296536015564 1.09201282257136078613 0.13181582989009107965 
1.18117094421420043560 -0.07572667724975594428 -0.17747091729345734756 
1.99276191594382146022 0.85638602567176980163 0.29350017810069051194 
2.45423436679355821965 0.94451328846277504692 0.19712234541059781012 
1.01989367245923756577 -0.27616609790474366815 0.95431805559550220153 
2.32823836477187917637 1.09487929773095915564 -0.65802524002455153873 
1.24035990231842352394 0.04460541776199934694 0.40996104775913816409 
1.11635136495228448617 0.73263436240173063219 -0.02905906091990208620 
1.92354827503455649840 0.93456241002002637952 -0.32474584414215551531 
1.23951107276695937642 0.63732126996807014763 0.96730524659197569814 
0.99283529301738771000 1.15479122677223133842 -0.68032056336563084820 
1.04741906397706996401 0.75516386888228648200 0.86550393607893005843 
2.42009905914023626394 0.97395411364790640540 -0.22808919947394884487 
1.28649935419307115403 1.01472578850884342927 0.96489103799511055648 
1.55569234715124693480 1.30674613888220103597 -0.55599948013277278314 
2.77867450438126617485 0.30810301674770862457 -0.45407263083035098727 
2.81005530563189331872 -0.52719974580457873437 0.77098316205495198705 
1.18677845833927819719 -0.43464243150345066580 0.05866774534174051120 
1.42777184532468215394 0.09181547776917679815 0.25764169153167926218 
1.93719640328881514968 0.75214966118545079077 0.09312409042695203587 
1.25810398002465606559 -0.53761676480974884829 0.37424717269972185285 
1.64959319904002876811 0.53462468253894512848 -0.74260870231338438341 
1.26277387591153522628 0.56788806412114867239 -0.10787057849881259708 
2.17407516569343517432 -0.57416718172718239632 0.31547894806792459166 
1.73643010028018318636 -0.52895653603176195912 0.70849721962776368578 
1.74371923973181908174 1.10449296276198394295 0.56451331444428742845 
2.70094685020081959337 1.25302250561148653674 -0.46689211681380804464 
2.40549207892559069322 -0.64336170491570887631 0.18526956564901925217 
2.45151855999948509179 0.82317992704054276931 0.72561413180734368744 
2.72295981215552140853 -0.11936674163498613155 -0.57669415682201841111 
1.42518603540985866474 0.38089503879428865396 -0.77423954879423895203 
2.40826426793636994006 0.37465980996915138057 -0.38775657110568040320 
1.44520304124366649745 0.77246991821890476082 0.96808752594392000201 
2.85037382565531860479 1.05806426916977924790 0.77364531273541137235 
1.96482358307516213891 1.02701387119527520753 -0.27777327013475094919 
1.30372528013476185471 0.37798486369700251553 -0.49130130757707224376 
2.91076200218863068159 0.61267888658243829791 0.87306658858570684867 
2.11849414176176154001 0.53828364000834483249 0.75938711328135188872 
1.08220772461119851826 0.65278919149434955216 0.09077739996786363119 
1.41915397277106603013 -0.10563502029459719000 1.14129279079455114854 
2.30116203494109416994 0.29806887487689087690 0.05178339460327745225 
1.99503335473380749576 0.81589552728996639352 -0.69127610603435374337 
2.11196313587107287191 0.39794683515596879220 0.88491298222816461294 
1.72427064802937279886 1.02590102276885763999 -0.04617887051798481163 
1.55554507178425094338 -0.18016686240454718448 -0.71213419136725919500 
2.36419402184174609616 0.77384408354908140737 -0.02208447217472805230 
1.33169255397094565829 -0.52918262164108420542 0.26468085117158635100 
2.17120811193111906690 0.97301457164206073269 -0.26867462523116086848 
1.68160946846117931308 1.15840717258139536128 1.00718868676296535725 
2.41096994232442440875 0.15893066545869183326 0.32258229670427990277 
1.96317626367736486337 0.50738481895996556670 0.78629810832419178013 
2.73287460787689706621 1.06373872932141044778 -0.04110587877392243850 
2.41851508250416902257 0.11217558693122138547 -0.13495155829251384572 
2.20986621424647777800 1.29619440783413786278 0.45343776162242999117 
1.90458670817019126709 0.86030220503865473258 1.18895370017223278580 
1.01020667876433156707 0.16974631478592780431 0.30016320605321811232 
1.34115313202090202793 0.16523040739922048581 0.39985753049517847035 
2.87839824510920516687 0.25269613100406351780 0.55129368821902924314 
1.72422670040050540763 -0.51986846518952223306 -0.37108677593653788263 
1.81059351987702177311 -0.39514824735733417027 -0.62690065995423216449 
2.45582617581099649229 -0.38333318784424230685 -0.66627791666634716972 
2.53105901032608882062 1.26210157574420400728 0.65331221107098769174 
1.40360158032045445609 0.74700589993622690255 0.55169977460679708869 
1.81225697011932829206 -0.06978399844979744915 1.17938188200040583453 
1.09079662885409778283 -0.38423134636734429526 -0.28780502000112545558 
2.82134218948522530468 0.80375081776906120989 -0.51316971292752977529 
1.80878709267559623086 0.45579265295209164810 0.72611553699054520727 
2.93311521529010610365 -0.39542083827156548903 -0.73979379879952900101 
2.45585557804976328811 -0.62501248777673790169 -0.33982645550900297815 
2.08542705874563871760 0.96402567304509356738 -0.69015232364981360380 
1.51886549457567476829 0.46237843681758650227 -0.27753887139369010084 
1.20786430663051036483 1.01182875559486218364 -0.42477933839878534439 
2.11624935578134421021 0.58583845361932673779 0.12704693347833051487 
1.70880043090076561008 0.97243774438321584075 0.22095690634765197125 
2.44124682294990869025 -0.06680905571285031264 0.18505368223900053870 
1.88391109136463841267 0.14197202129501559908 0.83664564854432799113 
2.43781840143506567387 1.21671231510545174714 1.00282134153682878086 
2.45290220048371354622 1.24797367369859135700 0.10209990585577440048 
1.14569096660438018986 0.86469773959376960981 -0.54809520672699096888 
2.80803741754779112583 0.91552910115322039264 0.53377373163700325698 
1.05197797472107867911 1.23919963837282343100 -0.57253412374229395443 
2.14524582118806073083 1.02098666165123841409 0.67352611077878732360 
1.27602789457040710630 0.56799918876067356788 -0.12884816059227865992 
1.07110334170345389282 0.66492270887527760159 0.08340074380137542376 
2.65569244557069561452 0.68515971818426546491 0.50242045467656826219 
2.09283642506973510677 0.09612898719143370130 0.22494284877818898627 
2.46741331578146549930 -0.30015440318998981573 -0.57016355630782267205 
1.60877035278367275239 0.36483218311459320038 0.41543133007290938830 
2.93699044945119203120 1.20280499867039636364 0.82709900610175657309 
2.54784655527458481217 -0.28247037601091540271 0.18709915645956334829 
2.78372365292919576873 0.49376503205841665300 0.02015902751401779658 
2.95806106981573613268 0.86621326870968884393 0.25590128206998047355 
2.24502702627960992743 0.11845303608417785679 0.45654242629757807448 
2.76851879147396351399 -0.09089254751459095727 1.08932856606358519080 
2.56820173262884932086 -0.27373784924179989098 -0.52648263258944649756 
2.57627816033121614936 0.61104963732521766495 -0.77208285823993605401 
1.23449946218653905383 0.46872466504259741038 0.24598370848218167883 
2.92339446942622682712 -0.18779201560394506720 0.54628303483839557586 
1.96765898644713721488 0.70552267413809977015 -0.75507416344923528051 
1.95061914826069027207 -0.64864514073046564135 1.13257434780656174311 
2.84808284252495802491 0.57555790074164503434 -0.70130230508253721400 
2.15539420575481432962 0.12039270592850681574 1.14637748238745684759 
1.96905583844651554948 -0.18211786459092790813 0.25906918087073388390 
1.68794894069920720092 0.96140437672571543715 0.91864488573413849437 
2.17156443462209169937 0.74526365861638366184 -0.03457192624966694966 
2.33866855412360541422 -0.39134159876001756162 -0.55517333506880306437 
2.88651514724926494537 0.16074880927419227250 0.85248159827374248021 
2.96402373953791808958 0.23025095507785933724 -0.22711206897189128995 
2.58226618494842830032 1.23846121491438387885 0.95611129225923963126 
1.77616788688968507692 0.95620412715882230348 -0.53576391380297694322 
1.14860617273350684719 1.19009651913986913563 0.50094521394256896762 
2.76352723951188528062 0.90494440041619972348 -0.53930341438574147528 
2.06701018940351000097 0.73582298409270818773 0.61168533720614215454 
1.83666144374252771065 0.26008512634941516328 0.96707988382675214023 
1.36928650616027969278 1.07596734784344238989 0.27544861931718866987 
1.53561904535135096417 0.48995516506483971497 0.72032049983268087168 
1.85536872539879249544 0.58355257180147290796 -0.09880399227515841709 
2.29002244842532087787 -0.49617388552139107816 0.41359709556303575484 
1.89744285921903799164 0.10783727061361518540 0.38119109002075052262 
2.85624468233777761839 0.61644538705259199762 0.93210246881876224201 
1.56802841560988448499 0.39718320705776632984 -0.65410703688617344298 
1.56990873678956055493 0.79594373910005566941 0.34338590924844369923 
1.91369816676802417810 -0.57214048711314957618 1.16823873213261264503 
1.62481791153216281742 -0.37036760682915104148 0.16724353169362396465 
1.74745834823094736699 -0.04191135388473701123 0.34469995713185441755 
2.21574338764761735732 -0.48259780380004291267 1.02951581245425960454 
1.91061812557818666569 -0.03143210335026558333 -0.30818245035763291995 
1.41341976312925843295 -0.18357470073318576942 0.04497745394554727993 
1.72806710402192553744 0.43705815654412821791 0.53257443381915825498 
1.60752324585550776526 0.60596433531636517689 1.20535633113253992654 
2.25221077403973435338 -0.14269406769949113944 -0.45658612891818739499 
2.84824305248413089942 -0.52529835201469654571 -0.22939018868841509757 
2.81629299323985859971 1.02530079083203951029 0.72866731997280265176 
1.86957523695711680389 0.85381756172305800501 0.14443586626258911321 
2.84901710193138102412 0.93679049193843588750 -0.38660851592677136779 
2.91616637310296988872 -0.33558741141490983084 0.92636588585076629077 
2.36832657364044107950 -0.30567782263328241443 0.49271368917814223343 
1.02689111174626890310 0.72701624187662738930 -0.21130815219563048313 
2.92243658020322660818 -0.57627353859283281245 1.16663817047106999070 
0.98560507318000301069 0.07090535273570025554 -0.70798736225641123454 
2.39517602201833890163 0.17388681826589619250 0.95505829759293614512 
2.96787603829696244873 0.82026557227725760413 0.61237839045648367886 
2.69839926239682936782 -0.65586544627604226321 -0.49238787808994732842 
2.45499165101585381521 0.68707757376758438195 -0.57683998635071165317 
2.46669700799632130028 0.70690072878342813389 -0.53282878755681917227 
1.39179283911507356564 1.11527669861712497301 0.30158406856761998949 
2.64835134875116828823 0.04225618290209655348 0.14144786454861005276 
1.92805174035359971896 1.22227082012533028177 -0.12697145593486774962 
2.85458267487626971004 -0.27937876285926988018 0.01964832907484693331 
1.94339329937907301371 1.01517103941883313212 0.72087938063964762669 
2.74338336243795977154 0.85015484097370419558 0.03577279668756290498 
2.60274828220237841592 1.29564711987792424708 0.49321849877673190621 
1.73322561923901075076 0.47149108511730947191 -0.38212911196650423129 
2.67203874350684200678 1.04122189468248094180 0.11277935299851914175 
1.92250292684151791178 0.06783466390733990103 -0.67320169975185828459 
1.31847155798957782480 1.31602009870667036040 0.49217986540107172555 
2.04749264901456884402 -0.34689774384685506670 1.12928900295847323143 
2.61720156786224178447 0.25871677715660840180 0.53668930522891533652 
1.86868627977564938369 0.54738334809333644149 -0.15144950378072283281 
1.68312203651105973812 1.01204367237083037168 0.80322870504631116439 
0.97659859293173001404 0.59430640298490100548 -0.19333403115116273852 
2.78815685283882386258 0.36299053132727349125 -0.42477815630172144346 
2.02975649769452815008 1.19524136202405806273 -0.42158862129678909003 
2.87441900583757270482 1.13678932425540524243 0.84484651222487094913 
2.12776193273400648920 0.89511740015715790530 -0.18828086448813768916 
1.33684168359097643730 -0.57247644659174889981 1.19844112426999838128 
1.83132092703511739629 0.20898177533181591659 0.51376104820802592776 
2.05950771969845236598 0.02025486566259031979 0.27402493615913003921 
0.99816082189781596412 0.28144901892473073168 0.00607016611772903669 
2.86658339588569432976 0.30023535134404749636 0.59044678608906253636 
1.08737265747348788025 0.84535230140625272632 -0.58309106899032636662 
2.84638354803526993919 0.00865421745144340053 0.70479047396355209987 
2.42260329896094983582 0.94053701172147230469 1.17877963492180537486 
1.25300890792412000785 0.69860575048546080801 -0.46706528307839939584 
1.80655733716123378940 0.37923264285533975215 1.01223479906075897183 
1.00992863642073271713 -0.18425684360935434825 0.68980655781987787467 
2.04744545998901816830 0.89166701898557343409 0.33091821152102224302 
2.06143309921636364024 0.33858433944414473293 -0.10304259766211801286 
2.78808552585772861931 0.48764840606077985985 -0.13357297277485480347 
2.03923478101731037171 0.35746175088763204597 0.24445543235516059566 
1.28228417009254780368 1.01257439957698913702 1.10616489092743908174 
1.57599744578920830662 0.89717666607078128127 -0.73327804265970764064 
1.65812543289069536101 1.11849472390806226052 0.04992711284427820556 
1.33108538450633995254 -0.39376788749538360612 0.45122322407790488308 
2.30116121987989652453 0.45494765718183216574 -0.78265648068460469400 
1.60580883587742850871 0.54847735527352703411 0.25400996293119992853 
2.28693249072562965196 0.52341519032649341803 -0.29660869310520310282 
2.53162664640112478054 0.54509931363188601772 0.70618032553176679489 
1.47516473099450617923 1.22263261651860055679 1.04788092350028327893 
2.32661767549970344149 -0.34478801774042533435 -0.51283885401502304902 
1.64036697190205127406 -0.22242531610000423892 1.01914677118779861686 
1.76443369643261305235 1.08821100349995791845 0.91584494127388926810 
1.37169234721276001032 -0.06226454255299745943 -0.26800276723890653630 
2.35491825419845035583 0.69179832896178250490 0.91023555910631603894 
2.22193590597867762781 1.26288070081180814341 -0.53639727827121952419 
1.12559028123395510335 0.16410156352391769286 -0.46057859372435716594 
2.68644076757631244945 0.02570646532509811288 0.77147035894131121836 
2.71480357592601473371 -0.05158205179044169503 0.31980654041244943597 
1.32497463448629204663 -0.61647846211100354452 0.53579758833472101998 
1.91626244983138227518 0.79352960926923776785 1.13268611749487457807 
1.53005189042044076331 -0.26246024741458240381 0.29237050074783654807 
2.15807905520278531242 0.92197563297247009384 -0.58779731508616850366 
1.73131963887661544099 -0.20956027642407870637 0.46083978499260513928 
1.01185423750234360085 0.28950179905370193589 0.94326761442028783655 
1.67567896013031392144 0.81437542096988912999 -0.57299243593260129614 
2.81015931942955665690 0.81472497901040219492 -0.51029016598363707846 
2.41339057548523783225 0.65313635017948168393 -0.18639169461840507380 
2.72576959692545628400 -0.54273615846569800425 0.53559504594844520309 
2.89782761246735987015 0.34541844196871701600 -0.33502084753334421263 
2.57089523534179420494 1.22435528920144176546 -0.02271358285089438572 
1.73925512312067342968 0.03426197236778684430 0.75120457312349253609 
1.69752513784425418386 1.00522391557614487745 1.12986439971127494708 
2.03333356438862589144 0.70563598289744711156 0.03533393941111019620 
2.66605382394384982092 0.04854868492618828746 0.73207830006784102572 
1.00042653518657576051 0.03065256100491471278 -0.28219442263721711273 
2.18982026017258135653 0.47678977040664460851 0.21725709231296777557 
2.72694123621938055990 -0.03129321324064805038 0.06094386258946238311 
1.40154631645004434937 1.28534591610054471644 -0.50832663431959945743 
1.12895115486467378929 -0.06537684790230707810 0.77182138148717105430 
2.72170678306004898417 0.88884108178829779323 1.01644358721077532337 
1.73076210579908718046 0.18462952929410750280 -0.02725113554581277617 
1.32628895191825257882 -0.35338730696475528781 -0.10300859683876820161 
1.60319020053718830354 0.68974237913836167202 1.12870676717183360260 
1.54758463882419405877 -0.51955344803549996513 0.72437519526767046862 
1.14506236447922105093 0.28831367562948712058 1.01242001560404504268 
2.10018513116691130094 -0.28524543652187911436 0.60001203972512673346 
2.91319280098003208224 0.25861901596343178644 -0.42170338299763621137 
1.44735979005783588214 -0.01768911243576772735 -0.22151754087218705758 
2.53163439130192591264 0.70361548713573529579 0.25669028250176995076 
2.74169548928494677398 0.05549486335634729733 -0.38032728608511917612 
2.56867771739586681079 -0.28307057913743538524 0.49438024672778047020 
1.29285138750601613644 1.05851711143344884292 0.32116290984968726141 
1.05336700358407742151 0.38442031661782904983 0.84310004793199400108 
1.34516804565188730081 1.08503186293452014155 -0.08354174878110569302 
2.84851835383091378517 0.89689569735980190224 1.16828165545951234705 
2.93707894706534577978 0.61953273130474706409 -0.14641517382103194644 
1.91359228763908717497 0.31046314204903707745 -0.34922178625361405269 
1.80644222862060499502 -0.49900161353712169099 1.15385934894657182781 
1.67895159860549525455 0.93954703113756421473 -0.70254814766477402532 
1.93487716345864746437 1.28087958395514789345 -0.00847113192906102930 
2.03015372302264163196 0.09369789615899620783 0.69036839487903567392 
2.85887151358759794562 -0.49985308451788029727 0.80382100234254383331 
1.12342497578825928350 -0.46763738490250489344 0.17285997582765480485 
1.57690474732773378008 0.53755117514917938326 -0.30712371956288653241 
2.56732276246942703324 0.72717917107457130665 1.12739846751588546070 
2.15423581484204929026 1.05991702152776667845 -0.38710128428327578165 
1.23811175310205956457 1.35422161819043695985 -0.54672643032335721536 
1.60731037133479248702 -0.38805520002569782179 0.20031069434379658589 
2.17239533982873700424 0.89445742502102942861 0.85600879963607112710 
1.45761317377641730353 1.05150781052750219580 -0.20034729064382963970 
1.99883618324816692002 0.67611830829931907072 -0.17761126393765278020 
2.76593489185694618726 -0.05989494714960671984 0.45291361369182631114 
2.00713386552326467083 -0.34925521590247959880 1.18286056837211672743 
1.65731414847002200830 0.85318770369088192673 0.96998841419693615507 
1.33357680888163199207 -0.18595942552514885260 -0.00097590496000680201 
1.07340755600110049350 0.65770406889212007506 1.09393819725779706253 
1.06015066623506082344 -0.15176719565591931249 0.38504877256242237005 
1.76806868409759676553 0.06115985030779038517 0.54529041237904751771 
1.68791868638647790668 -0.13478879381406250193 -0.01207501092521825851 
1.35398150273821227252 0.41498767729030450191 -0.40491531146551945630 
1.79723530481840154671 0.71575578698620589968 1.02260238258904490039 
2.04762626119036283967 -0.24990712300331918705 -0.38064812731705099935 
1.49337591093814991972 0.28589862235368690424 -0.59771907914886623914 
1.70686398312018106083 -0.57063791216298265230 -0.15329147266906639757 
1.03411413775174865215 0.22279630711717185454 0.24457616143747995530 
2.76359880585551431764 1.28046453739072418898 0.53548354951573540195 
2.93262475637385744420 0.54106263020053568802 0.80525981698215909343 
2.02464904003804546662 0.64137416834786831199 0.16999706574297243633 
2.08586261458485022757 0.12298708024594853794 1.21172768229586758082 
1.96436551444871598804 1.17475890498341528634 -0.61795682977136523473 
1.26655625929678361530 0.53659523158583044555 -0.20495236327990110081 
1.40958204108819851186 0.64761085485254921146 0.41136049138865593555 
1.44964798043659803817 0.33466941781897108221 0.60995161144030318745 
2.05630129115685456043 1.05936253529940516138 -0.30946492070737346980 
1.07124028534284954084 0.16682461643463111778 0.19553685943736376363 
1.78608506538128608554 -0.54893008325741776687 0.69338660342719404817 
1.52249963960222189918 1.00725414764777010390 0.21647019091057884133 
1.18237882297364294004 0.54185242688958668023 0.09257846418544969647 
1.66287205258828763021 -0.44437794712164546684 -0.77260330445254754572 
2.18422138710010527163 0.82234711752274103347 -0.49364805162745667433 
2.92280711963720207791 -0.66545160452321117095 1.07999107180608056034 
2.12925397371142466341 -0.55299003518661216106 0.25880554728496640848 
2.42382372660927947194 0.84425611815909773483 0.69256156568087157144 
1.03760189918594081249 0.73560655159696874961 0.70828018301177064764 
2.36781398599712655795 0.89468348486632298666 0.09142580455402196660 
0.96864511320470791933 0.20998665355248441466 0.46882525624431525824 
1.40565765482113702589 -0.32002615385504984413 0.45526042208139999579 
1.35597453568576709060 0.52265374718398194265 0.72270167318107303434 
1.05467228152339775882 0.68758411891917459169 -0.29553388197444246943 
2.34240417882534446292 -0.62521484659331549860 0.54655632572839341066 
2.19133844877645778126 1.21937605552026462341 0.04809426660634631007 
2.50145684420017033744 0.78762029582003567629 0.92742452837907818353 
1.50880788829040524135 -0.02646912656298487654 0.21846584478037334165 
2.29435975265774017018 1.06786098678515206650 -0.66209345079577652804 
1.02636440913566695521 0.28227390965895543529 -0.00928655949749473617 
1.13388741543612514562 0.96798013844587305066 0.33403061997247790460 
2.61299818364196534404 0.93322403237040130186 0.85188039440380636247 
1.76590232096007526685 0.61860564594625566670 0.03110319087802234164 
1.70295790868275753738 1.02972463762843657875 0.04566488780480447429 
2.35879438787384954068 -0.26332233084060230333 0.53062903063420330252 
2.16176992875802831406 -0.64828481704238050121 0.97520494828689541222 
1.08808199011874351392 -0.06572513820397524187 0.33193398692046660603 
2.29859880701449670326 0.32458809480316197504 1.06157116718172095382 
2.02417088792119548302 0.83009588884319329694 -0.64179576805635174530 
2.59939994302969168416 0.84404352126951753821 -0.66892228231988382081 
2.91881552482905304302 0.06972872782041093787 0.32978039522325647281 
2.08483236083580480980 0.19222901121530622248 1.14764921079727377773 
2.59143839857550917216 -0.31259459218545143644 0.14567874738183642092 
1.28648156131298252447 -0.49194192650197976491 -0.38344054557079998435 
2.29290973033196987529 0.98554387194046810805 0.06556389418741664921 
1.51949966709139472343 1.29023809965360447549 -0.54807209767361453334 
1.01632939821843604200 -0.45596270001224048496 1.21192524818621860661 
2.31721316150707457027 -0.02789792727976033934 0.11097422622460348385 
2.77542172122936037226 0.94933416014074967215 1.17250912400902151944 
2.80883233466652093568 0.50545997173082501952 0.85636445630187107980 
1.46706670104647152186 0.74270994440155591043 0.77855236636904356917 
1.35190252375159269960 0.37468819597175195835 -0.44406049289479038178 
1.89514198069551342840 -0.52598693080137925993 -0.22817667612858652526 
2.91526590960007814246 0.64060693913417010581 -0.10254531905891266230 
2.07364636195923646156 0.99637137044187562562 -0.71397860844049887419 
1.22000270860003667828 1.02163387126647786651 -0.53984105479341648604 
2.45633447149737138560 -0.26218983443349253015 -0.40845584116205518876 
1.38345944577603474634 0.77993217580218587859 0.97867426316418515420 
2.03917775611859974916 0.69621250039899928996 1.07146331900592506337 
2.75810754698574589483 0.39853009035308567531 -0.43448502842100555910 
2.26807582716021327585 1.23778730531914593627 0.03295999461300461175 
2.46831169965924113185 -0.21209736745650251133 0.76439928098922993449 
2.19537561549358217761 1.25198801333956999393 0.03444548325229698782 
2.25298596880036949841 -0.62964380377783135678 -0.54327860914841308304 
1.47154432192369388765 -0.56058049205154159011 -0.29738506830545802240 
1.12872404387215619082 -0.11755849347395856686 -0.17456413804235643150 
1.24059017380508795902 -0.44130179071339431518 0.93170364710225372917 
1.52759745490004772428 -0.22705942498628650661 -0.78897651958284809037 
1.20811339556343333435 -0.01614641134899976946 0.43289835705522683451 
2.02762699294491888224 1.28893139199976314302 0.97089936982263036480 
1.61576242718758789074 0.40905625231617420701 -0.62233062116981741063 
1.88876884178051507313 -0.05409003762883660138 -0.34173247275032397896 
1.20630804547265468862 -0.50597078486681779097 1.13804738627483348345 
1.92840197852232919651 -0.60346499488430027647 0.73640356563632647369 
2.23196519960015082873 -0.46029161297499437966 -0.06772229832390067039 
1.16756247951954761355 0.95477806302970269492 -0.61444366640693004467 
2.57427976822823678660 -0.32029841548344256674 -0.44091515266811909246 
1.72812461436276421090 0.05597290654934482940 -0.03607911976844411367 
2.56814969678526949792 0.33419098188741763744 -0.58866196539772330798 
1.22242202203999394960 1.02290728521895668557 0.46138647570432733680 
2.60756799119077831151 0.19242736447150940449 0.62030799355521126781 
2.34800223909986582882 0.37458578024245775540 0.55196108273187338700 
2.82406986132033033243 -0.24238952580852257679 1.04427652132511017413 
2.92723847089621314055 -0.37668550434396141924 -0.72355193337619838623 
2.64845090532589777510 -0.07644374967859729475 -0.10252820123423238285 
1.56227591745501892539 -0.10648120582708056614 -0.74215592791956219720 
2.20850627544367350552 0.01410002648542168883 0.33141143670118705655 
1.77223581317756639919 0.33202672106970110288 0.55009747516460794081 
1.33363283891168848960 0.74119265918006338456 0.53209605214291499919 
1.77258378174076813849 0.60051225155662024680 0.02250912219538567932 
2.76440599914722406893 0.52948363164591571994 1.18317615334559977924 
1.25976700905539185094 1.11035952249352076748 0.04245046170996498447 
2.00755529123712372908 0.79130470370262684376 -0.57828012803158412858 
2.26584926546257037216 0.46933646526008970801 -0.62380719261383421603 
1.56796394195039301422 1.25354748072529753600 -0.42762012429857321205 
1.49319795944789190933 0.14588579725046987856 1.20191956268541577657 
1.08776333111074308135 -0.62520595251810184845 0.29226256585508259001 
2.76672168689338615621 1.13576206915711908074 -0.47173903144562007173 
2.16980011129865646424 1.19446941224539937565 0.49314781644613259193 
2.42835321844790685830 0.26234437639035784740 -0.54950127822724170734 
1.59478402247470629760 0.17467817954374798006 0.05330177749778686191 
2.38897083733170045861 -0.10293236023040026883 0.11498886665556135034 
2.85187416730668985565 0.61148048308755442726 0.93195449399295371418 
1.22392381720045850813 -0.02659164780879293144 0.54643791253836615507 
2.91767573237731214775 -0.45054212240905089359 0.23918558641545809018 
2.78338131591530002495 -0.50152750468715268095 0.02170801112529712959 
2.31996336371535649690 -0.60944875615732896357 1.13181855267008435462 
2.33244008171757943870 0.30764106326587492557 -0.50020949619271859454 
1.16590368531086463477 0.61226336093639821545 1.04773732149993636931 
1.81568983380652260173 0.42794252772171281762 0.67853109745749473625 
2.45446401263198987763 -0.31687105522710101724 0.77158584281158848484 
2.31374025081115330948 0.40611612561262966370 0.53496000553719680326 
1.53256798261269722161 -0.14393679073681001079 0.23895037697782314789 
1.38331782070077835556 -0.37079759383852139987 -0.58233747047804995667 
1.34658801697789765051 -0.35098643247011457325 -0.53196096345708110409 
2.35670911432350038694 0.01110369695547743646 -0.78822099251756894134 
1.69021427343891228467 -0.54504315274920389633 0.77640829380623399558 
2.89338638657766766826 0.81508496734669444450 -0.47041738077125072603 
2.50212347850951388750 0.88577065604965365964 0.20698149833934023634 
1.68803590922533830465 0.89616505438263605043 0.97244251804397729977 
1.87441025126192162276 -0.18559685635871928100 0.11091249362813279666 
1.62471620995722876302 1.27745831215043703644 0.52227587241416828512 
1.20693002877163846343 0.00461937612642093071 0.60055465209773928326 
1.53886929731819899203 0.26278642120112111202 0.59554785616118477432 
2.09724635704471618070 -0.48528985507343941341 0.78159709536012489384 
1.12097105458670776024 0.61521497803945812688 0.09303657115207084050 
1.41922127341858161920 -0.18941451737856002113 1.04107564869973656663 
2.19502274511829709169 -0.58343460394639001798 -0.64681353438652910981 
2.88996182548772129195 -0.54061212938637703829 0.75879043571347914998 
2.26637197064761330978 0.02923687750546340516 1.17817760018888417761 
1.96434349511346795225 -0.13950017749075011020 0.25637606161249570924 
1.39080435954564851642 1.28195867781852479439 1.08969965303184856964 
2.00485362945290779280 -0.31477764868145635679 0.15115445304877231369 
2.20812830691102934821 0.40338461024487037854 0.38364562177914385277 
2.23414030511797090384 0.96178723614753336424 -0.41110364299313473246 
0.97522222382262713225 0.81458354946265809637 0.61400270335218309903 
1.48060976850412928663 0.78443445233196473776 0.01321236031416980761 
2.04893415268007927921 -0.37508769829614779789 0.74631603136263269249 
1.72794398114026992452 -0.03662830648683279566 1.05431179928452101180 
2.46003884415608986558 0.22849992838481178459 -0.70740895971216133375 
2.31577516999475951920 0.03369667623620864472 0.23967228245288882404 
1.15329205087770669813 -0.36468292161843735011 0.63316376921556649648 
2.24800576787299277726 -0.28285030007905215266 0.53349047952189532218 
1.94314557164802437228 -0.31353748796963354373 -0.70390161906375048328 
1.69393266816207876957 1.10828559241794977197 1.01537471505688814410 
2.42997997472805371544 0.70097289832413633981 0.46916660055455322587 
2.53476790823782804907 -0.26655217429015198860 0.40901281223584073921 
2.44542995981174637876 0.61420740549566288369 0.34170766143992797881 
2.30979037437744461059 0.53572233891142995166 -0.24496474449365329695 
1.88840472733537767525 0.85593411715167977416 0.16602698327241835474 
1.93058608035756207322 -0.32225054655316731633 -0.06919577123540672503 
1.08570217410559921589 1.17015235474798284798 1.17159846163128222862 
1.16113410455676646649 0.44434003860161280786 0.89084011404605223383 
2.12804837949540415210 0.92127897026501215372 0.37759851678112921203 
1.86983660529859263555 1.15193296186048965701 0.86084350920331886847 
2.37590094459647849234 0.77266280285155963803 0.56907720245327364506 
2.73523520280660825676 -0.12330178128923245662 0.02998388709171175004 
2.76988715993262557546 -0.54334570856908226411 -0.31222065481830418854 
1.01985014074347790647 1.28203968105455512472 0.18682464481749450069 
2.32861860194556813397 0.12559846102796931588 -0.03347048898664062994 
2.93602041266326585500 -0.59177594142740819194 0.16730981755651305742 
2.93196533920117108352 0.44584493944145348054 0.18173582049294470520 
1.79057384777093964168 0.53273421033707346606 0.23995025667756261778 
1.74564594935642114493 0.29299561708285365436 -0.03514414777027660697 
2.48959369366903926490 1.21189435250807453492 0.13498876068113485616 
2.20579997294341900727 0.49757432086884162414 -0.11168559746801894061 
1.71923007327160881630 -0.39159263622393530868 1.08908426301315097717 
2.40157850863726896051 -0.64532078552736160670 0.58268387136902455303 
2.69595549567903214339 -0.13726918255197109731 -0.00456413581371731616 
2.24056050918082849677 0.14001378149881368862 0.04917425392019351277 
1.75215390119973557503 0.21644106137710439342 0.53229950427327199503 
2.64202971841413036813 0.69126150157156773801 0.09069784874489260351 
2.55939792501354945742 0.73652991044078452987 0.12399034499436907553 
2.31241280028450812978 1.31496957262122760035 1.06475026057253807643 
1.65655411692391285605 0.31809986186479632941 0.91100843993831326362 
2.52989261775160345636 1.23328093896404933361 -0.24583469766689658442 
1.38243196700687875911 0.09638047624185189233 0.88515840076143448290 
2.26531758026470031453 0.04508271669797791342 0.31762157241819677367 
1.28619134848494387491 0.94312986617705996117 -0.31171321569196519530 
1.55474794240274727386 0.05534178229977991526 -0.23451490874002134390 
2.55382618482942413962 -0.18103475734006552189 -0.71152701165132059558 
1.16543548543377628590 -0.30687167161126066572 0.57343656911735008119 
2.51123639102796136768 -0.13909449264683668157 -0.18670515133852602641 
2.76993881865758018179 1.02908048627826786969 -0.24262405937550141077 
1.63802300162986824716 0.56018748489151748426 0.22961285995231736634 
2.20790703770565954756 0.63037498753915410798 0.99499627721338956832 
2.56603484603037657052 0.84454932961899775723 0.89598127023962248483 
2.65828380238593275919 0.81911106261087041069 0.99520478074823515158 
1.20757130852677363464 0.65241239093257374915 0.57037754371397586528 
2.38538467613237159526 -0.64497104477005018364 -0.43309115659957292399 
1.60598739934241918625 0.18330294090105053728 0.63178649325337188358 
1.26796767235810903252 0.73418697746298056117 0.53090107316070322963 
0.98532888210013602759 1.17328234693631561214 0.34709693573301581004 
1.20688766424624316365 -0.66142352663851933237 0.01157418834770131653 
2.74803933824502122363 0.54950615624326792918 0.12528910916509222728 
1.00480429143615790366 1.28525328607961664140 1.09154625856614773127 
2.08804081101204630500 1.29438453846175183237 0.37241267978471137567 
1.86118071518559990984 0.02851783133677687765 -0.26723126179435535699 
1.00600678250186992280 0.71714570345488082292 0.93275449503514318295 
1.75761141641840779037 1.27498270808807379062 0.53288985872181193759 
1.86994864742571142990 1.22084200099904482961 -0.07207408332548956298 
2.56464133594894772017 0.45764580759445577796 -0.26764263615934352769 
2.40035124607959016174 -0.03530908659929288956 1.18336363868433225299 
2.67238663636677786783 -0.48534030427219410075 0.65387381449055204108 
2.74498684192924402581 0.33470642855846427510 0.53610073204792629831 
1.08319566314606730018 0.09578724482702305476 -0.35210414875280904301 
2.20591937842721330654 1.04762591582314290584 0.53105579286525983473 
2.22187216998994330197 -0.47126312215211146883 0.97619639489583398539 
1.78096282340213263318 0.14661983628097013943 -0.06309190919987564539 
2.05269693397185859496 1.26558707583351282011 0.35910886305800548968 
1.59041414162175431812 -0.51396620495696287989 0.29641888036737285006 
2.55140209393738404131 0.70780212985273749382 -0.48559138493495923594 
2.81078144876491986537 -0.27767158605396813353 0.45386310492444148501 
2.24773811896533048937 0.53507324912233422687 0.69421942395053115593 
1.05418130784003571954 0.64821518671516864529 1.12705876990325726261 
2.01956440792772173864 0.97548532631446027708 0.71973494559358985878 
1.13390315641244465716 0.76467889368630881375 -0.46883550023072806390 
2.88680602721106760455 1.13509491037239684808 -0.58063986096363506828 
1.39522914478411430572 0.06847222042689454780 -0.15311953515044254837 
2.31309738987235924412 -0.50094883951977575709 -0.66302527256988608162 
1.97006171433471655163 0.68985091199459702693 0.90523378926659425758 
2.02501419705931606785 0.76953186199537204626 0.65969330667559289427 
2.08287745387895606441 -0.25150498964700240823 -0.06377783458337647760 
1.83068893497322204844 0.56058725830726430228 -0.08764490495970252149 
1.96173362341032975209 1.25578336371287013762 0.86148159603803808881 
0.97647089805214870584 -0.01530838330847972793 0.71504616313181668108 
1.27731549299673141640 -0.02809614409593318499 0.79264218797007579553 
2.32196640842630097623 1.04035884202016704059 -0.74216532169174653788 
2.15497097253096292491 0.85458965954162136036 -0.12106227124751683943 
1.70599066192350901083 0.94016995700960026561 -0.67489167724383569702 
1.24296088787088110372 0.89633189387159073469 -0.06249311905246550392 
1.24795888528805942741 0.67717318292892669795 0.96460871832357697464 
1.41193616420711265391 -0.39663464707326029357 0.77299209902806864658 
2.63706849453039016140 1.01438023765031992696 0.18202517812550020326 
2.13208404191706346609 0.25414200362302447056 -0.54761829715236909344 
2.40143359346000595522 0.73637066070949341867 -0.46361009147534693042 
2.57467361064103794632 0.87728794931004516755 0.27819447809774261460 
1.92518513645434730108 0.27544374270830740414 0.97677918626617243891 
2.14930960658084657666 1.33201149224866721710 -0.60646693924751682303 
1.21771441620912956871 0.01066509838490992124 -0.49508607803891047094 
2.37200708744556409968 -0.14536629285143259915 0.05652277415644301611 
2.28186879953798760212 -0.50998430532382477143 0.47246043302532170216 
2.76762266353161257015 0.45523943799372507124 0.93929934883119725608 
1.08913990116672620978 0.35862222863337606116 -0.09654446139026970353 
2.67301745449189809278 0.17835151188314832260 0.00101517367267760922 
2.37809369844919915593 1.25106624961607404423 0.45418409459273584305 
1.15503051799272871136 0.63746551795300454568 0.04317913256669898142 
2.14223896159866189493 1.23902493061068441627 0.05053233269081648660 
1.11294377273480482593 -0.30226057253313404205 0.01049883191908269203 
1.30039675514348540553 0.72581756613025505409 -0.47055630548644444833 
1.21192795251941731749 -0.06695837226482923010 -0.50622804324107983920 
1.28315166560630444792 0.46561469537378596950 0.49777619796269489960 
2.35813079352486365536 0.42470981533809260000 0.61181541626046009874 
1.27744053840956128809 0.84285311785263461459 -0.02212429275240037491 
2.40708851785116229038 0.25609558371998947246 1.06836601289630994671 
2.08944109280135537077 -0.10589815667880610184 -0.63336211179625012679 
2.43503901774669540004 0.78409494214893560304 0.65168779965229184370 
1.09954220071254127333 0.23209861497230030447 0.07746319730213337140 
1.26983705248249378883 -0.39414890541031238902 -0.47191684237213166186 
1.88760621567469355497 -0.52746199204040611352 0.18362795431638234689 
1.80089391367603579575 -0.03125437699343117104 -0.43059569280675857872 
2.59196268715031186147 0.18133807859245279492 -0.34833929805084790088 
2.65539833227345090094 -0.54308219598592610833 0.36874827700446011214 
1.78448342712141805322 -0.49639031655999760195 1.03908991274433515350 
1.68759041931209585741 0.37053766784513492150 0.89539148449397387708 
1.46565007668977820288 0.89462745766600759723 1.18148580489759114087 
2.72337951174563830392 0.02167394299576564515 0.91097935553585862589 
2.39038640800647206319 -0.04582052092232830748 0.75909664508510821257 
2.34397740897024675633 -0.32294303150738212782 -0.50752137908645922337 
1.59237331403196225033 0.24525035397529459935 -0.05308526299908478130 
2.08318823439129285902 0.27906863116823288351 1.01454179204659000746 
2.36737645072848179595 0.82402205803481354263 1.02366631070713109963 
2.11114599960911641929 1.16012443400740195010 1.15067949041325290338 
1.97078007020176571018 0.16476567663069235925 0.73702809988966966337 
1.54884799063075417891 -0.58276066903452961032 0.73994287338189002057 
1.27364666677086835200 -0.52567224209504803678 -0.58267026133726218529 
1.20549703418567055735 -0.11068713913881064737 -0.50312688803844496377 
1.66326912172539786994 1.02062557772911932652 0.78279547312913433377 
1.24084127367066043846 0.30045664164709917632 1.02973570185959628631 
2.13342005061708661628 -0.03470023039227228268 0.33644978453227830650 
1.55942865126806884390 0.68998806641373833237 0.19482891768153673406 
2.44759310427548237854 0.85298758574934163690 -0.26568724479841698827 
2.85571501905813462940 0.40790418448054294176 1.09046803042346107659 
1.96799684766920246481 0.28711417879580009016 0.01877325018814884200 
1.33510085521250099205 -0.38976010889054274466 -0.14687311480455203516 
1.56839233430438662609 0.98236055807838484899 0.79403681481363963535 
1.40125115306465519716 0.64218009665430986210 0.81704133357990382791 
2.44890490983430764160 1.06179729019180335570 0.80812857953095162955 
2.65568012583625678857 1.25988347962951197090 0.95402688067026841789 
1.98736871808255854965 0.20217398132165309566 0.68342965222302276551 
1.35669324822260950469 -0.50648275297261713401 0.29518499568462358562 
1.30597791777711069727 -0.31325601455620122326 0.51103671364926139820 
1.90398167055973566164 0.40506699782532040732 1.13716077630160117273 
1.48698559789980278012 -0.30068748403627043597 0.67761491618850577812 
2.71865887501290437456 0.49030221251162020568 -0.42758132215310329372 
2.68825848111646070748 0.92396388238772031443 -0.66695196380742294284 
2.84834772065619556969 -0.58335693748003036863 1.09117510836844355815 
2.59385005375965960184 -0.48495365046723670766 0.70264659718662858534 
2.44407292802222597672 1.20511819689502042152 -0.02649329368378628563 
1.05473292288299824726 0.09462138577847685472 0.25250687828191831219 
2.08827652460347579222 -0.60711553719223565473 0.27996817799044043662 
2.92811738450270864220 0.25400324475464963747 -0.06744961744591858321 
2.49801145981090577664 0.21814593068495849448 -0.03737060436952147763 
1.53211275399327884195 1.25466865806418326201 -0.28223706228511663552 
1.91373576984776283538 -0.18935754431068008152 1.15112052281485910399 
1.08852216061363016308 0.27553550716259572750 1.02021149599052307622 
1.33383323220679650412 0.01482428389549539198 -0.15790317582355190007 
2.51010371442335999959 0.21964704366448320472 0.96631422294608770862 
2.30966240721973292693 0.49482742433974968854 0.64137855961812628713 
2.05235472986744316160 0.69623027593661501733 0.70443851888281638907 
1.60528116508173401833 0.42384343809852287333 0.35458413894150114798 
1.13239196521760465686 0.85721671673665511548 -0.55414854401693658392 
1.56298527801944175941 -0.12824018396762951189 0.27076475359191010117 
1.61608071941432651641 0.91843017819903083332 -0.12786652631576223005 
2.27250297970808912140 -0.47170208879066766183 -0.41267940662376384475 
1.44447748856911717397 0.32390289815780398675 0.21356719493453746317 
0.98441921642385121771 -0.02860085162205342618 -0.71916545114058205712 
1.07428629461751445895 0.23517651653361576480 1.09960605038424463764 
1.73822470396190320585 -0.45031048812524637759 -0.56778185744904419163 
1.76873448930295351644 0.25071665368545364982 0.53245623400405062142 
2.24945753974835760403 0.03313364242140653948 0.27751768959701655914 
1.68778717910227715748 -0.62697046980632809010 0.89371749053632920656 
1.04618173405695902289 0.11698680001978760401 -0.74755815572012285219 
1.90234952633635590047 -0.61332258123344940426 0.70896607141292933285 
1.77654499720949399233 0.02004823295321264687 0.57664486085883825961 
2.29071381830074072283 0.44999689168697665220 0.51785967665516197123 
1.56857768995224500230 1.16029281929382199756 0.09510862098878276882 
2.07229164984954383755 0.10068379258277058985 0.23662053837671961909 
2.28734782503542888321 -0.50741704413909416438 -0.61827788287615847995 
1.26373772088177216411 1.04441296148824647183 -0.67916410286888961867 
1.21512409521554909375 1.16735501847314004920 1.05903584576130738171 
1.45121811385068832934 0.66943241221423943621 0.77044041668607599060 
2.46103569077263584219 1.26441546663626014357 1.20702341380756239531 
1.04839579230901858153 -0.02849820151941430402 0.29326554188103237664 
2.76442401701456663687 1.03104350152000656671 -0.37856786387741137023 
1.55200242239202501615 0.73621907826799559693 0.43031781705440880215 
2.89103137873999038732 0.82541423401707958440 1.13859793275326670603 
1.17010517939857239256 1.08086562203693636874 0.17959179787668350103 
1.72261707939093411390 0.89612692423239070916 0.41143174953980488073 
2.55082943671219508630 1.08077782912641318092 0.18199019792162959841 
1.80615318853173545399 1.05075496133013013278 -0.55909687175108035984 
1.04654414259205186255 0.73129881146405206760 -0.32729026129790972366 
1.29572345373973418781 1.31963905288572513896 -0.50838108536336468202 
2.75208170221067005556 -0.04609208775516748791 1.13155127577322156540 
1.28793931346333234700 -0.52040457725606725781 -0.46248608279713154801 
2.76827095185355309681 0.95117124740988012732 -0.55814674168721589709 
1.38666247905286543762 0.57618843212841153179 0.77262373832903197268 
2.76799549163650615569 1.07487109268214298119 -0.10705413655289680586 
2.86208793857356091905 -0.57209511678692903658 -0.28285899421244986573 
2.08978878874427120849 -0.34797795858920427259 1.08384224475914114905 
2.63156407704693595662 1.20223257020154572494 0.00096005842314237852 
1.33751943416128393771 1.22650527320747704252 -0.55439601596535792449 
1.39179550715425337515 -0.19648872358056235221 1.01350044343486489495 
2.32736117676941711707 0.05810433621420280775 -0.71130266879881298703 
2.31299069811016266840 0.05484268597449753341 -0.06781699577251187883 
1.41056038823105800439 0.16379055347320459202 -0.06963027320211637172 
2.77033317380259092033 0.45171496920122311547 0.67002670498651950570 
2.74737442456242053623 0.95272103975102429008 0.37197193471784800733 
2.20916435525602006251 -0.10397519995539687698 0.89519969698107526579 
0.97483398817229249822 1.26483803631745739260 0.86973826082321792352 
2.25198345724531856504 0.03359881187797834901 0.26140199688853404947 
1.97367668864442125098 1.19719071139348209876 0.72183684437984307891 
1.25999881039030703356 0.45673105315686807204 0.16456356316327044875 
2.68724214206515554793 1.12736815216294705699 -0.39325834902013701022 
2.39170291792761302574 -0.25081113087013179319 0.94947948417957617195 
1.60795348839727325618 0.12849428281712321764 -0.31526880978639837405 
1.72534638648024318819 -0.29933321972314980153 0.47282824589371458268 
1.87207084239676668780 0.98580257522420577931 -0.31042414042214355741 
2.72595112762860081190 0.44990870049362569061 0.82607045981442484006 
1.48830477555623152952 1.00066520541005243849 -0.21731764421751242899 
2.17274255613445221869 -0.15351790479541579937 0.90120202519153302934 
1.17108518669077121821 0.58964430033724846147 0.66608869948422555485 
0.99946866503710252161 0.30296507754791868194 0.85457563397520908133 
1.84377572992933846940 0.11208470764373174022 -0.55860351554308729227 
2.39113143454762733242 1.28613827112633360983 -0.50768132635345375459 
1.72221500028649998626 1.14862500943798662156 -0.02137709184194343942 
1.07848892998494205742 -0.27538912829232892188 -0.02244290101904957563 
2.33241774979208882357 -0.45816300421461092496 -0.62020851857629832882 
2.86847436100464836528 0.05397791055485987727 0.35736603595830146451 
1.90660378777441330556 -0.33902363767488857826 0.93094632171770108631 
1.61618369801671923902 -0.26492773734337127234 -0.53262644951460080822 
1.00382045561252342125 -0.09418964999101080149 0.29151784023984089744 
1.42476696370672262226 -0.03545151376022129264 -0.22953464995177672026 
2.24916060563762343349 1.05261621524719695131 -0.60479154333464202331 
1.42698902169813024443 -0.16628257872988677635 0.69550291468597846833 
1.79712633947785116462 -0.54223637350515518918 0.72603997472721704121 
2.80962459195927927169 0.37288673378748743437 0.60350595618948921217 
2.62718584817694100764 -0.04994471895545872508 -0.15371856160165905947 
1.92822386873413509356 -0.62560525803042765780 0.13196928894374115870 
2.94364806588363325801 -0.24176809842946450635 0.43258928162268794892 
0.98752455639063152493 0.69366879781533408167 0.87842971588878804301 
1.76824227229939823225 0.93580695646811096200 0.45888889991169867777 
2.04181684481501868333 -0.46850203169405163495 0.20752966841675976606 
0.99168429225938403704 0.67511958636103819309 0.20060934683166584125 
2.78328561850765732189 -0.01323107634790443923 -0.61983306181010011660 
2.04771547934113584688 0.64966830390021579333 0.13288108988629956930 
1.68191201321464922636 0.37483612684146921934 -0.11357059342810821301 
1.69050167875334511614 1.24991125599255825662 -0.03536916705777336939 
2.92820197525759917667 1.17413154024296417788 0.81244642451002013761 
2.66064823372328795870 1.27856440043099839343 -0.05727079616276024854 
1.05250942360132260234 0.17880716523192760614 0.21700154475481631122 
1.35766844825291177479 0.97231761016174289569 -0.23372363967036391408 
1.69325030232542950159 1.09047981116080117125 -0.36016066481266911792 
1.64847229931265304437 -0.11716957882750045350 -0.65610364297977163961 
1.53090366405448952136 1.26758713361288966048 -0.36548572527183886827 
1.61558698750700702185 0.42451276721918534962 -0.22705710629429173841 
2.35577121911352893591 -0.11042384366512324190 0.66709753471284094495 
1.64966064778738741303 -0.18716097416401811238 0.41156372729336127003 
2.29325434869072042332 -0.02332034279240789709 1.05497445896983421676 
2.97532005916075181773 1.17433346044066144742 -0.63099799134288059310 
2.64437682439819399249 -0.31063754465819598538 1.09057058505390824799 
2.60673218876711754177 0.49385022118492499787 -0.28677910607867046489 
2.79155065836655991163 0.10931114181498841065 0.90089572401559081527 
1.47074130829678373367 0.09919429419294235883 -0.76786269626138758948 
1.44812102000321751838 0.25452668222094737560 -0.59420359881967765858 
2.52763949682046495937 -0.10578138805855412385 0.81290752140697308814 
1.78159481899092164703 0.93830671498500151095 0.48951282008611557428 
2.13317920878011157981 0.93569482401076953249 0.77380845422430843961 
1.23989369157386941644 1.03462460854247728648 0.24484959090275806859 
0.97386208481142189086 0.84540360164320060843 -0.34273499017131942024 
1.92245336160323243568 1.16343967219936605950 -0.18729652606923258285 
1.57545697489600233787 -0.27066913396894515254 1.10808989903327415050 
1.23438602607389769084 0.58128548346517949774 -0.40829875297486029062 
2.51291499754652525311 1.22225936673864254978 -0.05412051230189698914 
2.27283995189106535761 -0.45953053238778268641 0.54820511847070685363 
1.15543275916213006305 1.10639669216915703664 1.16172276061052515139 
1.51730521559533793052 0.22167751999378504379 -0.11098078480171291726 
1.69379692889578059578 -0.63053660756163476542 -0.50778412886904977785 
1.94243792475580523416 -0.20377194344716470509 0.19171072151298876318 
1.78216809001909770593 1.13445504870311730805 0.51473390186767686849 
2.82436627103647097670 -0.39790828700231256621 -0.04172916685453184615 
2.85891952688799566573 -0.10612176482776176922 0.17473856470696433330 
1.84892287928284804188 1.09059779921131982938 -0.58449834323044946860 
1.91246832278163703123 1.18746310822263634321 -0.53607867264065689472 
2.52026551155044131747 1.21443233761977498197 0.81491102704130613521 
2.17745885257979310268 0.05577638215067870497 1.21202697460023900433 
1.27545797370629765410 0.56899294459956706316 -0.47843954286562218048 
2.09841000206103922565 0.52774118689483118239 0.18781083914009782943 
1.81471217420454933311 0.01193496153362832990 -0.63547753693948660914 
2.20928267497805430608 1.04382294061377001171 0.21487388162936982283 
1.59380965029641719077 -0.53668899907296463425 0.73478528243263152575 
2.62256955974715344482 0.03597457393581442869 0.75675891892146640583 
2.39086063252758673769 0.19728094718466657187 0.38705876274389822145 
2.83429955765030960890 0.19642410741318949707 -0.49565379324881519985 
1.91785441343935003644 0.46915964003795290749 0.19403126801187572936 
2.50322718939891064593 0.67584911640215017403 0.31129005740467413643 
1.79776334076453014887 1.11108917806476403811 -0.10544451286097281106 
1.57237630238651759917 0.31843492681260671118 -0.17878518733584311540 
1.72927402908235383627 -0.02566262000511436436 1.17570995181072301961 
2.00810309749772075705 1.13423890898880741496 -0.30772442493304658084 
1.96053544095145637627 0.25454189317082343003 -0.11918667589548762042 
2.82093625501632283559 -0.45176854680368982997 -0.73097447047452634994 
2.09100504209959270341 0.83721383568489016191 0.82940352588575383397 
1.79720113555260763150 0.48850490172443050696 -0.16339928657636831888 
2.54302531538323384197 1.14025279786171873653 0.74813779478539643719 
2.21479146603941101645 -0.53396117510558527286 -0.74255204515323469661 
2.78483376702488660825 -0.36708416475862348793 1.01347164944925149932 
1.72320026317281294048 -0.11521904859220152839 1.01831198451532389804 
1.71329461592472109821 0.11902230216828334208 -0.40954799747894360396 
1.24618365520840845839 0.39035024909548549088 0.04732949646948302752 
2.40654364914433749334 -0.45878624088480762788 0.73883179019953415523 
1.46689000812578873578 -0.27259192557063005591 -0.25944292319430234395 
1.09652195229480597938 0.95348518580570307268 0.32280606293950209196 
1.34409581509863373938 0.07452549914437876788 -0.69457965064931137533 
1.00806071520833606669 -0.61244305851866809309 -0.78603278966368372860 
1.96626184395180647613 1.19593847750311854661 -0.25339158924109883575 
2.79411102848198966697 0.11513570981475985955 0.90325259775721189470 
2.92532113213484912251 -0.53518355281913232435 0.76915827249450552383 
1.52900083864517766230 0.73434531560654014992 -0.70194833051686500447 
1.84171832203474772349 -0.57465225585380474982 0.09075755398811366503 
1.65262546328608084245 -0.30891494837772642823 1.08374706219859295864 
1.07325055572523253566 0.32674541813913671184 0.32206617894006084324 
1.06231645230406979152 1.29520355220024652176 0.97545999161974283886 
2.28800112846332925898 0.43156155508319687941 0.50634990907264831872 
2.54726816677804590583 0.70645791119436840422 0.20806075166333129478 
1.48856898031394258020 -0.13327093139516824061 -0.21323663498142153561 
2.31905218250861588913 0.97253662504114768428 0.12360167798444735010 
1.16585331111156120798 0.14085106074176351187 -0.47226431029226495495 
2.20797057651261141586 0.37483166524735495040 0.41244181986346267754 
1.96812699999999995981 1.24544555754108854373 0.74502217242408141917 
1.93778790273778955822 0.73852658522378533679 0.06486567570832464658 
2.72948056259943383495 0.19512221812178526248 0.97233269347787110171 
2.41900324109441466902 -0.17697037863616690845 1.06024917482902347743 
2.72501205016529279845 0.89768566623542589422 0.41397584097463790975 
0.98318632560745988780 0.87655096200895288305 -0.31070750168636596111 
2.55773338532467775508 1.22439553255324495851 -0.34695283846800906158 
2.46936222425710472095 -0.23181518077245391596 -0.22601299572421681972 
2.69026912200619117144 -0.53632412620285552229 -0.58255165931880614760 
1.90327535604848185891 -0.16242174177060961227 0.16679006763981887862 
2.88805454505577863245 -0.43076400234070538753 -0.73393316806624631088 
2.13713938761193400495 -0.20144439730525082188 0.91400791502103917452 
1.78848825738170380539 0.09664904205192335895 0.50194932869688413390 
1.28673881874556617078 0.60021580999399914980 -0.10434007848237686344 
1.21846775303044263516 -0.02717268178691625846 0.72392252102523957369 
1.02615204349284105945 0.07108796183406811131 -0.72368260842799769783 
1.96812671974536312902 1.09434691755557955695 0.73243147036130651362 
1.92956336265775618699 -0.10539532423891610768 0.65115223046772230386 
1.72228786913209175324 -0.48101992029008994178 -0.52892920058749037793 
2.28894018621375749944 0.93499999689670199032 1.00876346674848682561 
2.61724860461307384796 0.86349449019759383361 -0.66817046352998199499 
1.27910183214918826700 0.01488109643822544195 0.07342474508555379975 
1.16092743709823209564 0.53988603848117500128 0.12960712193437762263 
2.85640360565455386777 1.09512865265405068271 0.81511055426433265403 
1.79769875302541515261 0.23069238388959065200 -0.04227731790334297857 
1.88175098826125419826 1.04455151413562763452 0.74531905884905103044 
2.79013297912354207853 1.01990359328290813856 0.69217503553020454099 
2.92259862170873363496 1.21100550930600769917 0.49755338121479880664 
2.41661049115053527814 -0.23043179512022959887 0.59976949765281939442 
2.49244453043417912852 -0.32076315153209816744 0.68766291733799522756 
1.15497641619657032130 0.06564108293361191337 0.60498020014500220043 
1.28859047449056940415 0.46318662934337034853 0.53270701196529346433 
0.96872607079952088860 -0.30684123691116382826 -0.08507212835364985626 
1.25723169635968523572 -0.53922215504752346593 1.18031493364035067195 
2.48936363929564086206 0.65664176479030123001 -0.67445730427590788736 
2.24805396374701249584 -0.03822498698560911762 -0.34525567015764196954 
1.36417184918939993210 0.11512520363585335148 -0.67066315912485263695 
1.15400186400349746840 -0.05562606128796106914 -0.22783250632046603279 
1.87857064108827787052 -0.49983100163635191260 -0.20132762749797919466 
2.95942843133551569679 -0.22801414328539490461 -0.54716923872766409787 
1.07586582281370590763 1.22469728223281015822 0.47377149674087937203 
2.80005097059745500232 1.15458714320520972052 0.50358267673813794651 
1.72798336479535352694 0.45410483031030923762 0.81833546765568832004 
2.02237446853157365467 0.29498752858964155665 0.20888443044931817583 
1.00736262728179237769 1.13979616348286594274 -0.31052739010613106263 
1.36370157683147796845 -0.50626655309498247437 0.69321816350522003081 
1.48664644725738437359 1.17708835467878869530 1.20486517330119391467 
2.45335441972098156072 1.24947458551393486559 -0.62463191123362826751 
1.54260295779593947785 -0.29674821289682595804 0.54121340920231919558 
2.13208164074634787255 0.88251995325799315051 0.42065069790573417219 
2.10991467428564050124 0.59944144487181150183 0.70803106874691623673 
2.21667265596612983458 0.50902979608796916633 0.91416937781759344261 
1.28710268626536983305 1.03364649576860179181 -0.74698577945586153159 
2.45440093585376040153 1.11644366895048197108 -0.16467506226070896536 
1.13902110574196613335 -0.06902657139824749932 -0.61970217687661566242 
2.56742018594726228997 0.65506576543475536489 1.20953902669101309719 
1.92383335458569471044 0.00567745606325896490 -0.28471219818728327189 
1.41950196640141479421 -0.33973788779097380264 -0.18906099228417594382 
2.24733150700347206197 0.45530242973276280338 -0.63851097699027248300 
2.72992316389803280074 -0.54616126609684012561 0.54890427762659876887 
2.48836125589440992911 -0.21615992033295250430 0.01672867170199255488 
2.64643009774183424199 0.61593311500750846932 -0.43447562475618789479 
2.16951830162511072331 0.12336924143423896871 0.53579404322080714795 
2.04427297800293183982 1.14053330418220899567 0.24630435190984323324 
1.04911329477288295386 0.74452770294869008438 0.62921132862262019181 
1.28449025976159125761 1.01192997342849633213 1.12554882705369752038 
2.44853758170442814546 1.23108598169973637582 -0.65564016471767949668 
2.12029606143067050894 0.04204616150479925651 0.25133107574959634434 
2.68696845484312651919 0.02078227545146901431 -0.21528588528356978893 
2.53852675200249899845 1.32060915244587762096 0.75077401905142993055 
2.92830422203638285339 0.85627539741059921496 0.21199000888345040372 
1.60036597656044676796 0.25433473827147373703 -0.44876212503724943748 
1.04485630050600741825 0.89924340972857330634 -0.25740458449139086428 
1.48747735650136569951 -0.37794730969050971403 -0.28371632723743367421 
1.18284452330121836461 -0.34478595712844695154 -0.41163324735077172489 
2.56977022938878851832 0.63534857497239893842 0.62292828092821106445 
2.06736567359685663448 0.21899180735877266102 0.14223851182795782533 
2.81790589171647409827 0.75119038950652183839 0.46642694774591436646 
1.24868129184608944726 1.06127158891614703506 0.41307620758446805809 
2.82046971491740228188 0.38891141011513186143 0.03598975133902236612 
2.12746517385995614902 1.13430253981879425318 -0.43251446814291399923 
2.33010934043084372291 1.33439361750853113797 -0.49100282690034113831 
1.41072572296411702375 -0.18987329577181774609 0.03385936783985696308 
1.80952301646626256826 1.07391080396792437668 0.83031299385164114568 
1.33820183661785785389 0.31797625903063009289 -0.49467543980382516766 
1.59114716819117374413 -0.09067610021397685960 -0.14577632941413101730 
2.35069340212121247191 0.11064168800039179963 0.33733100860376924457 
1.03598208079370568413 0.17828881367364030064 -0.74754469926215616482 
1.29571294630721967067 0.33702340633715410778 -0.51073088200676874937 
2.77916708065043538411 0.53078679543009466002 -0.77398661393466572367 
1.12780892831461709847 0.36948523771423230633 -0.07092041430844836514 
2.81162141006373289542 -0.46318762328518736648 -0.08649046575617845567 
2.78289026733808020353 1.17622349068736076205 -0.04984644326813553183 
1.69988881162546268122 0.68407516497544862411 0.06101127232239589304 
2.30219844516474037022 1.01543493521832273174 0.89913921167219357233 
2.71559449340368930237 0.92694233481099530536 1.00653209198923754286 
2.02286167166467434342 1.16086335765766235362 0.65349369496396014778 
2.09379601860356112653 -0.53939006906060393831 0.81713448163667457003 
2.47250589941920839721 0.77340912888651258683 0.93249841787656018166 
1.87528212285671469495 0.61822638490968406799 0.32196034360803998942 
2.70780169184802366189 0.82932540400891796573 1.01502035335017959383 
2.04778983530745017916 0.18396300853961822241 -0.77789327090321380709 
1.15315554007263876279 0.06219530752675558882 0.21981101034112285331 
1.63631404458718976436 0.02428532151249152352 1.17315964607253708785 
2.43931829916379072642 1.18752546733701325188 0.93812711446358998391 
1.48421920682920194245 -0.27789123865888409881 -0.49307274337573325784 
1.84038796443882990417 -0.54140796705187610449 0.12769437528216817657 
1.68191554076736937695 0.21519253856181233542 0.55296335702288279546 
1.47649672004838339312 -0.49236027853639430241 -0.27988265490157471227 
1.68800260263856016785 -0.02571215278574955077 0.89277033375231540369 
0.99956300400310171828 0.95370768070370126601 0.28514783653243680472 
1.04894668088414144691 -0.46460361226268576118 -0.22690972565956923912 
2.52809490292780969511 0.77248160323481518397 -0.78610167751062953734 
2.43913540124143635168 0.34280369841510660578 -0.78063736312284248697 
2.89692408076600926847 -0.26909740366171869264 1.03206227896139290934 
2.53328231376565105037 1.32499124129342393807 -0.61568699263647919118 
1.54167536731581278353 0.57250184226129829934 -0.30750729061896042715 
2.32742289005051761208 0.89865163370418121858 1.04852268783474689151 
2.71608422574646679593 1.01388790106373671840 -0.13251103403458999730 
1.60590549567060247860 -0.14876845793782494942 0.33215210257317578924 
1.19403040565902185399 0.59354732502611107225 0.63750590946764773559 
1.45734385537626476292 0.95014784441405264470 1.20107268619167406598 
1.26057063063557217575 1.03883977669260652021 1.11884051110356130820 
2.08906598033832580086 1.07110086767675660724 0.66252959091539720404 
2.05050845445396223710 -0.13430901466287348267 -0.64422616473498606204 
1.16060205798951465717 0.45953006740517954309 0.25325942471003104473 
2.28808444633426955050 1.01235621113224993906 0.94916341319093100459 
1.69016514333925882418 1.01234983027479996665 1.12891437037121522557 
1.85561763106910371235 0.54095231449475089658 -0.14708067298322094474 
2.25709497074965392827 0.53660657908179643094 0.64219503915596598542 
2.64060923666695979151 0.18228536766626890486 1.01266383673421089817 
2.46504743505473422616 -0.25735070204208232436 0.76248592935702674822 
1.21287640406597474474 1.00353141588916860982 0.56933495971590952767 
2.58433072767968896599 -0.40650668920210242252 -0.35072189376181123199 
2.54528123537333783588 0.88434406077973737315 -0.75338195635592275501 
1.52999554591496589318 1.23374290491060478736 0.86981920824458835995 
1.72546467107919809791 0.96616922683576689224 0.04888776048839670041 
1.75950799935816704078 0.04762469258641672393 -0.14739331805321789770 
1.87162174902842970425 0.60303834371034303885 -0.69131399001909210611 
1.04963193399536436345 0.74072131949466191170 0.63794796199841741213 
2.52865263987760613418 -0.22627669237363148835 0.05985681595611497263 
1.91368338827504147481 -0.62513598015750349024 1.11780686903216985861 
2.28348445531383781315 0.93957892262837172659 -0.00578149153619391190 
2.16322400310545104318 1.09748973761950896488 1.16317893591252374819 
2.82331986652592625830 0.03915840208839817954 0.74947202728122364057 
1.25137502681784984482 0.22827924256634882227 1.03243836063720029195 
1.72998100620355144130 0.45849027989649854264 0.55768995846105307024 
1.40612440203379240877 0.71091266114995499414 0.88636572086608633736 
2.86760671725963867118 0.56738061891238700252 -0.71726467168454055567 
2.14166987034190325900 -0.18639178917271592706 -0.09764142336361676666 
1.52817964988138532689 0.77976550609186900953 1.01803139161132305546 
1.05044174624998798429 0.30013296192975003063 -0.04403670724366344491 
1.00534741232064828154 -0.21447711608311839648 -0.54756548767200063921 
2.27574044146358112073 -0.40246703728729826821 -0.47742628454249153025 
2.40342284988581456062 -0.56580720538533246788 -0.74886749654958928435 
2.91408923587460932936 1.19693183842932548977 0.85675694234875565680 
2.34255897528641288119 -0.01942579905589362013 0.16036756781340447131 
1.00119111444463260163 0.21782532215007774368 -0.54258927107111876165 
2.41013512532059381854 0.85446019854226806789 0.09186989183145161109 
1.48533601297076489622 -0.20988063145638136131 1.05579756048789019651 
1.23936583948972600666 0.03121552703110239482 0.29780932798682624441 
2.20991502731236089119 0.04771126894617660347 0.52032459318715174046 
2.61293288707105375579 0.76270100994401435202 0.03620915057580427476 
1.24605096527021430575 0.93366007431766229185 -0.42650283950150569279 
0.98534937158974467142 -0.38735699084243402357 -0.78010299672194738374 
2.23145667359801525009 0.02422804571676927254 -0.64423338542070396340 
1.18379197412818326640 -0.26902475633790123855 -0.02757238897318806808 
1.42102647532257475582 1.00603058565909564415 0.21532515389391090888 
2.11280737454160716382 1.31954818401785423099 -0.62761011796499655002 
1.13996907680884373981 -0.09483965869111424252 -0.59221030666412532995 
1.80901913733544383867 -0.31075500781171061515 1.01223884583576695384 
1.04735507915544201474 1.11533796838944909702 0.25166867830550687657 
1.08739056814361645387 -0.22472536146105021038 0.89772553540054278454 
1.79689442041867586397 0.44496720545053874973 -0.31008302317602887133 
1.71444234540915130260 -0.01078843737925976390 0.13124584132117178559 
2.77909005947559650807 0.01596799955697825874 -0.42440984722986746513 
2.03324804200201825211 -0.31705122359630871776 0.75174966667735243497 
1.92010037383794562871 -0.61624006494739158590 0.72361071410172506102 
1.97044132865599075366 0.23590026960225349284 0.69355044437413015945 
2.40438117261163908367 -0.10683887622080937008 0.12648321463943970611 
2.70447465068538717148 0.88170601170196416518 -0.00314666125447551209 
1.04090543228099030593 0.53934742611321284667 1.20445821641967576454 
1.61855151582451894932 0.05563165883077815510 0.74268181820279832728 
2.58809768244150006922 0.08644009112105915937 0.73582488680693280969 
2.41039086831791005139 0.45999143148815785365 0.26252162998567774022 
2.28918533132015111775 -0.55812886083869428511 0.17312157174974010521 
2.29234905300436819786 0.61593078707311044173 0.50176618068698564112 
1.61910208297612423500 1.03633157903538952738 0.75615171477227971497 
2.21324647742265989692 -0.51163745175738650772 0.95510137728281840896 
2.41290295847220015446 0.24689821167957443082 0.05786730243996281164 
2.30134858820899612653 0.05174591976169243268 0.29773901388709456128 
2.87217110278088760822 -0.33204376128396773105 -0.62530676201834245465 
2.53971743445005415651 0.73551321551259196685 1.19628617689872607244 
1.06280684861628249571 -0.31038045393744512213 1.05804155458676407697 
2.72702856075190380736 -0.54713667328610982032 0.81977958430216413266 
1.03142005218694232660 0.29001913461295203422 0.97017223393511187179 
1.90038294407782415441 -0.62562241051725897556 0.10408172996817270650 
1.44969765970343456019 1.21828946694961803843 0.31924386362212409107 
2.01188428895284054931 1.22025702905508159901 -0.59022324472204756862 
2.58922192342586177105 0.90766066204831907793 -0.14601575218150697477 
2.07060430740976730846 0.51598864869271843236 0.20521064722515275358 
2.31587807249070420923 1.09586915847500199206 -0.64404571851486636103 
2.51482613553930489658 0.77920450506855565287 0.05231881740728718672 
2.92758605930467918910 1.16352799622769209620 -0.58700828508666169636 
2.41890998409091473320 0.46546888691549176409 -0.30676704605321247765 
1.03949956634438334113 1.25452362053614452364 1.13366966022129500580 
2.02809635646680286314 0.63709084047358799374 -0.23367147327229170761 
1.27411029240295547993 -0.02241843944836153374 0.88989739321058114463 
2.44615316485021416781 -0.34560419232155809022 -0.22880894399278334239 
1.84953531113714597645 0.53417186964257845627 0.85137175015524002575 
1.97878710989960193700 1.27780674646684744289 -0.15328456571735060709 
1.11413613488814022823 -0.19343319871637146279 -0.51338765616781567580 
2.60823662790754218221 1.31226291184741916673 0.87580104115467849457 
2.63071260152962915768 0.10178375732326776226 -0.30998465312785211667 
1.49412768839603304905 0.36385554796681679468 -0.70726818595200346973 
2.46555508945689316747 -0.34102431403079846994 -0.64150465811544299388 
2.17151011537942295604 1.06446689033752228681 0.58467641484993315704 
1.48974501731576447483 0.13918279627299859347 1.21127479123617365353 
2.64224375744345163497 -0.49421887251985763267 0.29494726928474490624 
1.20098358668769789048 0.48267052189253484284 0.90589885885584198189 
2.41717348023594258422 0.41268638507703253593 0.23745486751442718143 
1.59348969013310659548 -0.37826169297990747120 -0.38623780111021188688 
2.44840666935632578216 -0.23241827082418281547 0.65368964689086195285 
2.79139591685154320189 0.96752046013234449529 -0.74609432643500539495 
2.02785566104039061130 -0.31749314378752580001 0.11161992140370795290 
2.39626665880987799184 0.66154987811556542621 -0.56309012985676454299 
1.59554684821548109497 -0.30179452940968698460 -0.48311726999437254459 
2.32786439773400832820 0.16671859571350391982 -0.58781627872101793741 
1.23347215854149050429 0.29315872760422823085 1.02916929031943094053 
1.50849342947216835675 0.69900512252661495260 0.33329014423512243193 
2.96120931312120250212 -0.13851626895689800323 -0.34475254909706987139 
1.04152155965842063701 0.71607993826570970342 0.73430563023791073363 
2.23414081688649224233 0.46996404184530471415 1.12968335382164197789 
1.11626255154447528994 -0.55116468812873842253 0.25085166285879351156 
1.98805474842539009472 1.28479013991829726926 0.87988074746699451723 
1.21511038577783980763 -0.42623496531798421572 -0.36486822985860956070 
