1.28342686477994005756 1.98010949899886701253 1.85171673022395344432 
2.33157170515263256760 1.00745375496199285337 1.09098962496254547894 
2.20827350640726072228 2.04482875528211005545 1.63053396446360499006 
2.80134998614518382354 1.55218889324324660350 1.11826636429016401664 
2.88665658865440155623 1.47314870005398113051 1.75389409368882120965 
2.09753128890942130980 0.94479387695322081253 0.31398521565352655038 
1.01701123812368154908 0.30621361500162697089 0.85210143663238901990 
2.50032006556131713992 0.92292158128416790230 1.18948009735492576944 
1.01397875334624609778 1.70993132358446486840 0.86528380274442440179 
1.93680278339014821931 1.21305993749416596295 0.88116702493261966911 
1.25549645020461664302 0.56842676041133488596 0.95285374536685740754 
2.46689549356852921846 0.93867092177859312585 0.17350792587764368724 
2.69115330783839867834 0.54133300443227960752 1.25036698907906496103 
2.45921033050237580753 0.27933378602431763182 0.11120606689391726585 
2.33019237413355062571 0.50803341616850172802 0.41707133322441253265 
1.51484172845090081516 0.67337407357350365089 1.33762502110651548826 
1.66772798973537916822 0.11422663269134179787 1.07572707934603961633 
2.05914071205435345036 0.84425766881348551784 1.35050439957661994050 
2.97153331555955224630 0.36490980737351053076 1.71125504406276074398 
1.39625294970100322089 1.78904215883115114138 0.57216133563715099175 
2.94793334415982011265 1.95807824028166255204 0.25107403529440019962 
2.50970337750313321479 0.25639508532779009542 0.30559227375758457601 
1.87770918087726701451 1.59134658638110981776 1.91048779426718517982 
2.12810487167317941015 0.31557039257711488878 0.35410208994974040619 
2.18579776643933954006 0.48246250052117728435 1.22719538109924064528 
1.89509656607028098563 0.93705266880827520204 1.62272446806613412917 
2.96396235767430082930 1.58710942436318358517 1.25870181318352969413 
2.52226233968218505055 0.71116564758442812888 1.43475891953449807836 
1.34582589285368392495 1.49170761932830653329 1.64007678221091524051 
1.75251511725263386943 1.46968076934767211128 0.79061985241962673410 
2.74747166101013284845 1.98992630561520922328 0.92604064615946202199 
2.35240071512081527771 1.58354359955580381580 1.82718925197731252297 
2.69368427569957047396 0.39123191524811046227 1.43388263003858607014 
1.15032703198811114831 0.66419017343054187474 1.04238544290656998115 
1.19452520780043092152 0.62196599900014182261 1.03621928690198772394 
2.19057925113340923318 1.52104164071482172993 0.79160212345015112945 
1.10471653634873034910 1.37348109935901940837 1.89647098122117108154 
2.45053982377468981824 0.42639221073554484098 0.65717236538027534731 
1.21937004808223914409 1.98212021735275656376 0.73883405734686402599 
2.62922010981553944120 1.61822015906385519024 0.63689183385901637635 
1.96429097545264785829 2.09143643946632629138 1.74881657805317836107 
1.65005263482288078158 2.06496155675690662434 0.74695158629336244616 
1.75691137822076748343 1.89397153920451932763 1.42937354584782139177 
1.34700999284262001865 0.47341367311020260411 1.62050549383395781078 
2.77048594227738531615 1.96433542131185401303 1.02110299951582739197 
1.73219173625358680013 0.39623160279697555719 1.49616036703275723241 
2.39719230878651101690 0.14761473719953541184 0.95922857709509401491 
2.42639346553582102572 0.99087296854269824031 0.19315858703943628027 
1.67560171559431325683 0.82069027128596772069 0.40767602091344312676 
2.62850113875364277405 1.31331151119833000607 1.47365572492644036906 
2.64040561202545775998 0.95959948293430608057 0.82355888900030871369 
2.63175208934438753516 0.34397309230715311656 1.42244340301087701661 
2.23379975491002813470 1.52169011088846883872 0.11869299856209339361 
2.58209669184161594302 1.31291949581144562487 1.43425858278770146370 
2.08734194355529112386 0.93578318680275818231 0.74048385498722324449 
2.14275805274709263415 1.90226903801739588573 1.38943775406672198613 
1.78331775976230999525 0.47099922614248668218 0.75095581790245002907 
2.34902663864811378502 0.11198781573525441735 0.98088019994045461125 
2.87144141438418643020 2.09380170793954123454 1.44002241569902200702 
1.47277519865084172146 1.82555464989784432817 0.07095286122004269835 
2.77440024434624010752 0.12624396330831211266 0.57255528353654050466 
2.66869286770400293562 1.59095778748368354982 1.62716880788692019877 
2.28335056020517379594 1.20343608931948375940 0.03832209532959238857 
1.80676270630192203903 0.97488460560146883438 0.45011298163672153194 
1.30852395889056860590 0.62105211882603739149 0.91363306601817584340 
0.99663198393592367097 1.86965326904512996187 1.67262983171991663767 
1.25837676303924328458 0.56502008554094240722 0.94613452289050758992 
2.82287771023427858097 1.98834552134723230310 1.30847139111708843373 
2.85773258857364087504 1.95004841995375910457 1.55281570327060469694 
1.20155917837105241652 1.98088069740234207217 1.39249453839437409286 
2.27218400879795145997 1.65977826816198881232 1.97352416690605481087 
2.22721921179919624123 2.06414046178065602177 0.21455372430315702847 
2.03040334281184575715 0.35307588294844727272 1.19082178597470456083 
2.25685221347238229583 1.37384663750943936122 1.01409432179289260567 
2.00916950122510051813 1.07689903199898728836 0.72479051579104281089 
1.03246354809454299328 0.17364036251031517155 0.64924153395982542314 
2.26924909415131592638 2.06299294150277212623 1.16895854334328119783 
1.32889604198132382784 1.67576700223309216220 1.50933983916558833727 
1.89848410813594159485 0.29782977610477895380 1.58667882490970679754 
0.97538858509134962471 1.27308466213766124930 1.93468194948293659152 
2.48006489981365962905 0.44219636389471772553 1.26275270274592754660 
1.03317923754918505885 1.23037170931131156770 0.43315350321210271956 
2.29832978960279277203 0.42065097752573504808 1.44916877279342770635 
1.67171180263118346332 0.94840720115409082869 0.87293814478769238274 
1.19680325891198324761 0.78723342539196006218 0.94836139625455040392 
1.63803838892086539580 1.90576026299278811216 0.88950871211144355577 
2.22745542368914151155 1.26906186295388367924 1.03147481777121075019 
2.41767471543507816989 2.02123245678064389352 1.80338695970355922249 
2.51923956959888784013 1.06786254776623734664 1.79591014268538651244 
1.82919909295542981731 1.04274733584985423995 1.43119687611278800787 
2.51608682561406160616 1.55636978025594530095 0.29276098157631352814 
2.37968559444204830200 0.97854063894071763308 0.14371605314077073867 
1.34659320471860222135 0.63564344313641096829 1.47721722350508999355 
2.83362073408555836806 1.52652551550725412710 1.96447320599159858112 
2.70703527260703546986 0.14620082008340301583 2.02972460603747784091 
2.66668466054780761709 2.03406362100202064980 1.18856569420770097345 
1.09970499562389489867 1.90572192620502933735 0.77476178846364629482 
2.51880517294752603874 0.22909704952232756714 1.11897565923273845101 
1.70821132370702799541 0.42460274323460867052 0.44310196869823642585 
1.58027841087717124680 0.22896353511266745451 1.96303103898391717586 
2.34229987630420044553 0.60063898299233187128 0.87352813056560263405 
2.43719734618817174265 0.86383819811564188651 0.67737069378079961535 
2.31311979785517474184 1.05988333761739128569 0.03085660633982358764 
2.18252789409876468696 0.93212708610960570699 1.79259683806028879971 
2.57086369133131054099 0.15766314614147017292 0.15168455487083490341 
2.93355708588064345577 1.66738095129211050249 1.35134769249449715467 
1.07333393722094605494 1.31158343279567524142 0.30640434983202230468 
1.26619206271526163476 1.54914836813863576737 1.86536131057046028481 
2.27308781087565314749 1.54739595935133822380 0.91152957226083919373 
1.80731722744695422200 1.02905913143705807222 0.55948233028126193034 
2.75298955332443995303 1.96399973915104153477 1.95666605211422206523 
2.22931240214402803801 1.59963669795021812270 0.64694221869711288075 
1.58252000600087461279 1.79415932873352046428 0.32726526554862400697 
2.65512043074949843913 0.63147091901471052999 0.59193272768576632448 
1.29878621482520428820 0.46889604405745144433 1.25307161056275151445 
1.06810507816969635364 0.29596616783387863503 1.29640192971563239510 
1.83695603915244287663 1.83179725546942240300 1.06507535480383563886 
1.74896083866020601860 1.02642204589283148053 1.84138202735490530415 
1.91622665002355208053 0.30794342834918719820 1.61125384056681419942 
1.91082356199420133613 1.45239777028083461019 0.14950639223557671276 
1.99946478156037876772 0.89560605956251926330 1.26590978183256086531 
1.39574046510181060121 1.53664613369479030602 0.73036035392170428615 
2.26997976085329389306 1.47700499467438373102 0.09412621305616838963 
2.28049520225964430509 2.11243732419312468807 0.06569034015466385101 
2.15362260098397362285 1.95279069815652306374 1.35100935218252793391 
2.19360913105722499239 0.34578859974712883307 0.97724955161314686070 
1.50899252826420648965 1.79034059752149699030 0.81536306487576193369 
2.63484199579687405901 1.91071959290651527397 1.86611923609181884487 
1.25812943495164697438 1.32086220378728480540 1.45772082708710271071 
2.37590649702288692069 1.32416996666869790644 0.50285671278936217021 
2.00873442950557734576 0.27935799253546061971 1.82146632181168621756 
2.03186504337256046426 0.21360369037100912504 0.59569161820320648548 
1.32241423085432474593 1.50265583513302813934 0.34368023564747940402 
2.90200578836940614735 1.28324722448451633561 0.97563383128400171795 
2.19438529739987098210 1.57588383187813119157 1.10472877418455084353 
1.72295575527701227969 0.56317274812137829709 0.54965572245433735876 
2.91991068775206041863 0.99329342315386581763 0.68859389547335680959 
1.49246127419466056985 0.77180298294675142579 0.88278959983550753243 
2.67370651953690785518 0.38472231685742225293 1.82693069422768306076 
1.71517298305395127223 1.93814941965427678383 1.33013579070043874708 
2.00597460814526540318 1.91456930590393037406 1.26748801151855161606 
2.78537910112789877104 1.55682445085580534183 0.16637473588718809658 
1.49559864098892503215 1.78700680932010369517 1.96104521338944381981 
2.24607801325835287898 0.58913580325159209394 0.62897029133920168142 
2.40360276305398912200 0.54907694080583591134 1.75402285888754572163 
1.63682087466785208818 2.07467123993801605408 1.74341732765681256545 
2.95181580306566582195 0.42270510407709011025 1.14951295744063952675 
2.61360933109094339954 0.75680948194033215159 0.42221447841504805565 
1.90350580822855697249 0.74645976942212755034 1.03805333681305467231 
1.90144515284438631042 1.70919704012300543994 0.40472963897029978764 
2.93246551348690953631 1.21782385024754935543 1.90878375786158471783 
2.53566978922193042578 0.72724460173519600570 1.58085183075301638489 
2.07887489899940769433 1.03575456982613456347 0.70850441794338048229 
1.19128475480124151886 0.79411640328135313371 0.51621004709586915116 
2.29182087420001856515 1.33325032292225653663 0.47037357894364595357 
1.44816261275799473829 1.19582054882927835138 0.95443472868916756635 
1.79364935213773857292 0.66271733832082013738 1.03074533567655257649 
1.99356845962161344232 0.68069752014458340117 1.26023518740471862642 
1.91915145336910786256 0.29332953069961248405 0.59695889103858512659 
2.51073052764323811914 1.71389502696144546690 1.44024169097427923170 
1.15040656054014700516 0.85885657584657115748 1.44931875774298357662 
2.95922607692332917395 1.18127391629329814293 1.83936128172134472081 
2.45762929353995573933 0.57338463349545121250 1.75158516703939182158 
1.18945208640875565997 0.72148910958110668012 0.55647515849468076610 
2.19537092276301271099 1.18172680789293216286 0.51093423748386923577 
1.69741184351895735283 0.56641246133894385117 0.59007256645812733442 
2.91744609226758822018 0.66524091188831446786 1.96340495308747731151 
1.40191613762093858497 2.04296849578284422932 0.23175942349107059304 
1.41925118989107179601 1.92899182484636932955 1.13885673878798043823 
1.12465427395261530208 0.32479703176024710132 0.36159849717345060593 
1.12997221840672201765 1.85442044953770390769 1.84908659648837359057 
1.48202234643812258419 0.77013927915614666109 1.69266264204412708594 
2.14648421828452873328 1.27102656827119298022 1.03675055531119375551 
2.00065010782673891043 0.70948054709951169361 0.95108338900785971415 
1.68085191912304132700 1.85405008995117093207 0.97627928162547994440 
2.87147130460354249593 2.10553061439852973180 0.84274496040218183079 
1.44729549561304482452 0.27519907075837424237 1.47856211202678045069 
2.50172797531060053799 0.74627555209882245890 0.61486666216995067291 
1.18575773670532691462 2.11050793317616447453 0.16214665857796631276 
1.31338582326358443986 0.85607940125547610233 1.99118986247245732812 
2.27380866813758775180 0.84494295738380043037 0.95307309321083133469 
1.62145636903834522435 2.04899375993134258422 0.76442744830050113336 
2.29027382758606190549 0.46352798822945173729 0.15476938311878923882 
1.15231543352941057101 1.30493731541091739778 2.00456235728118636885 
1.11352594156247963753 1.06704770659720193926 0.66876863742485026521 
2.26807077999437334270 1.55191307267723854757 0.94527254764910062512 
1.70375544172678439203 1.07825251817067213622 0.69246629511096025045 
2.02767417105788938514 1.21913684496766427934 1.62230212418932229212 
2.94851636100994873857 1.69341972375297511455 1.36232007762464757405 
1.50590552640315622490 0.16051116484898714232 0.84016230300068561743 
1.66275163761300515120 1.33205286257977140174 0.89067009296477983593 
2.13686758715423952282 0.77456667451506189259 1.92356594544189873908 
1.47825219201600721597 0.17518941243045993428 1.27030041671531823688 
1.92852133607251663427 1.07142225689083070428 1.75873015697015744330 
2.16302737364943942211 1.91985756195956946968 0.79779748910709669119 
2.18371942931347673422 1.45958629898472214137 0.26087773219614984743 
2.55410753840474491483 1.86272166269549299678 1.82252140787921712572 
1.03775521016844884947 1.46099016922766145044 0.79114960848358595324 
1.20553611813942862518 1.77776748234735926246 1.95737539616561972977 
2.31493677501948669217 1.48162108330148356572 0.27522493909705048054 
1.33361078812049593800 0.79094783700562898421 1.55103300266803745266 
2.07573662108749168453 0.22608951517503719786 1.46929522319542038566 
2.04248249707518647611 0.16658211603826938996 0.30540493789540518188 
1.50112345134258728940 1.12322223754401218088 0.22656453644387983259 
2.36266458186410854836 1.61642868814961215840 1.46246930464782387560 
1.59180808949945218345 1.30347739029679954292 1.83689381653164418573 
2.23312378026563784772 1.57493303739856549406 1.68260676869564584912 
1.96633186829098272064 1.11860419520950182815 1.35064608164574817550 
2.37107380381987464801 0.88758755604713357457 0.63404018856043586894 
2.05495747205052969875 0.83334022559209652847 0.71967281720921472132 
2.12019113723804908389 1.82504913814119751336 1.84596210253203896201 
1.81173190123432736875 1.11198809909181317579 1.51471686964359353311 
1.11539983349224836040 2.06889372103365865030 0.67159252939573288455 
2.59752451613159029975 1.86738065748270387623 1.26748032208101402141 
2.79345333293188202717 1.54784600643052550062 1.35115509161660529713 
1.20297453709199242411 0.82638595194560005019 1.50606637268076748448 
2.11852852695016213858 0.45767054774388421512 1.81672076158143402935 
1.78994411343249115731 1.03977416313235027090 0.73560867929624074169 
1.63074015586921095000 0.69045770429512520749 1.53135010735475662891 
2.72420453243927029874 0.61528223479914212479 1.53299999364468408913 
1.71451332629463526480 0.56678950762283231146 1.56601187940577268876 
2.36489775543993419049 1.01082470415458414159 0.83075208895808305698 
2.18478414446043922581 0.28060244945831619434 1.02128415181025178349 
2.89403820553387491898 1.85319799029940757151 1.10811454297973233096 
1.92313667009755095982 1.82489923612924087593 0.12501936325672247108 
2.06221986346740093765 1.15528113822541778077 1.66589214377012417856 
2.45159034517121865449 0.25829430795186786307 0.07086327813346654514 
1.38596446914934912087 0.15064297057626152565 1.95715353458107044204 
1.55222017658138966567 1.10758566283375903261 1.19266422380947845205 
2.15538766447186125319 1.93476865470887871012 1.78020877504207764019 
2.34791387212100710613 0.68460137866937875728 0.51047718792258489628 
2.58140031590117891014 1.78939889359005599445 1.02242874411858042372 
2.44269878591657896294 1.67461474541071653199 0.43820734331002381134 
1.26692118916392892913 0.95554919868496168700 0.59499872418749455427 
2.84500035268878281869 0.59874018566608144809 1.37832724461234401581 
1.82611508195349792061 0.61585191754595547398 1.39947056219353549444 
1.92348916208261977445 1.62419523888572570058 1.30329226928339769742 
1.92858225419506879028 1.14773513769342816460 1.41612647046139250584 
2.91434349925988067653 0.90882468538456973040 0.18976776574862852520 
2.36023827200465863285 1.22447911816420806908 2.02180417873230755532 
2.07179686685754527176 1.79726736222302641011 0.75909523421663505083 
1.95710876252539001108 0.45950229785444218766 1.19108739296470256264 
1.45610212725132726064 1.12430681809421617601 0.85771257651748600281 
1.74662170546119477343 0.54199557990360358595 1.22696741954852739376 
1.64312711403201117122 1.63970893916238025234 1.58614115825004042826 
2.83793463476821816727 1.47696361784137697448 0.75076868580623512539 
2.63354542624268139761 0.26419842855831510153 1.54318234367806317309 
2.70946815101593818653 1.02827752465628097234 1.78062508859804724537 
2.67204671453436937156 1.34570483918929517664 0.46131628813278136025 
1.30967932914452167559 0.48526910641566417537 0.52541198314562342908 
1.93152365856441754488 1.19076191768076267152 0.46410907769679260459 
2.53438107493294939587 0.86670174440185909770 0.18891411845683761528 
2.72787702734451942277 1.35221922092447210950 1.49642517865707502800 
1.31575761959554538016 0.56693049312594168132 0.83181111188344225571 
2.83933691079941841195 2.02633498868249706248 1.65650660191495546769 
2.56788795546447135010 0.15176921347210239888 1.77690155984911934972 
1.80706416387797963452 1.98720735862094288748 0.30376160278089409106 
1.64606333848186392466 1.92463723139331932543 1.28807141479428288733 
2.95345430974941924873 0.58719088436795741082 1.26941550442112438546 
1.78394296793268214429 0.46840157535813931045 1.72772320061359696552 
1.75423865097724140938 0.55557193677953997657 0.47269158076983047723 
1.95448000915628905538 0.50757828970586971185 1.79011834926741930651 
1.41628448384714933361 0.90696268230561183366 1.71231049287704539807 
1.26052951329994611385 1.35050348443559209421 1.03242135599763962261 
1.35375594635749019190 0.58673091870433835560 0.43107932462608633539 
1.03831279002765963781 1.16579633702791318761 0.27681824520779096943 
1.12152031929566065038 0.82683471794616758554 0.46053687459686210026 
1.59589898840956667669 1.24525690536945288223 0.60578635925921997529 
1.11515688298785820010 1.34678646643625077317 0.33457301156638985518 
1.12023952449393293662 0.26559300068851898757 0.42670859019939383350 
2.33279866995196982771 0.98315966749945526981 1.78984308482662046735 
1.63184347273773733278 0.31649484072670452939 1.47162071406454408873 
1.29259881984949864808 1.73986005285371780893 1.96433215502132951791 
1.92367237144077329880 0.81579463700206933385 0.52446663942042714979 
1.61636843054294021549 1.19958671264227301201 1.03149542780070269110 
1.38625963386677142353 1.23084536906310160198 0.43329175607321118724 
2.12652263623635562340 0.74587408383104392140 0.57882293087367442386 
2.74949117142287269289 1.66700683595621002020 0.07232566159314082754 
1.91149349850978889087 1.78538025463206695420 0.07114800791046969886 
2.19458919433525911913 2.04069024019110401014 0.65326967307536554230 
1.92113217746750009063 0.76131558935635468277 1.45888661579332357121 
1.95952760354270627552 0.35575675338745454956 1.70944467577544068071 
2.65078336949826187663 0.15870763185214148416 1.66013420159244340368 
2.08948216376585937937 0.62691576345087607347 1.15295191919602113551 
2.33348038781957489718 0.23110798894728237785 1.02847939442990599090 
2.00365265932320379960 1.13537016934833645543 0.73950714421367214069 
1.23793284316952201252 0.19748743001834673239 1.47887663383594869515 
1.30662433400041133602 0.93512987536299041480 1.99659479512318527306 
2.84272860894769241469 0.11730755240212277501 1.90480348843309199580 
1.50178534382200368213 0.42016086064567498282 0.27511714345798415904 
1.84941828818690456870 1.37925134588918552048 2.01913253827665650775 
1.70849351575187835550 2.10625083654809586164 0.65456734386402282144 
2.15249606195949905185 0.67848173502215558539 1.63275361212400693667 
2.02694418532324860394 0.82633980703928300304 0.31209450666658955509 
1.91945583258620278144 0.99226693811126687184 0.28081950141821487854 
1.99659828463353528072 0.83996341306057520359 0.25120743076292922913 
1.75386776273625133449 0.98709707741598928799 0.09522295055127785735 
1.35931805029585506261 1.15900863700537248846 0.39270015894522669608 
1.92787553563967106740 1.71064626539585762366 1.38377473406181272786 
1.90794511031133473544 0.21050126108021413596 1.91444160418548636748 
2.09671735264141601007 0.27949962217577628554 2.01397115748633392940 
2.17536002661104221900 0.79630010307910903400 1.51052031793619989664 
1.40985799295796598862 1.07112761013211166272 1.26378875705663928919 
2.44819100310139470267 1.96794901750460882184 1.18139557409828332979 
1.42041234328224286187 1.10710962294093895331 1.28749909674067541943 
1.83323972772800813935 1.02874884987541115322 0.71213599202589639159 
2.80176516519694640550 0.46493212140870160409 1.85972346289025947108 
1.12276861218656076602 0.50005939383249797814 0.79366059373999087168 
2.26860424910883606842 1.05668266957334466838 1.45720834780036123668 
1.88096557719163048894 0.42107542957284788132 0.69607986509709318668 
1.07353490351250169255 0.66575684896476317043 0.10984808836090097228 
2.85476431969003519029 1.39076926823658220123 2.01403808377639537142 
1.10664369719595190311 1.54667495476202732085 0.18919271698919626346 
1.23243492424465039825 1.88647388441441155038 0.50828486377418902187 
2.00641482843797547275 1.73777241215879230118 1.08775872589723454631 
2.03379911140230706934 1.31810743217706050068 1.15374035993126589084 
2.11296100387268781517 0.39851334942661609251 0.85565155513610380300 
2.53746260930072775608 0.84677445773815873675 0.80697256130566574761 
1.18987287403633357208 1.20927461923756762729 1.49168196731410573896 
2.57141439057311194105 1.22749731947050277903 0.99047824841927245565 
2.51375286677469222951 0.90795767136704830236 1.19053294523685071482 
2.51381182432344196798 1.74693180317414764602 0.65892320582764374315 
2.49611002278926763509 1.19605739610782513260 1.92264604845707798297 
1.94848672377392961863 1.82407951954858660315 0.15383978751189875123 
2.03404057093563306324 1.45573341726525629092 0.78502242323982474037 
1.51354620557550823001 1.22695180601753150995 0.10618215213655536611 
1.45968579605003201394 1.52881717564076491378 0.29609700986370396381 
1.16743400953180898050 0.63799842867044387340 1.63857813350181458212 
1.79391012236255686929 0.94926263328860827073 0.13066317879359135024 
2.08711063064389890087 1.73985328894585178361 0.96912197067422489738 
1.31400947617419205926 0.98614269381693553385 0.80268511746914394944 
1.59006492655018694116 1.27759563026728906188 1.87364936425493433525 
2.63401053193992717993 0.30149586661711291757 0.86827470048786548062 
1.31164558709616718701 1.22940859058300344664 1.45924333425111596441 
2.70120189808246369267 1.50937368000700944393 1.31143118797292279609 
1.93351203559333240101 1.65245014133088896635 1.91433295635498978982 
2.79377817461047639469 0.54778453114380309952 0.14438091906770197936 
1.89477899446273534423 1.58877128195278549683 1.88930618176774678396 
2.06998063904855200690 0.34175216115780449044 1.86533475914438540144 
1.39762156605120213548 0.87718448739887278087 1.07501481832037226738 
1.87008227540692861801 1.23418997518216877474 0.94714482439919989165 
2.83738116778896731773 1.63317819138472875018 0.41270111565607175974 
1.09095715932687498118 0.10812480732372022063 0.64773715113956731315 
1.62476940336142772203 0.30768338929334632104 1.87159888450348477207 
2.08229093494073858039 1.31436380850012879407 0.94498897459314157299 
2.89531513838281595596 1.95342651810058853812 1.61214024021848922885 
2.10707746965778097703 0.87799623436305196389 1.78108201648299258046 
2.91517622521891750509 1.26074550525313178184 1.54611214928207085784 
2.97535954758700960099 1.64468745571811258976 0.28176099359281442380 
2.66947497059718630297 1.48118332450747414164 1.32642931123700047458 
2.87157750672735723185 1.53623859717230115685 0.87435199918920047946 
1.82698691478367858387 0.80997133931671172480 0.05235936108818586149 
1.61594996886948050197 0.66664555577169359868 0.57451883004608172989 
2.41579460716407012910 1.33608988867876798956 0.12292051335884865426 
2.54902677012009615254 0.14667895464160540797 0.18907769479689914838 
1.29449874852939994518 0.88743240425457514675 0.56996956816269062074 
1.21619390496279211611 1.96870721772995094234 1.78181869031221573607 
2.70214310513205502318 0.35157427699741561344 0.88580618591461568467 
1.44439824239244840598 0.30442855141402758168 0.52939621408774306666 
1.60977418091499013819 1.17656930784842383986 1.67854538291620225543 
1.77220749664686305636 1.70403902755298819471 0.03832486202663665936 
1.44810967388223477137 0.12564487380348593470 1.87443332857411393277 
1.43961788590334904825 1.51579341632287745156 1.29246607694841642022 
2.54958775428368245031 1.79599081175667940613 1.99690045239587599113 
1.60761538891129007744 0.09262872602697098945 1.15329453628923173092 
2.69215690842532007210 0.10944657574355867724 1.66852827265137149126 
1.63613048545631656339 1.24332847062308071706 0.96870896394286720721 
1.63075107054388768191 1.59063367500554631029 1.23205004957331865079 
1.41003297085012913037 0.14885491305356671199 1.93611809444274185488 
2.88266141666488184825 0.60110568657803553627 1.94256678079131250847 
2.79114800589450862134 1.47493924059599201826 1.79272334411392697540 
1.26772279551061051173 0.53713866201119342403 1.80051291634532129038 
1.61823534663168988601 0.71576686047640591948 1.49776570537404896122 
1.30861297741659443616 1.53693723186699915395 1.48964106808836715956 
2.74687470821695578493 2.07849199980298715573 1.03242941398050436241 
2.63962595510815267730 1.94632786823471048976 0.83946356458124771205 
2.11160631026883072181 0.80597276211929902434 0.47539879576118160287 
1.95243244228348822311 1.14266481875111969302 0.79245445232197675445 
1.31317492341166230929 0.42937921284352653650 1.51106438870705206412 
1.51943279682259047014 0.63090140785737836016 0.71070320284060395366 
2.46553456631844758462 0.25136420066941556062 0.07088313847927332767 
2.20680178467473941950 0.98986097310131937466 0.71348097070327753944 
2.37065579753347055458 0.60208964955594379553 1.44837634006566040590 
1.30859325543325732966 0.13309698145085838150 0.42264276572564191126 
1.07290078488834295101 0.23607026847265513703 1.13958607630715169634 
2.22516636903401998637 1.48260031471984943252 0.89262485487991982680 
1.99058141464240634377 0.53827782546809099795 0.79197183853716579538 
2.35117285869240522089 0.53519376575846078214 0.74050559795928994067 
2.47113666658085495698 0.47414949751306090242 0.27247579601115873293 
2.28588947343479098606 0.52989995734371286851 0.71477640440992373794 
2.82820413019886363060 1.55468973062784687755 2.01111518730674143640 
1.27503002296250445013 1.47703260894832277828 0.31449012039736135016 
1.54714146305372346468 1.22508869932505137790 1.01147336867529169524 
2.47271915736187697377 0.68801634914066422954 1.81952269902564323090 
1.90731778296403953199 2.06184636938225906988 1.75314039857340420170 
2.84778440903523311079 0.98713011502956327092 0.58441113686600310029 
2.27328997040685054642 0.27338743637260198849 1.46622840513213170688 
2.33948751582935532412 1.01537497337966930999 1.16105796808753680693 
1.59686439236728716651 1.05204758168364365112 0.19218303732414176999 
2.86887410387847818782 0.46886558052300469912 0.10755802641427421318 
2.51588255624556200729 1.92995088100592315783 0.77343904365868676454 
1.47838728904280847232 0.58983521459824450606 1.74035616415353211472 
2.59427979435876654435 0.38428877890702090037 0.34143169671977574575 
2.58601451407210181088 0.38300008408990732223 0.74407481776644301963 
1.03515433237346243800 1.67139004564776083583 1.78321786589896436048 
1.07173705408070296663 1.64905311914578178722 0.73655482128633509298 
1.64333418722578117332 1.74620236091259029010 1.47025130593583308602 
2.23209815042669257323 0.27106577988901442433 2.02863648257644113571 
2.70329259741190108812 1.15001755104113834172 1.03390617597365208624 
1.28063394705464705936 0.96485526108461305839 0.67106179547608801883 
2.66677434262405954613 1.42010504450430463663 1.38347636451352351550 
1.52239866467580076126 0.29265743183666859117 0.59041248849560334921 
2.63530897306230382782 0.85108658587662655570 1.32202455459474932375 
1.94570968343914540988 0.31054212333005887237 0.03185215914666812004 
2.44092401944657844126 0.89950140299778158504 0.71272460494570410994 
2.02293925636042093430 1.72706089977220567100 0.10017534522251977935 
1.23694538354715866113 0.79657328857971687608 1.52624360096496802797 
1.67496559803295497204 1.47221352042184894238 1.35512448820514053160 
2.32828761260722005844 1.41015847073552302859 0.49418427258977581928 
1.89282363639319628490 0.96031430746228174655 0.64390208912339064184 
1.60358874359891045991 1.80276587883076011565 1.36334323093471887489 
2.51771422846732795264 1.28402858206410375175 1.42789405996749452221 
2.03484803257144974964 1.21744587736520215593 1.39534357833246480673 
1.71999146505882416491 2.04131153038883228490 1.10167205567182802106 
1.45434194742801747857 1.98502720413842559388 0.19929611435196922797 
2.71622927748297904316 1.03887128662318262151 0.76164979624529616231 
2.50432573922458168170 1.59096618427757707792 1.30976426199982931564 
2.19306650962717197828 1.72261582529249701601 1.56784188943000102334 
2.04655746548409256391 1.79335064193188764570 0.60961902652988808615 
2.70736987346527779863 1.06627036809186748201 1.10551213593652208900 
2.03312277547567932245 0.29638866979713734962 1.87946859313628888977 
1.52766324218573101845 1.29603980127360229879 1.44957297268038654003 
2.03920787689585436553 1.08635850133422962038 1.71226891825951121895 
2.10441793698665202683 0.61427952772454041952 1.14974286719056428829 
1.77484757220741395933 0.74392936822005772957 0.03255663808707636581 
1.23405876720278517844 1.38699979106685855612 1.41659184906042834307 
1.79952768282786990106 1.43943555582865490017 1.96277463944192365197 
1.48578724597872269264 0.14574715035500504512 0.24774988719133245185 
2.62506672183068134885 0.52667474532408131704 0.27264351495527017200 
1.11521596286851387703 0.33418611041030349407 1.34137005367670947287 
1.33472525919021123286 0.79216267863468281529 0.55102330076410943605 
2.87514628858123977295 1.75932644140032912183 0.03536787972485871956 
1.05018399739040768637 0.78904109142230860474 1.49226363470997669403 
1.25004642101081264727 0.55061492864393346558 1.95723283342160581100 
1.60556166483536455480 1.27495652542064585866 0.53749373212596263105 
1.74836341315062515633 1.99000256948736886642 0.20012738671382152011 
2.23100674435459289668 1.82728378023338944303 0.51214546523565085412 
2.99960873077440082213 1.22751895472466832082 0.50859570934363962369 
2.97145677367369254185 1.76950707422341579900 1.08893206630335970253 
1.45344582172560254918 1.67624393398068627370 0.41189764960702257568 
2.35894344113184617484 0.48305246914423261018 0.28528691349935636490 
1.03611591706032912796 0.42720840870658710609 0.22322871577144326460 
2.91844795553639269059 0.14855642488249654054 0.85805498713656025433 
2.27294575261890319240 0.53343743496749296273 1.85981700537391581030 
1.74944315651715243121 1.43797338239469740806 0.51384780207389779694 
1.69057627590461367895 1.63556597171349782371 1.13477946566074483492 
2.00378171793664616729 1.04283390628083716400 1.29334166528817684494 
1.71943403024737384577 1.02748091336184699252 0.11186407332718484309 
1.96127820031696109560 0.63545745710952139529 1.27909093492632264244 
2.31200964298911904038 1.06387996232112413963 1.03547539609581162878 
2.41895364764588505224 1.13463814518573613555 1.32754884293870101253 
2.83706541836914016841 0.50166701102979949223 1.90419864223024681849 
2.10387233479191859686 1.46909947174143207249 0.23273686088252201754 
2.14413864240598295297 1.86035857466610821120 1.43627559718064268246 
1.23825031075658142932 0.53552648158846427595 0.76178998303549161353 
1.63696862625008288106 1.94315624721551372112 0.26585580619078486020 
2.65716891774223507028 1.64441439280203605122 0.17885183568899079565 
2.50331756145163586424 1.21019129643465639390 1.95167234132451228312 
2.42867957790553612440 1.17873281501172155750 0.36263713748357517819 
2.10299217392048110042 0.95466611615194107987 0.31113058999668213866 
1.95568581152946707746 0.24226690864748540166 1.91432106912991506498 
2.96562151415409847033 1.59928087190855849897 1.84896712393741680103 
1.80996323884660892389 0.96073857887321445492 0.19360080014267730397 
2.66838781461046448129 0.17165282325525735296 1.62878241951418778477 
2.91459503012391962784 1.38869490255411709434 1.66653236707954666151 
1.36479977445121725133 2.06275385037809311228 1.26471303732149875643 
2.12512148274918555302 1.10672237723816069277 0.22576296391299560673 
1.78858275770382801895 1.97075786354940429845 0.16307896805753785419 
2.74146608710648331808 1.98294579373517776411 1.24376148802143604577 
2.79787691643626335036 1.94077802962176937385 0.07415200772147213792 
2.31857906441196792713 0.44775873145249911467 0.16738359114318393517 
1.88626380012753180893 0.63714572888143505836 0.95051927130467328553 
1.56460318950574439612 1.71358917751126904605 1.23785265503085262218 
2.06177545326948852278 1.31647746891434236360 1.90917685046166618612 
1.84728479842224113661 0.50898966177637272601 1.85143614206117912424 
1.27576467271755511490 0.82348547109985215098 1.53827186278741390169 
1.59152035087327137219 1.69803141493773535053 1.18947798054911557664 
1.79740588181168270410 0.56544223812731841949 0.05365761354700067376 
2.69663266139275226152 0.82618454475487834721 0.99065862291387607463 
2.10945593325569813459 1.14615275558599227779 1.61817741189178510020 
1.62929026841409219095 0.23059653242441929821 0.58138341206410970585 
1.39105222385421445352 0.59322639826505596528 0.80010628650709891829 
1.37531376880014288844 1.33737529257372322888 0.10318441878994571992 
1.67495654435324237141 1.05655753214756620295 1.74017606571676197724 
1.56980019949702231941 1.96267444533963852926 0.79886463619585490470 
1.54043602741856666682 1.58233295705342547066 1.70870946236781429128 
1.99247023240806231392 0.85121122444337449231 1.63399524098038373410 
1.11443449490674195701 1.94939930834038399610 0.75511989553040459455 
1.69728080097948819116 1.54228193671698798894 1.63271721838756422862 
1.79279550324221759183 0.54394934438653608222 1.31369559947293423896 
2.71368739791074720102 0.67869120395510185162 0.08631644152152519178 
1.75543631321021886826 1.87695632614932716997 1.44110515559494500870 
1.59725178058148586935 0.19253592417496673272 1.67470587328705922125 
1.47499881618963235574 1.42548742224885849339 0.25932861932978645836 
2.56887766969643793757 0.82683669727707187480 0.22765411602455601359 
1.69386687554921433474 1.02235407924356280773 1.78950002429317822639 
1.66752924512714462146 2.01679113733129389274 0.19675266384490025517 
2.82747881124469246927 1.57884598444351964552 1.36230147298571879766 
2.16971143188040871408 1.05453279320876758263 1.65259295513765436247 
1.33772709921989996218 1.55015071046969721280 0.40942130446883812089 
1.92081694203915231967 1.50880455097003363107 0.79124651074457807987 
2.08382071312016092790 0.78918066403767173078 1.80787194765729486434 
1.35506082523685056351 0.92727387695246066279 1.07463218947733518682 
2.48809643099532706856 0.58539403733042982836 1.74390869637308343343 
1.13484234961688312815 1.31222711439571315672 1.99767959134983708047 
1.55805129660427676974 0.22938226002550049509 1.75804870420076619908 
2.41928653790781478250 0.75323651657696710782 0.95181645932277259003 
2.38936401997938352437 1.53414235770402096470 1.72729774778566036453 
1.27218108654934569657 1.84094116721425526961 0.96371041695774739555 
2.23703762406021677833 0.51038172207517840118 1.12026663780834767614 
1.72066285863737267192 0.32365332647261019217 1.51115099752315518167 
2.71573945133663974261 1.96924466918732976595 0.88793702557190778979 
2.30638864619401884326 0.97707849505905131071 0.87612334138936176497 
2.86450505349872619476 1.47670520579175090781 1.09728411731457131673 
1.21492896706461506184 2.04965411877807346386 1.25603286604170882867 
1.36942546830236211441 0.42630745322792712448 0.19782481426974246608 
2.87354860206797768640 1.38662767922766971829 1.03130054109776070348 
2.27898729086415174905 1.86720302370494017907 1.95352535813022898381 
1.18941236626144775101 0.50280021970639843243 0.81883182536458054557 
2.43191291826535671561 0.26727556654050488305 0.46833698293074482732 
1.86430042445448318489 0.39889468999312815978 1.65404484822667208199 
1.95570484292522284164 1.26777629033097061217 0.94738150159873790734 
1.57927008120070189179 2.00569505524900959514 0.78624968314776511047 
1.14144602542500006592 1.99265550789793266517 0.72735197598874679059 
1.42939644161041434778 0.19542999724548537621 0.36706593082947125417 
2.40953817367974032493 0.55705361017711274574 1.35583773246708361171 
1.55189120256807000509 0.88238465491519224582 1.23126178003718278475 
2.47516044192691397896 0.70575055152326626740 0.47048164613366083575 
2.55370075545811925366 1.22708251217851560533 1.91092157128149975343 
1.54504902516142217372 0.21013346341177133181 0.04712983397066582147 
2.04868209463395656300 0.52994643421261133920 1.78448296535852080069 
2.91582082881709814259 0.90671400367187349190 0.18880173464449004350 
2.98859641574463452685 0.13801850851275515586 0.37035088127647430856 
1.60538984019310659868 0.89527539338338413266 1.27350144830225575632 
2.72906380507607870811 0.96632856057146376827 1.90879157025712964391 
1.97181808647567335946 0.44947132153178048775 0.19228174572197545555 
1.41328512945856465954 0.26278704137260311402 1.06553060404712418574 
2.70846333608094624879 0.16356106974819359379 2.01828982578129334513 
1.62143644023250144137 1.68498747267134674210 0.15786944656084492267 
1.93224225562952511837 1.12622539065326265906 1.79810625547200175767 
2.02030028919125603792 1.61849240418013451404 0.80462203791878772474 
1.33513228609505207878 1.07797144049759441309 1.32355791032233494064 
1.18291683358298782558 1.91872246695888293289 1.83631348220960521900 
2.77413504238290453685 1.88598967170996889564 2.02307098433897225576 
2.35949400947100462744 0.42761714286722124490 0.55896820387078371972 
2.03715008619110760080 0.54437493150379023810 1.78477414979332538181 
1.59476217148352361619 0.14972720731654495796 1.11224383956692673969 
1.07716091394824098337 0.35666187914960811867 1.27371972606113459392 
2.71368381097404620661 1.64716381859171057123 0.53020349768015950787 
2.55577529818610127421 1.19593834397943887815 1.80832054379558115897 
1.37724258169790814144 1.94341184767926722365 0.71332848577748630969 
1.13395797814199106313 1.30541100185975467163 1.99729727845296856081 
2.49771277590599716234 0.45718262518035845954 0.27277492307323475407 
1.91420626671298221844 1.33538102082845955287 0.62938369637562385783 
2.58139865166103810168 1.26360566881795954863 1.72106043753635451488 
1.10134155685034018646 0.78534792219750138020 0.88407447298436270255 
1.04668855933273841075 1.34667318310830763650 0.85826795474596406788 
1.24376278797141881505 0.21748298626146631007 0.03809492697638007519 
1.51375855598601960494 1.22689857834253501778 0.10425482768077451445 
2.95842821529456445617 0.16706000265404907790 1.83360140752469580327 
1.74923741347407446511 1.03906156866730126076 0.99281110081652246269 
2.30883895801063943054 0.53024613895391148333 1.59718080541031781650 
1.68534300811018944444 1.21063901548447172551 1.57418077415815793607 
1.52000535262496816458 0.61980037199435067397 0.71337292582383404760 
1.96631754278488024568 1.59225192230170398133 0.82874091140963612734 
2.90160557468197843889 0.71826854427267716741 1.01116026972668748840 
2.57192515156982803859 1.94423782516586651781 1.22812236077929459732 
2.79824881680438064535 1.59719567835274056655 0.06503975184695365286 
1.53875989881020869277 1.70006012386048133145 1.63216339059405179945 
1.31746548484093772835 2.03135476797321246067 0.91148424611130718365 
1.18729444838139297502 0.51345082952564136125 1.16961506323822983511 
1.47392623286203949817 0.25563495389243351408 1.40329998462408811477 
1.89728492195750098048 0.44918002968540260422 0.74146799401351504155 
2.69765682799033035266 1.35513187629747866580 1.47368395815549302341 
2.34303154345503639178 0.27833522653613285147 0.04253416492993958298 
1.23367273937320920396 2.01872083320387707417 1.57029013130123162867 
1.21417776976108338083 0.54194128064598268146 0.73735154055328844258 
2.75451388401476737755 2.02672460594302261683 0.07291841069661708641 
1.16720355705459688522 0.90251191762049554068 1.42567708605407772460 
2.35644344072827349734 0.78791889775480594693 0.55080054219524354764 
1.41783503785055842172 1.27302160438862266290 1.46521652315744543849 
1.30688955931437233993 2.02965043968986647016 0.14909185122915788457 
2.11686325509922035337 1.19089942220092703806 0.55139010266268173588 
2.80343878330268481136 0.84405621741263980873 0.46401399694143224961 
2.05246301871078662415 0.71026164067246455591 0.07158184164509849567 
1.87452639307841395500 0.37115361121721401894 1.63368397809089893613 
1.67226231490779575495 0.69046025968751156832 1.09549319941709644155 
2.82262597756568300866 1.02803283382418420011 1.59666601881357839154 
2.93072014124173874094 1.33619081296846786699 0.03171625662952774066 
1.50790715151116594406 0.82797445094393773424 1.14246265816534253723 
2.00888478656665148137 1.22740665180227526143 0.70505155984106138156 
1.27959882276293379633 2.08026385693259063814 1.06445927778055993151 
2.60139524917097375578 1.71346092077891132277 0.53880157057931621356 
2.54040793971405820528 0.20316595125730221860 1.14224529194888635431 
2.43429901834499284874 0.58150046045593017929 1.35778996388172634724 
1.86936177357264443621 0.41723631389421245164 1.68096873792587508945 
2.82686645537720071530 2.00877548426866248121 0.45224046747714069516 
2.09567578072580795734 0.81752156804714470884 0.80721825608954167475 
2.34399891822292261168 0.64273496090707116224 0.91151013805528435796 
2.10635481044189853961 1.16622023921774387034 0.20257010427159266586 
2.06385906550755127142 0.23654929225488929845 0.36264175739290110956 
1.67960721227080012063 0.58002406922262950140 0.20141653955886371086 
2.25578270389329782475 0.19497943105846549106 0.47342895945573132410 
1.93655076856604035918 1.31434298805937133103 1.63240032156206527070 
2.45351621008509157562 0.78729472364130748119 0.99058639592882569147 
2.70415707722831033522 0.37429570029451703084 1.86714872167363621358 
1.67819038756844030047 1.32025895348716848510 1.49630910777497305730 
1.35426204754852119727 0.26601084135466152025 0.47136465427354684588 
1.91443293979391793158 0.54528428396654693433 1.83375550640124451718 
2.45105873347111025140 0.90758950798702042739 0.13857889949672355656 
1.66712602174757962281 0.42439824072722581727 1.79388096564403154431 
2.58860969681807651099 0.81804692199575546052 1.92652844414704227383 
1.17812245437971152562 1.21078144962053158018 0.07038897858221498938 
1.52410612298693282085 0.70642544840779664117 0.37085833355763309083 
1.46423478424754893723 0.45289570267408485460 1.26768764458717120291 
2.94024785255297427256 1.29900120624355852605 0.59945988081174494955 
1.38131401020399380286 1.44452266998921308172 1.62036913398339077474 
2.43366110691438208846 1.83274617330340849897 0.03487644095054370091 
2.75366621336016503818 1.46567618505091812331 0.46962413400125646579 
2.30467849635812838116 0.97833113800790905135 0.78228222077206233109 
2.47532898706875359451 0.47775066423636186608 1.27524554405798573598 
2.75245178280984292840 0.12804943366236815061 0.58913487522479579539 
2.80059070460006021008 2.04816051941600552055 1.72337315310233707422 
1.15400344792784892434 1.54813643314205084955 0.75742917475954107953 
2.32340227005097110791 0.71322216826971907011 1.95900431461453061743 
1.53703651826774123634 1.72989118099799599193 0.46357453575743179375 
2.83369082932664273500 0.97880264406701922297 0.51715076385531810743 
2.44018343284892580414 1.31307523742401577316 0.52021457845217189409 
1.65901084580723434669 1.04861680493282438675 1.16073355533963096242 
1.91447253921276971944 0.62740995864714588226 1.91327934467752913683 
1.67102961349794876256 0.90279908536174091616 1.92085111387968288099 
2.95815003663004549850 0.50544294444906090469 0.79036182767564278073 
1.54292106923379623851 1.20250615926101311892 1.10938948886942290173 
1.44534358971379850445 1.33398508792774017628 1.56592734090814111880 
2.98768671344859138017 1.07103234889052001400 1.31730561058509154648 
2.39974234268845565410 1.93527621691523354919 1.10992162956433881860 
1.30560532190445854894 0.40259520582475044614 0.49833795905655325909 
2.57424504139506016287 1.74710456792285251382 1.36761381308155294256 
2.33740536917903929393 1.48961667078307868906 1.28896282965922348573 
1.23311541646436384490 0.88267859911411239437 1.50900631775963089964 
2.51646752620090197183 1.82637233662238451792 1.77346937926715164657 
2.14951135846915120098 0.50721783936158570949 1.79095098091748083924 
1.29880078842015311835 0.77159076731482023614 0.53519613559084622256 
2.38102933179283837717 1.50185975287019468638 0.29587294541495823275 
2.16538779818795212861 1.60795370509308055418 0.10330612756713729306 
2.46574789925369985966 1.76132789177329307506 0.92332312043116104849 
1.04281839991160918402 0.18794137891734358226 1.27524742340312102762 
1.44260937272300338030 1.42500986284581920849 1.65901757020159124068 
2.82306495229730636254 1.97628609300943480775 1.46066872277482096010 
1.23362339629483486192 0.59660597930661352084 0.99890798671950808973 
1.07600350653183784999 0.75512263331510687259 1.90807678057705509822 
2.26434483460920521480 1.47783551771782106776 0.25710519396080605548 
1.56355327766558382940 1.63478825761835322439 0.66829580469425409195 
1.78774118253589620053 1.97916141111348964365 1.21243683808873115026 
1.66488713845704627836 1.18849173464259560973 2.01896538806213010631 
1.89430632499088824616 1.66678143313627047384 0.37172425876889053642 
1.07449936180741256742 1.71239877430423126370 0.03808891383725823698 
2.82959740847832241784 2.09089931976200427144 0.51014807924192318023 
2.43886224126889228359 0.90796677643341283659 0.12791499696997177260 
1.47329887344800236626 0.79161314512244063124 0.68445743870828124056 
1.04514385364569761805 0.23214292462629537717 1.30898264708373734955 
2.21551744272977879646 1.80975696772498695353 1.51805526742584717681 
2.94622016114461837688 0.78412447258241446679 0.48566582971546368164 
2.75215414601962482521 2.02696129577883699113 1.83194621497397669430 
2.64233080542240994504 0.18932949206721905178 1.03188090121667630505 
2.53472605374517678811 1.70859656915364288565 1.66997394794766029769 
2.67155435232205151763 1.22749647420483398719 0.57688981106252235076 
1.21233308763437119815 1.99564671485524125494 1.38609051791771675788 
1.71367105512490280894 0.60264962342451167121 0.53675899132989457474 
1.22899221981033890394 1.31759690855463684755 1.44914853296229328983 
2.15037447674756077021 1.18496455477574436088 0.13100706312498316963 
2.54018836454774499245 1.29723541829913302514 1.58477962469341826512 
1.90701679697915071898 0.64521630424925791036 1.93901755462993130585 
2.91302946102564019881 1.78967671530988781115 1.06731800627809092497 
2.40791452084287227464 1.95331973883508647205 0.73286613464457661671 
1.71375913387227174489 1.55104591080213594090 0.59153396482034847903 
2.86861176255955330205 1.49869227454370368413 0.15093632204708384847 
1.95572745143724269212 0.74130988535484443336 1.04574955236442646012 
2.63072287118354619651 1.94796639317256814472 1.83217607638624735422 
2.35543606448361586558 1.56682519507580675366 1.42988904005552952547 
1.79518427698484472899 1.95964524825859864876 0.43900786253502466217 
2.59236845045552977140 1.70413602064876723574 1.56569218633657425421 
1.48039236309913291301 1.66560085521871892311 0.36854702848842196827 
1.19427472576771598334 0.43253148293736398688 1.31136794595061467739 
1.69313731801333977600 0.51174078397218092373 0.67255318666020125207 
2.86641972470935746387 1.50897031224823718887 0.16404213705825237968 
1.00243065171972722815 0.32293561834535416954 0.79882932502964432153 
2.73373750260478987073 1.52191650999352745544 1.31081371079942976543 
2.84243260145524478943 1.47010171407622070028 0.72830121730392294310 
2.94963226134267175738 1.67208488102756525073 0.33727046719261660757 
1.70903791961188655790 0.65071739123575500496 0.51229800479329345997 
1.72926468999500038137 0.33456876266444779411 0.93085777797753599394 
2.72284027914041937279 0.68345667822904487831 0.50028193141358689999 
2.70303545239088860441 1.89992766242493549278 0.34910915168628120497 
1.16012418025088082096 0.88098781001203285701 0.43766783590362445810 
2.31130151998724731044 1.98674179087171287605 1.92059787984696983543 
2.36372292283811935576 0.46145085055187490264 1.23779536612271234830 
1.17962333746278624780 0.34687438851338220358 1.39374271949581340913 
2.60272768204187476826 1.66487964211591599195 1.61754703273782762807 
1.74570376912039915140 1.52813011706374202170 1.51158939861062724397 
1.29178104473412025399 0.94872134212483882898 1.64094970686530761128 
1.38835715014648708454 0.39467849372564056676 0.18009615771084763747 
2.88756550982626158941 1.99103603229730374835 1.27435421345531851856 
1.47157948510601155334 0.87021521247072552985 0.14090207113911337733 
2.61525439564253181501 0.18918127885539290367 0.67672567712427300624 
1.46429841900949964106 1.68896781629356973475 1.42272564893898434413 
1.03929314106373471560 0.47119072853067461848 0.22127731078329082592 
2.82141892410020966864 1.03335246803111924230 1.55236300727569576097 
1.02874731262521068587 1.34045946639399415901 0.83542858608304748635 
2.95380691882835799689 1.01284249413646287863 1.29447042305806991891 
1.38228112644237022266 0.84313097050332996840 1.61868371430198210170 
1.35636384032167045532 0.28529638910207405500 1.05836572035549081328 
1.61999109990985989960 1.33739071792387487214 1.84160086641469322721 
2.92783306588569169904 0.95488171044098268947 0.65507838937347018238 
2.12474847931903498832 1.87731701732967182217 1.39783477771787767452 
2.28975550807025962641 1.58308234950607684688 0.92481337344923431054 
2.18699186187004857018 1.19028574937957754010 1.50954583165123024102 
1.85656940574494111473 1.54731675866599704960 1.88995437566225188419 
1.21840690582550292831 2.06251322767801603675 0.55264097224798192087 
2.83344177910933847642 1.13592871380199866849 0.51138922590121582701 
2.75094894954176538704 1.62888482561910175050 1.50326092888438633821 
1.32482317295306839533 0.98723704529737488222 1.79860961355684256802 
2.49043685787343083149 1.93575903403527238567 0.76264406104037463230 
1.16009465811123657630 0.39071595977745821049 0.33126184847271678002 
1.85905903425749707836 1.00142105645371781719 1.67071944422411466924 
2.95846176700011032068 0.30709848509717296849 2.02650870938582805536 
1.85256208561124813272 0.82190198570646066933 0.07127382171111598663 
2.49643884657368309021 1.62829580738223000935 1.33688794809776534400 
1.54697606249617836127 1.86025403850632620184 1.83714972047771762931 
1.17236055088363078092 0.18118448196948011564 0.51364679634718268808 
2.22965064681005875613 0.90975662052597883189 0.86758711100432595043 
1.97091775173292171885 1.31064527139775144349 1.68267953611761744703 
2.48226130810072564969 0.26851295442483197329 0.12726339850063170256 
1.80654603730162621744 2.04062866885020399721 0.56868959522877060575 
1.17913270641429090979 0.22249672250060037459 1.48185943997435032315 
2.51324846872944585030 0.22438383969281652797 1.23020812400640888740 
1.93375054209063024224 1.93764890115904431234 1.65121899480321832065 
2.68507074659514133330 1.43660625496502647458 0.78496347308372671492 
2.71360184507621315930 1.05852453303622451308 1.72671727093078031245 
1.01263203060202422456 0.82708359552275700910 1.66556372501918925622 
2.84523609398173427110 2.07611670187404406818 0.82212618348872890106 
2.32589500099677692901 1.90768509001680031112 1.59898221693751807493 
1.01417229470908143441 2.05921795960821096827 1.28422118212687763616 
1.75724727544049819095 1.58741803577493656441 1.11301952239417856205 
1.07303671718950544012 0.79964673216183346227 1.81826737842133612233 
2.76977226951579291736 0.58609968774787302159 1.48297996099805073911 
1.59013123625458052679 0.80810547475036054177 0.96245720075435003960 
1.68418640573884648148 1.46922030284586346838 1.75575335015289657470 
2.62605447882997911080 1.33440458411341378309 1.82839874379372702151 
2.45966894248482415009 2.07307281485955607891 1.24798658451171839978 
1.12974951906892373543 0.79151309900787270024 0.90829267816681380499 
2.39077278578192231606 0.45699404899029594240 0.63508405208288420951 
1.35370971630005088038 0.66769670464673125387 0.48962316245668074943 
2.56912223838050701730 1.22708591639108255400 1.99243163875604367696 
2.59645103809949917562 1.06798694043710917789 0.19178344404723374206 
2.76210346385081262355 2.02302329360741417474 0.03105759427341492004 
1.56325264006087194524 0.77922762931112710127 1.28145394844589866068 
2.27441345316769094609 1.46495433783080097889 1.33252368618800409727 
1.36658515138608538386 0.47260250579974699692 0.64412341292172170526 
1.34513800262669547259 2.02746461398069177662 1.85530341180577873494 
1.63638175634484261955 1.36393338409024433844 0.83266039476567532684 
2.40570257540774656846 1.05129149522038090048 0.84859787529209718127 
1.44718151245688297912 2.07779222035154731429 1.82276985109991729317 
2.19358603408922991918 1.78795144978493514287 1.94545883742268554961 
1.87496953963473500515 0.11961472146372587044 0.85445546968510888153 
2.64751354903494506843 0.40304361378401604155 1.78621431408251529760 
1.63793719204401466705 1.25165667108337319569 1.95982231617712998606 
2.30932430128979238049 2.09065004871107307238 1.39334126861793872187 
2.35666518859825169230 0.46983369942509650707 1.25566713477622182715 
1.78440140876102693035 0.94711207457759516437 1.41986674977302063105 
1.50490039925698981804 1.21779889318843959067 1.95566876852817883581 
2.90541332976125055154 2.02066839263934605597 0.31071227943119644754 
1.83535013448707617911 1.93370349298124533099 0.15259064091685151099 
1.55739778377483584215 1.23011856779481831836 1.97477571140395591343 
1.30798079400164835029 0.87394577448903598693 0.57629377427763794906 
1.39182595345566517686 0.22523404068878069562 1.43321634536767983370 
2.23260342840818237775 1.71990857242713057751 0.55133169451273367212 
2.54760070006514727226 0.18081346328846156779 1.82407701865520133211 
2.14407146165013040573 0.22271468342028799547 1.08960528353837937665 
1.62776623689007471363 1.40080782807716541782 1.38151751950756040976 
1.09986057698015504691 0.17572532955833691792 0.56082050472856581624 
1.19223941248162823570 2.10341053684263501466 0.16618131924076778860 
2.79560372461558159785 1.58376154751437647761 1.08127802212724599684 
1.14463049047643372624 0.30339531156973914561 0.99520605067031919777 
1.91271311330686955010 1.50998109196285201783 0.79620492435483691818 
2.46531651355103553769 1.70776339014824052320 1.84258519341424609195 
1.44873233386293609470 0.52618484895739070506 0.30143270757116208403 
1.23754593345852881292 0.49868121831055345350 1.97052059102574728122 
2.35251107656062696805 0.95024722511609305275 1.06559388341680016943 
1.96375548897256280156 1.85721956452188785569 0.21003815030037648048 
2.96240473163192907791 1.33982175333679465190 0.67051708248247110511 
1.81715878816665088458 1.00924945037132629544 0.45697951772916756141 
1.85213169914836783825 1.39427209348982739101 1.03049128530611966426 
2.25423929840512249356 0.51184860037582280423 1.91784140573821182407 
1.18373588843408428239 0.64027781202248157388 0.03093888852286862112 
1.42471557493796963101 0.21211406191351422912 1.39341944992870314657 
2.42757536058856526751 1.03028415674944784364 0.22730741065220097519 
2.60746613526418569151 0.75617534728546931255 1.41825397695709187751 
1.90398648978133744336 1.09487941525438059465 1.79386307346879392277 
1.91040500268611701529 1.54613849697699867747 0.82969205763329079151 
1.68176149537881247653 0.91538908749177849700 1.92172535311716030648 
1.71563118129859204508 0.62961732990827634637 0.10852855642346703746 
1.38686147488804034644 0.32440998728508801952 0.51936256971474992206 
2.34103563280970572436 1.98305163801530115464 1.75976330667886360359 
1.17290354394135443172 1.90977278552721907445 1.83507081475489974842 
2.28351984904842764124 0.93802760191368894649 0.91014650364324556353 
2.50625580149899640503 0.14910046503450283262 0.24428313338469342941 
2.23997438171942153673 1.91667588619798867633 1.49212519584483072066 
2.34567432451700375040 1.30420366815226995705 0.48229387682833319007 
1.74943715212155148642 0.41114879969557727168 1.89469644642234325005 
1.88713160969533944034 0.68149635952547293893 0.39993310467125009477 
2.39651148760053889220 0.42910807366006925578 1.61103550740590972801 
2.81990833495366066686 0.92628201303733359584 0.10356193256083079390 
1.79768830034264026629 1.46321791260457367834 1.94158411089434435048 
2.30221137030410893942 1.47478099662486883403 0.37602544693856643221 
2.03260575080314742635 0.85988589894666922486 1.30297582803684131036 
1.35386390112359311644 0.73784159051885978009 0.95392130714878642372 
2.39512235829732533787 0.33466075395166861028 0.10908997169479396627 
1.46329771522778462334 1.76323961574860743617 0.59193992647246418404 
2.58603701219364179309 0.43292110355473673033 0.30808504283866172679 
1.59267726884298777001 1.82401369316006034538 1.94783953577913249156 
1.30856920845496160766 0.97091841193508976460 2.00752669908962211309 
2.03751651984272097451 1.61060225006749702104 0.78909245870211919271 
2.97016492002663490268 0.75189454373870323600 1.42532258952678780872 
1.20605716774963278581 1.96139554772898194734 0.42839904476545159762 
1.99357708702723712690 1.62709099937842571748 0.83001846226598108291 
2.93885767504442085851 2.09928312427849261823 0.77808142985180928086 
1.70329316407149788937 1.42844903271725209848 1.82836550511044371170 
1.11532179267119402333 0.11307922553660744447 1.21058148591928915749 
2.35352299114924790047 1.94275427938600464550 0.67820708509363325511 
2.04323248348709585187 1.70837411787936965801 1.82876480877445235507 
1.59512152793885775282 0.29733467933980550768 0.84095630877682336912 
2.97668348398217785800 1.78919941995835873882 1.12723363843047508226 
1.88654701995377283019 0.33791066353998183702 1.02435654256751740299 
2.90940879318221767846 1.58733869166525765060 0.88893489336823083846 
2.84434895305468771198 1.35034978961427132305 0.99125732739441829722 
2.59014308885790667247 1.73218603588483710531 0.19289020482720034555 
1.51222967109084893700 1.84983799490438438617 0.79192787260243380221 
1.70697006668385919959 1.11241538033558096110 1.03873864999880782811 
2.59418082804647109896 1.86686617857956216326 1.86761924765197928622 
2.07319168512575346952 0.50753728486629501315 0.21600695121160723433 
2.26405355199967983637 1.98548311034662794405 0.55838762081060100417 
1.97067494214364069549 0.99531615665024408823 0.71127995069741256629 
1.59759414524830156701 0.37713011438645926976 0.77591887789386959629 
2.32533070219014081914 1.54381045521663096132 0.75034138067398770122 
2.69873476020656832830 1.16468688774245499040 0.61375040048002305060 
1.38026978320785165266 1.51736366949132017723 0.31056582361502077516 
1.01999648536319331704 1.22593404093736113580 1.44222104745587054175 
2.15738525051340568339 0.15166024826033897011 1.15064317770499990878 
2.50741777589645709057 0.91663369916582870811 1.19068081629640976082 
1.18120379338480208098 1.91838531556885616425 1.83496978852386960490 
2.43225219811752246812 0.90705687018684599821 1.71116518412698348506 
1.47033056179964627397 1.14036746404549749201 1.26268468815529621985 
1.17376817360474672292 1.81206650293064841506 0.50822871218283316441 
2.30918091445434114917 1.98864494923355850098 0.86646324727950629896 
1.48911358805236759828 1.88453616587042760422 0.16570373135532134867 
2.33387659108639677896 0.88102373451825810591 1.59069356446410115069 
1.15447871418138081623 1.91725350327008103868 0.80896753301669033220 
1.03839482236621294398 0.34831443263484135331 0.22297507741307756590 
1.01767575773151697227 0.88797414384662720632 1.70711067764055401952 
2.65760090662475967349 2.07160010574440178743 1.74456246692243510665 
2.05304013090449988255 0.28612996546055602387 1.99051040509783905286 
1.67448516723266838113 0.36208347178580435610 1.86731351803507750198 
1.00507819934423192620 0.71370853044938575849 0.92663061258097523254 
1.83532367102171667383 1.86939563776359829461 0.50229509464074517666 
2.91015224493719326659 0.22711867994906057011 0.52242098816000492878 
1.75094044759772038411 1.11094970409687654467 0.59095465029191540651 
2.54361623065182129722 0.84130305924097836812 0.81984809168987959893 
1.38663290707103858956 1.22515055342298917473 0.42830348304616627786 
2.14285878259331363793 1.42208074892348945717 0.28061170545591601622 
1.75172049433043364175 1.39358141760399800724 0.92048987855171549022 
1.91451704077446205332 1.82561638733329467676 0.11551729124946411020 
2.97375838248202395420 1.15348390933469846509 1.79530964847918106386 
1.43322754397609308796 0.84461410066033648647 0.67367165262555872562 
2.79072715938927684576 1.97572408143210709319 1.13295420897965448681 
1.95644742162834206489 0.91552920216851385593 0.65740917454786185203 
2.68375327400314001025 1.09186059907944477132 1.10645871604057632887 
1.79331113705919675816 2.06796023660067040950 1.86331047875205135789 
1.48041949265988970197 0.85026005274658311706 0.74462376027611643092 
2.55422623742703303051 1.18267756976859761409 1.16232161774976838764 
1.01862509661774192082 1.72803248266067721595 0.03438970382729051450 
1.53290208204196276576 0.81605125380555953996 1.18067758504238295991 
2.11225455485916890908 0.33687593540990845575 0.92130599918758637745 
1.46170168044287929199 1.18718933610815247093 1.92585694222523473584 
1.15746525499248398283 0.56799531507038636402 1.72718894337265949090 
2.77506569574944839118 1.71079428852998893795 0.47288304666357300343 
2.41267130572325916305 0.54856663262554827831 0.75007534502138328847 
1.05658795932257176808 1.68461042706394126256 0.11473985466886020557 
1.30900520473143866518 1.05905178482730022438 1.31390481456341001731 
1.68613716376360356364 1.94957752320454891226 1.28990762520760804399 
2.57721585645798034747 0.23059503329070871191 0.74070543629606711011 
2.23599582817085407171 0.11540069168903810404 1.51105691830858424041 
2.22247303096478177054 0.36210301108679049387 0.99062901529065860995 
2.14231436323952495471 1.67228459719259836547 0.65691550742508164618 
1.49964134593139442053 1.96138016710027662803 0.20538270829234059334 
1.18564305511280942973 0.55506546832033043515 1.10908436105010266282 
1.59233744330937265765 1.88055263879795719895 1.27463483436901681145 
2.09730979935782135826 0.25785219504315765038 1.40300463935503083590 
1.30289739785461344823 1.90656151320681011008 0.59095922504687337096 
2.05265988893786666125 1.21691435251961710406 0.31289676001002864059 
2.63214983890602072236 1.10175558944977525222 1.73102538570944908258 
0.99403525119172297941 0.82739110359618850410 0.63083008686982700031 
1.66101591352976973859 0.46916798289608918626 0.33817153378267678088 
1.55329054509572994647 0.86480559419047187131 0.83541370880816157030 
1.80398188766504974367 0.53307940847680601593 0.20880358866734902157 
2.65947752388389879741 1.89607750009722075824 1.31099071160181401829 
2.40406300620988533367 0.95896932096856279948 1.14715634890867601570 
1.25251174515834495793 0.91865022318749933739 0.54202757156211622824 
2.71013937996204523628 0.29980612784575261243 1.51119130405031976139 
1.58362099823773538887 1.52557676516789575416 1.27929552053125550337 
2.94304810876460942737 0.84043448293472378108 0.15070808173720712242 
2.27372208328947600364 0.56427977109754134943 1.62828091550969999979 
2.59154384311339391900 0.57753718822407440481 0.68706264511024173203 
2.67852448717295921199 1.54670650660349351391 0.25877764985055856650 
2.53088743435577656626 1.19338982995916920160 1.19451649150678673728 
1.57166701831098198916 1.66578009736501697624 0.63134144802385439021 
2.62390316935919853947 0.37096243551815399897 1.38306388759777010300 
1.22712378284613388146 0.72658975564296290894 0.97359598757453158502 
1.69264400619832344752 1.46446154552769525203 0.38396088075257966965 
2.39547309177172840222 1.61320117043055888395 1.42039289352311359771 
1.43469764151595424728 1.39427554859034974477 0.62432439900776748321 
1.10880786346995674485 0.69861410623469644143 0.63938301258134444538 
1.29871615943768126122 1.86542278108344827814 0.98006248273290996753 
1.46635556068944894470 2.02229595680721274675 0.78873580988091640531 
1.59750590821126658980 0.24797216412508343852 1.93386860389501813451 
1.39385319876402169470 1.86791539819971008640 1.05562370781650205487 
2.42189896234229795624 1.42076697708297272627 1.62143774562376941084 
1.25630523664363358272 0.46552153128470574739 1.09111247150909318471 
2.67732384020599756269 0.13670475196631948211 0.06122019159996482107 
1.87672687232472679142 1.33681586411893138511 1.59793661678910403623 
1.96195784963621933095 0.15235353768797676999 0.39613913201481099069 
1.09552101882335439775 0.46194806572011620771 0.23567869590213291753 
2.47437917897694248381 1.37664141911704129839 1.22418224400802699847 
2.87397644639923521837 1.31162131339500342975 1.99162990442367560107 
1.80494062358827900283 1.99452063688992908830 0.40379053433418199415 
1.19662735064128145090 1.78564921889151828616 1.52574994978263722700 
1.83897441448553178311 1.62747122020387458008 0.98443716618080678860 
1.79368031432845143058 0.82188835320478748070 0.47096707459474501656 
1.27340919645807537641 2.06676084623369105131 0.38834070431094380726 
2.50549914594769118636 1.15946516885555994669 0.24434152323644958704 
1.86113471175839539917 1.99879078192991532781 0.65677499736312872081 
1.63378077112177000352 1.61320951243984511692 0.20977656638365010933 
1.06987769925599773835 1.23375190780029142523 1.16690658459887464105 
1.53614815920372449476 0.70108936239351371533 1.31954422738047094654 
1.99906047279936727179 1.25961508794671983580 0.80342491416473882371 
1.44179635754279011906 1.41511704975936170037 0.23520640607950199508 
1.81972707834978097985 2.02585912183373384465 1.64204378582022392230 
1.59465592462722294265 0.74855167150997869996 1.43497162603950600968 
1.85742676942834106235 1.50270537171434748203 1.80934677550019396008 
1.05789185466782953426 0.29859981982656513821 0.95560960273624995232 
2.67684336809814382718 1.14112755741098093054 1.06709205911825355528 
2.90223791728348023966 1.50809387022766183684 0.19268468155210971560 
1.32016051419381486021 1.89211814801736144531 1.59981204737483051481 
2.10563225207474724598 2.07048773195089541588 1.26101464845821076288 
2.71493203061419396960 2.02768975066959100673 0.15887761573923830927 
1.74060594180341210446 0.89734784092049058035 1.40092107223489348300 
1.79650564825382352829 0.46724028168683406914 1.91428725513301256633 
1.63487006502579768075 0.54765288155553004668 1.67419114081529052385 
2.71223890007515588962 1.09151764637574477668 1.67998439007191757710 
1.99073264241772385219 0.79190618847106564182 0.51046769120861934521 
1.49515279236989062639 1.23640201571671437542 1.07940517985591455385 
2.92019087918467112885 1.34219574573317235178 0.62492384384478749659 
2.11699822599113751664 0.30684449876567360116 1.97086353362836064207 
2.98311881908741804992 1.58751475495367455615 1.24907836818142969904 
1.71631927215427348976 1.18825215325897071139 0.99371210176162494410 
1.69413047602270561143 1.97087746934683027966 1.88241040674584803050 
2.00938667264845571836 1.11775526041350881101 0.31220322294982844058 
1.62444573829464777859 0.37905907916314662831 0.39198465377737995441 
2.18930880658386239901 1.10027004132139838433 0.18044817539450730415 
1.23370743717071795764 1.38214994617307751490 0.41853448160838674363 
2.97683532904184833257 1.15058035912108436172 1.38932392549358674216 
2.51039163607375703791 1.30701071205489505189 1.56062435006014377237 
1.71892844149630108497 0.39445555478969085428 1.87844960526961202163 
1.38800323533896952100 0.75398462888652406644 1.95753551373913503575 
2.46819966953296576762 0.90450892859037734794 0.15136888367042183878 
2.56219976596290877069 1.63180595269922390500 1.27774991408382398994 
1.70446295375202661049 1.01746121476405759765 1.15901870824660568893 
1.39822502134057002898 2.00652216880985667657 0.78978369989444929811 
2.90409395720286456211 0.56584232259642996965 0.88088443452781428622 
1.39233495990116562524 1.15203629003592222801 0.94624258297879870749 
1.37806982175238479371 1.75207721436756558298 1.95728836159605257272 
1.63462217980536972384 0.62643453949827976324 0.19153211030126177095 
1.64433652829871612688 0.78679521902748228435 1.01473150357254215947 
2.54993147523221042050 1.15027649187853953094 0.79542057214766515028 
2.71114581914449193079 1.14804223284149276019 0.61665867408039443109 
2.82123071219229482054 1.54880145366655064265 0.04559669381027448010 
1.74611235479888571298 2.10501187763461317104 1.61191084346459656551 
1.52805559714934746651 0.21454848283719613056 0.90568253122290309776 
2.13615650019291170025 0.83022167393683676817 1.45340623587545603179 
2.56221367545470801730 0.42777278619043235253 1.72440524507623593742 
