-0.45161143841784651132 1.20585077427737918931 0.70479738956388204851 
-0.06901530552803636365 0.70683419689966286992 0.34378131204339834603 
0.36202294712555771472 1.04254036591735110839 1.24913169320716299637 
0.45553546754114643269 0.34947662208965918351 0.63369310373947163040 
0.17883800479271783068 0.51288229490915238085 0.79854155919420222176 
-0.97488733379534919798 0.30954433705450717929 -0.09882199689671603005 
0.63902716143072668675 1.55846684294103599022 0.22803991936934936424 
0.89924547722101222380 0.36534080826757969751 0.09306402291482213096 
0.88285447317675214141 1.31836059939430105814 1.02714527982516123927 
0.25497124524581304961 1.92304892655280745828 1.57968740887291869690 
-0.02216426794931960348 0.69612765038338519918 0.21398301311159748095 
-0.94271803455406188998 1.09084748516298368770 0.25228266492708628643 
0.27393807235988587578 1.13570224709981992817 0.01782059116785574340 
0.16008332539706485176 1.85949435138132623813 -0.12157956553667544075 
-0.07329981935385407321 1.17371944068913980352 0.81356520901645856814 
0.06963293136910417291 0.24756418745922093017 1.08747011268157378616 
-0.78602762812451598684 1.38681815719434631262 1.00745269074520082953 
0.83928470114807685043 2.08794213356058699915 1.42430588351185716256 
-0.11837368790819810527 1.94276705531629989565 0.24738238859059391572 
0.20939373464348245979 2.15994916371643563835 1.48689756183120791455 
0.69289545757661064052 0.67333800280766409330 1.49250135321505150721 
0.51960568535984030802 0.59085393717049750073 0.69948178674617123018 
0.90178932943444523040 0.68589272449618421401 -0.03268104355510114550 
-0.06276764693576977749 0.29020886967560138858 1.66494308051579142926 
-0.85161291666742011675 0.84023894248885422353 1.47296092055908389717 
-0.05278692645825718011 1.06084298663987897093 0.73315054245968003244 
-0.60953214796198706971 1.72470646752411127522 0.91572532461739164500 
0.69325643214633125844 1.12412005703345907470 0.01137730501197908861 
-0.05800161274411808066 1.32642191872883863368 0.71129685546356591352 
-0.41514673850091515783 1.62180651211656456923 1.21462592330668828211 
-0.64597104412594241740 1.64476119699089773363 0.45890107756102960224 
-0.06593764012490936632 2.16508713954767051391 0.40878808666384203185 
0.63274503554285554952 1.37831118137375141508 0.83264622241186425633 
-0.70795904729208747330 0.60296238009370906052 0.89283416921236580244 
-0.64719547833972956852 0.48402428750347858966 1.28381861177285627740 
-0.41117737983854463213 1.38086461180787578584 0.37895215869543985576 
-0.10553980286626570007 2.13207092054507985068 -0.18387796728681768399 
-0.07183430008738098116 1.68106227712937172925 1.31753304979459295865 
-0.17319551616414138873 0.67661928159886253198 1.41981894335487246472 
-0.64448399086411622960 0.71800812806839720004 0.93392867458457162755 
0.11946618667406018466 1.69086595838863029684 1.60963783458238207658 
0.21658432480165915046 1.51342258555171138568 0.99584015034335227057 
0.21535194415665895318 0.49073979803136469346 -0.02872557271269346804 
-0.07535471682079473987 0.33211770632252046731 1.07839882963482391887 
0.24329392520046458359 0.24460285817701976629 0.03274544039195549650 
0.93825547108522389106 1.40437460956709370130 1.74575796802891236581 
0.94586919464421859161 0.36445156936827682870 1.14053066163178984382 
0.75724725864109454498 0.87166104049082904215 0.46636081084383884665 
0.85602799431491860549 1.24177368962609513403 1.53490207861090377506 
0.38147265617012776628 0.89211753918114089501 0.69427275018980516563 
-0.53535461037151954589 1.88654699158869476605 0.17584806714854411824 
0.75870199588738207463 0.41619608848859290795 1.58468182711807359375 
-0.68022169117874209388 0.67727937101819923882 -0.07436878619274621405 
0.85503984616022088439 0.57859935499837122919 0.89587488418138938595 
0.57970670783740607668 1.93289468778342232724 -0.17300855295748687745 
0.34045996542672080087 0.43920692715771858516 0.60447955925189300608 
0.65086013116320273753 0.56658723842961511430 1.21401330141015106889 
0.97645771491977439993 2.11665280890013240978 0.72846312092739051725 
0.38401488867304689467 1.14128880082425721021 0.33536000309809810283 
0.37233239546654955943 0.76638064228570546010 0.56078164928481277762 
-0.54355805557271563710 1.95862542509982384686 0.77339915291214733628 
-0.42639820112097065463 1.33326096865144338999 1.41907091249433081614 
-0.49965608550105056196 0.89964037739045366049 1.21053814208700960542 
0.29309411510358540642 0.51113014564337955203 1.41899137913041051284 
0.17517371793838315552 1.18140632174981607960 0.49744057295965737886 
-0.28242186929705753728 2.16016912590010701223 0.56001288375427915600 
0.19673922348209932354 1.50778814907097635789 1.12595260559412846391 
0.57526023219173716416 0.98054725561448397020 -0.20291990469339238334 
0.17301249463871362644 1.91625916499348658562 0.82769262920698949415 
-0.31098742285185082546 1.67683644091392936026 0.49296603991128257194 
-0.66700680674433632245 1.17431630765636407787 0.99420814963070436310 
0.86656172888450611058 0.36466802892357702559 0.06094661069815832111 
-0.50204600813654076674 1.32026340910060091538 1.66638640461115605795 
0.34493211978665283546 1.62019098293929908472 1.44827797769636501535 
-0.52490508820768544407 0.38842300013300168349 1.68796683056722396366 
-0.09497015528947215512 1.25238199407596373369 -0.05118288204552279980 
-0.83015912422245374813 1.88683451804709956257 0.45739193012797646487 
0.78035219620309115296 1.61517438005016034097 1.41743385539821931118 
-0.30059298510469667498 0.48336547461747225718 0.69451287498352687333 
-0.34695433399365921412 2.15580890188412865882 0.61287876608381131049 
0.90323673037377716355 0.64923017049466869022 0.92023621070424033164 
-0.77729723034292963479 1.90328210355470250903 -0.09688492465190219616 
0.93366305517102099465 1.92561234215858134711 1.25348021172689705338 
0.50553644203312808614 0.71809954029977574042 1.49114067265207328461 
-0.27360994122284471031 1.04619802329760358539 -0.05133856881921507187 
-0.66962911172553118977 2.08466495639795201811 0.93335173267191984259 
0.45477172484035027766 1.74924524524056934638 0.62567469598961156230 
0.89038300431432293447 1.45835565438350411860 0.17394551940552954727 
-0.90987433056850053337 0.83873166505069007837 -0.17407576873737859446 
-0.70975428556908948252 0.42015004395522737024 1.13440469454024839280 
-0.07345148112015427444 0.87843923963123415888 1.63334183968947321830 
0.45810309101295948464 0.86664371531699846418 0.75327551453068875009 
0.62293379572081952755 1.91187552261953408461 -0.11747812562682129200 
-0.77168810179730373822 0.56568179663560969050 1.62742628171873437992 
0.20314751845804498998 0.88432602344212296597 0.49618985509366397846 
0.12096587150615162320 0.41023067649974143123 0.29008715894175851613 
0.23907839163415128825 0.31466349606944593598 0.02984938146365920253 
-0.66666705574269080614 2.12844077644723483900 -0.03504778591032258611 
-0.63245428932272884648 1.48480771644200837400 0.68413975215032940547 
0.91580940992962012182 1.37590860574151885309 0.12086399735189123916 
0.33043657571107620807 1.69161717685737333916 0.92778588284778862327 
0.77640920401507296233 0.90388433279844371260 1.09444593101245213340 
0.91210520918016302350 1.60436512079105253470 0.27754003320227232932 
-0.86709205327527139051 1.64174887785880674329 1.05541725920531970218 
0.42445646490794408656 0.80037189914360551413 1.65485022802323578084 
0.56522047363614480453 1.32910287426178208570 1.41612693300955894138 
0.87395946945207791945 0.39176855663156728848 0.68782368388118075853 
0.54422583202880336906 0.56164058962639151762 0.69541486274554142888 
0.97282707269011969853 1.33281397951730129492 1.13787217543018215338 
-0.63444008389182493524 0.63757317434996019223 0.85106057417061864445 
0.21019763267814170482 0.28657153039696081631 1.45640171202979518128 
-0.33663878903595506609 2.01008482541415878231 -0.20114280183667931912 
0.57517539204370837780 1.40559267681399457928 0.76133469795058683616 
-0.88744377300294918776 1.21663791137834564893 1.08673541445445698272 
1.00771851163654213579 0.78455588535581932685 0.46705269658502518437 
0.08853443432423620252 1.76583435231042584768 0.53913430599880185490 
-0.65709609285779391197 2.13442761412738191140 1.37074456465091110147 
-0.55803762314273797074 0.23478430013967432899 1.36595955971814353447 
0.27830078678884506704 0.60444406720358667684 0.91124985054396645534 
0.98091902700509803203 1.38515612266066456826 0.77761440965091188637 
-0.35368240812484125213 2.02010532672934539633 -0.22595242316456173870 
-0.86755514209626527489 0.73951973109680579910 0.55312538590031989916 
0.23488278271414350651 1.84385792057679975819 -0.04944789222097194931 
-0.51254027238324828541 1.33407495250820185007 1.29346763764222294490 
-0.79333742068565504812 1.45948781104932989727 0.96042640767767117893 
0.49280571670583472876 0.31715122207102958152 1.65290014672434515397 
-0.31131053854164258965 2.04330876715144116318 1.07769058187324207054 
0.32142080987275212234 0.38916982057111121351 1.13187119076551834240 
0.76163154731427118449 1.10178507526192359656 0.54047080844024109059 
0.44801578115392876045 0.39788858324212139639 1.66857259034993088420 
0.59636443002341832376 1.88142103663246507139 1.29504388359195599101 
0.97585727548771339368 0.23028311582677532532 0.61934414156903416782 
0.69515854019050371537 0.48458463182445382644 0.69449144362078307768 
-0.51242415163549770440 1.21846705601999460988 1.01400589777433802752 
-0.04380406634816161326 0.76232891991663043196 0.41467600164680956665 
-0.03697740977814946428 2.16744996698692293791 0.37522401356321921639 
-0.86529907337175504534 2.00555908129173765531 1.69481780558149686122 
-0.83049007043644496040 1.30783155322397792730 0.42718748662161476481 
-0.93413513588788088526 0.91688336776015122442 0.32900938997056511370 
0.77212885366844874468 0.95149397793921941524 0.17210339550151487753 
0.17660196586949658548 1.24751771997345217713 1.46545350439380417384 
0.52817882900151780223 0.77090923615679685099 1.07837680076677377983 
0.29278447612990959881 0.36397838014183225841 0.49431623544497782508 
0.45381444230821454955 1.56266216131409185763 0.73358097673872391109 
0.29307647507397716069 1.11300434256511815434 -0.00655392730564511444 
-0.46333008036867945334 0.25002189037457467347 0.83185463377273294316 
-0.28640014753447556872 2.12598365761599428225 0.58155032179601329201 
0.60034317871240328035 1.50571884854372939344 1.28394102125582154628 
-0.78601124601403549175 1.15049552622426332071 1.06761294572760223609 
0.63889954569614038071 0.87483703965220782628 0.93616357673506878090 
0.48922866949297783012 0.45110074714238684868 0.71320790851727000614 
0.52009801809937949990 1.21449941000931516122 0.81564518923057038879 
0.86325480199499182721 0.37133435891612531776 0.65563974491987742077 
0.29018244730600445402 1.00391683147471422188 0.91509078375995611676 
0.24113135182582373650 2.10106616735296025666 1.06982246865652719237 
-0.45784214797429145793 1.79476952522368882192 1.27880723955731978592 
0.79694131262660150572 1.42447332126509174088 1.65097890203818464805 
0.19429222423039985146 1.95552779507329077546 -0.22440256803899039095 
0.76510356260288481245 2.02958366133926793040 1.66093993140038431733 
-0.47101405182279643125 2.00563311694168611155 1.21725503645001231767 
-0.04871581826524785247 1.27894774960424117971 -0.00924637803417742779 
0.39084243212193925388 0.60453428375432105568 -0.20456423302089546401 
0.63010205827501686304 0.56351976813647386422 0.22869906182020191543 
-0.54756977350714008956 1.23414897844476878497 1.06363529294680470016 
0.82029162990072523876 2.00576569967490581092 1.34077389658806667150 
-0.10666550123655044180 2.12435787073697568417 -0.18969465106343091909 
-0.10207241555039449354 1.32942706768942153772 0.65050754979488822904 
0.61834365977111171997 1.44720423634320827233 0.34409078584772107012 
0.97348693621365456341 2.08383163360737988512 1.30331390635988708659 
-0.55086547967178589591 1.30477687818858600899 1.55456233734709936556 
0.72524218251817806902 0.47558834313866804600 0.68605873873099287863 
-0.95338818836183658600 1.87839286130050675538 1.33875175736363760670 
-0.33989296782604133673 1.68408237631440327320 0.50302066091784525259 
-0.79968943050763274805 0.95539567340732012291 -0.21910638314418232064 
0.08920378034992482164 1.28695409883197564582 1.38300204892568912030 
-0.46014893545182211643 0.98798483324414931861 0.22334884846034600003 
-0.03390602035669471742 1.19908795291844949560 0.43768578909826044709 
-0.00861323465823169050 1.20533584967041540459 1.66478227251831567557 
-0.91135203549465149120 0.71792541257234332441 1.61099700132763179461 
0.49431133593240794699 1.67791141535016175013 0.33804033580688896965 
-0.46757546897131940788 2.11604930857133366473 0.17676822066823391633 
-0.08998318936179879046 1.69136999108611219000 0.35418708535156734341 
0.57248407625432240486 2.16627819742171867645 0.69375837777421467401 
-0.32122422192412330988 0.71737804804152272009 1.47906414906957839328 
0.05242636489951118389 0.23005980622773053446 1.45573002769920645250 
0.41402338148732287237 1.33504442583420956936 0.17625408811584228341 
0.83187306157414764307 1.30594557996492199869 -0.00959202416105836217 
-0.79989745561593283973 1.09036606268571523159 0.13222261814829505688 
0.93067182807552084611 0.83130805746960434455 0.58152508670480607122 
0.29271830279100435890 1.16784279845838812051 1.43696133768728873115 
-0.62548707492168764688 0.88791646660151746229 1.68343318914273187836 
-0.85726277211046841842 0.32552812511971757070 0.39317935250420055215 
-0.47456861923024540317 1.77192208168532738810 1.09449393172189846091 
0.87525186775788488269 1.34805718685345299335 1.64495441335944669881 
-0.28294129558511643685 0.99911646239456752827 -0.01879638175729343372 
-0.37907093957513970928 1.74230520037883884754 0.05461031625877863643 
-0.55087381991824424521 1.54100035251521494395 1.30200989078855799974 
-0.62794956750195995987 0.60374987925057410632 -0.18940429144772341630 
0.38278000599853390096 0.63976641671937095612 -0.16464814601476690514 
0.33724527360149025856 1.89078179535900248176 1.65029864664136982633 
0.09086391007902321071 0.58433896784889283182 1.73492828537056520410 
0.98011026057589711868 0.90718119167379207557 0.27760727705064447424 
0.03089522080314453800 1.74713688566659586243 0.74711211535472776823 
0.80741411520003925073 0.89398021697277696429 1.51766109209816391079 
0.01095414223229704449 0.36650267786597406916 0.21379980287673489014 
-0.27566941699755698192 0.54924082545360353169 1.17982849998242755873 
0.75715980506075553080 0.93243881664658723185 0.09680755840866446527 
-0.06817081560540777518 1.76463932842273529822 1.45293905353688246329 
0.54204477064703926459 1.66157865339085031309 0.24111591503105103684 
0.68878885028347747177 0.52107043432108790526 0.61350556996934790810 
0.16847643445747964575 0.48171292495381440313 1.21616078290721141286 
0.06055497217447246283 1.68990795567616980399 0.69257223971849968258 
-0.46928484044148777166 0.76510718739908856190 0.22960745313040989424 
0.25154054564035321917 0.59324712105662458228 0.93915168875553511896 
-0.71541439330903155991 0.50763154803444676677 0.54997154430300798644 
-0.10282978041903659272 1.61936197962821570862 0.89300444460294159388 
-0.66740404344997739106 0.68838182168182959764 -0.07588630832135044579 
-0.04631564767597852461 1.95228443110990612652 0.26866324769603477929 
0.81295702290984095395 1.08708049381872196015 0.84809997182820440198 
0.99406287106328250491 1.16771529718638444884 1.69373615998366866542 
-0.32474315786030155673 1.54154491703447504847 1.60410392607531382403 
0.21965090715873525351 0.83551942667010703492 1.51842544213140473452 
-0.21747624108248056474 1.11082366845995661464 1.51390139752777952431 
-0.82903566554675667266 1.60411852818061784198 1.04818556170655718951 
0.92880245205622535831 0.31190234677252270945 0.04981851574206411226 
-0.18751530253493464695 0.36607467247694136514 0.01202373960136463027 
-0.21350570199362373103 0.58973203274784435912 0.38405995436919132535 
0.82207950151517816817 1.52527269964087075493 -0.12406894721590064345 
-0.42399923788793281165 0.58077291845640355294 1.24587686405918551813 
0.68308012920205329888 0.87864669627322233847 -0.02250550871579595769 
-0.01261194227618158033 2.18734452218392805278 0.69371896613220151995 
0.08415056390412208043 0.77843815487538114972 1.51344690014249283472 
0.28394795814358381181 1.39042818552353786288 1.48873966199702789659 
-0.49747933370292357624 0.63917893746375431530 0.69633499584657054804 
-0.20020582046454032943 1.52552034590479368426 0.22030538755566222986 
0.94285812333042584577 1.30801871679845826968 0.70131035199589764062 
-0.88720957308383108231 0.43053477488038727206 0.26754303119805838973 
0.78325878867156917273 0.49392856705444265764 0.01271661791521226312 
0.53443813784604021766 0.79904125365424427674 0.25195181761758422834 
-0.02693323867089565671 1.35397473633120024594 1.15568731859629880709 
0.57320908928522507075 0.78545320700421727977 0.36340375021609711004 
0.72520243005755213872 1.47581088636666613034 0.57225021925519670152 
0.94127256245617640928 1.20705493570808930492 1.47715411418900410823 
-0.86529712724833229842 1.37824103289949451145 1.33527863129062440706 
-0.42859747993737296046 2.11219916903949966880 1.73204511653304793484 
0.55897997283687583803 1.13213478099991182724 1.13858430029313972831 
-0.95773532953389162170 0.83855890197070936942 1.37519085454430389781 
0.19153076939253821376 1.72690677029911610063 0.97361704565513507159 
0.33018262137019965818 1.59084474242564954949 1.43780412559386094884 
0.69787149057782449368 0.96771501812903937267 0.94538680736653701864 
-0.23316150021806630876 0.59505322604731147873 0.03548906103092105274 
-0.12266748356236992223 0.56677759064050414750 0.86132629301824814583 
-0.34505245747744522911 1.41997321402054121897 -0.19351523820046351299 
-0.82608924314002873945 0.66356824638805866901 1.58978526466225167368 
-0.04045294596269569803 1.03832865754588876683 0.72654081876643517024 
-0.27650693874059728561 1.62555739339201243965 1.48260421771099526467 
-0.46660580123790051932 1.25588299221991528398 0.67279662524734129558 
-0.29733284277053523281 2.12474169362623932500 1.59345497187553775120 
-0.53141629121751221554 1.01559778675423628691 0.78790988323314048447 
-0.00974750862996994968 1.49217731823445021178 -0.21686181773792601035 
0.81606594019819334029 0.24489851252463973319 1.53292266363355178527 
-0.72510086253551009339 0.27712917792960556351 1.03711112681873607322 
-0.15012245189268189072 0.80456158089588469817 0.08167133834104345347 
-0.00103779911380008096 1.28574484905016039882 -0.06950172904946462504 
-0.79546711351677046320 1.87094267912451783786 0.90960395296134954890 
0.77588744779580864908 1.91768495853485299030 0.11164253598223242148 
0.78822787721461429200 1.48833404706574556897 0.87053676601649077060 
0.88881405559504222946 0.52925215830097094294 0.81821276086163430286 
-0.77706617069429628764 0.52101143673411920432 0.84460530221731111578 
0.81841439311186525707 1.36674289228510414951 0.01824258263982513062 
0.48553526918744527308 1.40205629781955876112 1.69994186159930293911 
0.28426692881821868930 1.49450998983452087998 0.44141692976383128943 
-0.78159524153127979407 1.49245605157649996464 0.05635364544285272753 
-0.01886646210567410886 0.54971021806939512899 1.22306557520700498465 
0.03763744856092196556 1.31085723597469838708 -0.07957665998050672540 
0.19418330266846473009 1.03165346040243477432 0.58664564492077964086 
0.54445126461222914660 2.20279044166623139134 0.04565735039857348604 
0.09738475275488535365 1.24639733464995883239 1.44879169719122891102 
-0.78642636365594886794 1.39420093582778514829 1.40090206643366288475 
-0.04361067126311755221 0.27302966954684199097 1.69419049174992797369 
-0.94832845107639396343 1.76221500410375875312 1.56991583003412338293 
0.77097707371621404526 1.10833795676162005783 0.92100192131252855976 
0.62403281644878194623 1.11233522269593909648 0.09215238264500963394 
-0.67439181745333909301 1.88847496092118682931 0.63533059256222257360 
0.96229094763909395205 0.80586378510750045212 1.57333049415127090853 
-0.93373151287941125176 1.91363632386325122070 1.33123938659601548373 
-0.12823991179438176680 2.08105074041672244434 0.37357079677097498882 
0.47152475201706967045 1.52587897373073966278 0.28836848338911785783 
-0.20011656687332410320 0.80547980220334769452 1.48287243352897890603 
-0.94818553378446135405 2.12105135969901681392 1.65533477683828600391 
-0.19424282313120186383 2.00847633918783508022 1.67725834070376866869 
-0.31247323463237475227 0.78403816306982632156 1.44871193605198933518 
-0.44945443123336664693 1.21106975442958675337 0.69281599841129370976 
-0.00826849981233505373 1.21354876864175142970 0.47632159263618600864 
-0.06107249804018011902 1.65988165213695126887 -0.10417958290552488398 
0.21431252784902296571 0.48025937286102349244 0.97493886504233340240 
0.90257240097519175759 2.14331500239672934072 0.41374061778484150231 
-0.91998457803943345379 0.76772031318725952875 0.53524048849083372126 
-0.93959433498738653689 0.79623825362912137305 0.46583605801009597691 
0.13087202408197110004 1.79855416780436527802 0.91072757160230011220 
0.92439031844004149185 0.36455813944120496473 1.11796316282491248195 
0.61892798134899662532 0.55851451519045802740 1.65131745544865471409 
-0.42872992262198672542 1.59506483438296875477 1.65807330751013104475 
-0.88331182257393769941 1.34874656636276535338 -0.05772011292560334100 
0.30661657123557956028 1.96191838253948391824 0.74059610163435252161 
-0.57034844977732890303 1.48583673848515696037 0.70433688599072330483 
0.68307376888966819806 0.48507964848396956103 1.70058236748403257543 
0.13205811537938116906 0.63206481745024745145 1.06553108145311670185 
0.95910150271217309292 0.74446300736786419350 0.32106167779217820168 
0.93720925170342683774 0.84430341694073451908 0.21552314380629181145 
0.65885452626705087731 1.96362931515049954356 -0.13533705246978564030 
1.01295901947469779714 1.36557264508464704100 0.21590324426532528368 
0.23189289985664396365 1.83434611578365780460 1.52592937056726940526 
-0.50629942914715109215 1.28407463780760067174 0.41091502268368473860 
0.21706600586263746777 0.89900944646757630085 0.50881753851563915614 
0.21064672856295360570 0.84551324965436513992 -0.06690077659986520819 
0.44462477605598826891 0.55850948098117092488 0.73431370567197529198 
-0.08117966645704227657 1.76187291885240604472 0.45403008590337423644 
-0.17379842574128934185 1.18718441202613123053 0.50449645719303959357 
0.01902568485379366875 2.07282808918872829551 1.70495838667119992138 
0.60886101580773410724 1.27770804157171746773 1.51844482555138404756 
0.49104460951002754099 1.91921128974453325533 -0.21759778867978835093 
-0.84030739832689038682 1.08487912495248273181 0.18184734313720146703 
-0.18458508121563890758 2.07915203601288967050 1.45071903168041838050 
-0.57792317557606154299 1.50079878948956579876 0.28853101760896154859 
0.17764363104422997708 1.16146634844760288097 1.08779068070491180542 
0.95939884926541429966 1.48866808989790033735 1.21414891202535724091 
-0.42981364418487766343 1.86391310407794108528 0.28235482317786098072 
0.78428269941583939051 1.27998843870278355972 1.54064812246629778691 
-0.42648753649298765112 1.16446713210398500316 0.69361172974053530993 
-0.22780088392571251621 0.56795341000398247289 1.03082089457211867334 
0.31191605574900599374 1.33389973845683296183 1.49649672957490276204 
0.73518035668243919556 0.96244166590668889238 0.29279054644437890742 
0.03043590958997990231 1.73738918916884732546 0.87274938886791719739 
-0.62461459223678961195 1.88698720929249796896 0.09148430826780129532 
0.23144136663988459923 0.31757773384573795283 1.45528205306450342249 
0.53274857802780717364 1.77105286960436769661 1.06898165711098069863 
0.80330121660158904096 0.59578455963173471144 0.37117973268671938802 
0.69912467185214710597 1.29591965285475541059 1.51928379719264960990 
-0.53120436210649757403 1.69565016905096088706 0.42041262375898019732 
0.33967881023992152478 1.25641298437120929599 0.04216097913633867073 
-0.92398007152039784984 1.28083986500822089027 1.37402650407491910833 
-0.02686037266888419844 0.80825080420568029549 0.59499012966841435812 
0.84080218091633873723 1.96314196127329165797 1.25238814098562634136 
0.95293067611675885686 1.15237232581618020966 1.36868497688505219578 
0.98233430212784234037 2.19856607309044660425 1.40054888749167583128 
-0.42241592462843824407 0.81195409076392477399 0.33514569371091190719 
-0.75078773356366879099 0.64145365413934507526 0.95929897381210260665 
0.47223585703278281311 0.42260437043052867523 0.69974602627415039002 
0.54413093273527579630 0.35136588562729365037 0.74817452188707378458 
-0.21555260616938942686 1.13892867349104953689 -0.06944312617969161661 
-0.27220176922661259988 1.22153521813840670873 0.97123533505029902013 
-0.57740191948537500366 0.66341522511529682493 0.80847273320976742461 
0.78375781481687911700 2.04978916194508808957 0.50262514987753548201 
-0.75960071814759566600 0.74930145421537119876 -0.02987798246619172149 
-0.76458561587183659913 1.61252748664690237490 0.56874114101933936904 
0.87586123561429229945 0.34818060309714143896 0.05142980885011007308 
-0.75981366509689518551 1.03863216630849919397 1.19756038365492623043 
-0.44222826773164458647 0.34593145442406042500 0.38508797430439339893 
-0.28726432501349014048 1.72105408682197236203 1.04157813984788871764 
0.49099139945946684849 1.82706043276054108659 0.80581747214902688103 
-0.21569377832381922411 0.25970909182811707794 1.53669341840797435417 
-0.17036203964633758745 1.04441625754035105622 0.76500909006332673545 
-0.30905341484822990150 2.12496815515705783639 1.60494151607914714575 
0.84156451262396203550 1.92507470435760552618 0.19572830054020562418 
-0.33583574721940062657 2.10398691369976331700 0.05535824704171165428 
-0.85012388581627074124 0.42958154190565789321 -0.10641754640307538038 
0.66943607919494452219 1.05575594230342750812 0.09638367937292810494 
-0.00625084065311137284 0.50698688366233624070 0.78532050434984679299 
0.28400897092947646749 0.65077644903257336750 -0.06476207193607425028 
-0.62907837301221281034 1.85296204690156107731 1.05335331154031441869 
-0.27679442896167921750 1.54540983824501676480 1.20160808284796338796 
-0.46493735168740435437 0.69486610254415359655 1.57505952201799370727 
0.42943796958534791175 1.72412101730675493272 -0.13002635150698221844 
-0.77415217621167486950 1.81641377884128552012 0.52388815054770598856 
-0.91835164761093557306 1.51743266946808619267 0.20119615384427827487 
-0.38797670555326901898 1.81543294529543208782 -0.02638072308207219455 
-0.78255591264995827405 2.02444920221897284307 0.49649953049345185718 
-0.78762630785759557561 1.12335731945313299640 0.08477197512383459477 
0.68533960028825091637 0.52827194653462561380 0.26944807945068671717 
-0.52812574957544411447 1.70010020273490147780 1.72633899382983790893 
-0.47174489650093009985 1.68029106020162033452 0.61632612761150384895 
0.27734800741860210493 0.94193134636094155709 1.66136494420858693566 
-0.72563001280270322813 0.44570146345569161550 0.47005894106520118569 
0.96172086917163135400 1.27245622017022164130 -0.03768830884001656001 
-0.82566889302916490756 0.95049136144251611391 0.77493195738893272395 
0.66685482003073603963 0.44833457456273795305 1.77355691183144159595 
-0.89502782360779087334 1.17518286913233982460 1.54490061427445457554 
0.41537701552693684359 0.84437937378029714885 0.08483885058792495215 
0.37536209912580903447 2.01009879318658324365 0.80577041594115861312 
0.00751028877682535789 1.79030753773696948983 0.61519637075183197794 
0.01690646790669354457 1.72201515310108299595 -0.06387154031985828317 
-0.72792868679579769697 1.56389903033346544525 0.86879979887324843002 
-0.39054666872030036062 0.88389747759088899137 0.89619053862441411251 
0.88159587463477817604 1.33883742769766889147 0.04608177190135788470 
-0.66492742189469400405 0.88734711495705442807 0.04852407458200913570 
-0.75300996710945933277 1.93369116203286939282 -0.09155516802815220900 
-0.21280063601750659474 1.87340394004516741511 1.08135156069449323013 
-0.03948382596174637021 1.67321192509188065856 0.25436652062247272488 
-0.03143634284536346579 1.26768818952742190476 0.89991070693143981885 
0.01329176724624294911 1.22087413628446506131 1.41616066411595387109 
-0.21542953063139788639 0.97004166247418166513 0.50478290799836322833 
0.05111810319509008799 1.11612650185190953600 0.24796656070767456037 
0.20354953074393675183 1.00183905542606122019 1.62153001986395683964 
-0.27427140052184478813 1.34433001954681374812 -0.05509190913222310193 
-0.46357904817982126255 0.24445795966915784270 1.69311326416267493578 
0.47619334752813047285 2.00017351493946504704 1.21618702697519154299 
0.91635854528666416119 0.86665365321565501766 1.61154705775641793331 
-0.45384350649584087600 1.82198722842376814590 -0.09086695212189120630 
-0.39399705588629119202 0.55652496359375458468 0.24840054751274159850 
0.13224137350965395332 1.07280464427801658367 1.62445841353790920714 
0.12755628734457752360 0.57013538038333955171 1.72444607518816472869 
-0.78416924400434639963 1.98509403662489281039 1.48959406985855280503 
-0.58001065741328627912 2.09123718866962304830 -0.15358377880167017882 
-0.13412248667901877086 1.76262697458574724152 0.05475956581032903614 
0.61338856949875852909 0.58668180160727823047 1.62873952581224035185 
-0.94116959206690242734 1.78678647670487666943 0.49444186448737365014 
-0.68153704240571322259 1.03111947412368754051 0.23423734838180079731 
-0.88282243344295741050 0.72496153786089267967 0.97882304279974918781 
0.94202488489112545800 1.73349287801134388509 0.35874526697231784444 
0.60641863612556190510 1.45057704913713236827 0.33143507080948902965 
0.03534778598292821761 1.21654497330013100509 1.49779921855000841546 
0.57792220486189338491 0.25813664609605674327 0.55313704126816576334 
-0.76697761702175082377 1.52784752918433630597 0.81922199635143122531 
-0.96745573324047262620 1.85445745041837928291 0.34469185446127703631 
-0.94652056248148797035 0.24423750493340995460 1.41325684038026122558 
0.87285746650099571564 0.32272336968199688556 0.61692506323473583763 
0.97325548374692927300 1.29203998151517085446 0.04471669898641110474 
0.53515911033152130383 1.83400684364327948295 1.24653746026029987881 
0.06998045502105873505 0.94978464780406701706 1.73519766345753301273 
-0.28069263185124171400 0.89217349353625241548 0.01397674339287346967 
-0.23789259867699266704 1.03041798503229986572 0.61360971791336238468 
0.01363787504615702681 0.71730905994795912672 -0.12326221780153480412 
0.03545003954358711545 0.88709215305202504531 1.73673323094057985294 
-0.02471609345034673708 1.44563203131084061503 1.20646015207647927525 
-0.46808296946964383922 1.30676047685113227992 0.74464327128606366824 
-0.48069902342115850002 0.58517306803220936473 0.70209297938484871437 
1.01017341709867913835 1.30009529502027776360 0.17196113671902643616 
-0.04697800175404538009 1.19953867189783602853 -0.21609157693602198957 
-0.74153296926011069701 1.17621418602720306801 1.03171095401541723646 
0.11915424065999982717 1.17963597737525649478 0.12195265679416436577 
-0.06608456197531040188 1.28537306554399854974 1.65031092233593201790 
-0.03658179426427176500 0.79234396773440640693 0.24336572848425364057 
0.25358389772691669606 0.58382308220155931799 0.92644357954245593056 
-0.14841064955539273740 0.65459600074727686270 0.38147985202843032182 
0.69374769992104257099 1.96278721348136264702 -0.07519863413228584925 
-0.49140240556536646244 2.19065088855913048249 0.13779216462242921404 
0.56922237393160068919 0.24784905115941049947 1.58643514298034915555 
-0.20261430295910426436 1.56678494103352750066 1.33390885417017091008 
0.35144179739581821176 1.64509230131147998755 0.46138337953748553844 
-0.98630917491442249290 1.84420448412118354042 0.32857180152245762939 
-0.91254351391263477389 0.60775633032355491636 1.13368789928432378566 
0.69776226135168217812 1.04572377651994563585 0.05432449236992266395 
0.83914034216122579402 0.61222056819909265180 0.35150911563726672249 
-0.16550189061280312641 1.56504223363076144793 -0.09076841452433623281 
0.86791617859694070169 0.35459312735038439612 1.05107633674474598706 
-0.86674833014850261037 2.12575520360378344975 1.57027573457359048703 
-0.53871034841807685645 0.23366935884551287561 0.29474120960623051424 
0.61573122960020298944 0.33501875045707990575 0.45438214638941515355 
0.82829774435515945985 0.48471685400623049089 1.14851216438163317157 
-0.43044161328717689408 1.00375616257755684302 1.21266455096310332706 
0.52142451533037970091 1.68133024235854966477 0.28689341674469553967 
-0.71018745071183075890 1.00864059805326999886 0.12886473483560773046 
-0.74070723756586998032 0.58372614733758521055 1.55501090402832886639 
0.48515220116182167231 0.32324984660018335481 1.29389193739411023643 
-0.61380823748114821115 0.41004738788742395306 0.21493789055890258344 
0.24689065288817366173 1.45302166323098469469 1.36404182360728309931 
0.91882413090020809143 1.28338032195916107447 1.62378861619589875964 
0.57395354361676997890 1.67271992590295148773 0.18414249611340299806 
1.01264497357525073973 1.35907548517164200597 0.81563777092138822766 
-0.45804325321624095313 2.18937613440043543633 1.72257346311456549515 
-0.77137876322790044359 1.05291639240708345682 0.16381836697923202184 
0.43421868114963879659 2.05573915397336870470 -0.18488514617141599272 
-0.23818746472832041938 0.56084192664140353202 0.06225479210698327964 
0.42002095695171565159 0.53572484884505544578 1.72956976091834357945 
0.53402075581637920010 0.23698768545544882103 0.88447283793347031278 
0.25392441857168485120 0.79251308963095290494 0.53463060013409102744 
-0.05586484104039507459 0.58431662624519531413 1.24622947857889943002 
-0.73461697468020059620 1.85461628366949216051 -0.03076676683085571851 
0.29305981853175511187 0.37849556955809782188 1.49837930666099539145 
0.42367802828151784889 1.09928276261754920284 0.84822420462113790052 
-0.57065706842730101744 1.43099611693941253243 1.25645799347124609291 
0.17746023625467785556 2.00143714977800479815 1.67301153074256325759 
0.19862041267853569604 1.43309185443651543324 0.96932381859854921391 
-0.74522315244047387939 0.45266516249192523258 0.13583215302160239757 
0.34370472796997686427 1.68454566012356665716 1.49571732455905026526 
-0.27962195805396006243 0.21376454621751070362 -0.02779646318933316415 
0.38221486431638446168 0.80541490884810584827 1.01224050663639308922 
-0.73097160067664745942 1.76125598599029209446 1.53356632668453873869 
-0.18479940589395793538 1.92893002111219336037 0.17883738488318198789 
-0.51058035913052135513 0.28068300011507668623 0.42494486200333947412 
0.03300743253131330213 0.56688820913031812143 1.20440442462914454325 
0.87602811574843963971 0.91440340844024048383 1.21217326705950090293 
-0.82833538240355186755 2.12427330992808194310 0.53308311422919396616 
0.68342945446315350733 0.61222877558635935280 0.12638664598601412337 
0.86872230831878660684 0.89481872486951596901 0.59175524985047722737 
-0.53309108494212875673 1.74752529919807475522 0.73757326901001896147 
0.89712311123191967877 1.51260806982395901166 1.21833206242257996443 
0.31327662421164537143 1.41714047464319481406 0.54055449660783394528 
-0.07400184189311311000 0.85795916946159589411 1.21204596801782660265 
-0.19833093948577071308 0.65373811340809373505 0.42139073216466316207 
-0.26766442046640875896 1.05056584461328039737 1.65786327184627002573 
-0.73608310123008025005 2.11933712576856381204 0.03387822521815168214 
-0.71177082441844619076 1.57002498052872851986 -0.14752778034221608605 
-0.03682084377231170658 2.00178205648247375947 1.71708754444381583859 
0.54423039309805498753 2.16705109707731580215 0.73827503081559064935 
-0.80358605906751323644 1.90598534426027277355 0.48286820569358024358 
-0.49716923490278042141 0.28500189813461068722 1.57744017285331650235 
0.63375222900177574648 1.20434415452435494842 0.58640344021407986297 
0.65103276054776348936 0.92902190440521448256 0.89524585697103120641 
0.58099570578748527261 1.28730371242547403376 0.49870796603966893734 
-0.14005375419315158059 0.44862574096996932216 0.73866040039770952674 
-0.78924631841592141068 0.60419756039772976042 0.60289949967088207750 
0.32814973180048406798 1.35661372683033643050 1.10728181397819236409 
0.93306355165742604907 0.25414513417270634399 0.92739124636232517229 
0.33043188265316031371 1.32829315957724780617 0.50496880119318832136 
-0.80307539872430211414 1.74109490484569739976 -0.03288518298336910728 
0.49170697332395241208 1.78514238117689183483 -0.10396871797166439000 
-0.17129998145507882579 1.24107032255377713881 0.53258351324932906579 
-0.69239729067156907671 1.02916364068558663369 0.91696830738803369876 
-0.19702756713818334044 0.29224638975322581036 0.54870220197881480750 
0.45184914439811652009 0.57293796613903891224 1.73764554680348481952 
0.35326304585329593166 0.92150043910931067614 0.70141787883878004006 
1.00718837919754844457 0.88435559134902275158 1.71290069132587485790 
-0.31098457656209915756 0.51141490343965168019 0.31242080338036049003 
0.48037775171234864402 1.28914944905722683721 1.54548997928428621940 
0.26058366083602135799 1.81008820682766491394 0.54233916930612591223 
0.81537016140926188434 1.63552103326996967070 0.39996926537380189659 
0.67142576326146541366 2.20209373075699010869 1.56501301077711318932 
-0.86544619698652758277 0.30754884593324399722 -0.00810074489412349746 
0.38686344095893243633 1.44442349114101209473 1.65765151449951031459 
0.53344665527258106064 1.66591913625125132015 1.25645642312451966127 
-0.74825104354006655161 0.56520102255805126923 -0.08856651279068956939 
-0.25545582735862459867 1.86970374936629690765 0.03696808640850231253 
0.25034936517548811441 1.13168740980416049347 1.04306765292064773654 
0.35790373985063067552 1.56366287798157554967 -0.22242453748597090790 
-0.77480303748370193961 1.96495422315966750126 1.76629180801044416427 
0.72812500582520445214 1.12441728304993415755 1.56810662472299089387 
0.09327762797206459733 1.63690541211097673191 0.69269046572330639222 
-0.24713095923649219809 0.46796743314223843146 0.71688572905928871215 
0.82224828088193269160 1.64559569728751231565 1.40008135806765099396 
0.37357124940650832112 0.89153608832000030837 0.68619190195660118015 
0.85608365924411222725 0.85055869879123524591 1.54164262085274517133 
0.00040196714190773516 1.60496890597260732925 -0.20910323880702602617 
-0.63600254379710208230 1.72904192148921387329 1.52367587883058774878 
0.92676104059866371010 0.74659210741684023382 1.41935877778576458041 
-0.93470760605071556704 2.06160725626490126672 0.68287300796351535492 
0.73388807661646993097 0.64453975987801392922 1.05351816784914475988 
-0.14548045660141872837 0.36376030481450699616 1.63897759814432308900 
0.76352188031673495772 1.46938907116843964218 0.81940173092902068852 
0.12263729365222995893 0.34195194341027412843 1.35971823423503024308 
-0.30414789923361551516 0.92412277732240533101 -0.03299780295119254803 
0.94438659134170110931 1.56435394367228730594 -0.18829577351385742845 
-0.46534731929948514040 1.28415360266331601835 1.49438926310577357981 
0.55349353528882550002 1.12910516499755142483 0.74088467810997338248 
-0.62399721445430522682 1.44707694385492557920 1.65203208811520374510 
0.43531656962807868672 0.54879029178480331908 0.31116999674044948376 
0.86529894784812677599 1.19529806959825068979 1.49600072266472827742 
-0.86659314380088803276 2.13386700839437004618 0.56255167255389570968 
0.21467439413668021331 1.65791489347429599199 0.56308470839203161873 
0.65562317282628401749 1.34248475317767779202 0.89084147374437994138 
-0.17643072220538008610 1.62281499836735121356 0.37840350282681406435 
-0.32521963839848083699 0.48432674795830299441 0.35596198463564504566 
0.53466236003349254524 1.64423453328112789684 0.65465180149465052040 
-0.42650249258140626729 2.15053332617892589695 1.70376141554069304718 
0.28548188015290748565 1.36182166677935256871 1.48735000640549408502 
-0.62916315818642565283 1.50149356027456759577 0.29856200697008022926 
0.31108447626625085336 1.99972430028774272870 0.15126183815459082194 
0.02365038375026733836 0.94544762328363463055 0.29236256254571379998 
0.32752493772482388357 0.36690050161472392842 0.11541444952291048109 
0.29376079471620825112 1.43966139072620591399 1.17443419872926835268 
-0.93988528259126036257 2.11655657193551549611 0.65181636696390388153 
-0.32153427316702193339 1.05894376792756239603 1.07502945419512441205 
0.65422883867720971196 0.52750535115055063873 0.65375105786685416831 
0.17834311387798673643 1.44289597295416438527 1.29126680287710549067 
0.21654533775333900669 0.98235026859124841003 1.65963870330888130233 
0.84198929193271598859 1.88461609096481286230 0.55367819431925224816 
-0.18513518386584340569 0.66374614545202526017 0.41929447103922601325 
-0.49995156551988662041 0.67838658019774134011 0.32532870971914168434 
0.07913414163524647160 0.42454600555708998932 -0.16879744999718218623 
-0.91678043712947343558 1.16691184300177464017 0.57323455419100821651 
-0.58952609036660019726 2.08537849806986885781 0.84878098107533783701 
0.30354700985772409272 0.21248279303687622743 1.02149827649066371471 
0.26781973430767280764 1.97216945967801526862 0.85882357007115028846 
-0.77614630759851099828 2.09707932533811058917 0.09323795945484593395 
-0.81070609193634945999 1.98327634794196794310 1.37742150998802737050 
0.67313718131824218371 0.75148194680080571128 0.03835747164930075614 
0.77762194902954229203 0.35872651625208251680 0.56470174506580816942 
0.73305890255565364644 2.02807324010761069744 0.81655317612439082264 
-0.57903402311013363324 1.52279490466219691314 1.72563729031205070896 
-0.82597677417508252873 1.53899898644783905688 0.11346653929781641557 
0.28898139000203837412 2.02471185846306145351 1.20701185526347343213 
0.10141428359385733227 0.74778456413488969545 1.55547202086364544371 
-0.18085523028567260240 1.96806182887928993175 0.61028102876585310632 
0.27679575549245527544 1.08759377779862398405 1.01882599312998145535 
0.49173309253385993900 1.44933538196550903976 0.71338807844928120439 
-0.26130382669866514256 1.03291330966664185453 1.72795133874771433824 
0.73118462531942185478 1.95811116629396586575 0.06222118657260070074 
-0.56489073967462544168 1.51559388993332766482 0.29218366182722821378 
0.55088566043617437362 0.48745607011428898625 0.72007299429632298793 
0.09598040140903654760 1.51082983717311258864 1.20247033073974596284 
-0.77628792224590570381 0.84081966834002985767 0.52120325795310429307 
-0.91281062203484308881 0.29020862887676213138 0.99508493422186339306 
-0.82850900597597498809 0.80226989216048161246 1.50876258635315796397 
0.79137910850646597805 1.96415509251721309703 0.23792492352667363176 
-0.31907450028350436977 1.30950771898028861528 0.51166585826376387303 
0.49465445465544516379 0.41059315001384066868 1.28509539429288222045 
-0.09172341602141602379 1.21014375710826604937 0.88000606213753906903 
-0.08137677200802923005 0.77320286472951960111 1.10804756509652024832 
0.63366989185585553823 0.65659632582169091819 0.13043170689642924476 
-0.13731480453152813959 2.12189010992120330457 0.43032129954782410985 
-0.39329031839520006697 1.30452680910384888335 -0.11724444664636701763 
-0.26798263194855354019 1.52739468862964611340 1.31935128352234887217 
0.35256573005918051544 1.16979490387894546899 0.98088005264161959307 
-0.95672944591877107090 0.20512632462173893688 0.21937515104780552777 
-0.41903798030893357751 0.62926992427296513100 0.61825643106062766474 
-0.76024869749336376756 0.59260148966252135239 0.57528340654306786561 
0.90320157245611032426 0.92138111320297866325 0.65102637123034523547 
-0.70543696949418166486 1.54666462592747211424 0.78899556592133046617 
0.77083662782150841331 1.03200519670614387913 1.56720254546494053294 
0.66500458350447078093 0.41458179754762086722 -0.17605506908324297655 
-0.83722626521265097743 1.69378023930179133494 1.57365004418287290910 
0.73838886209240528480 1.04156912767511888873 0.67805917881998134522 
-0.69581040038931629699 1.31916952480989579932 0.48742358072371455568 
0.01715541405910476352 0.64450326968505722292 -0.21906509236686141917 
0.04647581483260301155 1.12849182719572582734 0.24770752498777540151 
0.64954429391096613067 1.84958683591863026763 1.37870963583539984931 
-0.05557391607472066813 2.16497492886520426225 1.39499428749038734132 
0.95651754900271257487 0.44825912912663823384 0.19974382673200077876 
0.25036464038748484917 1.94370291215018031750 0.60396414093637440512 
0.53385553844113298183 1.26918015094516545282 1.57589243773597531550 
0.80879091531097524470 0.68706598884644010106 1.01166828770153993666 
-0.57108307288574100546 2.09528137635594058352 1.25706947937057611497 
0.47103325676368801300 1.28318553646050026451 1.51250603777884595758 
0.93062663736779138723 0.68853377216755018431 0.94906536602380209278 
-0.16674343824652088086 1.73315999484662341956 1.45360854741870326734 
-0.97410798566383360875 0.79765607866832199946 0.43960603022238881055 
-0.18372972212837640482 1.15211150579023424712 1.49353417235774510452 
-0.58703816874722414276 0.76595465677924834402 1.58806028020730094497 
0.92375637728081461120 0.30413250872273245307 0.03360211608176859321 
0.27189807914645602871 2.17081149086830871298 1.02517338868087137804 
0.96561179522896201100 0.76636996095693632469 1.39871985694924449994 
0.51130652509514651349 0.21190806977088028074 0.05230761668319489771 
0.94358325321599501034 1.27128803251340882774 1.64971503223669690996 
-0.02038983195346385363 0.32237441864915616918 0.13786344520033219641 
0.13035525066729083954 1.61209321284510842531 0.67900026577868410893 
0.16601725449807167023 1.49793422760911920655 0.81904171044114248978 
0.32009270795832622802 0.34198284278849322426 0.50498496524675395847 
-0.69345288251092329634 1.01803870211939151424 0.19851817944080960010 
-0.46640876121357038864 1.28513902233665366914 1.75214942596825240528 
0.44835853829795263570 1.52686570942323784905 1.29348886059398182624 
-0.70972612182502770040 0.98241185029773114845 1.05111173695633053349 
0.06593545867141939465 0.38052426985082205002 1.26814352239528704835 
-0.47139487519034967145 0.37149344600383715775 1.32823723576398666779 
0.21365022243886858111 1.04312323835897124980 1.51043334662031103477 
-0.08787225722592435784 1.93905651883739627017 0.25321408438891429560 
0.16386663776980880947 1.57230385752176160530 0.69773156350568665829 
0.76714092166954506169 0.65394932019276152957 0.02480624060916323398 
-0.11680218383796983628 0.53862662303757880000 0.23975950654686900565 
-0.02482356493861792232 0.36460285944721620988 1.17278268781955308242 
0.00054574854352091489 2.17796458128844294677 1.67738123322164467410 
-0.86909327966764027273 0.54014904388027917825 0.75509300242020638283 
-0.78966065824508069326 1.45440684300549194496 1.29288697628121518335 
0.49637927874012366392 2.09936503354650350062 0.21273390528472915784 
-0.06748638587483082873 0.80291116051282773736 1.53672129916709865327 
-0.28648977872242686882 1.84229596300844811196 1.01506166690103483141 
-0.22657383734248429108 1.96437116341079209825 1.45365763666889113992 
-0.39926176344146191433 1.13734543152574785196 1.68624922032954205342 
-0.82129062403887631572 0.67743827753975804917 1.57530215399792727915 
0.73279886359698520604 1.03015900597286957918 0.77519159287078931442 
-0.29984864194259652770 2.00495272977777183598 0.84822510219495694805 
-0.65539600417902021956 1.41799715335491871571 0.58627642400202439887 
-0.82755810176064770189 0.65160556869242758360 0.60003389339283441650 
-0.94800296928829996812 0.23446711967270467136 1.14552924480405171614 
0.33295598864325404165 0.60536011522641575144 -0.15012516278410037440 
0.01403294028557047074 0.68956186103339600635 1.12424541199148819715 
-0.38814640384365423076 0.40700675670560704233 0.37572000121890691826 
-0.43845743969254813432 0.59357396554117269893 1.66714365012608300987 
-0.66505825197438950269 0.48829265793305703935 0.29399697428436621927 
0.48485010810120926505 2.16045049125405919099 -0.16638961007782285262 
0.87889741608530858041 1.60568734456128381360 0.89776452443636334255 
0.57441110350863899825 0.76787415649112678029 1.39323163401263028227 
-0.91888725443534624571 0.55375616857932807857 1.18090126084371682680 
0.07303288374187320853 0.32111256457246617479 -0.06211008588689070908 
0.86134513417518110412 1.64496350141976122039 0.95278654753348146489 
0.52972537217628445916 0.27918325953492306724 1.73874839700932182218 
0.00375219445684468397 1.21669867216615457117 0.46423414479778069008 
-0.07743722688639222140 1.69837064836831874715 0.97356079832187436551 
-0.34802713952629027450 1.60143939249257583057 1.16975261458197077324 
0.51252440594560322307 1.54760630885388072997 1.71058711170556532188 
0.85969667453352660580 1.92042000248074473667 1.60795834801962489458 
-0.47268029515434567545 2.16848301610802796091 1.76685906006707171834 
0.97258063177685771805 1.10373157647818587179 0.72977422465137109509 
0.50174390950979730341 0.65520571004119121383 0.68845218736770430468 
-0.62352333639401213983 0.66360874210027520625 1.45876450808886426458 
-0.66484043763138678251 0.96549892767753953127 1.75480688689543851133 
-0.40132044379548365010 0.97212793157645971398 -0.19058979370373085871 
0.81395830040530725569 1.81822220416913160612 0.06913871402275903466 
-0.03612065639454521693 2.12693216098117598989 1.33335850667979172179 
0.03857224132214506079 2.07822932735627219358 1.69186864014319948701 
0.54860278449343879981 2.13107978804897957303 1.74500300911584393937 
0.03148775931382843257 0.29217153318907451709 0.95385887944344871503 
1.00721190485819089844 0.40223202823616488466 1.21555575995946818502 
-0.33988520688979301232 2.15333045748489881888 0.02444683228497744609 
0.55513216122823405563 0.62339828330216884300 1.65143269557840932649 
-0.12283959732217322736 0.63032755677222407353 0.33726709475304889052 
-0.91283507196275703865 1.32523857936473787866 1.33464762512719881116 
-0.13549218889365116647 1.28074890085296666520 0.98413137818180096428 
-0.85996514769063536754 2.05300403178097123913 1.22643122866446652175 
-0.03091779267986470570 1.72620169567950232370 0.23488933125701694227 
-0.34255369462095813793 1.60099332943305339150 0.16470901665039211492 
-0.74543086500361488422 0.81152096552411456809 -0.03329913483505975852 
-0.10804868946856328871 1.04457877110663943654 0.32843250376705229732 
0.33409380186274639790 0.36571974786341299168 1.12096096357082553041 
0.33667980738490177472 0.47357919640691470420 1.26960717495622765760 
0.61482804751291220136 0.85339634521402385481 -0.06642055099914979943 
0.93183999859535660004 1.27683527139759167568 0.98069163893144351007 
-0.03338185565666905441 0.36934474999825306352 1.16887895117388640465 
-0.77110536990131706148 0.53489854192838459657 0.72105648199561045431 
-0.86986946702774770035 1.89091224426544979309 0.41031609444229094619 
-0.84094176764538819402 0.60058763428312267330 1.06521260143455442915 
-0.27209865354975337759 2.08646179704363765595 0.59822291979803210449 
0.45545543436263413728 1.24211613909712847992 1.10327457446064047808 
0.10410613636778728863 0.61815206708713255068 1.69843590910436637031 
0.49014369026484916336 1.67452430604779345380 0.69588108903554490858 
0.78126629704325267767 1.97861104677598942381 1.31023915980532645875 
1.00746650350748989666 1.65062276103140748162 1.18724163677575633713 
-0.18596637244526367794 1.79215451164388595018 1.48197666474480049814 
-0.94485624636905474194 1.28373408878669459376 0.32723939502207904928 
0.09341901699727987729 0.68209881597098243056 0.64869577930412236633 
0.77011572954573914718 0.62811061472885876267 0.43495789159140424429 
0.14988376135048045446 1.51149672422796355065 0.18230361798259400730 
0.36461715530847743638 0.24431362308643428394 0.45173905458006136104 
0.53336862949314656213 0.24033377841447439716 1.73357088887534049881 
0.29998032137619995430 0.39920408542321916823 0.11857211205282798538 
-0.94839232834646780557 1.76356872819970322830 1.56430462957252602862 
-0.97377188160405669937 1.93961813568675078834 1.29474531309112772526 
-0.17574872310258918273 0.56092295471343378566 1.29568467982286295026 
-0.94898302094052899847 1.56204143053452049195 1.19125694664742476370 
0.65416698232066194940 1.24315603132618890392 1.54386031667307932480 
-0.09235399270684570283 1.88269682083982248244 1.20595385601420379551 
-0.92797853505469063418 1.76779805342899765108 0.89025857046841805342 
0.04490086291506254629 1.22537862035419053974 0.46386314999349487209 
0.90832141107344810393 1.77389037663984994175 0.47956411046303293322 
0.65519776633795856480 0.90531351295391981893 0.32492201825751559907 
-0.17016984996245176909 0.88455570681121309384 1.54047836390701142761 
-0.83861805733378902428 0.22681488306543462485 0.05233275502361577070 
0.62448087877965108294 2.13664457444923172602 1.65823541493946424730 
0.44864374106461335501 1.28406665743005676816 0.50058278752457974203 
-0.58341052323172670757 1.37344766253311800774 1.21156787189293768670 
-0.30360435526501322601 0.44384213276562267669 0.45251407426693673886 
0.13080787618020997543 0.84514200345863654817 1.45476387127868878046 
0.22952136522800678509 0.65672248411633027398 0.97433066680146507288 
-0.24324126161279147063 0.56314029434787249428 0.39746079923753979690 
-0.88435157716292345231 1.47639528845181278172 -0.18621853300032986667 
-0.49278799045217647201 1.96468180054750529706 0.21847934933966930982 
0.49424647978073021903 0.68082969610409038719 1.34201545587236403811 
-0.09144438722907255457 0.64988384767824136645 -0.08576100476116073346 
-0.05562895967545639087 0.76468495183969986684 0.13725117231630673542 
-0.70706148827840431537 2.03109260494220889015 0.95216525018198294728 
-0.38920210051791759298 0.28513688323697494731 0.50833019207733631806 
-0.71071180083390173010 1.93254659464030109639 1.66125371645553499000 
-0.98262430511369469599 0.79691386060837043903 0.42101111191788875843 
0.73584327704961194350 1.40984264679527915298 0.54268236009527726083 
-0.06812919353392531130 1.16573846592314001036 1.41134583431898619210 
-0.66854921209091422440 0.52708905755310542229 0.36271158300909434047 
0.52920203032498935869 1.72297430880679969256 1.46294422578241878341 
-0.83245253552247311379 1.36113736819945718715 -0.02642714426003800465 
0.24029832014917745786 0.91227551621538971460 0.54513063911937520434 
-0.19202496709152838683 1.33302978200662547437 1.57272489854219288397 
0.80307174350930410345 0.94175934337004196806 1.54073667613224407624 
0.24913610314675990742 1.46351998250488590791 1.32936335059464849628 
-0.14750713918965074889 1.89188508985734693546 1.16849870288811219510 
-0.94973196370366941288 1.85565161707579284744 0.36574158494483927084 
0.09458305946436378064 1.23242254239544934968 1.46818265267999059631 
-0.78193335368126271057 1.01276798629964748244 0.49422502135852069971 
-0.70006677031824449120 0.96776608233062488829 1.06288975163335042140 
1.00182389035578922609 1.28442976108175499483 0.06729780953769876062 
-0.69445879471964699903 1.96444113429527122960 0.07371564157521098837 
-0.77961603957228209349 1.30361252021463891460 1.45534925209238585886 
0.48061098418378722652 1.87720307355892579437 -0.22170538994887442619 
0.69972972556154422463 2.00625172489223135841 0.84361511184241777528 
0.08718871803721177371 0.81406137982238235828 -0.15225551572273909873 
-0.67345926253777577131 1.84926399003322727843 0.59903142092956662701 
0.05390175384865120850 0.82890160812768820531 0.78217763903105841372 
0.97204168312257166473 1.32867941037147496708 0.76750352645785913097 
0.29335087050451480462 1.65866319469734224690 -0.06796740984986686385 
0.70258579867678816466 1.52341677339912906497 1.28743002633024872239 
0.96907527149476146988 1.23548146479730380776 1.56263440267554365448 
0.69594361327680098750 2.04933381272722181521 1.05502421609069285680 
-0.53383847134358108910 0.72860914791413289304 0.55108139006101430901 
-0.32365622104382674173 1.96348905666654149904 0.25108286664239531927 
-0.42788128986228768369 1.19516936531751971629 1.66341485225693719308 
0.76291535085147599293 1.67389102017966129310 0.03277725517492742491 
0.94960586602291885416 1.30022111363733672285 1.04509547470272923242 
-0.63648573737997415911 0.87117653110580406395 0.06331548856766261446 
0.52599877704384490062 0.30332931895426507030 0.41953107541407658188 
0.18691387574672188587 0.54013060802428713991 0.74387207059731097480 
0.59136104660613375561 1.72382299497839919233 1.09961484511501006445 
0.05100477703050536327 0.36957532849861468582 0.25706025033563184579 
0.21280436771557253994 1.40220679621073607279 0.39258959830237982747 
0.27401516390469254913 0.97822873266651710900 0.84757199016462991814 
0.01394206750528513908 1.68595355334934571268 1.13388494523773641909 
0.98754821151988614325 1.89512913238106217584 0.28326403926429494229 
-0.39473616979197967414 1.03561669849493087625 0.76469988898848639813 
-0.92981898841997301375 0.86695891271894232055 -0.22447689581099897205 
0.69352343801668570045 0.94136140220538433443 0.94693749971662544151 
0.58353507697528372855 0.32229973090962482640 1.44378586829011523740 
0.21067716351433043998 1.98898276760484549186 0.42983252997017995511 
0.99086163260048909507 1.28434099999999995489 1.00093089105860610921 
0.43440472170478588998 1.02215648983229900892 -0.20119962412340633429 
-0.46927104609945896607 2.14314254472407617058 0.76443917406684847027 
0.61330099272570970381 1.53474994179768109426 1.26308036819759217373 
0.80760465162583627841 1.79637784005548684085 0.05367690919450621156 
0.30773419408492341809 1.66976526816640191697 0.92909496526851498288 
0.59019679947823233679 0.86251033727460080236 -0.09951709063612690365 
0.78396749469504189989 1.14000424470793082499 -0.06815103758517439270 
-0.98189531362455029218 1.07234675336028728587 0.27853460835406929075 
-0.42882261627063306131 1.74693232414723476076 0.08186205664413559457 
-0.14474970119391789014 1.16458439704834448847 0.47440800599420301920 
-0.19431170403244121814 1.13174502368232254845 1.49348719559897147313 
-0.60529584705182104543 1.52713217200599893353 1.73021934461795057203 
-0.22879193176969603307 2.04918434885722966499 0.54340927249357640072 
-0.04816705822349714311 1.38723584834318369730 1.16662523377918847522 
-0.52835109651650236096 2.13218636401317329643 0.82759694227743274553 
0.79522235158668519439 0.82310987810544555821 1.05809912865231958712 
0.00382526884916473998 1.17139523339021378590 1.31485746792314950326 
0.54511113905330288443 1.62181254205162539428 1.66098930823494783660 
0.45453581435936796229 0.23824198530393364548 0.33895331961985952773 
0.93407242375465537876 2.14558331695724735511 -0.21738828759310724337 
0.31566900088301974581 0.49557025944550392449 1.65605918105548544084 
-0.26364969485939054872 1.08772187119845820114 0.96126435284609357268 
-0.15657285139577278854 0.44894466707564900654 0.73264426188684617092 
0.84576393373160752009 1.68100534184266670046 1.40883203399518386334 
0.46028580630571941379 0.27504914561561011332 0.46930932513954071172 
-0.23485532430904121348 0.73516524070769828647 1.46677878327203048414 
0.97278709641140603814 0.78192624305957281194 1.28728939245410711756 
-0.05885507325474698126 1.68654831416638639752 0.93558646773718612266 
-0.73355653461641967539 0.55338543581667165583 0.85294025172026588510 
0.74257564544916798699 1.09459721513642516122 -0.04378465040692248317 
-0.10607990980197566644 2.00429126712443439473 0.29438683861228182037 
0.20644996517707897565 1.01023943980009267563 0.34412485203265336109 
-0.43198409927244391104 0.36026184551640860754 0.37877041781348741445 
-0.48856883089218267058 1.28421643756305003947 0.46769450143524338159 
0.57097878156639281233 1.36804764870945994026 0.37377206939564761035 
0.68836888608947732759 1.21939248094436147873 0.97660342256711807352 
-0.90519359649011554847 1.57868068285022888908 0.15188733549684255153 
-0.23012142371419025411 1.54498387710889883984 1.04666162417407182517 
-0.33772412397001499995 1.65473750159119137315 1.10585063799817917563 
-0.90636492122861422871 1.52071945592513757539 0.77521920196056470775 
-0.94578636915097036297 1.27257795117621252956 1.34557163695318515728 
0.01943324050368914688 1.87461501359555837709 1.31683831669454343150 
0.38222676866995536349 0.41259961324916971659 1.21437875091503588720 
0.66137909594250499090 1.11217566661883893175 0.64885459717060989249 
-0.93591242452987177813 1.16556117460838426503 0.20699779419321820417 
-0.25792595086799940951 1.18572705162498026610 0.54031371640266145917 
-0.86259663655260288007 1.25617039979637246105 0.03856719855166967914 
-0.00874138348640276369 1.20231809704405279149 0.66117251710672708676 
0.76290676448517225072 1.88801209301119743422 1.46438609808165121073 
0.53969269610074921406 1.79122762491361475767 -0.02727762403204251479 
-0.74569534031888962122 0.94825289184104200046 -0.09948104376906306834 
-0.81501561790965260101 0.30522727842518715402 0.43566841389097804571 
0.00611571995956525921 1.28247134181849253842 1.00690932252862541674 
-0.71981577977500443843 1.10977175260415217295 0.41447929489873130970 
-0.48447537646607879980 0.40195556994741138412 1.72061846682661689911 
-0.37875115292003347367 0.61800184181044892640 0.18180098588033077878 
0.35806227513963662101 0.23391697976556521943 0.03176466299345529626 
-0.75946489505355085914 1.73231243083860242393 1.53178458143226903232 
0.37257233700596353865 1.64975861078050844988 0.44646390514112299641 
0.87668927982486621886 0.43443020066503301724 1.73245932049107165263 
0.36065958804789527425 0.36487591445850214855 0.55557341821263794834 
0.81263589776974987089 0.80943243423544453119 1.48835439126099489116 
0.69193334463721167804 2.11800462318270721340 0.61051146791274890635 
0.19913888832370732485 1.70970101523929840504 1.55206084572660740761 
-0.69274546406942294485 1.00583747559955316575 0.86503241563741395392 
0.13330317082204082291 2.04028337832160255871 0.65759365929430335651 
0.33815444215023937602 1.51221446553600258333 1.33231268288430859670 
0.93312193227369366610 0.67213262043526855738 1.30327588388427084709 
0.60835246477842186419 0.36130048874254744318 1.41866358500973066548 
-0.93376658176118243482 0.21630263629557899829 1.49489918125553677974 
-0.58277246339823762789 1.57350937440400140410 1.33381547456038296318 
-0.94863538125239088572 1.81896209956965582144 -0.22279637710299091125 
0.15426762260407395067 1.19293880778303940104 0.49760465956082911010 
-0.78206038981416259315 1.04416075435911315239 1.49507669172223578435 
-0.43134825954759581368 1.42844794407810837811 1.32341995501098907972 
-0.69633978139610819280 1.03060784165452168359 -0.07395848060536514001 
-0.43529887924376320374 2.15949369007623914740 0.71010919948306094884 
-0.77927115098241561686 0.52199058926343899767 -0.02649338195468343288 
-0.89439189468810809114 2.11208104457458833991 0.61148173763005730930 
0.41497304626989722776 0.26817635000623984975 0.09455875527770025990 
-0.10704859181234142873 0.92620967439670043309 0.23365310400193753382 
0.91003327424875413154 1.87001143284231496899 1.20450990314862282915 
0.93245902954862913692 0.72384566262731253605 0.36702676166877407082 
-0.70877841583547718241 2.11810492592950838642 1.40617816364920766858 
-0.27249254333072903123 1.02584583601499401695 0.82913268994630873188 
-0.44409891918745098005 0.28657100648073285942 0.82363611629703525896 
0.24313896186287170531 2.05336235619653884044 1.12780353633847996164 
-0.14230990132099893830 0.40687846362310919890 1.09213916963692292406 
0.99483676817250377145 1.70493045780908114573 1.15247813293924838973 
-0.76025993797740210045 0.46908031368479258250 0.17161686940062811924 
0.20816557139818470112 0.65322371525542355375 0.98985076106939462459 
-0.90489046802862760366 1.81241811568785116116 -0.14046059016380721407 
0.04714378783085720198 1.66578162865694245909 1.10996140704988288661 
-0.94011446556369882011 2.11566273090462475537 1.65276480422883853549 
0.56658500373141373885 2.00431579811436089145 1.21274355293615343498 
0.44887121523702755432 1.11820353764740532121 1.25182139738617537184 
0.65218102237321406989 1.12399285420685290937 0.05293309355081068229 
-0.34546818884905655667 1.87509512243286580180 0.35814846393319443862 
0.44583407433869681746 0.32271691074483321859 1.21461923288970541357 
-0.42719047166581941566 0.64403998015761609874 1.61127863136336424432 
0.25949653751249857070 1.60078066368587990098 -0.06880378762972991225 
-0.77123699806427170600 1.54171661476547283698 0.71159795007361870134 
0.05298454502454635895 2.19512075541319529037 1.55174924296781902022 
0.21520462117218844278 0.51815358405622313764 1.01977683455988477057 
-0.28121992326172068344 1.80316627856190048185 1.45407192007062691097 
0.49393063881329585252 0.64568926097231937877 0.31183586248740785551 
-0.70625367419554596626 1.77681670249135215123 -0.02632486856203209921 
-0.13749620721046296179 1.72606481399535560683 1.02227328107079307173 
0.82816217188699969842 0.46334230266304093915 1.11587989710374113628 
0.92195445841498013806 1.20941799577310082903 1.49329690135702675136 
0.66228857559797615906 0.79199447997015137712 0.01356576837806612069 
-0.19235294915762923829 1.25651107372400949735 0.96653287572365209623 
0.01060987034520939100 1.36650247789101242368 1.21340601135830294943 
0.46967043962787202727 1.14581856540657178734 1.23070904821510684890 
0.73299079808736034014 1.15976508682931944705 -0.02746995871260893979 
0.03835789936313160897 0.99808291411833127693 1.28273369719743879358 
-0.53959478691426621122 0.20680128639217976172 -0.03220930033204949527 
0.98048033514498367236 1.20763514534487703678 1.69592158473333620705 
-0.97826813151489921960 1.52396614383956130467 0.21378069273599492606 
0.59477425740225009498 1.38051608880843290628 1.38401019792520774132 
-0.53379153376003563025 1.75380859885456708014 0.81715069708339471699 
-0.35341052230441249993 1.51964497281399513184 1.27777074424468550795 
0.10603376883514493978 1.50095828737011993681 -0.20673692547525387986 
-0.51831885725827364642 0.84513980601016602812 1.16635798057859552124 
-0.11797486378302807219 0.40730524384821781281 0.11774969246959565705 
0.30434531196456632296 1.28734355399978217527 0.05086905812087139100 
-0.90195601208071207733 1.41279350923507185378 0.27144204318262621367 
0.75610991117584269716 1.96692004595740588258 0.32531930055917335221 
-0.42664777082336802216 0.39933120070194411122 0.34819819574370558524 
-0.17783383931724189297 1.43848215978805704651 1.70176245229286271510 
-0.19073110403631848841 1.00982489783953677254 0.36744961529779668341 
-0.05303103746014013048 1.22326189553371644791 0.82640383200521272400 
-0.92325669507432495120 1.85260959803808367141 1.39737211658177873375 
0.57359385840876786489 0.93501271410301833864 0.24551713658203402901 
-0.03152328639088675111 1.79998605884489570883 0.25665496695323775089 
-0.47513398877213092186 0.89260926841240217922 0.81171178401554833215 
0.95293091891655223868 0.77459328820644413049 1.18070920618754682252 
-0.91253303982224553970 1.87999702469745844091 1.37839752830191319966 
0.77835778129246524504 1.46626887171300945845 0.97505819797146353611 
0.04798900120588286966 2.16408926661782619050 0.23329288898577485445 
0.87717828297884936628 1.36936005842240526853 0.07568011734542666458 
0.57210289478086417958 1.72281020142600960199 0.48179624952449312536 
-0.36295349059687354032 1.51938852655142753179 0.27625392432333584214 
0.54993729153100556761 0.28112357060192172398 -0.17725406266172746839 
0.29752257242882762522 0.48670205973839120173 1.59108610414748685713 
0.04157145717870186497 1.06771712261321871651 0.69511872527717388781 
0.08411886098189881589 0.78069171387407187979 0.88684337831705439825 
0.55255967232062874750 0.86584855712272390527 0.85602407774954936137 
-0.79033493392053577598 1.44992604585854190091 -0.01062128367331059697 
-0.82572875351013852452 1.83092255827783612077 0.49557032974695791605 
0.64505580858589717241 1.77369816300609506321 1.02043576698664861802 
0.99650716087812851729 1.28007668936635843338 0.96070574343960868369 
-0.53383620291231648203 0.26126795839843913738 1.37187620121312470189 
0.88613788612273747258 1.68522170478859822929 0.97485098383655433008 
0.14718764741762219161 2.10809207974258816520 1.16826127393411138833 
-0.96888140814112011512 0.24387282372562182897 0.29813479709790119410 
-0.06551367620982448403 0.66964679413530825425 0.29867137763026802011 
-0.22416138789569273193 1.45502122114070830960 0.96291775336558693699 
0.89279850798479210017 1.64420876700944074145 0.32929637450789678299 
-0.15752077392839619607 0.28512725282454143283 1.56764603131871482766 
0.16763343249406734148 1.08360681725202456782 1.57002833556875076582 
0.98344167155231487776 1.96471620999456431100 1.71276528613655676381 
-0.52088567150682829610 0.91851220017916634930 0.77652495500068752232 
-0.46949255049020249819 0.36351504089712771695 0.73587899746686624702 
0.12084534630323900961 0.68957425891271861840 0.60951983344335480819 
-0.83343284964972919049 1.54395966503757864352 1.73482094054654623072 
0.77722646334429679182 1.44631637314161465291 0.66544705369993817357 
-0.50167576432795146779 1.07145310753120037717 0.21524385898924616733 
1.01337023434224282603 0.28373368621664263323 1.13480753524906186058 
0.08706809925900009517 0.92174465951045014833 0.75959497764154226829 
0.91164726846420696127 1.10291601113761217334 0.36223970049282150363 
0.82254184845081690369 1.48817063813467487243 1.14834950313215378159 
0.19085360526936800962 0.74183369729897119527 0.96584228391058479790 
0.69413199573656492181 0.30768638877251947017 -0.05883544007913301538 
-0.30728923903512506133 1.24540450766619836820 -0.03273730121762068179 
-0.74097300460090687046 1.58604467315532526861 1.55387759364651145688 
0.16435035778765555436 0.39295051387169394053 0.94787375314270394533 
-0.61112893925266675854 1.32452329203159258064 1.53814871372202133237 
0.97302758351632068212 0.72432952758539936866 1.21001940799301510587 
-0.34804136559948045671 1.24508379546314884578 1.54298436251990511714 
-0.70993680606397024935 1.90509016385525109527 0.61402914692662535767 
-0.92414971919905330999 0.27533085381386984691 0.02013159658044758743 
-0.90976025627587664424 0.68381017943309108098 0.04207705151186899584 
0.90477213591759864109 0.61888778718641468402 0.88493648653054246545 
-0.56125442150442805822 1.64902632742655930187 1.38148010672091792195 
0.60047114992688133128 1.13867604736986738345 1.08784332301838682078 
0.22198306365915720928 1.39818508955948561656 1.40974250331698058858 
0.80113390937398043512 0.47348020857252709481 -0.22607707165677171091 
-0.71561757903975420358 1.68433169954397565782 1.52073394968911013159 
0.69360954364060178889 2.16434852377392505929 0.57358316372401130234 
