0.94209370928747593332 1.77671941220247586735 1.17558315019152037628 
2.67496112084582726709 1.48045250374404435689 1.64707909815747610693 
2.26538636887031685774 1.02372488806807626638 1.77028933927212683841 
2.39899112019703686371 1.31587262623661938044 0.23278584084947745447 
2.39418597012454581474 2.18128197186685346409 0.24902812930570608629 
2.81550189238899450928 1.41973145840720538224 0.68123470845532663187 
1.95186798567640296120 0.96012482911203067548 1.22757358724319942667 
2.27320402079823091768 2.33825372296991362830 1.43220175643756975070 
2.09873919315858747936 1.17837271197156123748 1.44882983772632023545 
2.62748527346512750213 1.55921431200701388065 1.49042217625313555551 
1.78140815007283448423 2.31878264999745509201 1.49372140113079066026 
2.50676375652699690022 2.58855029765297173228 1.60190279260344214940 
1.30647907144238639709 0.89743006117428247848 1.00876614412270537713 
2.00239635589389219916 2.05589923164470933514 0.66965109223220065093 
1.42601338050925541268 1.30086429611604370571 1.45803643137668781371 
2.80384253607433331368 1.70630390310562551903 1.33240278831420044803 
2.21398605576170171005 1.98478882224395158929 0.72604818557417061253 
1.86771074119612912057 2.26251132181918368502 0.52905215182118159323 
1.66746650577090482770 1.07680649986742715818 1.58061459068553999963 
2.58086386876247475541 1.80234403966241218953 0.96759496011470902399 
2.22722359328504460052 2.02236155858925714668 1.03747709288385614457 
2.37926800418676354099 0.96003924280280916737 0.18478729070027549719 
1.92527494365104479002 1.92589884888387752326 1.21856573508261822880 
2.79501426077137971049 2.06245135217919983717 0.33262579840536193876 
2.06036743254268994718 1.11482134837812241202 0.58257473573233498065 
1.47352957441438370267 1.10529893390803679587 0.74581092717643959755 
1.57100141884776145496 2.20211183873665339306 0.59778300274732254493 
2.30883788898055186678 1.90866432129790553063 1.60641895895231501257 
1.24736003340442391796 1.08886511159184795616 0.96844934428436013629 
1.27081267795337815585 2.06487820560423074312 1.22587250291546934200 
2.77871903267214914734 2.54221731877895429363 1.75294787398986584570 
2.05000340510849410336 2.10067975985084176571 1.56779229251729113059 
2.73596388999740502967 2.18218047309092089137 0.48194409419623879254 
1.48083325503307494664 1.16784199941039901205 1.69778201573055786966 
1.66766292702548368787 1.96890335248118164557 1.89168700305059367395 
1.40334274516958124046 2.23807537316733151656 0.32938875547296586621 
1.38717250773098932370 1.18235074908611026423 0.88846522592157928244 
2.80451784898570277704 2.38379796059949189413 0.06504911813525918185 
1.19495315329447748809 2.58510906515119520677 1.56367681896846599798 
1.35341980240052417450 0.65351662089526607602 1.36791090488325783880 
2.25657773495350744142 2.24477749249277147570 1.93283839047186334348 
1.10417240751423095801 1.84506454121908114452 1.79692367576990164046 
2.10857557202811873864 2.54060541996187794211 0.74574050477527864533 
1.17716373405938012908 1.44500917784007154587 1.27671145725241363955 
1.75710827187436557928 2.55358171844820214247 0.22798899157124249970 
1.08132256604449938919 0.83349294795320383322 1.77632210509203813942 
2.42911815758781379770 1.30618765795055757906 0.32958389006521005005 
1.95218819335475113341 1.58853208844805604549 1.70369559979320550624 
1.34428453632685718233 2.12924754857618925286 1.25320557644493968397 
1.93809838639817844097 1.72726830557435651059 1.88247990429475553498 
1.50731825132197871930 1.69567318211241646608 1.17153013324221544345 
1.04134074161285861138 0.76210993273545735160 0.53753591463752470325 
2.86148748308241840377 0.89521824606367073063 0.62048200656747043436 
2.50623155005958819785 1.54412746679922552318 1.21434643297868727352 
1.41693321872775790382 0.76622080453199847838 0.63399104315144427790 
2.40092524703345810977 1.24280461282605569906 1.21759174929684399480 
1.78731959237244275585 2.06193418197667499570 0.36756457104152373550 
2.13768056041148568625 1.46368702088262869765 1.84937027929064878862 
2.59568355109682169513 1.98606529412289045666 1.77835928816880239900 
2.83619073089617224070 0.95482115033463899056 0.64505599242998590270 
2.61633518080659088767 1.97300344399741378609 1.20957853375019097619 
2.62575117358146536972 2.10057114245241915995 0.03078297586668798241 
2.07474106904416499830 1.09967688098241733741 1.53819842554517771660 
2.66291564726300089561 2.12712087763331458845 0.92791254368991249457 
2.81610930946565352073 2.34808135069299028785 0.61005127519714108519 
1.29074865064912702728 2.16048632277424035308 -0.01728751515848681725 
2.63716241746721236083 1.95988440897530380447 1.25891905633541267839 
1.92269080041693585237 1.28150275243746136766 0.83460747116076483554 
1.36003653036663418874 1.30206221670974842120 0.10196203969486267171 
1.74795020330720340951 2.53846993681734955928 0.17652872839453753739 
2.12309865179895185250 0.98534908230345419344 0.69038175600640749874 
1.59747928201208555521 1.38825257482270969511 1.36887678686910607695 
1.22745738725627440147 1.57693405762465643782 1.49670230975041440580 
2.46849505192107976370 2.26084274015927544355 1.68012911332351699834 
2.04709443158444814870 1.52116662184965623084 0.19059533152763519226 
1.90579768756420397935 1.31831818808118206299 0.68861341525519925710 
2.22853330907070290579 1.27079127955067661127 1.94405697426052803678 
2.18691907618405068092 1.04048370973329507017 1.23421348671980823930 
1.33271245479678501766 2.09094204099390612583 1.79436690224846939756 
2.24032560320040508017 0.63683064152896740051 0.47777709165331144758 
2.81846159994519407377 1.17293513549303107801 1.76640984266688527704 
2.74940037413525928400 1.00674304028637351394 0.30996106165850395575 
2.70035382135263946068 1.98057709309698304345 0.41075237347761939244 
0.87176120994298322842 1.33107313551541617258 1.94477900596133901345 
2.58636509626733568368 0.66264913260005597895 0.50183290434375449340 
2.86532118056783469129 0.74130327049982736032 0.04918606062339757334 
1.42709500196566829722 1.77797558483108142369 1.81122785559306342940 
1.62693905915730452350 2.13138707959703799233 1.56541279091999463446 
1.75066462542186185303 1.17938600959588790751 1.84916521227113772596 
2.58703115694756879961 1.44280818298909618846 0.37787224834366883730 
2.15791928492156870334 1.50428825853653758138 0.09786610847619045539 
2.11042879553575257745 1.08990278208361068835 1.13092285885275756208 
1.11104417014099610128 1.44552293057708758361 0.26635192376352778698 
1.20704220642220882986 1.96682086085552132459 0.56220513816861228396 
1.74226123272312793944 2.46520680017115623173 0.95967838227910839954 
1.46813508188229735474 1.43496862347395603976 0.27701234682763792305 
1.94357861497848993793 2.43420536507884799349 1.15303919859347692167 
2.64142333010366048285 2.08743369471793016601 0.00924851868615796796 
1.23418024951082760943 0.97884184146697161832 1.72675345442793548578 
2.60290438392716794169 2.06867346153819475774 1.05159562654117810787 
1.25068410234113835955 2.49281035684107976635 1.41976269680100308790 
1.70656535490560723467 1.62596986763205442195 0.04767995520666882397 
0.95535239014811690339 1.06898618339104545250 0.68360626066650620469 
2.10709547335364488774 0.74109123000491350375 0.92757803110221259679 
0.91163534366857601476 1.81802510622894053505 1.46963623619002325960 
2.23953919273303947435 1.89419869235039572963 0.57389840489591781303 
2.42301361250857505425 1.93643339505273792689 1.69722069445084766670 
2.74445919634067880821 1.05870257248294352692 1.35805057138798068728 
2.79257786450286227264 0.72498831465341484481 0.97156131941171586242 
1.49861548822411738691 1.28178948518262947331 0.75279109891307449676 
1.66989048951118457254 0.96459868545821669805 -0.01161355684766852796 
1.30817623167032159870 1.33919091770826081955 0.09019912994502918280 
2.23288055248049932544 1.11002983281365552592 -0.00127692875776581546 
1.20338803200948207817 2.62254530818374753665 0.54966352729726553061 
2.46241435343215364639 2.22387674775401578131 1.96292633460231158438 
0.93916884145328993760 1.38717443295921438740 1.11532839612550715991 
1.20834000878629654885 1.08806248238280445229 0.08480707410085722153 
1.65595209321616754217 1.22941700443891543948 -0.02518633458363237973 
1.97668626943611913660 1.60107970237065200259 0.18672373704473016476 
1.54191653222638058729 0.89830303308044723298 1.21796134417124646276 
1.95745421028216881609 2.46374231774853669208 0.20860059274699629950 
2.85587884962762350582 0.84692777611448144537 0.56645729005883704854 
2.72541261635193876600 1.53222479167149994161 1.13784269913854885203 
1.94396079732892657077 1.18742874759456018552 1.61522261853119353248 
1.34990340647650297612 1.86229203021407485608 1.96636731964208633094 
1.56605441648265220067 1.82231290378655019779 -0.02026388554687520022 
2.10871789059502345864 1.28079307703958034104 1.93476232322680874454 
1.13457602668944934621 2.04790087402876519462 1.56437570266700509691 
2.22796255633702244836 2.54915653226280047861 1.41965677818654456566 
2.57764993066614245265 1.55384401431494612034 0.61891278779864145054 
2.82746752597503370197 1.11944451862451166413 1.71151274040576706348 
1.09139229642538237997 1.88894931394219867116 1.74305455878984005835 
2.53517865814554266279 2.35181567515110279132 1.38304339217344396396 
1.75171308539105630153 2.08124865391121094405 1.74329007002871594345 
2.41974405352312382789 0.79082599473617698482 0.96701306727287639209 
1.49762681660162244590 0.80202261602748192715 0.89370461010260227042 
1.17585588509324745488 2.47624018080090246841 -0.03076896487860029603 
2.11155550939391645215 1.02222509878485179335 1.58596309642739674572 
1.79493804405127965751 1.46382818035628270437 0.70156856102991882462 
2.38892942257826312868 1.38341186816741812393 1.57700010174088744996 
2.12436152146657120099 2.53478601429788064081 1.09765482727597807333 
2.71144933811517852007 0.99322593244975132531 0.36672824680564003463 
1.76963674864476416815 1.15322804168938741753 1.81965244755667088228 
2.79398228189680564171 2.61338270822131146787 0.28929112849005939045 
2.43581758132747649981 2.22729812226582390977 1.81313401802589857503 
1.66794477254779316411 1.31991857195392747748 1.45166965607059950116 
1.18765866293538047138 1.51413365514418885027 0.00585028807186468991 
1.38643381374017993224 1.25043407857692123741 1.34892091367730415641 
1.20332488447902430373 2.13562808564354922325 0.06399909984952432962 
2.51435904730573955845 1.26230838535484890528 1.83907490396657435916 
1.50744136975815012924 2.24279976212156206827 0.93606771947504241460 
1.62780997715626551958 2.56876014444693456795 1.53570179094374736906 
2.02700590040093597821 1.62569802013652764394 1.08586029605449940760 
1.76481874570921082324 0.86777103501196883872 0.08958448416685992066 
1.01484463186456186357 0.72685176706964182980 1.62650560549225198237 
1.21065195455193075347 2.55457071359805798494 0.82083692542859010288 
1.52830629963260555826 1.44111366544244901000 0.30617532185066392847 
0.88381805377004263313 1.19106409582133387914 0.43432965102150800085 
1.76913875400812670158 1.23651333655951733981 0.90819132021796578069 
2.75665615419947984677 1.47770323170704731552 1.67837384335307371330 
1.32286185333377970252 0.82408942912675986481 0.01113927354078257659 
1.75276210990270975287 0.78378628860141219548 1.40779750314793394850 
2.70676401985890846547 1.55520635101857207516 0.01135858043195965734 
1.61066126616189242426 0.94684101040606571953 1.80048536774865541865 
1.36998945946463779322 1.58356786369717905671 1.28089379628078270379 
0.98461447643464616863 0.66661456226674742354 0.16544068895410443676 
1.50250717757119534035 1.30457479525311192958 1.69506582264247396274 
1.10080583070340232155 1.89224963185946104538 1.36019026486257876840 
1.14843023855825365764 2.35612032012488414878 0.39448926422892161003 
1.43773971953568224791 0.78461893912608648982 1.88175709643611432931 
0.95494714043555350980 1.87872282266890455737 0.25566461091961700802 
1.59477373235013408781 1.62535093038899947082 0.16617288115102377133 
2.70952655643145989828 1.25989962142203615336 1.46330226461064150101 
1.69578885831985726185 2.12645944930365171643 0.91995195313139754845 
1.73383214650845096649 0.75922355448572442782 0.03043174828167553858 
1.37632315744108035815 1.76615390797097515652 0.90021906793923145429 
1.86728046741956332788 0.70190457994384403140 0.92879871378571310370 
1.56193361531257690622 0.80123352663419933339 1.31354609228216934191 
1.10450454629816330332 2.43218192193035553927 0.28451705515561648285 
2.29184343283432134797 2.43544890553183623894 0.56512708200386230217 
2.14607849922116589170 2.18650873385496691270 1.01838497800275007421 
1.78766632954806636846 1.98381390487380704357 1.55834920040169455646 
1.26380995384086713962 1.49545908782159098216 0.55199323436689728961 
1.74985395825476119924 1.46853872360487902604 1.64084754732795712329 
1.49676783795894685625 0.93543728993873931365 1.72286124611629021253 
1.28793159833331793962 1.25603394891103192776 1.94171873406755257641 
2.39854679408607651681 1.09785184774162547505 1.18140381812717087939 
1.51291974588000899260 0.90084338755608739380 0.23810090452111254411 
2.36212475641677288607 1.31056849403351360905 0.14738809991550361200 
2.15118662740454924531 2.50077975672078567371 1.84922646340757079741 
1.74808863349480048122 1.50811318080720901946 0.82812737033886185678 
2.23237686584821304336 2.11575800479516518138 1.32712689133290040466 
1.30237547132512498926 1.02507761838376820762 1.15723517793285690658 
1.53985805673805864480 1.75217459583050483296 0.08465964694355504472 
2.77009554926940904096 1.86195646228312838844 1.45552694084972311650 
1.88023242405999591043 1.77647463401466088051 1.05122152509063226944 
1.44199055534728293182 0.72439341274388757697 0.62391429298739720100 
2.74792958971912559818 2.18581835110117639331 1.83384206989495690543 
1.18652202260612349427 1.12091738724456524423 0.46694799146666693401 
1.87101749553196117226 1.10495458811011904032 1.28945311837309972702 
1.27090887235508964714 2.42821811735376158481 0.12823586902376366004 
0.86751493276630187168 0.70185929278517733554 0.36915419416307787559 
1.81064539300610749528 0.90083533570481200137 0.55185376159367072191 
1.24852484486448789269 1.53159780557890634611 0.51223312625357653172 
1.49734883440215482686 1.42657603510956332293 1.24958756014617611285 
2.01293186207186636238 1.27397383785825280000 1.00158502996431231225 
1.70560592624080031854 1.69521071931417366407 1.39889537791303175673 
2.00920409983180148217 2.40756826403603696463 0.24499808745687057243 
1.59009133894969600931 1.21501543102729314683 1.51475706005658916631 
1.40098458865064845469 1.16420023009381723433 1.80519307371762915970 
1.25852958856007957067 2.02551311440856274260 1.08988032713691662678 
0.98430659323284286355 2.30166290084974844987 1.91351657386652784787 
2.05895194931716352116 1.47090241404878718789 0.23409612225881709646 
2.62828615800615272846 2.02696656795763008319 1.74120690562252367073 
1.19162912792387798433 1.58002517454156232724 -0.01645423717027645616 
2.82814493379572873266 2.54594760373560458078 0.77133895883987868558 
2.14131589377670028540 1.71526080840342021183 -0.01854810271418715420 
2.02744480648041935922 1.61761856607673171204 1.09224476221212762894 
1.03372264984846373714 2.33986225199353103932 0.28417280463465105500 
1.93529838226995765105 1.30436684507165967517 1.03026776473968162406 
1.08878286119084233263 2.22456996540852536270 1.04691627199806358561 
1.10624574210895643134 1.53221495532743690049 0.17103450604528050438 
1.30171527580992330009 2.36876627164698394523 1.45227147635347897392 
1.71708439784474387046 1.43529998792883328740 0.90420945119070772478 
1.57809820997413674526 0.77674848380105421253 1.93802130327180255343 
1.22700324357777512674 2.12145817011623272208 1.37017464201328031947 
1.24054996945423945398 0.72144696418621967471 1.87091607587984509742 
1.16319727886618551338 2.12110812601317011428 1.45081279122539785753 
1.99696149389657096052 2.58505820117609941278 0.73126286949299690310 
1.15181479606384717940 1.80462242968393571374 1.85710921677103901750 
2.33233881071256421436 0.73767184475457103776 0.88295239033992412025 
2.76801634048035882785 1.69957040404428538771 0.39859788335599133369 
2.31399519768229389172 0.81486393697953485304 0.01111433620520659721 
2.83242545681527468915 1.29262342950543329678 1.53196194024849940973 
1.27174358310372026537 1.48403320717288789155 1.20992369524359499877 
2.30301098400882153783 2.31835286079197144815 1.03295694034824392382 
2.25942900266164681256 1.48032705827793598097 0.24707268604354837294 
2.33214380589466641069 2.43174830723932977605 0.21167038081545413997 
1.16445733257285866102 1.39026293501949904652 1.33237876825498213762 
1.10375109415401739810 2.34104842159934323220 1.88943892020989645530 
1.00890698824369740016 1.09831922933771464201 1.61274222854366899860 
1.20215576453239458843 1.26768143486875572989 0.98511447389794526419 
1.50551561468064121208 1.73370248606168031458 0.46601931372706328904 
1.38989320488119183494 0.78967113409984734940 0.60373931928099366928 
2.06899668499562672253 1.99075662695692279236 0.69666494264136658021 
2.14239556490566673830 1.13087792725836111529 0.48482178016960286726 
1.49214787148214034218 0.91897839165951256124 0.22306137895965072460 
1.67383738649743540883 1.92374880609926535158 0.00836745178922542604 
1.91644802674694170186 0.75139722888730919870 1.15730376055063177709 
2.26876431895386687643 1.33748288104688728417 1.03357682690206353904 
2.02515641023459425085 2.13775076116354290079 1.55798412420361165331 
2.24040145896151576821 2.13374357684664062162 -0.00382072392239788273 
2.15026674527229966216 1.49816001049295421943 0.16284236344197147717 
1.34698417753273225195 1.83683249370391843414 0.98340488833919026401 
1.85345550106926570955 1.32244330526514319857 1.56219250910949414290 
2.26843826294708073021 1.97773049051645033458 1.66757980743489886422 
2.07077220902155767490 1.66045519615413583736 1.01088375919083883758 
2.21579681569040642941 1.95284784857269144709 0.60686864833296150223 
0.90138485102117793524 1.25948789710319908330 0.88353359604365389046 
1.32711259060531383547 0.88659286578832219305 1.58812712787098297973 
1.58679013204553953642 1.18236103004042014675 1.54802953027811751596 
1.19564134849993886078 1.20771644874844730211 0.45300055347236500847 
1.19079932609559913104 2.46275311017869302788 1.28151268125740025461 
1.34022559047665645870 2.10238172561693792417 0.84177696847658167734 
0.91310398336842868439 1.70533048342757154181 1.86088047268896650266 
1.68049939914843182720 1.38880730417877074068 0.49567442557794166857 
0.88801315175007389247 0.89361978058460256324 1.55260533531400746199 
1.47790288046938256272 0.80480595169853719195 0.18827900621863655206 
2.20804990034410719701 1.37751415267430155076 1.40289296819189290844 
1.79134352613717906522 1.60604016235423996406 0.31385651342753012605 
2.66395293587941672797 2.54806153592318684886 1.30110880410743878777 
2.58815356825372244742 0.88211015931458114370 0.34208796809255870297 
1.92804752336205886820 2.53800143119528920366 0.20911039836356984378 
2.47250517019320126266 2.27782701741850512889 1.55038500845734827926 
2.40815664915747484898 0.73165904101073531152 1.50982671096188147963 
1.54801070300113030598 1.95913607291970048863 1.74372575076684621642 
1.32769152439326942883 1.50293415282309505976 0.65605272261047309357 
1.02602885753323858076 1.17743402907749294961 0.57610257992632840640 
1.15576476468290967325 2.20542634281437566202 0.06458196890662495915 
1.63186685752429361251 1.66477051599561431949 0.49143097420791009844 
1.97595160835793404175 1.57184678277843303817 0.19352659475859668170 
1.96701093593485576427 1.22613343212523084880 0.48971964558706354564 
2.03889364233832770523 1.65252963762079230214 0.66136743619458915333 
1.19824488210777491126 1.25433452674029388696 1.40033456574879533463 
0.97554638129252357892 1.53232898733017397497 1.16292018357872506407 
2.12216575967767528965 1.17675967856664209776 1.03665063561095593947 
2.44139654621425927772 2.30327676146238324861 1.40625135135680112697 
1.94718369149593217848 1.87686956518802428029 0.28483950573914773585 
1.68335891684557181769 0.62981160939840330482 0.45348538988150310924 
1.55680466047243570848 1.16226548080358171866 0.64476254618729200718 
1.32034278512660252503 1.10269963338270504671 0.87180846462144800935 
1.77567198198345854721 1.98132988886236072190 0.58043245863499048909 
2.06676628977802767650 1.86676285557666643555 0.42041782809550409805 
1.41975319365106789071 0.78054431404670554517 0.92156081884590901332 
1.81882784112083273342 1.74242657686003132866 1.93259791269917990952 
1.22684642480116434804 0.62475887080396741435 0.90042502721196038262 
1.93852717486240599953 1.64418412066957531081 1.72770153470922083194 
2.61385546843982519150 2.54488514135586774145 0.26826666519712449865 
1.06070516540447079556 2.31273439266724611940 -0.01112132886833410231 
1.01412753145300693625 1.98932224590572026557 1.64678709785904708873 
2.14696579218900263086 1.01213466435438537161 0.33947477965937494782 
2.11425281537026643619 0.80388229957819523630 0.48915506397188179832 
2.52124359644120499269 2.42416191558112581461 0.33611449373925639250 
1.54912835460738929072 1.26207505603326475274 1.48885445128120186276 
1.06137933928832994823 1.45500693899430988409 0.78837198208744097006 
1.66436857577801111674 2.01377254653734549805 1.06468118700781477770 
2.18823220091519088371 1.46231323827524439807 0.09030559621597515629 
2.69951655889256469933 2.49293270234643715710 0.75334786399360198494 
1.82774508045619521468 1.94002429163296286063 0.20954397425705684199 
2.42356796451288802885 2.30395939372081048901 0.50022523991719913816 
1.76703520796820034988 1.12705264337576904765 0.84538548380056122156 
1.55663183756648293432 1.13811309283595440967 1.05472364531204276794 
1.50733863623024566536 0.71428803825604714195 0.19405348888996318268 
1.50689258093701217156 0.70498381105547014425 1.16110896650551720377 
1.94717127179832805162 1.08098745467910895002 0.68280917228257898000 
1.43533740011008137394 0.95585806018408436824 0.74114245523691979489 
1.39269072950285544010 1.77725502716265504333 1.52932204901430734978 
1.33783854597051266033 1.50344155660538425501 0.66156227256279731552 
0.92275193376906161635 2.17044039343314620893 1.31388580112622888052 
2.72813021020562684882 1.39852588768926433538 0.00561525551045762451 
1.71677028019189203967 1.45299936092724513159 0.89155591436233150304 
2.62101984726151115979 1.03669731973150436311 1.04240339645961510584 
2.48954919663377660655 1.86937149830918447613 0.83064863858933990493 
1.95861302881419319100 0.79300433244958379309 1.49441965332344661732 
2.77131893452440047909 1.18302157304540567218 1.81934231116726286004 
1.83487195229392674456 2.29360416845636727601 0.93541824252165284292 
2.10738010560394917192 1.46172196279455812729 1.21120133012632935632 
2.81413292298588535445 1.69668067114468290590 1.31219954413056005826 
2.85616749108743706032 2.20856488975611942038 1.38397201792121538055 
2.32573792429345971300 1.55385193006420774253 1.27235055471583513587 
2.70732183587529329216 1.53203449563541926892 0.11908746759568175633 
1.95030844264517266851 0.82187044159133748611 0.32017827303426477092 
1.87001418933917107346 0.73561124208335759711 0.98468380410965306027 
1.94942517507921797559 1.29648168476939829041 0.87063252487983122663 
0.94818965207077177126 1.27396069652573751263 1.70166511787817786860 
2.52473136999303671146 0.80120310104600844792 -0.00404029512509266903 
2.39177843486100183412 1.66631307739164369330 0.35334036976849170220 
2.25281616918528770910 1.73474212702424379628 1.45411451530646962382 
1.15438180721326566491 0.70192007647998078124 1.49118550105185865284 
2.45685642085554167835 1.32552005147702312016 0.36268414885291139216 
1.99792573865737232985 2.27627728787171745850 1.30811014058518271241 
2.52992734872402280644 0.88416276596007692401 0.84903364714497109311 
1.98369257545116850494 1.86496401573373349336 1.66450381700299998577 
1.64410623754141860253 1.73383653610178956050 1.95875245363816352651 
2.42587460733924542566 1.30101661707430671377 1.49398046892223090865 
1.65821472590484142451 2.08840186360021462519 1.58860965195932735128 
2.22728631727791315242 1.49653532188255833368 1.45066545306169270013 
2.55159645494676512456 0.73230205394955383280 1.41035769351475237521 
2.00832978440572107459 1.67854742592166461534 1.04923519313228830185 
2.55524068912735291548 1.46487467868971665830 0.32416143977605055282 
1.34441350378540924737 1.46431501393815821643 0.23920509494585612265 
1.49179416845851187112 0.73817091663916656330 0.25347359181502981951 
1.89440912463541200061 2.29966532826664193934 0.94693643322241127791 
1.66980211005518430767 2.18224853360115877976 1.49056318231438234001 
2.73456568292487922633 1.98405513575248604319 1.20145111467191512133 
1.54560560146379999402 0.86972240326136185384 0.85433612439713202402 
1.45348578789465743277 1.03991824147299016801 0.20732775248582341332 
2.50886609820341721644 0.86364578508869094264 0.27628191147192987520 
1.54770405581253811533 1.63550135129573437354 0.59103785850344270347 
1.96409754654787249706 1.01037803528473713044 1.64127127051786914080 
1.70535798995853915550 1.05959222411141040787 0.85460062035331219032 
2.62789359878332184906 1.36536428045075419746 1.43140673744848001547 
2.81324046729343280049 0.83710497796630856104 0.51840643639798400510 
2.17328185435741438880 1.23894045077238934560 1.94253514031021667918 
1.62797477170398718904 0.86513182852283621038 1.32739098440072722518 
1.47496519597434772031 1.34219174783073214030 0.67384565516314198774 
2.53989504589395531653 1.74206648376183292903 0.45394899786665932062 
1.30570878324470895926 2.08432440077948077928 0.86206441842118719521 
2.18757210842662441763 1.59781288923532871493 0.55340066974936041877 
1.66694251210282029518 0.62382048388383470883 0.08709317805211376495 
0.96825876179724956749 1.87402020597529328505 1.61516849053171718253 
2.46608761451286007116 1.81875934974222586149 1.83430619286239537935 
2.08404301390329749211 1.84196758915601122020 0.84972863450351665549 
2.14547787245895937858 0.68615756691721618843 1.49045451425929953437 
2.02767638737599265042 2.57831220490886181551 1.12618611512431421318 
2.12629334789248591875 1.94459384137821089666 0.41904144896185963054 
0.94200707315532994368 0.86711623883123223333 0.24875390076454645394 
2.59219925212319379781 2.11199790736351600273 0.64208599558541346042 
1.93303618026506907057 2.22724167286896346241 0.41748771748418023186 
0.98784282287874869422 2.30227863770071872196 0.12290082083206393948 
2.19348465540656079042 1.96227929021896851935 1.52993293214364545207 
1.49246562715196873228 0.77647041096225533074 0.19531135530870291639 
2.28650705841184898048 2.46181263245657833139 0.58439338565097120881 
1.41822554545736689846 0.81489947062055012594 0.69207460905732831602 
0.86685952907221996977 0.74989856514544572796 1.37682303984742127057 
0.91440279860103002019 2.13685741044507615527 1.68366517748490407413 
2.69674745122138226350 2.31324749811810725930 0.51859379936583060999 
2.41863955548038322974 1.72605242166870209708 1.60922604194581375658 
2.70374545762394236093 2.12367980498652197952 0.87553435205040675005 
2.30667564357665844099 2.01869959537380960768 1.14883508073255247162 
2.80022956334615980012 2.40692012671504862453 0.65080959450430531099 
2.19692721750349884147 2.55547503623778826665 0.70334745730411674103 
0.96594999751148069578 2.08002583216543879274 1.64166405131015702423 
2.54012757325045424039 0.82339762710036179527 0.92290579490831459175 
1.79139432209408400176 1.09531765189878460554 0.40687344165451477807 
2.63538801947534473413 2.45157236183777094141 1.41028887252738432956 
2.13249533146402114880 2.60291250973060517282 0.99266614329008351358 
1.17599524760193996364 0.99761844243286834644 1.34580545314303723359 
2.45119107970145355679 1.03964053852973381531 1.16122830148480371548 
2.22266178922348744962 2.56873076961038337984 1.72559462241449579345 
1.38823690689286616262 2.34404384349229699680 1.12678531080220323268 
1.70387894515285220898 2.30804797783295256863 0.92155339459402996205 
1.71466775813701066689 1.54959056725811072930 0.27809472726938616605 
2.44795011451551536297 2.23393261323823422160 0.82426739902215628852 
1.91929589715769211011 1.24954846994844803731 1.60441295225381774792 
2.78055442693987453495 0.88611829289852261926 1.48839273120817017215 
2.67144783066340885114 1.54929239031017940142 0.35247614939369070752 
1.30467854959774198775 1.23009226919709924175 0.01813302215789841174 
1.14732204020626449292 1.65651598847581027485 0.57633575293348082713 
1.73029412394329318303 1.45993877996706422628 1.58673662595370301709 
1.51207170291937642581 1.78569002391765074833 1.27499095495413738988 
2.46869228745599444963 2.24104968869137977094 1.66585037442278061093 
1.74367709146146721011 1.04231801213805064243 1.66927318206668395817 
2.21405664601773688460 1.42193596010153155973 0.08919399153939251701 
1.59431870483189630505 1.60456428610511547816 0.18826825527506363400 
0.91452123494760440003 2.30164553031636520686 1.58165359224078372335 
1.30717111825793574909 0.96616763178172582194 0.12335411897913249601 
1.04077032081523301876 1.04687039691605310310 1.62125894072196330420 
1.56903070614741846356 1.45245947873864955646 1.28003363168182549003 
2.33389496315944189320 0.93848573887585617914 1.09885487603668163814 
2.41327640018470557237 2.56959119355072429514 0.68926771799916541905 
1.15757673514800485393 2.17228411532846310550 0.48055613960506038396 
2.66996204708407081085 1.10828610109462832867 1.87229225988020342442 
2.33120166631847647309 2.03165713398312997029 1.16469599627510578266 
1.01945617242326580509 2.30894224159579808386 0.28267729399861030171 
1.95566424577018338482 0.79188580579994816144 1.37769137222878246263 
1.02631386361490228865 2.60631757794167473463 0.72300720839401422246 
2.80664908833447279690 1.90316420477882486395 0.17830350323958080172 
2.57368008688049210164 1.80480362537181626692 1.92095336164246766053 
2.28500221790766566698 1.22913057689563509634 1.93116468007314145972 
2.49474683319204748599 2.37028434027192158595 0.74229291709865785620 
1.94565466012645904570 2.31846031652169681792 0.81705097320585995391 
2.40835293257497218278 0.78564837955778998868 -0.01182175453574763058 
2.29020361084764845216 0.83914195122235590851 0.97113722089966802997 
1.42298161524296173930 1.70332344099420152084 1.35485829224101950174 
2.42185829915574268867 1.35649440685490141334 1.23047661905252891934 
2.49989101028339444355 2.48509273498109717337 0.28684096652780133319 
2.23769576192495645017 2.02743261878843394896 0.87708766667114956839 
2.71130961032355566331 1.50260746516771348524 1.85331414119032200638 
2.13544418077864150973 2.51820195105185495876 0.16215229791162236173 
1.71722105239139133381 1.98289286596832825538 0.21470636014663610491 
2.10634063083366518399 1.78192544265665309133 0.90774926342472173069 
1.75763598370948304073 0.76661010192297818211 0.44707480768377011460 
2.22827418433448309898 2.50153986195240918278 1.45360777365179938414 
0.93623345348055597714 0.78949289361049468372 1.42450937681406664126 
1.15658356644089899135 2.54818860487748510835 0.74016166673082628424 
2.44537926454796439302 2.46480141400044194810 1.22461058954851620406 
2.14420288967673222658 1.98316717053409385940 1.36929204274638349759 
1.16151544826542751920 2.01138935074823166360 1.59928972233193134045 
1.78375137850019660490 1.02305671086666527536 1.62993468244915318266 
2.31023327300244885052 2.52618395559102326686 1.24560518150390975300 
1.47168237693759040852 1.30252479424573919253 1.35752686168789593602 
1.92252121092869043828 2.35305147099272016220 1.08713966566403352765 
1.50776171545510262462 1.86194421640668883455 0.24874630583547588381 
1.26069245218005754339 2.18490863938092516605 1.37252613377624754776 
1.18735708943221385248 1.06473396472339465468 1.42624213299815738587 
2.26388605595288838757 2.19363160699086234828 0.40325200501010310949 
1.49071897715077472668 2.37292209938419507154 1.65920634635736297113 
1.50467037125671887487 1.88823689593860577496 0.80381112253264097589 
1.06913865873630498093 0.81763631917309465003 1.40362643068565540183 
2.75973259671444504093 0.68516948835840874032 1.35796208441980104098 
1.44058565990319520367 1.73238352674736018066 0.66629569663523369183 
1.28510348578092692406 0.88020165467139122040 1.92812166253385308679 
2.38666388225413639290 1.29996908161472113363 0.49170684877524972745 
1.56295236648073054830 2.37202351047274984097 0.79068742113592094256 
2.80654937583066166340 2.28434918536028597202 1.49288200038224538879 
1.47175128195017679289 1.89047379715424224145 0.76911310286900180788 
2.11196361849043512393 2.61723078274484466377 1.01417831542624337082 
1.36930033925954397489 1.14524247656876965173 0.86196732216207905264 
1.53997318869861143931 0.92711545808474182806 1.75424122935937454315 
1.78780392528157694443 1.06017133234345495296 1.32991377644037145345 
2.71595941284546782413 1.15365360119476223488 0.88929431962215721441 
2.23270917597176499214 2.53082922049217495797 0.61131954515333297717 
2.70871248627842931000 2.05102563144288208008 0.50889480843213685812 
1.26717037678188804151 0.66727753310175319523 1.84222998783810609780 
2.20731696973862590028 2.14296782503218619098 0.98553110139681510127 
1.93438987879868595776 1.20575695775955060718 1.33138817208600523934 
1.39258472351830286939 2.21844387810401988403 0.92833202878560672211 
2.68966248446167943698 1.80340108170611101990 0.44522232911202219707 
1.30760428775559445214 1.87679371127382954576 1.55094896009307481322 
1.55079885651562965343 1.83308545316923998669 0.33177598692817311665 
2.79130336651314303609 2.60445260009232848475 0.85143026442957503441 
1.75109558824027056190 0.94525208560708762207 0.16475865958668459155 
1.78756043880220305553 1.05655982317933716530 1.32562807716206498831 
2.46514190805984734212 1.19213181160967707228 1.06147396365243995575 
1.05008616239143126592 0.90305248119685299635 1.68839253619099283199 
2.54104978922069779657 2.22884704034701286446 1.52869805155631266480 
1.71160724975369271661 1.40385948070298183232 0.53297849187879253741 
1.84432939735861167740 2.48490102899053733054 1.12721150993082463998 
1.24770344116086806530 0.75167344646047795642 0.50728481106369560649 
1.57819620410615857331 2.22338526643475864475 0.95542086467240650016 
1.74829968029238869143 2.04704901054977161934 1.38484640840502182257 
1.25482093399020699920 1.12396691390399605659 0.39166031612659968353 
2.59756881392754435112 1.69466928392448390461 0.08075363904741240939 
1.51820311595195156507 2.30702945361603184438 1.43343781523362756580 
2.45912717799274460617 1.80980128221564395830 1.84958563195316871841 
2.82707581513489580871 0.62931979233615997771 0.29013507016748996126 
2.84648903287866383849 1.96362004484865715348 1.60754393877658996459 
2.62615111479243124037 2.24727366045171894626 0.51872444475704870825 
2.18730548393157331333 1.06842483745886540625 1.35845632352032996693 
2.46059570037837538337 2.31081210032074535476 0.42813818137096265604 
1.48193404556883834289 1.39790000065397435058 0.29698077950375051381 
2.60332555322304592949 1.32635753258573751978 1.43231463748551268722 
2.68461742494440658291 1.66485553216990722625 1.39130854743282728059 
1.12702864556062798407 2.45768390728378038901 0.85220868747473255134 
2.51369216120895533351 2.43155476530834890880 0.33241419581308234710 
1.29213050981768384773 1.91960251672332504747 1.95471491745782222083 
1.99156061555180663447 2.24831774118769978088 1.11801000207321821200 
1.73312771076284466432 2.54492401622750819001 0.17341974684607763812 
2.78447502617886577525 0.67095554748687546986 0.37014179792739437813 
1.88322704404559160274 1.68733040273495071837 1.83483000762308212650 
2.54751926620885349450 0.66428064668507924573 1.09830784609282794406 
1.18749623927922387523 1.54188551450864452796 1.68908465983758526718 
1.26890227067984051601 0.70230147485921889938 0.90296153151962021965 
1.94365108256092589123 2.37821449926030670241 1.13645675262018519547 
2.70357650539768501474 0.78365887043800164236 0.44965472034928849476 
1.91191127676222305531 0.72133278274511958283 1.90863695421297108190 
2.57170735985715070981 1.59635032965285694750 0.57930825647613026774 
2.76637624105231560989 1.96547789440675968464 1.17391641044312056152 
2.18356948937070605155 2.05386967078998461389 0.20034508690870650449 
2.33982579134936319321 1.40199002230298708227 0.20006789061006610697 
1.44981881452571159663 2.23136267653713771253 0.90339677270967000400 
0.98191672494384674152 0.70225466833600802552 1.75017832934377604026 
2.26724842848796326322 2.06183776820117126150 1.20942715762998198592 
2.45595224387500543628 0.70876737153616120590 0.28876690892726247784 
1.43587491994461347034 2.58298230636538050931 0.28334233880843406883 
0.95799762737542581981 2.29678809515729209778 0.88902289463845463047 
1.27652035622757176192 1.08894441943782682714 -0.03581798822357019907 
1.89954475715637149946 1.88878869975318131047 1.57592881168187992635 
1.17234508776014201281 0.84010205394388814959 1.84773041632902756959 
1.48755302708782588539 1.23715843722745133526 0.75780782608463681527 
1.92395282016949908943 1.80100712371315019311 1.44666196615426456695 
1.71038970421729308313 2.41096022767773865425 0.53087091832195443253 
2.24586840167180357142 1.90448858299264833782 1.53907168885024248084 
1.44983143658810531562 2.35079272068657774142 0.63378279047684105141 
2.37554571173839113030 1.25051510579903224496 1.32902151894119091580 
1.07626660165192222784 2.19967948599700369172 0.13066942607095774487 
2.22816829897831825136 0.66064975940156156486 1.84913846388080060912 
2.23595439201315482336 0.81897150068664625877 0.52881183507976869951 
1.75542377192083765003 1.45664412240565654955 0.65965605878626687453 
2.69558499769138038005 1.66142823979897102937 0.02830440291878013118 
2.56921962662703728952 2.44067869025548533912 0.36877013776568867698 
1.32551959790481599377 1.88058881973563618573 0.05032832510134883919 
2.10713300651449175760 2.55100619962939889618 1.09127414312639858807 
0.89345136265309654799 0.70204758513709852874 0.92883724396194999873 
1.22684027043765619958 2.55504708962148541218 1.69134850058188246358 
1.97165356528646262824 0.69048297778610734365 0.73977174821466895605 
1.50129951836901809337 2.27213575559277591864 1.76065864440975827776 
1.87584778597417778379 2.10232614383527716129 0.72292745962531668180 
1.98804429973090712735 1.67872044366121686565 0.71349082709770961230 
1.19390339273626056027 1.60206293913179353972 0.93718119264658261702 
1.02008744826893593682 2.46589265205697572014 0.76540300930412652480 
1.26783712969342698962 1.61902855679150547985 1.42108185092561023488 
2.28216959042786982081 2.38213976323223253218 0.51136615994734668789 
1.24819798773041212847 1.02392087054756220077 0.03752750108380849964 
2.78230664500421642771 1.27421003666769894203 1.48057730733023662495 
2.61382609583358282990 2.06477845059587705734 1.03757474764125712241 
0.96509980943068973680 1.72945498573305123102 0.92949673870068305614 
2.46995897829740096441 0.85985449208116571107 0.80886016671361893327 
1.42837412255027484953 1.21958445763524792049 -0.02935242948264335516 
1.20708569406952448411 1.67211886083820049365 -0.02939023651458006967 
1.67955508310335543953 0.96015063927571830948 1.26216770909659459221 
1.62705991370112701411 1.81012473899134818112 0.41627280495575519348 
2.18731319376006094757 1.40709695340069496083 0.41663365484954029139 
1.10097365941982072712 2.46312909493738319000 1.20668238486719126001 
1.26363757163132484074 1.56149900255685913919 0.43982955595193651277 
1.12272298800123992990 2.15909823267296507865 0.51320727206582505975 
2.05001016074918185339 2.11013537750240365298 0.60465164540803806315 
2.50972355780117384327 2.22265146418825709773 0.97298665878164403154 
1.52395755573357649659 1.71188249116279478379 1.47709716664887924509 
1.50576547665565985135 1.63352795343153589513 1.58730831639506453357 
2.15517933421436369557 2.01659996988279699437 0.38111372169624885275 
2.18864909065605317551 1.42489359683818572755 0.40937510309183189339 
2.29579502389650969008 2.46915514702996263807 1.55756611868104122287 
1.95311768903980698120 1.69876361175785151048 0.15328406561641846895 
2.45809214059745073655 1.35575384050321923191 0.32481773334277658227 
1.43440022821841983713 2.07212440228169292311 0.75985102244350732903 
2.65405523468347270821 0.97882342658523679990 1.17617551772170680913 
2.40847232301830604939 0.86191684240851140775 0.15266506176981914367 
1.26715248689465620480 1.01771935734484686442 1.11481797278527139383 
2.10694523078888140688 1.58911880365339497345 1.03267947271448301549 
1.66839061491706330820 2.51553058844298549346 0.59063562028222926781 
1.96438880212285749138 1.23471598854847930404 0.39268612948990605505 
2.34440645368771072299 2.26177689883847943264 1.36736213584271060206 
1.41248733814243077056 2.45172142967664896673 1.61287447679700557401 
0.89202820705133811785 0.75960674276016226791 1.37822239018431336177 
2.06904936311785236924 0.78341012608506876980 1.83860149828967167629 
2.05175079311829167139 1.72564078262344322567 -0.00144308476471502814 
2.02915913499468203440 1.40447670789354961407 1.21624050368155822710 
2.62296304830514603879 1.03364321612790077687 0.74201430260909373438 
2.64988611290749354055 1.10701733785433531487 1.89560392847400804861 
2.42754268853992449806 1.72021474445702460265 1.57747679229169057713 
2.67162973252123148171 1.91774171984026486903 0.41817820124967408635 
1.84957172158494587144 1.26044570272396527777 1.48510225637873682913 
2.54929531268115594500 0.62090229819754205742 0.57197742767499293315 
1.24869022236897575517 1.49711071307631815586 1.33338973509696256947 
2.79214236298223417165 2.06374121843666591403 0.33643480312297563417 
2.36371528117067430941 1.96101010984846713114 1.13059590867017512039 
2.28242243924441590153 1.29714005140401833494 1.01553265863732589125 
0.86819735291156741042 2.21855746698869316091 0.85018938015006606523 
2.72390717277655802775 2.27585271020198343095 0.51052213258567569198 
2.66323846917113815636 2.34356951186849737923 1.45823081185599234821 
2.15384056192228756643 0.72320201951958462683 1.88507116966670840164 
2.78936388926445477665 1.79101810827594087883 0.06172157186295179621 
2.61834095463373239809 1.51025095567286493647 1.59951229921963355984 
0.97665375569914403275 2.30189999999999983515 -0.00248617174922635513 
2.12112057690056321491 2.09034818905016717139 0.18081507446114272741 
1.66477670060667448659 2.08945283831496109173 1.57679977168824358991 
1.82648394103331490612 2.08244232489828773325 1.30131505163910166090 
1.38013095115353712217 2.26117398401295455201 0.04973713320689712031 
2.40132028948363540621 1.33335718644438983027 0.58408853539819771683 
1.37626369699249972989 2.14799158536201018066 1.80487770775136358026 
1.33688286022350122373 2.25902180191054258174 1.38064742918321226028 
2.85291635314978631044 2.20803619901688596983 1.74512845589796916634 
2.27480811335887223024 1.58577014038786856531 1.35534383148247528084 
1.65389614665859907561 1.80536897008463670389 0.43233974821590759330 
2.23143781309179578543 0.89793883707707811137 0.57150134503990379642 
1.12272424697106099067 1.24139668844306272355 0.04989441398268038702 
2.30015578763329076040 0.92021674823161991874 1.05110522109117798806 
2.70595497166416976143 2.40984323653457543912 1.89030305353633854004 
1.10721973013839769528 1.62777720252658331113 0.64114451701405106299 
2.16551018000294615007 1.02421533149025956178 1.33395003058382677352 
2.14844644797274586523 0.91029106062419928858 1.79459144944852466708 
1.13603089285953173793 1.06447890374010634140 0.21049736983472699947 
2.72888104466329828313 2.62365879739831608930 1.89831855628340595565 
0.97378973351705278017 1.14191101485998647291 0.28620115259636236260 
1.94563621885790238863 2.31822411439804332289 0.81787799599804400508 
2.60662456169065626099 2.25261143968941279780 1.47749929445362893077 
2.06156345197881796238 2.16561841441170654932 0.53951500301384047731 
1.59090978228667667693 0.76006999228668392643 1.38739114054727852299 
1.98786497522512872749 1.78274853517966169747 0.75798923961578190678 
2.23883694026655089004 2.09031112862652124207 1.28416330748387519378 
0.90559122957902737916 1.19944322460168173450 0.79121171653273170143 
1.62710039213592061458 2.12211182470869719197 1.95844612396623185546 
2.52801143976863507135 1.64516024681140105024 1.53144071195658804108 
2.71680497676641863336 1.46273092168106932931 0.65729545331391725504 
2.66879403363648393110 1.58863602823958927068 1.38673269265104548431 
1.78931756460866919767 1.47519010617492796200 0.71775469264995372942 
1.66880082625896419835 1.33751354035827629829 1.44857577887962385432 
1.47941278717378987828 1.30383791392411763077 1.60934918091366707671 
1.81260548917171737671 1.09543656485676255130 1.72103713507187960907 
2.59086465005551636054 0.82520565131001644144 -0.00450158026568639631 
2.83915686201332650995 0.70115750259925135879 1.88366234986755309855 
1.75483285294431534673 2.50138832983131331744 0.76524382992228012768 
2.70732459472424391578 2.54146104107249692916 0.13899965782740758558 
2.26743420619685975836 1.46166123859260221884 0.56939132291177563250 
2.01422972989287041301 1.29166157027259043133 1.92176486474831209605 
2.55379737104110171586 2.20403046395452140160 1.92912677299695256572 
0.92850474667260385342 1.22772904707115859679 0.78224716115336134781 
1.52788591218890945633 1.21657324893865004256 1.58599355458596380508 
2.18624540737173367333 1.58265130622765703983 0.56760388188146992938 
2.50185913526223879799 1.90772441350760590950 0.80914154406679317244 
1.78959247653612596451 1.35332828228065116249 1.52892710731720549155 
2.38942251773692193595 1.21966601848711153622 1.89092916987527348560 
1.19413702843631575057 1.04702751574036811988 0.20579510119504479393 
1.50602352249767990067 1.72256272938847443399 1.15321833581414368020 
2.46554492412247761024 2.32746925046772279444 0.69676346013946088842 
2.82146205613236933374 1.79113085634475344143 0.08068440523600430014 
2.22300914660578508020 1.53649517952807523891 1.61561874291433116291 
2.84656745975947522709 2.59987478082193712581 0.79970339483219732291 
2.11856270562759441134 1.35174039459396877483 1.90271536604223068245 
2.15143548413784824191 1.18713417094266193708 0.05628302251417256763 
1.86187991921247530946 0.75039666837035390312 0.04922950660006027157 
1.08339963463149469014 2.11074839384258083896 0.20552011247606338795 
1.66762631367162739160 1.96573532846494103410 1.24786117967659571093 
2.78851458560108023121 1.02277794989970827189 1.25859504445266656703 
2.26118777110253876828 1.09803661879406067037 1.28316927304610572946 
1.48332106287418485913 2.08826236517383989622 1.15091672602370165279 
0.87312196197794500474 2.42105104831652884201 1.63651069520380576527 
1.66841308455780867881 1.43334434638785856997 0.47280492885963176786 
1.80818974320595393657 0.77773188499030632137 1.00969682349150891021 
2.73985264886944213103 2.52365637063314895983 0.81578248827678367938 
2.13771950390504406059 1.06303298789395861412 0.51675255283832410846 
1.90745485497091760152 1.26192886514639268647 0.60894063071996640257 
1.39957748788256730599 1.26637741909594736534 0.09734838796129757776 
2.62329126804212409141 2.21534313766406665280 1.48756295040351593784 
1.47250171850226663217 2.30212588149390517955 0.57877895530560241610 
1.97449291171228846764 2.22879930457972808000 0.50447056361536102287 
2.72609629479881254710 1.00575367576933394353 1.53674454696501472384 
1.14742501958215181723 1.52128604657270605216 0.77078924924881719871 
1.92264808367260187083 1.87029640105768812930 1.20982931710814378690 
2.22721615009173623534 0.97788779283052829072 0.00768891497468830037 
2.65072388662372038226 1.72509311586643088177 1.94881306901290929368 
2.67231421880939867819 1.58065114708250642472 1.05175056153166668338 
2.55903103147340971191 2.50043696027029893614 1.25954145552726282098 
0.93955666093079193146 0.75731808738691175353 1.13623438971182877388 
2.23655143169339964970 1.21931058006078485434 0.02130467463104878875 
2.36537337562056393381 0.82027978771681253622 1.95926988561338788486 
1.51259415046661649384 0.64075730836064259677 1.56929922399920873666 
1.78749790746316694623 2.42272103605431787798 1.96663364492039716147 
1.95390779490739530111 1.66956500207282054760 0.76389243922276073295 
2.15464407289244741506 2.51376914903403703150 0.88553683922030190789 
1.87090144185958906498 1.22919511644833479025 1.80250251761833624187 
2.26616940846240133567 1.52953358765372282591 1.29508116930277217271 
1.35322614792546391804 2.40280862170694486935 1.13833691528798075510 
1.92193897520644663146 1.85227396279847811300 1.56790526483830139348 
1.98566989347717659520 2.37562414950479405817 0.80984045459297426817 
2.57956472691860838609 2.13162782225879388065 1.97367613939917507793 
0.98519401329221623076 2.29953856367153575135 1.00842503045558040675 
1.99073339210259203647 2.30035673865455025933 1.91820406987109648433 
2.20331280149444985739 2.47307274101247021036 0.14455098074963385058 
2.40223970121735597161 2.58384233820317676944 1.23793569767625566413 
2.70927553144485555592 2.26960898717482528752 1.87837578294189433414 
1.56916594583397839280 1.15224136143345856631 0.63927917969076597515 
0.91443525214965004633 2.38322564423499194675 1.65004938293376413050 
1.14625510577491884767 0.93852629318960045790 0.77252198357579759946 
1.98558614927988963395 0.74160878424940446241 1.63751445908131842977 
2.02931235114112906714 1.41981180432674869429 0.80915808429409008529 
1.81487648422126612857 2.03172311524445969866 1.26205704561554754584 
2.02734051374989965311 0.74277541082024567398 0.56574585405923905057 
2.49758677171567633479 1.89799476002119327234 0.81300240171404036804 
1.80957095426416447737 1.48104427561445262107 1.10402193355077971049 
1.82951046960110641493 1.65690885395669740277 1.85049143044308106454 
1.71439246151967150666 0.81008192034469805876 0.03467621087408256919 
2.42228344319740251933 0.87719501801259058826 0.17754616575193712946 
2.19643300121228746136 1.10220697308426274219 1.37070461950529720596 
1.46483303336444703469 1.39989888639764115119 0.67636181866256106510 
0.94889142559567574153 1.82492338156489952716 1.52774703559821012355 
2.63259050614125378331 2.41451037595882667119 1.41948373872200628298 
1.11085819163096832796 1.16734915157721785839 1.07353227040504650702 
2.11917198799987538393 2.25698560767019706930 0.04159707474910543518 
1.31485786830321171870 1.22330811575180242734 0.01319874827978274011 
1.06685233360179787532 1.93401241587918781839 1.28894322273520112176 
1.18783788221764208259 0.68166885909242103114 1.89010244152549811147 
1.50210740053583147180 1.44940176271049248058 1.65377722004300964365 
2.74287650410987282612 1.01363446138933821494 0.64869911600686602782 
2.11616113626908042278 0.66269138955548689829 0.01063906968563484851 
2.70714486214913208073 2.46656508732234813763 1.88990234936053669301 
1.70204068222287374645 0.66001680802049200736 0.44287960810296633785 
1.73388050218647227219 2.50198790043389163174 0.90921434711303017462 
1.00748510850478312229 0.77384344824397943707 1.50880601072115916317 
1.51786222757049760190 1.71744808313871821781 1.45854512903626187814 
2.22429328085788968750 2.02713566848669035636 0.06045415934518600515 
2.28017721841838172381 0.90579696476282278716 0.05830473602298835711 
1.28154039393718899298 0.94148062266110099650 0.05529891062846919308 
2.50557070931391656643 0.90047909375719570324 1.20736500855416606370 
2.26928883812772541617 1.61997317645099991879 1.77316957391469731675 
1.73538663245831581428 0.71492084562210278520 0.43467206647396106067 
2.54885405164073075568 1.36368251929758033114 0.80247871860840502833 
2.58817227652428272222 2.59504798037924366838 0.19338476696970630098 
2.58652947831571777826 0.85804556313971713788 0.36358673336946356613 
2.58752805182463951894 0.90774713705320198009 1.26986166047768778142 
1.33813118868232416858 2.22190545484949275590 -0.00008649831836625432 
2.62413949696005843748 2.01511453216571556624 1.10762780113982328700 
2.19562513181854468414 2.05859352010923357668 1.28942933611199350707 
1.81253495865185465519 0.64834796608968525700 1.30097881294616724013 
2.18003321495886526193 1.14255582505848929387 1.00881696990235969480 
1.75459514406969740996 1.99134252317157822709 0.26086595394212042098 
1.91045375178081067169 1.70610161990559250356 0.88359393160321841876 
2.60037056528249665988 0.78885229513090771025 0.97257192860362606801 
1.40002971975806178584 0.64584500953650059163 0.35830150435007657173 
1.50857924783957741965 2.56887558991450903889 1.62299833185257691426 
1.68351956321376849957 0.97000861445692165841 1.94292277340769459215 
2.76371887094733681423 1.40100318006762081247 1.57213900683060603392 
1.19082505955353723515 2.10583098248240041528 0.46337622641032399917 
1.99486116478126418450 0.86205541980381028555 1.67727869532963946853 
1.27615576404470343341 2.00262034989516601868 1.06943168685299916376 
0.89994334152001065341 2.26476819122131711737 0.87849446397073749360 
1.76757999023471912281 1.36297379935819074070 1.51702600548325960972 
2.06104636990364387117 1.92957121551965693484 1.70279616865915528479 
2.22890530821851795551 2.23358674467075335457 0.02463830028639403188 
1.96186277888719984297 2.34348307844683256818 0.80923432612761148075 
2.26182149185192304941 2.37639855304421887539 1.05005813401267089624 
1.26262658995958965136 2.59965009425566817569 0.45972986888073574807 
1.65035157387511155491 1.39145644515219513160 1.80732759754653993234 
2.81782216437096222350 2.59397795882809356627 0.25775285749147719416 
2.07792857182681212080 1.85468075985901226232 0.44104231692118955888 
2.30870544065407923284 1.98453165864921454720 0.72865581871417739457 
1.45953409650030474509 1.55408202465376077406 1.22831291881056592352 
2.58757761839033584295 0.94187200509028812245 1.80782952223762038990 
1.83390295252693014127 0.99383013684582166558 0.65893565271198084599 
0.88243162306989553212 2.09272951398427276004 0.32904584361743549614 
1.55863858413420808269 1.43961348239216335720 0.32910124645158678192 
2.68493195909421933365 1.98234111261523415770 0.19770264257293518328 
2.62859003941471591759 2.06899372296582750863 1.00590055725167193401 
2.60338324921310881876 1.82773439191281639182 0.00222646974576373030 
2.76677895783389571349 1.39957608403113042961 1.57389249036928746683 
2.64426445257617537266 1.59265400132128731592 0.48179170590647302230 
1.30941150349090329463 1.35537558995665707862 1.45769867195672642168 
1.36999486660593561282 1.68444696931728388201 0.80092114133497915862 
2.21741350255812408321 2.55506554852085754348 0.73734438570550409064 
2.72506112243374154502 0.98451523866689949482 0.53424262002258227078 
2.81996022643447430411 2.31037677518019268774 -0.00252403293109414216 
1.73511896811054078249 1.12933210512444270890 1.83670328198841326106 
0.86807752000544258220 1.61706705952511864410 1.79913440701154803136 
1.30751053043634257733 0.98187294403803138110 1.68907446288254825539 
1.43109906637664785478 1.69292795133206208646 0.37059758681427651394 
1.82277570667799926341 1.86322040415964385041 0.52212666700360654826 
1.90863739842407298397 1.26450139842977127280 1.57840088918294063625 
0.97142651267910862245 1.86053940896220249002 1.61049511933000433217 
2.07881147586548920003 1.91990202994746961274 1.33687458874736919689 
1.70289983314740744902 1.25725833982766199703 0.50850826038742258373 
0.95575278001537844474 2.33576526843036225145 1.70476278618705157086 
2.19361163210024256998 1.44689989365434112933 1.34518449238939430401 
1.74994300735596475249 2.01770022619428202049 0.36644928706026752563 
2.00570963376739141992 1.20493415355481547913 0.51649865206641520921 
2.09392253635923353272 1.23848265149511949090 0.45322311760359423882 
2.66741849089312710319 1.64647017323097499819 0.44749291577751781901 
2.31945588151288806245 2.12404360454459695262 1.80960329227934058061 
2.67965142187047566935 1.73773194369959504968 1.94186924053982523652 
1.08865133631900357081 1.54619800805366591767 0.16842917022874498434 
1.17162088046891899040 2.39086235550152537144 0.96332436750995786845 
1.34811336766976475054 2.39597465381411556251 1.12664906902724348825 
2.52602804332798935860 0.75576225992181100821 0.05622151428032865633 
2.56316279099115940099 2.19794397080285408563 1.92915414460052736523 
2.80056819516338251219 0.70479947228174688600 -0.00492092861558773159 
1.37310232719948199787 2.61056519074768367261 1.68742162213795454662 
2.06917473047091338145 1.62211554572814864450 0.65872501044172382390 
1.42778562309710532752 1.03684536488453016290 1.70987003923393965366 
1.17777410763078949074 1.48938958394487031001 0.91749142178430875827 
1.84224771475166648749 1.28416247027694940819 1.88752332494207886171 
2.33326027081407794128 2.21882836877463640590 0.37008314812272774530 
0.94762973168323061390 1.10134847982063477367 0.29356876391763220280 
1.86311823426217926247 2.36235219944489038824 0.64948784775823642512 
2.77945543045094156653 1.91342901874004267526 0.55109897495369553067 
2.45787354590892581641 1.80050048775133908485 0.94531922515091848513 
1.07399655700703644534 2.29159589664726670577 1.35144593684862845961 
2.29800423928563546383 0.95145979645620060161 0.12427382544729774494 
1.83826169079420220775 2.23362252191685595193 1.82687103269110373560 
2.54874363501681511224 0.62325181405542762203 1.13476249932890915773 
2.76436240171991265413 0.63921013008976212966 0.92598882523963621516 
1.41518922961806392635 1.14762346968471407038 0.24444640858781988002 
2.09832581858859468227 1.48573980007657446833 1.75865676650201696596 
2.49870984907068516279 2.50326709381009759880 0.68953837795906192110 
1.41653569723028938121 1.66332401574060151361 1.30414573341527795236 
1.52861756724344188818 1.76215993268308879216 1.05184069206705888000 
2.86309279745783484827 1.18936682612537980575 0.40858545114120037312 
2.78623591028951445026 1.37970265565774652394 1.00835133800298648588 
1.94501458204077204428 1.23430832816592594980 1.38249060319585392875 
1.42748148269963737178 1.78178726942928333798 0.68889100376195100406 
1.29684588971925651713 0.90241768926741650070 1.00129505239921257065 
2.68645561288212064710 1.91507081720404892522 1.38455359301911484771 
1.68232818913880088907 2.48981493265312048280 1.47122327685932630104 
2.72494219329992448664 1.92617634717060548510 1.44326683257547783157 
1.84836552722766023216 1.92778489280161036135 1.16955577727357229456 
0.89895696570372352063 1.99254915944817412310 0.66832702511072739071 
0.87798225981952537911 2.45285648681057155684 1.66523281608628459516 
1.26853594897342247805 1.82351148592761691525 1.48619877596734428771 
1.47319543477635650497 1.41742380836661263643 1.23773608478317442838 
0.98496640565463466910 2.47373160910147094071 0.20930154719696406063 
0.87279510785609426549 1.17528796999520634969 0.80932811175168495321 
1.00669169990065188180 2.07605952074629129811 0.67194690164516113207 
2.77222971927096306644 1.69334554890649235936 0.39163750021249499333 
1.94872866519049336986 2.22057221213310063135 0.60883492191336596733 
1.71805255277913193623 1.11874742019575257324 0.89332369035578607086 
1.57848989511025106225 1.87983831035309245650 1.27365197939742347266 
2.43211159220033668049 1.79666524038350283732 1.86653126694997650858 
0.91672524257943188708 1.45108965255650623760 0.72913398706700582874 
2.25531721882852975725 2.08060113434735249882 1.24975073331391417497 
1.50718357518932344341 0.70069648228373426768 1.49097894821148613254 
2.83161751355153867848 1.85902184446455986944 0.16374780403420988173 
0.90745582236534094722 1.39305651282364695298 1.65205281289179706228 
2.27416112794556335430 2.53599148712486721635 1.28073228243772496704 
1.29765346963978078776 1.66304297084893959457 1.41391653798304139933 
2.71048353162530375471 1.35455863193848102810 1.48898589828073468766 
1.78032398443948891575 0.82982352282779558994 0.47818060723175331850 
2.57875516862748854763 1.10444929628804744404 1.03632354444544083627 
1.79070271997541285991 2.23354324218419186820 1.85315684398627755769 
1.43444599488917368113 2.24142492344146049277 1.17258935608996006650 
1.00639027743135334170 2.30220964500707436784 0.23418883505388715660 
0.94934362145486395068 2.22034134515454972814 0.41192672455625756189 
2.21498552733948139704 2.15405162910870151549 0.41931403440554670947 
1.70426794473082554582 0.62976688873299813132 1.38864166199292493609 
1.25254220958414674847 2.48610383108847177169 1.44314196263490290839 
1.42675976319878872189 1.18291243576488636080 1.79863475259736582679 
0.94333516005632767065 2.31505919311848362696 1.00603619824198631250 
2.82046440227548833590 0.82065281143158219646 0.12303648241028310173 
1.14571011036886516443 1.10367397641177422685 1.48011384827929615149 
1.98180278472235138487 1.23825370865221806582 1.37209867114648753628 
1.89208892445349841083 1.14069051884534600205 0.34544236476065331987 
1.30563481865331199039 0.66302078988458068576 0.85503971024650105015 
1.19099611231435886793 1.98422902679240742430 0.71826986517575253099 
1.89681482815933155628 0.70788156425917558856 -0.03289829287472999242 
1.03379805524453338705 1.22162498943982855693 1.11623634227613388603 
2.36027023670006119715 1.30605360130615677505 0.13714986313527383066 
2.84450359151066045627 0.96816358810438174487 1.20929197860491832728 
1.82544039395564672290 1.74094215641123439831 1.36770996890933638213 
2.10599971209688607843 1.23927877693850652108 0.04949803696095924493 
2.22371836350931006976 1.02391904512247311487 1.92699675648177493059 
1.56039983333270537713 2.14696319381949107807 0.09444351594731453803 
1.18437644002700581680 1.31947033295735005609 1.38438870457854501517 
1.52730160467816533654 0.85098624797486344118 0.27283191423275887644 
1.60089465387593743451 0.63732801573701336473 1.48444696694083133615 
2.66373934771947995515 0.86801102943247954169 1.94028738500293296276 
2.50740236922920134433 0.75551389303128757557 1.36147148445168286734 
2.26581007901574871255 2.22315727557071962650 0.96828330518358751711 
1.62852008053288965783 2.18193363846410015583 0.00943931501878498593 
2.70711583172505898531 1.95441235280241176753 1.41186654183413229369 
0.90591067990144169553 1.51287122383127226044 1.15969504453556693235 
0.94435975382216397200 1.26363154162414836890 0.77641162213774617129 
1.15791161361478089908 1.10270209381283557093 1.09071898759641472409 
2.48038864169801609449 1.17606824089021300139 0.11519541891232659703 
1.17656575337609803356 1.57663834572202099515 0.63666097278179456520 
1.73807097323944170775 2.02015281010945013662 0.50028353010236914500 
2.24148839662829324482 1.69205649995802920316 0.89608892645537985278 
2.02773186594291221496 1.16334071583247644632 0.18432821500843632467 
2.82695727027263554731 0.86233265404412251520 0.55576243568394712025 
2.32360777167083254469 2.61769220516512435282 0.36279655431941643107 
1.87812781384952365293 2.03554642557765408384 0.68960530039128864477 
2.47510293233368505739 0.74436466586583394101 0.36987856837965776835 
2.74351046582326407730 1.41989330425762361187 1.57231199075271144139 
1.93702290632242557500 2.46604458206888965677 1.15671816860616250011 
1.26942202900924638875 2.45747576913656162745 0.17043946728030845428 
1.84174181442351181381 1.34764011299872654703 0.04848971680429452896 
1.98821340458925543970 2.28171704179238599153 0.29082007386823288675 
2.46719837969092825603 2.19445937854574424364 1.68224603935650818265 
1.48853539939568579875 0.89890104244480362183 1.73291085081719420380 
0.94748011383651353778 1.29820956377945884164 0.97744205676178397280 
1.98168904523890154756 1.20026459794229345412 1.19411833459865590612 
1.09347833074018607746 0.65580373405125369501 1.57486138036961875741 
2.55755856083179766713 2.57919727731081671607 1.57332866595728226855 
2.54335595529969271666 1.28537504779160771662 1.45350076221725243997 
2.66230195989324380790 1.06038202676199455610 1.86505667436960087535 
2.32313282140493004846 1.15149780211280172715 0.88972580568726811201 
2.45822894191391405627 1.13130500680340295716 1.13094119857691755016 
1.43823073543424362342 2.34119346388672067150 0.59870777154500631756 
2.54332825504202819644 1.34364018803269891222 1.76994403300788194500 
1.78292676426176921467 1.85662059271742996280 0.09042659393791632749 
2.19318980033612298541 1.58948998264860463792 0.88833343542399667569 
1.74531903437008306668 1.83056468956240481205 0.05131459271470799333 
1.58353819352794156217 1.94307475445186872420 0.26421029083256675207 
2.58833140685824147909 1.48629594350488880572 0.32951226654907017632 
1.80647835366668529922 1.29002046412023285704 0.93922583945432858155 
1.07746414553057046071 0.85734365054719352539 0.79455806691323982438 
1.78419293213833118905 0.98578329959293520268 0.27317136442502076843 
1.78475223206827626754 1.58551211339689146484 1.24995573205894583424 
0.87372801758868257060 2.09748822255216982313 0.34055535760273436541 
2.00988938626612512195 1.18157495215817798240 0.56108149168641419102 
2.44289119876518689978 1.22612280401197470958 0.99932804963835519807 
1.74040866833640262001 0.98865954730110805482 1.43962244801268690608 
1.03321678789280935185 1.45818395728211736007 1.18121070527844507225 
1.22749403260338496580 0.97596105941576682952 0.78916065751205044521 
2.17570469584688908071 2.49377613929492270017 0.13079183038079056356 
1.80675038448559521775 2.34920582519232645780 1.92761466730597530450 
2.39190299749375201444 1.39881490716529155449 0.24204652132371357043 
2.79295388866389604487 1.78218708718395291157 1.01117691800881726039 
2.13366759411784379097 2.54481720319788129459 0.74924466112704912746 
2.83684854248169537883 2.23804291011895495345 1.80808530134051603788 
0.94235637974141250872 0.87841385768887914054 0.25686641037584106995 
2.74881294129114905900 1.55011721978271843625 0.85415814202842510472 
2.64136638087310116063 1.52470248384096151995 0.55002028206270558996 
1.79991779566602372320 0.94081270432025176920 1.15610397541792875309 
1.41525497808537359390 1.15414616673378134237 0.24555997908340637670 
0.94095898939992661525 1.09835889175513790050 1.65445059209576594839 
2.02212357826362021385 1.80420336372871337183 1.77494687835624875838 
2.64041865142415010936 1.49008938394128453986 1.39302952957748105156 
1.62029529613056966220 0.80606321230942512557 0.00848633032776235051 
2.38593680680727038279 2.25331828910119957854 1.29407132924264067775 
1.01877296434822173232 2.19507218916365731687 0.22567752446151542745 
2.27122080853452690263 2.56164186378243563524 0.36761016886825309546 
1.44377397181978062157 0.85139278118408989737 0.74769742168741326616 
2.17893456827637876927 2.18080607263256176509 0.45006160383090332289 
1.63796492515839409165 0.84448120167412576986 0.94825525482470041094 
1.74392748349630810623 2.29355043914105793945 0.92860016208166029639 
1.14133538722241012486 1.53743557464500857357 0.73751867192586273436 
1.66815341879856982032 0.98653219418289750386 1.14407989215508854031 
1.09943069486481248553 0.68752249708156942809 1.53871058046975428546 
1.28982367059895897121 1.88253091555037932459 0.58061821572359506582 
1.28644745779616886949 1.52342697557072370707 1.28946612970220986227 
2.39222799870093805197 1.75674525049824770129 0.56956437214907273958 
1.14878547218228832527 2.06159281298099061885 0.57035871926563430634 
1.15540655138033421245 2.21406896046069601169 1.96853528397620447521 
1.33998637853581326063 0.96620739449565751222 1.10946470172024169720 
1.58767250653590674681 2.34185437545908614609 1.40882827174585112395 
1.64290009091799227292 0.73748596014550527045 0.04247338086648016348 
2.75424724748556037923 0.72279748550024225384 1.92940563920334073877 
1.53069358158782375945 1.86800364871765101071 0.84684469493707770216 
1.62069819784359769876 1.56534467257433784759 1.54020856566932584641 
2.09970044374279485311 2.01915965798459984271 1.24490514003280394739 
1.67230244074885292527 2.50860260256526634848 1.54998615087138658097 
2.40300976605369331907 1.53536958905916653961 0.68839866813604955187 
1.71464204290274135900 1.64533161841640263034 1.38277799822806768404 
2.40139271151698530105 1.18366417137975865614 0.84441634718532543324 
2.78282622409793889418 0.62937434883304121946 1.28798625799167920647 
1.22880983248071973257 1.42019677636660279774 0.07244178967103735711 
2.19970342885007408285 2.47409481331588576580 1.09059943265330328011 
1.22950414031321231256 2.34533292851302554993 0.44809092223356694618 
1.48880603622288942844 1.37039136498405444975 0.70219066022258203041 
1.00499877725035502429 1.89984715027995898495 0.70149752714584989732 
1.54790884438446085802 2.30078316985239927916 1.80361431888544765378 
1.75278016400920022555 0.65811616782047965835 1.91376751277704149068 
0.86605054645906576205 0.86453306739328406039 1.50270041482210703343 
2.06635300394343568442 2.10024560290483774949 0.20710749949878401455 
2.23496967942423374609 1.01096227245050962473 0.86377220347451189042 
2.04823946187355021564 2.23179755262477286237 0.10265611968398452580 
2.67193701997481758426 0.96832959026625653465 1.25541715813219179054 
1.49682727265592774302 1.76252034346214614402 1.27731402253563675053 
1.25450706514458820706 1.87055388778136699734 0.54313333843129740774 
2.14830209663641547024 2.00825519772729332857 1.34597463674947936951 
1.23743198203521354017 1.98255162721320710162 0.70164189326249937206 
1.98843167554329469660 1.24039754272746605146 0.42079280926790091355 
2.78681184989051100587 1.06569560137872065830 1.68898182281710185215 
1.70690790368455647119 2.58761870463776100237 1.03522390133594277550 
1.68524533946566057452 0.68977498444286389212 0.04372852626882518801 
1.50829343397646176150 0.70253204710291028423 0.53093480256219582891 
2.44416777694115339159 2.48606248984457423035 1.64306096877369478548 
2.46612176539584515567 2.23993391118057649791 1.89240726991483332320 
1.50025288341082196908 1.78808106366793806430 1.94812907976414240174 
1.82449104855731825126 1.96210413514869763674 1.57243447767278210492 
2.63174661457232650363 2.42344576925512900090 0.46659480145998549760 
