1.20937998478573360828 1.72864830037082262137 0.08341911474024939210 
0.53321288150672629946 1.28333666244221200614 -0.47458106655730780687 
0.68148708565431403983 0.99998825402298197051 0.82988657588948711030 
1.64765178825775815419 1.61153931312033127377 0.24628964425957652895 
2.03534703612681466822 0.78508369103584785265 -0.44464251177464247933 
1.82264797297644287610 1.32574372199687706697 -0.03618010052826464706 
1.22580434289303563666 0.59366967246308455231 0.12471744395925718485 
1.71406661764986556484 0.94590326758532083939 -0.05682432440535113011 
2.16935433217731565847 2.09173755723214238600 -0.25480580317934720114 
1.23509251732881142338 1.87731275924081741913 0.39382133652212220065 
0.70892011796929377265 1.60549056624694252982 -0.52110575552129778654 
1.76501260628094547300 0.41486577016350661973 0.73090977471302087665 
0.51254272452672822169 2.28980826710801554924 -0.40160974836333773741 
0.78449335374478967875 0.67324642754304619974 -0.07678244628698770169 
0.79726157162850197491 1.13879691121345549831 0.46736823824906642555 
1.99853185808426192516 1.94769536976794377381 0.28517280795672705906 
1.84587103312701605873 1.11625641284642096451 0.23435586586438808543 
2.28985467757652694232 1.18946176880103426932 -0.07267077138686492410 
1.88160296143220495679 0.86715754157186164530 1.24792314627702216612 
1.67943575090326424615 0.38872058941113896147 0.21364370041204380768 
2.24432602484189303027 1.75442990849885926963 -0.41766150091208442685 
0.51763540459098944524 1.35666477311992350607 0.69618976686595501757 
1.75930665526469676152 2.08267086311637683593 1.25093163371243609738 
1.61837424282182507085 1.26077161639822965533 -0.14109308425144961863 
1.79418528800554955005 0.90413096762076206048 0.77525556751472557426 
2.14647767752289286847 1.51397898230698180200 0.19398017140803469616 
1.47288644239534916025 1.15933526313581425349 -0.19050150088564885009 
0.90141070065181094773 1.74851198327225421103 0.67104273342588593998 
1.11435950570782882352 2.19129983176877018991 0.19404681251152830490 
2.23477515046213159877 1.41503034806063587858 0.25326741668185143164 
2.32901029408084747629 0.85523034908597916903 0.67210997647994241699 
1.69285463618224119031 2.07201806000826804777 1.20541600001922311058 
2.30541972382817395015 2.15700980084275784066 0.03678471993100682069 
0.87911005837086630965 1.37474408461955799332 0.75196921107143610552 
0.92277916019624262045 0.87856892855020807254 1.28309645963050611428 
1.74188170634626970923 0.81502657776885178986 -0.59167322822612133937 
0.40126460657324292125 1.77097225018599546686 1.12704624901215111343 
0.57311200291294528419 1.21648548570334558150 1.19715717068708404902 
1.82783499346214806103 1.17545413533446452270 0.51116870976472794652 
0.36816367639484620655 0.79897744568604656124 0.01684818047326679807 
0.67164250992729479517 0.63975165777141562717 1.17876208759415868066 
0.97501240533515409759 1.34537262938290158587 0.80640698185506642925 
0.68664352411820439581 1.32801110938971489439 -0.46033390562700088333 
1.55503286212848390591 1.78489009409858945254 0.02274119603996788488 
0.38268196351787531206 1.79080330586266378567 0.04852043816253030772 
1.39930893733861805295 1.75317408636311444781 -0.15617606573102996159 
1.67834488444871898771 0.75056607619046611379 0.40606953573368653743 
0.65311495695687915575 1.07737682328274986254 0.78266278955172330356 
0.58302985412543029131 2.23441772017565876141 1.23958593908310055198 
0.67747754159361539550 1.88646795379214160526 0.29550169987831925722 
1.19767625982139502838 1.15632152504447272001 0.13724558391084143438 
1.62142060929956866033 1.74655927072836503200 0.62881401079048604430 
2.14488015772482443211 1.71441925873101608246 -0.63471207359435799500 
2.20087672986528604113 0.46760789710134914587 -0.13755121182930615809 
0.75579133845587032070 1.10208679564981304466 0.64555037275561710786 
1.78263673000956490711 1.91027398281404514613 -0.41292854539416756765 
0.54832506176207507220 1.84370891854188090342 -0.21050021644209887528 
2.21348395844308765135 0.51667674568514265765 -0.08008569935710009580 
1.33086767253059612415 1.19201036849484154345 0.95528542221383017097 
0.91467405787895428304 1.72626769975819360781 -0.13803852050192447209 
1.28299960542557411891 2.19015617120463268463 -0.39590950069649710752 
2.13990844516087275196 0.89873766012447564577 1.25820864391866216181 
0.69385365911660223937 1.08521661729606622160 -0.25150298735336606981 
1.57408696137392922765 1.87501399491387976681 1.21840997196589317930 
2.11109902032742668965 1.70639139193970734709 1.31167086138871313850 
1.40218992203082448711 0.70933699232821223468 0.47984981581096358694 
0.47677705308155932107 1.04760361133130186495 1.21594535314023133310 
1.91932210387182777822 1.19715024724025131952 -0.27476279222601768248 
0.79831002200722167572 1.84818631742752192970 0.54352392935484050707 
2.28234813537310099463 0.92919878721703341728 1.15675088451261354194 
2.18654366540166789079 0.93010071015426054597 0.71704633868518385942 
1.18788742329229979333 2.11021586861807097790 -0.20643452800016875992 
0.66890673244709730749 1.31629295505458898674 0.13863164210784761909 
2.04497911866143500248 1.79021373537404260290 -0.38598242630194407043 
1.80158375976890150483 0.45660202894875595581 -0.15562093409623165008 
1.56263968127967500799 1.60401679395592000610 1.28655591793025569913 
2.30822656640412970930 1.79764478288727769240 1.06716515251793597763 
2.03490663303259511352 1.97301993110871953796 1.28461372906306747765 
0.92122623615489840354 1.34186540732289927291 -0.21901783025700496954 
0.47943608453146296933 1.61007391513472697397 1.29311992156920330110 
1.86405688708190853120 2.23183228458938520689 0.59878269752517665481 
1.29054162551656914637 1.55580011011473073879 0.62214177334697484678 
1.32230837394213107672 1.70319011026434652400 -0.43368451878139857580 
1.52143192446397912398 2.20917586070690097344 -0.10270589834791164774 
1.04320588736122310536 0.47644266360217124578 0.21600956754953551386 
1.51202206143665884852 0.58209073719532067326 0.71257794769396309853 
1.23816294001255866597 1.23762625469018483493 0.41822695195067727258 
1.34761241416146404504 0.69616315482622925792 1.14250924729201974728 
1.23776592978913368981 1.59209145796527251626 -0.16283328022013085490 
2.06371271519908550118 1.67794947941404459790 0.79366017070753747120 
2.31582375454681388405 1.76713913902977171055 0.91574144676085333927 
1.61558088329420135310 0.70988173024960332658 -0.45922509216473500482 
2.15098818425532156695 1.30249706999565040277 0.00880096640796185388 
0.63089370964057478464 2.12764901464077782478 -0.25828542728883385760 
2.27038046992953645997 1.27918227984730714653 -0.08763925610544595624 
0.78480646963634292934 2.07608047996489863962 -0.39966272427356480668 
1.27914740174132801620 0.77965756296734689546 0.40799303883615117838 
0.88373945554463384511 1.43710748897298468130 0.78663498597820868952 
1.41473300712284077996 2.26139900447544528461 0.68555155259280009528 
1.27263673058016313355 2.13590674012920889169 0.36707221317879545897 
2.21842939231427083158 1.92003446522040599476 -0.40324976893339409267 
2.01995382475248330678 1.13277173016487764379 -0.30002382885609080176 
0.54195270526123540122 1.55078186577446541783 0.28559316958489905369 
1.62067652699875042188 2.25146977679756599144 0.87263899695073754437 
0.52468235922958861295 1.16596679300655892142 0.18270700681531465426 
1.16065813444171239688 0.86926271808670951824 0.79870300885805112223 
0.80012630384159288965 2.14414555285461805312 0.53319170216038802579 
0.74138267174004424120 2.11022778207762717884 0.34872302226575691009 
1.95571479320476804276 1.92055516890378585870 1.28750330617627795071 
1.20648206415464986918 0.36978500581867873587 0.94918744389510656401 
2.09418009541818950225 0.38960409774039672648 0.77647576948639895900 
1.67880098535912947177 0.54734505800267863052 0.68577558601405541605 
0.76442902927240741207 1.70124787953502543125 -0.59291733204961782899 
1.98715242835171079783 0.43549198460524046750 -0.21715329314064396593 
1.25149233074730226178 1.39235470710722064602 -0.35517865564843215109 
1.45592739691832129267 2.02016268956758437980 -0.21634648145067369995 
1.22896946839428333753 2.12574635592031935261 -0.15273684034205595172 
2.28587186435834643916 2.07025680750174334577 0.87435696153697106681 
1.45499352705076456793 1.97071133679016785578 -0.21579554932070157958 
1.80697956072343002276 1.04147001802093219780 -0.33792644382757419663 
1.36238080867784616679 1.26988329200953886655 -0.59454041246281730260 
0.79282130138370632277 0.96057090118593480010 0.37784860778072248966 
1.29455389704537582318 0.42799697718719281747 0.69384764449422264843 
0.39952446281652853610 1.71484750210503711365 0.80424731364289347990 
1.21711644156547205142 1.07651983965678832433 0.69650065757325674287 
2.08725349674649907072 2.10939247846354493987 -0.28056546414410887813 
2.03851441365245733550 1.81176262908280238939 0.33437212243683772650 
2.37089605136614212100 1.71389483605579995285 -0.45143016116234546686 
2.29891483848761968289 2.08489912898293239252 0.23412095882001338065 
1.28604868539794958693 0.81596509114360071813 -0.07651474745464889593 
1.50635549912209021350 1.19316603051737923913 0.84912714009848011543 
1.92364014429010055096 1.29504799399345893463 1.20898853122132310389 
1.84079966664614236294 1.16063830322964367525 0.16546087363893974276 
0.44168614610002893128 0.40389957516662855497 -0.28277092516304119796 
1.15328741676579582531 0.63300965561471123078 -0.29315356382410540093 
2.06723663720202655014 2.31254119051289563913 -0.20387562494022318238 
0.58036655615069909775 1.18623417715500623082 -0.23175679663307527378 
0.56353591670727853913 1.21403139179239194512 -0.09468431851906340679 
2.21480494200968269780 0.43262772387370196370 0.09204580599483899728 
1.72027974908018110867 2.11609556285824895738 -0.08713630650365179753 
0.70867988457772379540 0.37255720588629226420 -0.45291934839802633350 
0.75604980789740605651 1.24482987113824550285 1.08503686139943100741 
0.83981439159430637531 1.07170208682682011059 0.28578846121506401579 
0.75925651427227924817 0.68892245480551295156 0.08762925325845259683 
1.10496614126093106734 0.55222308704901690302 1.20599468963267342225 
0.71138136684155695022 1.36389976393269041210 0.43135590249141053665 
1.78314973036710289200 1.96309646391097203377 0.48383880872698875608 
0.53391136164299124456 1.34161990288971177954 -0.30632621142697835648 
2.15298901602073256001 1.68618313345906889467 -0.35093959806454605443 
0.42942688561649383638 2.20659906706896835615 -0.17200901452989270091 
2.16638598251022429508 1.47864866429855479346 -0.18298141420052571604 
0.65859508427491320059 1.90335451070132721796 0.76083682874423386178 
0.71945106657061685951 1.91290220641108121846 0.88721980512280640419 
1.91958235565908030829 1.17914224127873690229 0.72414829698733540475 
1.60106548682399463246 1.63062104676762098521 -0.26665419490571229399 
1.78524743979308841979 0.43280134860024777055 -0.03509370676321160731 
1.49715917689068800378 0.93999908922292896296 0.21494091462158229633 
1.54959405699599295225 2.31167796431897354381 -0.68610076949415432779 
2.22449744719691366868 1.07796068261439303981 -0.29063803197327581218 
1.75963078923278937182 1.38032382533682906889 -0.12062873997943383830 
1.19948049949604573783 0.96926220107138694182 0.35381804164135427504 
1.60263388676302831470 0.88159231789878189645 1.23039620791115944520 
1.68607374157585976349 1.41337407776273504822 0.74110128080198089950 
0.91579925957778407497 1.74233536326775495517 -0.21958139577733121195 
1.94531873896609841523 0.67952572161354052316 -0.19408024733475426338 
1.18280850816875671150 2.23155476155795895465 -0.10157490618228932899 
1.55739155762463576949 0.78635693982977772354 -0.07807818355161066926 
0.93488221862379905502 1.29660167633371981033 0.17719844749049640242 
1.13400440260664647774 0.49246671312617901206 0.79946519284726502708 
2.10464660087804444899 1.31283053960601292509 1.28313850748473212704 
0.71494696248903921720 1.93131886927725537895 1.07555573253949376955 
2.16614671413310810877 1.89506017384247393842 -0.23940059680750858107 
2.20585505338143805787 1.66100799800095200176 0.06434376694370279315 
0.38293496139639976450 1.32120880922646843914 0.79300488759323628507 
1.62737229834644225868 2.04923550872257909106 0.20958923417504515818 
0.79324454195732052586 1.42955740728968572206 -0.14337371875718871173 
1.11742497425770270780 0.62549262635942892707 -0.24370752729028197225 
0.83662042536522229774 1.71268066705860433352 0.92954015069971585028 
0.60204641743082909500 1.53825393014307132411 0.28912083347811773359 
0.87799483543482992332 0.74533304638500075257 0.36718477160589441111 
2.07814407608180395926 1.78637629707591694128 0.45428904130624897517 
2.35679859849901696123 0.55214667722348598211 -0.29318017963504700019 
1.69664514244417774513 0.62329071533966184937 -0.17557607114767709300 
2.08687635970684493003 1.22951249272766571785 0.66295681993975308366 
1.27881480541049930011 1.11791800041331046422 -0.33741098706572092425 
1.08592446574851586583 2.13408432498848243952 -0.27877014106373010360 
0.67583275584935176283 2.09646673906458014258 -0.25399319924874458332 
2.15799192010699592004 0.75748355561436575556 0.11365865685760943860 
0.44560808251556488502 0.46532900492041484597 -0.28499877053556621487 
1.65229624897573312836 1.22016080728938547395 -0.07691247801521633454 
1.16186119329835402247 0.81335061680480680302 -0.14139760888998031962 
0.54750558418841954733 1.71081719089962192015 -0.61001885951374346106 
1.30545758018244240084 1.54922568164977580984 -0.66409242751208574784 
0.55124612694577801442 2.18134173071575654390 0.81299957391739618995 
0.75609805519707729005 1.34155835230438302830 -0.39417253066069257716 
0.76331743143618091541 0.59394387592463637748 1.29861984905048366556 
2.09552744356893283495 1.71026436974066875507 0.97317327248902041337 
1.39248783301741752005 1.69649617448677791920 1.20521428652982609542 
2.27642175704340887776 0.42391275721014642919 -0.34267722561099756007 
0.78286619491410858185 1.99309754281231898965 0.46728783680134361456 
2.23919213153340557199 0.63008942460421868414 0.37027161235278299722 
2.28081306793590776749 1.92028806998028755970 1.22024834859655650909 
1.85866652956323807899 0.62431883695450440808 -0.26851253988810597217 
0.67886935492780065005 1.31549030610532291519 0.45888952884276984490 
1.18890937857248335519 0.33639202454375083384 0.36213735641522387665 
1.01844586740849640805 0.70084334387305136094 -0.13074072392504654250 
2.34771733936289450639 1.50127668013838433403 -0.30819957441902379180 
0.66884549611257204660 0.87319594784914889019 0.30097395091011769352 
1.09728479310263660196 1.28859674125554701796 1.02598723968377014693 
1.88591991747842824267 1.19409803835464556343 0.80713542029329343741 
0.88072302659673351588 1.49062012849301028794 1.20519929590181362755 
1.15860414906749031871 2.10810336494700889531 1.23947810246050860172 
1.90837190270076906273 0.69904602832072015861 -0.26152797220178763959 
1.88909201380094882161 1.64155637068617354934 -0.24583092617073909469 
1.59554858966541890375 0.68448627848975296395 1.24239553749928655080 
2.33531103063112510654 1.58565185099803884761 1.27038130304323093611 
1.63962512315166586419 1.67119665612211387717 1.17729061810437296565 
1.90043896798417510929 0.84913648545286057878 0.74770343655079485323 
1.28291123172815124676 1.38728018646290784943 -0.42255561024976806550 
1.59734088837060639321 0.78371946268764736132 1.29342916358375892294 
2.19309597731107075447 1.88244997078017406444 -0.18891075520131539456 
1.79874548876514395168 0.91075239598324209123 0.24558172324725624502 
0.60952848741011245171 0.61280078434406337617 -0.26772891495388240202 
0.94729730661372391065 2.16064432193548050520 0.70885758941903775909 
1.61260715073697036281 1.59033175899738110637 -0.27886429456855021947 
1.25723539567249353865 1.58530108503448197155 -0.24374678193297769080 
2.18660089656007716741 1.38624079591170157322 -0.29312500699025034745 
1.07011785230147382642 1.21445947234620210686 0.44961512052516339200 
2.26497546446922415342 1.91300177837455676055 1.28316565742576593756 
1.74274464180013288761 2.30712173580863710853 0.09418717189532113676 
1.80163398300556076848 1.17731575094477380894 -0.56052697813819607475 
0.62789423085323736728 2.20431319683621129712 0.96626179504180409463 
0.78359212694859559090 2.19509308987327456109 0.42607929941850358757 
0.35791409960309511495 1.02037635135601423286 0.19897009836240181491 
1.88551434217569613416 1.77347729077102522766 0.83950555011465921584 
1.57937632496347180044 0.68976077288981130220 -0.27569631566824526203 
1.15260225335877564135 1.10203707499067649067 1.24651545884311754087 
1.81613314469052089528 0.42319098959705203633 -0.22466862036617774034 
2.04236987544832260255 0.71203786306320493438 0.90904946346016457515 
1.17289189429985118984 1.94238906374300612789 0.69228323499086930060 
1.84506955008798012585 1.79049369271850356000 -0.43400077301551620579 
1.73303870533716319891 2.11021997410990325150 0.33960114607855645952 
1.11078918664236492297 1.96851362730217482877 1.29351387042463206178 
1.78317611119218044635 0.54083080761649626744 0.00521868383586923321 
2.30161701910352212153 1.57835192082018438420 -0.29040567993169147387 
0.78157642161644114154 1.87106461372197374615 0.42485435160202600358 
1.61113445320229176083 1.15618946157436686129 0.26245048925486136326 
0.38289990553207786661 0.34553526699157671720 -0.22767503231522639995 
0.71398048648210188372 1.96908657354159322139 0.93766893049949073813 
1.15936298412288185666 2.18854502519281712836 -0.50658871177588260526 
1.83579453075256626704 1.55166815701143301354 -0.19773343875445362205 
1.76119685621434252099 1.86456566650488531067 -0.39465377390046035844 
2.12942239898981933166 1.23036491392634395048 0.85923313688305402724 
2.19844165778191991123 1.12935038627305983638 -0.16644280289462551337 
0.79118814488430899701 0.93326642923033564792 -0.65596072053422882497 
0.60154063752169995016 0.56893375823635861099 0.28734728450645974362 
1.58424624681894909983 0.87316706967218105095 -0.22351043937041775722 
1.36443556820100342364 1.36275831674675274030 -0.22127858042325360133 
0.83163405766154074872 1.15764788917163508053 0.16033619815519267737 
1.19971747542769535677 1.27028104832212029862 0.40485978463060923183 
0.66565691767071910601 2.18730281394737247069 -0.01985159541898077334 
2.18998917400722348248 1.94231327916595764016 0.68696600115277761667 
1.31940781019113773098 1.66971128408862168335 -0.51473137528422663323 
0.37206687810726041254 1.81684786882583271250 0.31470139396376917151 
0.83633855606809337502 0.81332650264922801142 -0.51093045220620203484 
0.72011465738176250184 0.57602059862448984351 -0.31310664383101938224 
0.79120422147955393744 2.15511799648122170936 0.13043669857881232121 
1.04869520869059851265 2.00556502294878669090 1.28452545655095229371 
2.26165979907783443181 1.36655247291435699708 0.38947571742145076223 
1.69138437006601538570 0.49767755832730237175 0.65361078616505774441 
1.78914076368723029553 1.09576357381669131641 -0.52225050150691854078 
0.57492041975950691768 2.02965029010284592204 0.78629936357400131985 
1.42175270772465278668 0.77053364147658631733 1.19450076283964379265 
1.57585522588622883866 0.39101942181872667570 0.28397821915142895666 
1.97300050087333134208 0.70898082888861857498 -0.10654834386664832624 
1.29644669108701870996 0.52050900532365784734 0.62358663897330468551 
0.71495724685936945519 1.92532288842074716939 1.11768198691285203239 
1.80514841938177328373 1.59399091478704924008 1.25861775692353150546 
1.16344629173379665588 0.55177688988221118560 1.19806450191125035687 
0.55801743939179082599 1.78958986527378027809 0.12460489267174981731 
1.04699071374264751633 1.70777498375060976521 0.12596084066822285652 
1.71545731408363244519 2.03636353441007056375 0.98118015714192974297 
1.82084907124198736028 1.28275328112333730779 -0.07946239317182315909 
1.16315020658535117626 0.31666440859770050853 0.00587790585040944696 
2.01785063016168919603 1.71189825331571099376 1.08510064153494800721 
2.23550822653083125502 2.21031057105794426221 -0.41695442735620297237 
0.91751160798866571167 2.27590794431957688104 1.14897123672493894908 
1.19986888106977040991 1.34090727366070572302 1.04958948147248998239 
1.24910074420755123903 1.74552515725910284416 -0.41753853879517754955 
2.29444781615133397423 2.01114371410904979598 0.87601041507931509678 
0.38863629246111636162 1.44396362212796125490 0.28992649610862941678 
1.35532808306845553581 1.67997581315003219338 1.16287599909395744646 
2.02670424825886597020 1.19409773300456367728 -0.34523719231289412557 
1.35581734336346260150 0.78522098284660990508 -0.07307893388481001562 
1.12121735024219337795 2.22584135898150314858 0.40257595395413220407 
1.77560488657644821586 2.12495441751964042609 0.15050284536898778098 
1.01993737321912525395 1.99914774081170687481 0.71729076619879028609 
0.59951835206124259869 0.86372851039915221616 0.76626784362237265746 
1.62801570602446421532 1.59414377855608235812 0.72526041194220292052 
1.28582557823668452990 2.13474201789686857111 -0.35471548049401097069 
2.26101024704246933439 1.91004788283529225446 -0.29519928069780720925 
2.08827086857723953628 1.74163136833945153548 0.82353140638232957826 
2.35037133139496123846 1.69788148701768193405 1.14365373832367400730 
1.15510303692609417325 1.45633187123141727426 -0.20038911449496116246 
0.76068925169837664502 1.14932445789846959805 -0.11394760170149269285 
1.01254469422089865560 0.71056705056664870579 1.09236152570634703629 
0.43961894375015397873 0.39093840102635957212 -0.28691751093293088593 
0.67405116718547741783 0.67393570001657654434 -0.51059597031621528629 
1.59679560315671520421 0.84598522602383963154 -0.24029856212116218472 
1.71135533881620038876 0.78241199184782395104 0.40476675343020407372 
0.91679637738872377106 1.28363407850473154603 0.17957003684933639520 
1.87470533697572516729 0.44095237498422829026 -0.21053355807638346464 
1.65333942553432033939 1.22785283260852051690 0.08694608585812271806 
1.65130339350710597657 0.84186204559588195817 -0.32181186295648600559 
1.21972175989041420330 1.37983672514323130187 0.92186589531585028112 
1.30120947140470888392 1.94352677512714944186 1.17645655673036197975 
1.77987978545053748825 2.08105301517998997340 0.67355444858410906672 
1.17648232997808599443 1.27198320380019014308 -0.39422708474310896865 
1.81322366499600962086 1.83888844618277080833 -0.48799215343057095184 
0.77687515576542098827 0.81998261558630136658 0.10550645730025666469 
1.67568801593036509345 1.25909490842445981329 0.41053965252359087001 
0.35001560510538543003 0.58789007199485054933 0.72754265512222127121 
1.77374582889378684669 1.36343608707101116018 1.08769599046650577989 
1.86571861165588614995 0.60528809996510135605 0.23503644214000687929 
2.23902882126593860690 0.42577586690785812484 -0.21263637954833095045 
2.27492378167740172401 1.33088876564086278087 0.42005541461489587229 
2.17192222538762269579 0.84338100066252841280 0.84220128093093937771 
1.15791050320372046478 1.24634416541402770484 -0.40129361627349424690 
1.83865401197822042612 0.76091478624226260852 -0.59283236271688100061 
1.28897686189101445819 1.08858928720881120711 0.02410589618091733138 
1.59921291107216512195 1.68610972365776334847 -0.23305122300582070682 
2.08527102474054482073 0.74286169284963454729 0.22316907617833775523 
0.71347254303345697402 0.56258345355199579352 -0.44636042854560709081 
1.22245118305751243604 1.73794881945342827301 0.08477615430776286320 
2.18632100112173599626 1.63737805101828670651 -0.66655902318943938134 
1.91909085260955025731 2.27460568907267468575 1.17958790093722898362 
2.23681030341278885842 0.75648624356218296949 1.08460653895676784053 
0.94333271824713527121 1.81397350803302348510 0.69523948825161174803 
1.79955524940260036537 0.36090747772236642099 0.03981314941754626746 
1.35912072951772477936 1.86949386644895354515 0.72526016742013543759 
2.21498779123374189837 1.03909307657069982511 -0.43489780469894068204 
1.75466277414378457600 0.41362391287616701030 0.28092200685758483836 
2.33362546954009175693 1.18312896298569558695 0.63991564895930275192 
0.59094102570649509332 0.75503159951369869241 1.17677680884945923268 
1.19675859599223755048 0.71608236896240062830 0.39819519427783645060 
1.66829855271388516336 0.42648779553511761975 1.28523322688329266761 
0.70785968884071648333 0.70889271168618306351 1.10114528132943112482 
1.75981291384442051218 1.32540466709581283844 -0.60124273143782047679 
2.15269143438377108524 1.22850840527137195046 0.87949213642512613642 
1.80725696179240369332 1.67635910045783620426 0.05589010850551728860 
2.30795846273597549114 2.30018177108267662945 0.56933482799750145809 
1.79395107190104496908 2.05088778365558388472 -0.64455314654734552349 
1.32122581737532818202 2.00823277008984479863 0.82743635407155369244 
0.42387538367129545813 1.77982502350834748128 0.78273618207594575225 
1.40851064682694882002 1.87668510264817411937 -0.22778790868900897215 
0.83837659206011627688 0.63634884457821283554 -0.30816741710117967479 
2.16536596728030916736 0.69141779026737737457 0.95836102317227334080 
1.69223362817063760488 1.67479159993167070475 0.44602480378829373331 
0.63518792364198684020 0.85924920204369459320 0.27927197385252705564 
0.91624087120814390328 0.31618947134246361275 1.22613269292451310122 
0.49087065970885890298 2.19075650831044788092 -0.15636685437223235562 
2.25414817850546533862 2.26276603864196523830 0.41563569024320540235 
0.64208119466801494291 1.79013645637188867354 -0.07147013393404368087 
2.19798082459185328830 0.34327482976931372738 1.04197370791559240644 
1.23937747694552102828 2.10512985827451037935 0.16370801208457919085 
0.71824692726180860980 0.62829551754009826947 -0.14924488905220245627 
1.39475297964230615655 1.15121758992826128676 1.25014098482041480231 
1.90835678346265091854 1.21101398832273932094 -0.50965501037970095677 
1.40850300829527341762 1.21986088746899112856 0.27766759274707542016 
2.24716399690269641454 1.40794148385347628327 0.81964597152016294146 
1.31059495508929524377 1.09754690463651849441 0.26397837176208360788 
1.99322691164591914159 0.67639729782253688040 -0.17296847162153045074 
2.08950645947653113055 1.28008678553579269277 -0.26664107774362083569 
2.28795582124298668703 0.55489628952566860676 0.59696101293367098695 
1.15567000021070764859 2.22612359027272699308 1.11832806471766610379 
1.09421576399017128622 1.71285858516414490893 -0.06369640137420735926 
1.41131948415339314451 1.33318135178776997485 0.26995659044947867278 
1.11953121546952161225 0.38850623836710779235 0.23462705134304423504 
1.30313832712803279179 1.65553220858435023999 -0.45402668285062841580 
0.78596728309233598875 1.95023807511845537199 0.42385033901852020577 
1.33668715809020244301 0.54039509109009753463 -0.30778164749239556031 
1.23277002677078861836 0.62210101587720501026 1.10987721443801246046 
2.17121078200209494113 0.67773817356178067683 1.00236633204134828468 
2.29760583126019923839 1.87009272133136295047 0.66152243570673119333 
0.97582103304959511014 0.78587507182225480040 0.56002807408212751383 
0.88163504253615365691 2.28589314079662875301 1.06463059141610649760 
1.77033798277920895181 1.14998229515722982796 0.11998691356988222534 
2.16507285642896674105 0.31143269885736546421 0.63648800592503695928 
2.32215474795514520423 1.93622634864734322058 0.20332426098053435481 
0.71673809944240640668 1.98591656260592253069 0.01544430096370544639 
0.68753361289020553659 0.84296639831458453074 -0.00677965226909032007 
0.37758097024006781472 2.18614612497833427085 -0.31346397292727506967 
1.71809438464600439112 1.14818512872569722383 0.92334570701230156420 
1.83833134786258489690 1.90799075090296788026 -0.26181085707430645781 
1.48045807608699497848 1.81860116544261574134 0.16944979428247564091 
1.76358080420317819836 1.91694172374670190884 0.68120460177876596131 
2.05232736584346753261 1.86735097327811949697 0.29199834284927733696 
1.86682392673623809287 1.65486034827328687413 1.29182933927212473257 
2.19741951669982071849 0.82753277657952906132 -0.44262627415181055035 
0.56756680330148123748 1.55213793687298040602 -0.28568342338919094914 
1.63445613743208784108 0.70219916680254068631 -0.15523486112533979586 
2.21512073441654955275 0.57152659996608301540 0.14876686164466221274 
1.23335148356856350027 1.91702117174070019168 -0.31333653489222834665 
0.61102929071516565163 1.32853678176468870120 0.22666183751544441427 
2.09878984476743291054 2.28295096151065779466 0.06730165965307760567 
2.08468406283825702374 1.76633501669808512524 -0.24027032525646752070 
2.00068239013651272273 1.79022644631002392224 0.40504166108406974844 
1.31824203245483806413 1.31839684068064411093 -0.45764820952363322037 
0.71347317980708990781 2.05255525537357152999 1.08532027197890279524 
1.08589427025197515775 0.76304032915392272507 -0.23130946315059830454 
0.89436254746453813791 2.06645077371225527330 1.28608751205744220591 
1.83592924456617900830 1.15285274445883190175 0.83189732025293494644 
1.52530601072886340397 0.43899484418821405063 -0.28513659656000839293 
0.70015743709943245587 2.13881615945001701817 0.97793537327363866396 
0.78148934657435420448 0.81453714140132982280 1.10514044644881326285 
1.28456979573560770014 0.49548142147680412917 0.54731428822173455728 
0.53756789353610767712 1.07737017987361971549 0.21315039507789237949 
1.37003830333095688587 1.78526104554900610921 1.06127449362296411017 
0.40092974704986178436 1.84128476142172892160 1.24587877019529824629 
1.99272007124189798333 0.71753956633436066781 0.00526092496406633213 
0.98007369776222830193 1.71695199673774023807 0.99243827878701162959 
0.43198732660886457468 2.29402160895248297123 -0.66718188222872065740 
0.93028255109743451801 1.21529777412935446890 -0.39426446332452136367 
1.37373002117309028769 0.79267003466096686015 -0.33600512805912768899 
2.20372641135006164248 1.31686530202494567199 0.38517765058469466410 
2.19210582292247568859 1.23574231665304989924 0.58536486963063349975 
1.92516106740384151941 1.21555189740336233584 -0.38130700857370575241 
1.90991244007838734120 0.72138496630034176782 0.72580057873549885805 
0.71823165631466345804 0.42420961132092288581 -0.33162212311099431572 
2.05771114978402458462 1.68155650197498385268 0.17897926567322672287 
1.15470580827511382083 0.55302248817102628298 0.20176436955140703011 
0.62290210613022123365 1.79045323118789645456 -0.33358315394065435333 
0.83329217159826385330 0.62242182735418161155 0.29130604349965782962 
1.78911389346622140550 0.36134545749769131362 -0.35636675934021699863 
2.10484328361602424096 0.66508690220266453164 -0.26631975427768417308 
0.80169508536714495506 0.35187394806380895007 0.96054669766067979353 
1.06822603627726131492 0.51032932786772067235 0.21407801692281644423 
1.87264672858210934336 1.70040998312208735399 1.01321095579584841140 
0.36828916363360897357 0.58465166843579730038 0.27788424482662960058 
0.52334734623951784105 0.39170714659554156656 -0.29115346799048086313 
1.17337167380049267607 1.75212698020267887422 0.40525966227058374258 
2.04831389096463212240 0.85750957934525562365 0.29751877385918479302 
0.77621490298130457752 0.67968814005767608233 0.39245889226197100408 
1.35873147148505846182 2.26923428450639441678 -0.59334389971556245058 
2.21597386308284738377 1.59293314015632603287 1.27783501948613031907 
1.53778381460054269780 0.90019233164563150495 -0.21186790887422726759 
1.31945371121531462855 0.66980784867732723331 -0.51408198051642750581 
2.11881042883657766396 2.14852596417739238888 -0.23305603734347934974 
1.44683359867745076066 1.99480391057313211078 0.78406123853922060629 
1.55754390183916924251 1.14353282190848348776 0.20685586750226420127 
2.27264888000703058069 1.32834497669988538249 0.41517508002289776892 
2.12048695914078777491 1.26557892425305795747 -0.35483735398581744969 
1.77223216283992823783 1.75083827532084845835 1.08492695216142287506 
1.02042048809691277000 2.21260957797126867064 0.41788999237407159493 
1.22095756710684222313 1.41664759619010927061 0.82684265921980304448 
1.72217698796498708269 0.34820626844841051639 0.12414152291361377212 
0.91377024065241185813 1.55584859005191367132 0.21506093632099507196 
0.58661050658817170955 1.69551107122715638553 -0.26352296539319464141 
1.34803857581201702587 1.12893104261061338889 0.70057971747417235875 
1.31013363749035804950 0.39111472073758324353 1.20808426639645460909 
2.08373123994710374163 1.26566004597292747214 -0.22834795786085504421 
2.08484678469263107203 0.71810132430463180508 1.23912279796020929901 
1.80039275902977657928 1.63718416632520469278 0.01133308654382163272 
1.28413405329775542896 2.09599630164671069110 1.28883332270727235525 
1.80859371704782545542 1.74345658689264992880 0.08894281496977916868 
1.59673638852350330275 1.81120795628900643770 0.26731166449656673656 
1.89793917185685279136 2.17539281756872160400 1.23947075755375379913 
1.22042609096561571747 0.66220174165158440793 1.07759168160600249387 
0.65143322609692244640 0.32921684314147992012 1.16493514976728018695 
0.74374598500615374252 2.09146640736823341555 -0.68745979961585845786 
1.69955801627879132809 2.06928621945191792975 0.80887350515713452026 
1.54834135189314858749 1.30674816100056934154 -0.32832705483456642304 
1.28411345018000999652 1.11675435544555634593 0.92509492685648031518 
1.19938676213484463062 0.55155306763414801985 1.15968079462914097633 
1.14197285405776227662 0.71121658822362965324 0.06360714014096373325 
1.08427230805254226631 0.71223549889613424480 0.02630242665614224498 
1.48856826251634077884 0.66815545946230836538 0.68271878028480059708 
0.51960399172323756822 1.71010272822615783106 -0.59467439056640747364 
1.35259029487661752711 1.39396860677916412108 -0.25366333663756007732 
1.78261301063422816782 1.97594487220194570121 0.50393649772605619841 
2.23958041264692564454 1.89146835828814063873 -0.15789090596087285157 
2.19113868716250603796 1.51191570767461569424 0.84533015198426986192 
0.92695322033391935879 1.71010084493886882484 -0.19394903941090180233 
2.29214669842051588233 0.88383124637505605659 -0.04387845625341742217 
2.23039787195059480140 2.15487751390799830986 1.11041118880423539395 
1.27933485266829238824 1.62415756089400398210 0.58644214236276703822 
0.36703385611967809243 0.75088312730911954684 0.11720590704773131696 
2.03863367047428178935 1.82993991426591562366 -0.31265106240742474020 
0.56494543997484003572 1.51273204937701888362 -0.28555716050618140667 
1.92899719946806458282 0.78465703209570880627 -0.59099694813362102508 
2.12355458631450400020 1.20904651450253819434 -0.54368599936361894365 
1.00525555880111538976 2.28266503680917010044 0.98196074971264857290 
1.51495118338672640768 1.59219793487566496637 0.71129310520892297109 
2.11799904594401589009 1.78757946674293677347 0.16918399673300840713 
1.39878479228917473876 0.66865562543688727981 1.24316521217339737149 
1.97170666063981658844 1.97704847478512801828 1.28420702677081788323 
1.24009125017721411055 1.33013694174544183646 -0.60338443233902661067 
1.92209141901749736014 1.90973953437416432699 0.71554572625917989281 
1.36939763139180969986 1.84993820864215408051 1.28384869849399829711 
1.29819016811561604996 1.57808240818811551520 1.28241264082726247331 
1.82858399124986936712 1.58744623681941399163 0.23488701474316112106 
1.71412810754336719654 1.04356677467947145388 -0.06830749594749993547 
1.00211673342342932891 0.68206856464126586204 -0.16440403290532901170 
0.81949400813688033640 0.73613923623918942063 0.08672819678377309549 
2.26057493891959948584 1.82144289005323467556 -0.40188808133040687665 
1.49127636914006145297 1.56564753607350048981 0.71426859584150104165 
0.42117739066577009055 1.80881258425527691180 0.78725215546191440463 
1.63508158623834920498 0.58809122772357036446 0.72432321728291626517 
0.71723355275971789613 1.66815310204690581131 -0.11561771400357014061 
1.17651605624953403684 0.79098340923874610464 -0.43077163891504849369 
1.77102463338624915856 1.79054441185093859978 0.41986684256436895835 
1.26898485387347914610 1.85020888236435387952 -0.09450803769952692557 
0.94379803448879118211 1.78521131996277770959 -0.50523672077000258973 
0.71746729272264753163 1.40534194947386414931 -0.41403121445363166853 
1.25058533926731585417 1.41555952872482526672 0.29277050550683392238 
0.85003726933624534912 1.10423281893361457939 -0.24803879697820568895 
0.54945914452855237897 0.71068801011344862051 0.61553277090500468915 
0.48727070011575052133 2.12318558528738199342 0.20350969746997746301 
0.37913679192218080471 1.22094502223832090948 1.08596784816087721381 
2.27947698946363264128 1.75697364816979351154 0.08376374312805580369 
1.90754222024334452179 0.78984662079011436209 0.49098546109373214508 
0.71799079838639701112 1.59616615889745805390 -0.58987422740693895573 
2.32937310649173401345 0.93753715411912219579 0.20517965176849189968 
0.87832228845036386389 0.86245413895095646151 -0.24101010944876732900 
0.79794934063674527458 1.63691777820482675665 0.34638040030543698622 
1.34227481326702213771 1.59245138391675045142 -0.26046326554160825761 
1.15054535574931482422 1.71611913862388165697 -0.07439540188313285840 
0.39934138977736760578 2.19846364934610960518 0.28206618788432785694 
0.71112130415474739120 1.37319855902901011291 0.43474060167530187426 
1.50699505643752318385 0.71706086837987959015 -0.47909016248500652102 
0.52481525720493815701 0.51920006930058282268 0.71706336272600557091 
1.22401306668390907895 1.28395607333757233448 0.41041436847634493734 
1.68563585199614029975 1.55348006141032612959 0.68540161799591325931 
2.25625884311528457360 0.68099025705856475188 1.09293173380343677792 
1.02713293635881131038 1.18978102099380267376 -0.33704658271155574223 
1.81704035607058611568 1.19089847829027806192 0.44283804638421281341 
0.79729387155889630545 0.65023020414844556747 0.63925947529344584463 
1.12015868874773572017 2.30788118343496684304 -0.31591005129707677712 
0.68803144677143124319 1.16083363824274266030 1.01725981673639598313 
2.21533654852595374152 1.54707516291163371669 -0.05521381377289819037 
1.04957415957659128125 1.78557503207146450741 -0.54402698404559379775 
1.32002898094312026700 1.38559504540868294598 1.20639560948631707760 
0.95647678539489600080 1.05943004152438713383 1.28594439865004739332 
0.71027943308740415507 1.89770606632838179095 1.03208216675794539618 
1.79941669746891386161 1.55020981446176775442 -0.15474647086868512091 
1.87269317687663994221 2.10551430969563035944 1.26226468355180632130 
1.63500005144438209648 1.27094177262655239069 -0.59406963665407119812 
2.28544584427819463812 2.08319696683463462250 -0.05159151879631833360 
2.15735334422097224660 1.31066874243874753603 -0.00102816313629197631 
2.21782821390253337412 1.40167788930880687914 0.07716721767844164637 
1.09101964730786038515 2.27696720150437004193 1.28131965086183741143 
0.49735306909175763801 0.71511961126581857773 0.55291555639830136659 
0.84879418483531010597 0.80804196926780835764 0.49633821249182547009 
0.68962472163130417169 0.66461208455601894496 1.13699849231840377506 
2.24045510214452869846 1.59263265631572870085 -0.17058575234246498020 
2.25907063521317486021 0.75385731617147910821 0.91609610376516814600 
1.62400659644124489844 1.89755888750447443414 0.76917318496044218001 
0.59815472739297115279 1.20981006679814107052 0.28666256285459790210 
0.58241794675710822915 2.18655136551220330432 1.23123183602233865486 
2.17784366927504535738 1.94623973996772758888 0.69398469387237404771 
2.20082726822177621173 0.54964408511512985456 -0.15362074019341090403 
0.94265556992514287771 1.21525907459006998756 0.45433984375344210749 
0.78442732711672036316 1.55115126860933671971 0.95320775171173033335 
0.44378531998903292255 0.70989093944641268319 -0.61230628761047645181 
2.31699385788248291007 0.86727892303402021046 0.32558678582019739967 
0.88256278487326067506 1.26477824022104812229 -0.64736564093264770126 
1.83708224565562416863 2.03414663281093632818 0.30905308653817797904 
1.87362812209661289131 0.90006257732573635710 -0.27002854081888533200 
1.98852740050832488272 1.68430521970308433310 0.16871632118189283656 
2.28325489561795214044 1.11161811059529647139 1.07859436797110808115 
1.21376212983326881023 1.86184932968567595779 -0.56076620076655292468 
1.21549939322803246533 0.55822185334706397875 0.98471873350975569483 
1.71090243837639977009 1.06701446699363455828 0.87044179205819394163 
1.90798797199789893497 0.32128533937264242004 0.24576519879694724846 
1.89673479329606764487 1.30618488813179212116 0.28594060350598721199 
2.03873513191516586573 0.36436461761698357709 0.79747767620283782630 
0.43072652812463702032 1.94694752734356124613 1.21422021198690122112 
1.43389875196012783753 0.70823393855685434772 -0.33731025739664777241 
1.79955852368526469931 1.35023206633028558521 1.04534909668590980658 
1.16414463885733110438 0.46440066566377391499 1.19232869885429915158 
2.11764279757945583782 1.77057660787987014572 -0.39541057322525907658 
1.67336260328891950344 0.98415173379703591028 -0.17722965410450780555 
1.07493743020386633980 0.78456585764526820537 0.40511759956110887648 
2.07504773235708972479 2.28648138102290054974 0.80271462486825484461 
1.83808489330275448559 0.43022502627339787029 -0.21124814045565737386 
1.23697644454710720119 1.91243110445017516774 -0.25881243433934986165 
1.75048306864254143989 0.71310661507549921723 -0.58642161404769344024 
0.90753016262502805844 1.23328949638087514984 -0.34999598363798228862 
2.28538297331667461521 0.55588917935564241546 0.44967102958832672055 
0.37755940818748845444 1.64599766875037589742 0.76574210521296393051 
2.33186369961953987584 0.99120119535744399819 0.82153578693547946177 
1.37032470222576474583 1.88576278551714571208 1.24218214883663891079 
1.72066139237929949246 0.68774982484862778875 -0.42214662821614096222 
1.33694814386785720828 0.56220702193971883176 0.29037341521046061699 
1.93215869614379709418 1.78591400523658649924 0.36613290997136471727 
2.20302850325656418562 1.45491383690509201720 1.14973247338090223124 
0.73584485172108304862 0.91559551486754420235 1.17643634304788324840 
0.71448050831384823933 1.44781321045930977398 0.47160781259623801853 
0.74846050191068558277 0.42707964815074661580 0.27744948938177943498 
0.75978235267356819538 2.11007701745028164453 0.84550502566021779050 
0.63441280751679596239 2.04560284198962616387 0.20617956692867345225 
1.58963207097494629849 2.25258095663026214339 0.68530461148985799547 
1.28199022327579292835 1.92755148975429513314 0.11168786549602546798 
1.77615422013428503334 1.15076663700181858196 0.42024922698301420132 
1.07243141919220641434 1.11550535452909604928 0.28446266973440686998 
0.67976830449411596025 2.17254063240305717031 0.98800207608349255306 
1.81594560605948429632 0.60581306580648641713 0.27580936086713303546 
0.77974240896820834479 2.07669958984005420533 0.64203167230081803485 
1.20138788605805379994 1.74852474022936199560 -0.41315382397563982231 
2.17433633826501493402 1.82451977603424819740 -0.51253387665322058808 
1.73829696110396803022 0.40239648043040493475 1.17893695048843061279 
0.43011501949055280791 0.78564311069700987211 -0.15482439323975283330 
0.78719880163825495245 1.87165572142023806101 0.56686316606673492480 
0.80856473103350468001 0.98058199163726267322 -0.38843071902982662102 
0.40284353845159320828 1.74397414707114162269 0.66270391862572397557 
2.00511635361563955726 1.28249427032962604045 0.01575313268871840477 
0.38757207178937974623 1.12640202911765130445 -0.23739223401421372106 
2.15497848861557450562 2.14174034098270738014 1.19142828083363361280 
1.71969948978661668626 0.79037146670119584613 -0.59540716603249632666 
2.04920458067284894099 0.71309726943318152426 0.10001980476486216354 
2.30301428611559710902 0.46566657236415531784 0.65227706756368641905 
2.15652470354886593995 1.35036230839002002746 0.68024605699517937119 
0.71998882639616990087 0.91247586017879755982 -0.11461824717856287925 
2.30721239939003108788 0.96675624281544947358 0.83984734907540015136 
2.32153502382614229660 0.68170527087250853970 -0.13159849509127952150 
1.85917706063366372504 1.72835227291372728331 -0.62853760969645133816 
1.69389782141764011492 1.76185527235904859644 0.40625710556643501725 
1.49091145998157403874 0.34639974066458806279 0.69758096148371340206 
2.23933332355310721340 0.31023106499085517651 -0.59469145422133007362 
1.09390465507258438649 2.28499259351722416866 -0.28825457236233670288 
2.28386773844292401137 0.42669494155800319346 -0.33388903590251567399 
0.36566325104757263498 1.74121088479566910046 0.61013042495249247832 
2.05772620057466815169 1.35412760832744294426 1.20895806350368029136 
0.83959845888780237910 1.79008422256474686307 1.12494794722231583606 
1.51134703382926671722 0.78277265076829094514 -0.00797143949012964551 
0.54145849828090575340 0.95887524349611996666 1.21577754476898536318 
2.24498414169149196340 1.58579682815450362376 0.78555937598979019842 
0.67749825387456974468 1.59067496697271626438 0.74241339180944732057 
0.41693275275888785902 0.77972543864825383242 0.12050312813398667000 
1.51942768445628284546 0.55101624804916327083 0.28511027964978019611 
1.86817224211329646621 1.21086318079687571547 -0.15230408197486455801 
0.90145444979374966810 1.12916495891538981589 0.72741100782309475736 
0.46221267530014198410 0.55062884877520501536 0.28548901957547306862 
1.35191236448127227732 1.53733547669978221073 0.70089187780321204890 
1.59322556707925744313 2.21612996936873418719 -0.06413349908944154798 
1.39337303359414077519 0.78410117716905902707 -0.07676362218672702631 
1.15741135182408605431 1.19014136114100010921 0.50448151210488989538 
0.37177986726221923242 1.78544558122241614484 0.93765836440972494259 
0.72973016277841351584 0.77408883605906941838 0.41002191568916968034 
1.41251746412933387731 1.77853450504772814256 1.14674627687383523522 
1.34284226098810943739 1.12685155715871210269 1.28574730800216441295 
1.79436594705722685106 0.48422262550852024354 1.12113534734842690277 
1.81786635470085888855 1.07554333684156411266 1.28437375698179390149 
1.33443015049789992510 1.40059541594241943052 0.24927881300609994186 
1.66926429447584512289 1.18459950586109208359 -0.03170352992545601850 
1.28893913541246352139 1.05547043212642877030 1.10744677721172046780 
1.66873684565392954582 2.22799349391775525220 0.38903171651451068369 
1.63842856808488623876 0.33646326506930174238 1.18798435067583407765 
2.31148901209025714465 2.16683316516538537755 0.36489378325573507134 
0.79617372085068260912 1.66267364370978465438 0.62767313616547526500 
1.70878670108679364681 2.07622821997165107888 0.80037423097888360513 
1.59341579636820851462 1.30745879914140838984 1.23860406953786861273 
1.71805344717435026780 1.59688225599128386101 -0.58918893149863549308 
0.71568366421166629276 1.99059557115550034290 1.04801346992579347273 
0.39655101846931412046 0.77073693856678171521 0.12103688835321560480 
1.87037134641718005845 1.95218936084052674396 0.29485681371049793364 
2.15009363100013350945 0.79107216041400363338 0.43805414524772878782 
1.06129457680114036577 0.71375045226132594056 0.88969682396400895374 
0.93436959487670356861 1.15014540174197077427 0.28799091543964838724 
1.35939502175490223301 1.77411547485942788782 0.91496543639990468577 
1.39520237037246053191 1.28495194461866768521 -0.19162591882781848662 
1.58711452733666558146 1.41581280174233414826 1.28601981310300383932 
0.70432100107622663820 1.17671797074335127142 -0.05642380662374063549 
0.76120842930590948416 1.84139936170566675955 -0.40545875405357806320 
0.50949630982939697610 0.78301380591454605717 -0.01938414701237815146 
1.87095393234348050804 0.49962153727885699750 -0.20215365809775462380 
1.98178229532412175651 0.71482370695563501872 0.94188222867888260481 
1.75798544374761789300 2.10780069783047618870 0.36427503746479489299 
1.40078883164210532541 0.61935607448380847195 1.27165336721489907745 
2.30259835776208632296 1.20019245495190607365 -0.61091844875707168594 
0.79938242988019314605 0.63987468523730040015 -0.03294292110435440013 
0.55567662111574744888 1.67626867772825893788 -0.30633993646601326288 
2.08204718215529993586 1.29793171323795664129 0.22237682228050689726 
2.30245199908137321287 1.22629502248876054438 -0.08007846030187995567 
0.38303076471786068335 0.86719208341087439251 0.24877765166822229936 
1.69837111418151298636 1.53926509523683652247 -0.34941179803818939176 
2.20247645407702119513 0.34348108152020623285 0.05220908504834288061 
2.11521468798822720458 0.72508627444298012765 -0.33983806740242228361 
1.19700210266622786293 1.99929083570258536717 -0.35734139083086585709 
2.21659904360013992886 0.52950085368923804907 0.02582866762443811887 
0.91531951224810959022 1.69442243545004256333 0.76395742134510435939 
0.56167073901872188735 1.71457181276056491726 -0.50472018493047776655 
1.44117701121801666808 1.89026036786529894052 0.21224973926585166684 
2.14914861051812255965 2.19741373448290389092 0.14433039197194111325 
0.70797312633152253980 1.37520978070341848287 0.44912117861924261142 
1.94285200312100436726 0.78618995076034725589 -0.37644894953803004212 
1.07886226894809111876 1.55952743539648630566 0.21441053249901587119 
2.32633568040186444748 1.19298563133043500351 -0.37320017040694769550 
2.34602127721743691779 1.22706712618488777977 0.08580534177925827621 
0.91179408785871629561 2.18176596277146472858 0.73430819076433828663 
0.91351950367380574392 2.25242353908941872476 0.28888579076817327840 
1.21083279413909239430 1.09161554371061164659 0.48635188983337990232 
1.97474832289633717153 0.68393515679713257072 1.16993420464284247906 
1.76527333837391298133 0.75386736635153617225 0.08552882316389420758 
1.31939634850668707777 0.82711813500910325025 -0.01827347633753045181 
1.47814805964467277377 2.30476111637448211056 0.64869883038173836720 
1.29630232525343580541 0.51427878572007623692 0.62173887446519582323 
0.36021886768745664531 1.94347019247820629317 1.20871729434448549334 
1.88861265103998676729 0.84686774930305408482 0.75946835154390579525 
1.29399930897066739455 1.35211075556718207658 0.44522491191945229305 
1.12503457371227932882 1.22662029459648813656 -0.59567800468759468657 
0.53879125167166252997 1.88508929134876668243 0.20845332812405881207 
1.28636976082160514601 0.95150000588943295377 0.07672932770223775401 
1.78080606592533685628 1.92079166740741880126 -0.59416748776347594330 
0.64518534109283043332 2.24584101515229273005 -0.10294722404764622414 
0.87790740037875369950 1.80646652722992717699 1.17690463931732769431 
2.22724921488903460087 0.91261011035326111696 0.64491925617055556597 
2.21167538750202163911 2.02527883794511787130 0.40723162371101517820 
1.58781056253133123768 1.22458255328723608635 0.26429509201313344802 
2.29200122629917668604 0.94975298818448605775 1.12849409928793265045 
1.56990778362448657468 1.94125303165302387498 0.78407154596144079672 
1.38980792097008554187 1.21043095639363684768 0.68509273977515527942 
0.45239112590660524038 1.47405625389798355940 1.28522607551364997924 
2.14248407610360303011 2.27453593975178636200 0.36912950147270262580 
2.23637220001087611010 0.91797143062051156370 0.26937657783268775802 
0.36060177485509287143 1.10868848027918476262 1.24529439981168499330 
2.12267454406214284290 1.14526788061873951996 1.23288068845782050609 
1.25634780963229331086 1.65547433274029742734 -0.60187180363772918579 
1.07181956743461515025 2.21419462776476594357 0.44162788638504180128 
1.34483532545579520523 1.22988788888281819212 0.38456823456532646111 
2.23354410747941223292 1.33776205730749819800 -0.61150146368313929024 
0.56870732154776981737 0.83819832045174647028 1.20870197204355389609 
0.71316116620718161823 2.10596541670728543139 -0.06071040114105978602 
2.03981206993438046737 1.16864868045825631704 0.68795818814257692075 
0.99672251336706385594 0.94945285676019064436 0.28492309215984412685 
1.65546353376129595780 1.85055786691309087644 0.68445658691746369406 
2.25587687075065490561 0.89158813313402884848 -0.14226623786774292291 
2.27932877625923158149 0.79719446270154170620 0.59721863898885396704 
0.78669878294441597522 0.32406833943807683562 -0.38696950236367161358 
0.67169928918725996247 0.94850444374493902977 -0.19315679778391747767 
1.19796539244721889084 1.50943265063240517065 0.13792779165478025183 
1.71534108001809548760 1.04373570996157871704 -0.04585766279765764175 
0.51966337644342874835 1.17323548465364457805 0.17507106264300087428 
1.15844770374221051057 1.31099514374480663470 -0.35920852911379569372 
1.76977496608141593448 1.77579404731389178806 -0.41638742631848835174 
1.30998646700980048152 0.34102755104170257017 0.47706247338795060298 
1.50689315978102111870 0.55077821469494514517 0.28508829397092189106 
1.07350977608649178485 1.11034916125393778863 0.28466788625839056781 
0.94321666615957011626 1.29601772481394039715 0.16539420597172385663 
1.22584488022214221914 1.15293624756528134689 0.12123846631559560827 
1.78922999001512761374 0.56880143136821648131 1.14337394964384087004 
0.45389047551883743292 0.86007147647176218630 0.20529559542775280279 
1.87264769892436144794 0.97074006010564917180 -0.29348231390954726550 
0.77333327731219192458 1.64980540570234435194 1.08599594214693673244 
0.99653220683599219587 1.28436946947550811871 0.94606439352023019573 
2.27999471451919344389 0.59224338147810040578 0.60694551141158958885 
1.30849927480406269531 1.10248023794463945180 -0.28769648304219963553 
0.71464049248406535941 2.11865837777767040961 1.07677104783086208251 
0.57831995418710446799 0.45930012743563158883 -0.28586610030920006631 
2.35977677649053063647 1.42825150728842653614 0.28529444182815455466 
0.51375366872083216840 1.21243483362597737063 0.08615024028236337172 
2.22277994077506058090 0.92536070510026224856 0.70901467893860636860 
1.20632061061416617775 2.11643116982667978121 -0.47529316480153505076 
2.16761665775426770608 1.39459816187649221497 1.26440797337346610973 
0.83076037532612245773 0.62888487648719293421 -0.30528819819351504794 
2.03740628365206566386 0.38080303092028316980 1.20697030089968104782 
0.52329757293756273828 0.71702062844492453486 0.49864285138853403634 
0.61752380888450175700 1.73196274788082438256 -0.62187441429524736858 
0.89423876231194343589 2.27178968289570448746 0.32605455784715969836 
2.23669695251790745516 1.58945583960663872070 1.16942192039808734449 
1.70984312304877072997 1.97042864521905070063 1.10716457851814764624 
1.89860624896521223981 0.46668466333142938351 -0.20994850058602795850 
0.92101817274684749659 2.17485532929361946586 -0.27708916233892599834 
1.27810178970323051750 1.15024667940585567649 -0.62467158269700318041 
1.55936193577405801669 1.30981283880521437446 0.68547149289243236581 
1.35661189590688313622 1.83376430906701526347 -0.32187665492095884900 
0.59930390060493898829 1.79030753471723236281 0.98028228101685610518 
2.20909530653807273382 1.41343890611589340089 0.24203349839353008321 
2.25591147265757063778 0.59357355989294036114 1.18263126646582361623 
1.82135067219928226123 0.32912484783786954967 0.35997317879576684607 
1.19915863366952990532 0.55386819373812223866 0.16439010214026039680 
0.71863292570303038964 1.58491564350128744110 0.24863207851069385468 
1.83016176085521053984 0.55367510698930866297 -0.19268015548210629118 
1.78348929585570559198 1.95582970333490946402 0.51626741280982435534 
1.06372410958815066806 1.21472304220732563174 -0.51285808787487596749 
0.75243197056112365306 1.40975370328543059273 1.17676097793806833103 
2.32572589107142313480 0.62726982965803523840 -0.19055597860562625834 
1.32615914557201874935 1.67755717113109192873 0.52765995265969345418 
1.18474323337056053340 1.32437059534304424346 0.63281675485705324302 
1.35717495027919565764 2.02297398625851831966 -0.19859985896182685838 
1.68802733574465491095 0.96107664574343287800 0.83079297294343379399 
1.71601632807661985680 1.47440293938787747585 0.47348231001714541355 
0.60355512316423964858 2.03285407658690386867 -0.21008175774483142662 
1.13710629043343391942 0.71092005657231749360 -0.35501350563322325860 
0.71937452238085364264 2.16967047630902554189 -0.38519265748684389239 
0.90296309669509466911 1.21931191401415373043 -0.58558484330733062695 
1.71810510301778296416 0.41454434201262907456 -0.61908425216584173079 
2.22860038827144402163 1.40605251512753426368 0.14453877539362847138 
1.21680386487905534132 1.41267041084530098338 0.08998136939310220905 
1.36042910693643781528 2.03931392009931000686 0.20299146019802102869 
0.92671557827244521732 1.03032049318536600424 1.28697666363469154227 
1.29282928729302493132 1.18873653267002477030 0.93034561579142804888 
0.44323855932724376405 1.71028201611281049921 0.37779437712816493766 
0.58537851305666688262 1.74526747706679974392 -0.22768798346889512763 
2.10778220383382342007 0.65874737981207898141 1.25892276572932382273 
2.21684968120137604330 0.54270091319074209579 0.97699676378462230186 
2.27906918217040121988 0.60286494244844368584 -0.18932479614490632658 
2.21737106291229668642 0.36126453737542130185 -0.64040740058081435659 
0.71639522956157419831 0.46908001121058279237 0.48852769606780555023 
2.31379112910820960991 1.13931902110931715377 -0.33457867670098490054 
0.90310739764700265209 1.49342244580666871911 -0.20994718881912527442 
1.75457381338511653190 1.11079204470300862972 -0.14660235991232029029 
1.76231748498285156757 0.89345530906809678129 0.83686780415952477519 
1.88833290624744276620 1.81324672690696786503 1.20692826436124112099 
1.97196299717924827810 0.32549685242978976252 1.17777822317324587509 
1.62127495171298097176 1.11566143888755187064 0.76090925397115538598 
1.32732751031005968834 1.58109231334767930122 0.72535440818261098794 
1.31608185501337993095 0.93183176973093906348 0.20647020519497505386 
0.67894669249797690025 1.23551507721558628816 -0.40000874913480821693 
0.51341274590327401484 0.71293621821544161943 -0.41506403203651032197 
1.15008626516978695875 1.27054497992948789431 0.62189531662564800918 
2.21367275479205360966 2.13161099714234092417 1.15208146553287171798 
1.87469354919557362749 1.20898945568925619831 -0.55057511111779788848 
0.57689579681920466481 1.83089497871834994136 0.22289208494164536312 
0.98741714717182971217 1.47147770248210596478 0.21720552799205175565 
1.15700415544529211509 0.78474927205011912879 -0.42708270085958210949 
0.98981467233106679160 1.94872905690549846902 0.28491923132334706636 
1.04769208199463870201 0.71000264640512988912 0.88747003020087811276 
0.89893166155789072658 0.79078916856271419533 0.47949937342395210216 
1.81024493878322179086 0.62858782295956439068 -0.67366092668715482628 
0.88953890231454235682 0.89391325563914625363 0.72453237502365885891 
0.67935213518140558087 0.70726729400517007740 0.88557431237610229058 
2.28719383084418526053 1.06359157179579089103 0.87106893677730212744 
1.87216903069814555316 0.72861668292889414378 0.09592105119166950689 
0.66835778538059376075 0.39024467888141251004 -0.22802221998176350204 
1.82790572233762782517 1.62784067151638645043 0.69307880557803125399 
2.20865715090504455276 0.53196357841950381307 0.88561068901332173908 
1.69722923107401202358 1.98414929479138679724 -0.13988386622539239479 
0.76884825055986172337 2.12376440147082679033 -0.60129252686773249081 
1.80281945892045314395 0.35043257853014214698 0.96777357715417922090 
2.25272155297848275524 0.89528944247589170580 0.14319478418778736062 
1.10144602066179930766 1.28620895516429256666 0.93406976004781872014 
0.81586317531995111718 0.37235335193818847044 0.68293782171188965879 
1.05886580234504212861 1.71051292478799443764 0.86631783349512347936 
1.08545497636289423049 0.74451269376877837747 1.22035133861032396574 
1.76250555297896460694 2.08678114128235936420 0.69165594709491851066 
0.43906548715772020230 1.28609791179347343615 -0.59356442634457351470 
1.73235099921784230226 0.37318758649303812591 0.85747059342937093085 
2.14368971134494756825 0.87026082789937353468 0.77674013190693880215 
0.71545138887441939168 1.45629553955845159052 -0.46851759604425025074 
1.36858457087247575856 2.26644044306972647362 -0.39841162190989548586 
1.84094252736263008785 0.79046351988077079298 -0.43328155395111328518 
2.09393559700472886576 1.43336324292613759290 0.21323519460499734679 
0.60049692221383710322 2.22644928797831020972 0.31008589344138781652 
0.71451146283565714068 2.00287968517462733331 0.94085966985556113151 
1.90058635173398937646 0.71309041976803411167 -0.04904784347547262030 
1.72318067890960557875 1.38891439875760425160 1.17066955740828482213 
0.92174108829272272114 1.45547456064153468702 0.78597077616620047991 
0.94182008721200949353 0.31528086028533480745 -0.19401023061370353817 
1.21575165169225352102 0.92503523805639265021 0.61734583561748046510 
0.77431057680961379308 1.63663747622596877918 -0.63431620663711241193 
2.33350511216649625368 1.47031989214021319157 0.31660948741044220300 
0.78581692180801787639 1.30700325119306359767 -0.39543049999993146182 
0.87303464255673524086 1.86468358726721405993 -0.23729496687814749523 
1.70742785587089374033 0.98544700213636871045 -0.10933810534701686457 
1.79555676302035194247 1.97944602429912031027 -0.62094441761713892181 
0.79224972867575338409 2.11115079555887108498 -0.51809452297622360373 
1.80522337364309870544 1.70068342629288982160 1.06487522291752889636 
0.53462443476536991582 0.71128912357961693314 -0.59428604719802802236 
2.15454472623213444393 2.19980186993850024280 0.45343455403528687420 
2.14321245409831551143 1.19621874146193829525 -0.49334814521657960329 
1.08864269328321094932 0.65065785694983679921 0.77113448189760958051 
2.03937431100779908988 0.78743711899044266378 0.58029990810957488012 
1.70802661207263151155 1.99405455186809232870 -0.11046553165175436451 
0.36526715822868421890 1.78447994392843223288 0.05209435316590615289 
0.69661500060642511656 0.59557816848140188171 -0.23295862641663264703 
1.15304822689124852886 1.23530742969220019845 0.88645500745634420170 
2.15205740708689674534 0.56668464781710126132 0.20871201046109752464 
1.87146411420379421564 0.70136702733367783935 0.00177103075515481091 
0.76792465257064257411 1.13222182821413519527 0.40334585491668900614 
2.06237754237056813977 2.21000097247358295860 0.69598449839655773808 
1.18861889730594327830 2.19979760409519187192 0.88665446756992172261 
0.78524047957348286353 0.43088840594657745742 0.94217955368553518714 
1.07093616584282158577 1.21737864186007049838 0.67056750685969002124 
1.86761217818462776918 2.16814409647020100991 0.80746180998541161600 
1.54203569380179561499 0.85740990591771004681 0.20404769881715065227 
1.80137869687209661862 1.94903999960218099474 -0.65959328996517208044 
1.88344446243015739562 2.14995281972864660247 0.76547037789505889549 
1.21248503151484365858 1.42679751119563769102 0.18963485965191495541 
2.26988463312872923439 1.08437086372920621358 0.18892572757512007819 
1.59589250848022645712 1.95512625981602794489 0.21267610739652212382 
2.21532856627296581564 1.06086492438325818988 -0.53410578017113885529 
0.43393192351103571092 1.02001831706142209732 0.21484078389048061331 
0.84508771539696081465 0.47224693538345702271 -0.19309154501562755812 
2.30816380773129337101 2.13384471657442631454 0.33620608102348659152 
2.19041083160705252197 0.83664806187429696660 1.13802818443978481788 
1.27138833612367307957 1.62137432281704385595 0.14996340911125347062 
1.74838570411045868269 0.36606215666962360622 0.88079373455133835868 
1.18814192055666367764 1.61524939188512783872 -0.29942999636983941292 
1.42404504008432941653 0.78508608866389695269 0.80810609542067768363 
0.62274558325560580574 0.71553387080432095946 -0.57767415628233165226 
0.60130367292319653050 0.40062512120093213275 -0.27809379848985804617 
0.79522088379936994862 1.38645199110803907239 1.31569749223164000895 
2.28456143328901273293 1.35693547746467824133 0.42704338081882498024 
1.63228774692635503207 0.89508119421933751703 1.24045976170404292915 
1.28820635478484257774 1.48411148081420996014 -0.40402380386881242558 
1.77533081844430329355 0.61081460751198224379 1.10701877174165197459 
0.89156175230599998827 2.26369187933983795347 -0.33458555835146402968 
1.34269916959662971578 2.28794795361075076201 0.42482511577928527835 
1.57390991211517095039 1.70047349544979375935 -0.28291797313045030648 
0.71468431336701965240 0.56130017524879538549 0.42110642565336192655 
0.44821450578971727685 1.71529801148885852058 0.48879432916713777546 
1.83131571530425163452 0.38376207661785544101 1.28365549233130127327 
1.40556198300881529661 1.71070727351165752239 0.53109181478568212587 
1.36334433453926373581 2.14861390406081742555 1.29281899770872255040 
0.41250250755062634056 1.21834292965013224475 0.25380601738209840335 
1.12368139051098769876 0.83321501695739252913 0.20602006918021467663 
0.83718968532680404504 1.86153558821331732709 -0.18879746718813222861 
1.09212065013148418302 0.70323709125779232387 1.25972874739503026831 
0.47839285966573208420 2.12728860828444199527 -0.20242544487584659962 
1.06632269901723497618 0.71556739438740468717 0.90663269925242895297 
1.14077956556432957846 1.26155395872717557282 -0.37512626141564886506 
0.99567073798500516091 1.21760048749468885454 -0.49364827627699231494 
0.71610237576369384360 1.42563013324676268745 0.61306087545107934567 
1.94157946161508210281 1.68745179602198214219 0.19754535516035359732 
0.40121515521563877460 1.79035186950891911373 1.01763982145288478520 
2.29682193701174464096 0.59002852997634724908 1.24376263030765499273 
0.65483723914536218214 1.37327786197026524562 -0.21716814644287615876 
0.79941056792521669738 0.55022448832439740940 -0.15475397728929252139 
1.86027948189354663810 1.68711162157040672760 0.33417039301865125722 
2.24426946173769570336 2.16915038891238820540 0.40821815299046554371 
0.87155429444624343827 1.87673027118362134580 0.25101117335938333275 
1.13727999734663365317 0.71277456721053056299 0.93166097441820350245 
2.13581286563713979021 1.26822320070742855513 0.10477388695612607772 
1.38643514086146524278 1.24708325435952427362 0.63709210871580346236 
0.66906326518726100261 2.28644397560077639042 0.57084409032066496525 
1.21670903969740140660 0.62927543642017969017 0.07078362164924492661 
2.24770976217297491218 1.58866497865409694867 0.70114939707868262353 
0.79987821978411688395 0.87647437825472018780 0.82732986341825343057 
1.89359307506226581808 1.26468780795542778961 1.12574446271946992937 
0.66344679791397087598 0.32694337125965472479 1.15221555212592585704 
0.66028980671975401329 0.64363796101235770664 0.81373903784638068615 
0.41655146511092250305 1.77359135877428553130 1.15827180802681506400 
0.64908329329025282739 0.90409141948157190072 -0.23449644396762703291 
2.16218962458298946672 2.30240489223175393008 0.95386336116272663066 
1.38004925410949619291 2.03934219474205313816 0.20783587059546779208 
1.11771595128166123523 1.31415080683607254919 1.30440184880494891573 
1.17349386613283335201 2.05017102975205522952 0.30825853342167991444 
0.65006956765057388736 1.54361285948670290402 0.30175075261761286072 
1.84323681675884354370 0.76129544051397701754 0.10966246713885764719 
1.95422829147079224477 0.66499051120968732942 0.80542484590523788501 
0.68831982596596308355 2.29861929205003212573 -0.43061521493774573832 
0.70116885753387980795 1.13216741562353484518 1.02494920379976850455 
1.91694906150049293458 2.22630250897847936642 0.26124653726370045126 
2.15744176719953983934 1.19001299891808698383 0.50189355125397738799 
0.80870344195770593743 1.90240627454388011586 0.76664642936233495796 
1.28378434605762881127 1.07804566740087737209 -0.21508160620952346265 
1.14293228498560184292 2.31869872769287566072 -0.33439696229671839189 
1.65043121317947605320 0.71126748385218152571 0.56716648713551409688 
0.40651637198420453867 0.65431147611963025312 1.26115107056137198960 
1.56649340081949906001 0.78590335034312430729 0.14683791556289832458 
2.20914361388903435213 0.98167636263624169501 -0.39395591190336226584 
1.85532749595998924796 0.57446206725700210693 0.77529124506198598965 
1.56045310029666239870 1.70941584833324800030 0.36122076291522653424 
1.16536025632193251944 1.78710534177417934565 0.87972993105422514493 
1.99886249627910550508 0.63655476938507693507 1.19769637730086531135 
2.18705189818712186778 0.94471174721201733870 0.68644580361584783823 
0.56012203648203373607 1.78537595516167546528 -0.03093846114347645337 
1.91228448417358110056 1.35033991546982945486 0.22290815643376460375 
0.39525757159827157317 0.70983748768229493198 0.53632614411839019120 
1.88028142664678576956 2.20524015471407430766 0.82706571777927251343 
1.73269137908023296291 1.41439676408253967033 -0.23185638779006173538 
0.86885815040682856658 2.29541664051641003397 -0.02795250934698704365 
2.21525310818257192835 0.94012205995899056354 -0.51165954721572548536 
0.84131559109368991844 1.91719406408462034186 -0.27388198765053289874 
1.51094346106617072323 1.34857041067914185106 -0.30644703453685484540 
1.68374562687105222558 0.83443877397166621446 -0.36147438900901701642 
1.64237635497927603190 2.30030839861483249464 -0.47050571236256943930 
1.50800220378809379795 1.38495315230751359081 0.70640730233960880025 
1.17532109003557327931 2.18027302019961854995 0.13609114590352336394 
1.76278679681785432898 1.67405211605429360411 1.08833979172052131013 
2.15982801800669665937 1.95831135027079694666 1.30373353097650501731 
1.18570452007349413925 0.89279972787743755447 0.20757950643512260158 
1.87358866042091065651 2.23413068995951702433 0.60466875500014372058 
1.18628601796006583058 1.11236724073365955689 0.20556605901067637188 
1.59675262398442918688 2.03349106818077807191 1.21076908393023652266 
1.93162629404811814204 0.70465878376005652850 0.19889674187909933689 
1.70883463036191884932 1.85283089924924748715 0.36228614638506084766 
1.79796688308710161941 1.14041690363017922394 -0.53213940419646743596 
1.56029794792609854959 2.15622862422363503754 1.20569268696574027899 
1.41305690705861475287 1.25020298955002173713 0.22656509230875290783 
1.94965773321980728738 1.67424235750724537120 -0.18589366378613947361 
0.75568609185161661479 0.67200065612697423845 0.40109677170936047785 
1.78811404406225959995 1.62944427283189008371 -0.65329606241817517187 
1.23482310073548195994 0.67369513897535449054 0.60357529864598602476 
0.78984526202867821887 0.33360434321381871037 0.37827249518287558994 
2.02067131051246517970 2.10306881430634806662 0.70954020154987296198 
1.28114273311310467030 0.60594813712785622339 -0.18626531768234136366 
1.76678738581372485328 1.27273295312807066537 1.08255066828333457174 
1.19280593496943465581 0.84668035668557117823 0.52736345293482833618 
