2.13365017188118422098 0.73569575721047308914 -0.09514376617441938633 
1.72573191643652368299 1.10555783884312353038 1.09957254603847753849 
2.79383560421229359960 0.18126547214987182022 0.88559617753800623507 
1.44692414933815416411 -0.31230954945562522385 1.68527883353119989351 
1.19643430607520406816 0.65028643342054104348 -0.02045393124400135890 
2.58775857502980244362 0.24658112554967825947 1.70235615954562491403 
1.11879764436069417677 -0.02822259098248659087 1.70709231534653538276 
1.18483964334698610443 0.33116128462052057957 1.02749760624758779137 
1.76912058858064691336 0.73392827614359945620 0.41573187486719070938 
1.31378693825047188071 -0.08802025278824179844 0.24334305447790260946 
2.14419984145804765063 0.77577888014007423401 1.13005175564931792387 
1.83482749133853673129 0.40442022733336718820 1.24689912210389675096 
1.70805110820804406657 -0.05778269419222978320 1.85969172415029082579 
1.71228748881154713146 -0.04335629661598966456 1.08539795699964036757 
1.48519608272254144410 -0.47463200365425389782 0.71675469060287311240 
1.18004995139327850673 -0.18567102784692843254 1.87085871654737023739 
2.44482420862172178389 0.71423168710043427598 1.44711241180586602795 
1.27202402357624899665 -0.16338424049613775590 1.61202568153397307604 
1.53404367237982630634 -0.01420777695331873133 1.21732986300891443676 
2.03517253867585656835 0.05140735080237912591 0.28551470968059206035 
1.62717717727388277993 0.38495730521098736610 0.75338014973604217062 
2.43634961152490925329 0.49395930202828658429 0.71560587549082887993 
1.38240358718008127248 -0.28104148117613758640 1.40974045499951072813 
2.95853411537530375242 -0.48059797898652328874 1.21647311579394101777 
2.80365804038799160125 -0.70575090059787570773 1.60698287528416505765 
1.78417246720991995446 -0.46684229383715192263 -0.04899495499190308773 
1.23391725095706572546 0.27999572718832455021 0.08202437352100019896 
2.66395299436993404640 1.11446746712641031607 0.27748235349891114954 
2.86056210034623603633 0.54778072121062337807 0.79575877737619737928 
2.15353163794372681750 0.05239479019427889517 0.29593984877890633367 
2.42977024130054042317 -0.20775731211973677559 0.80876640458958115598 
2.66871214080919028078 0.31592065715838224538 0.52722103539641307357 
2.83041929608535269836 -0.19606613378877812970 0.12776946724809212785 
2.62769049803886778349 0.23641843367418030608 0.89221152745391252292 
2.75265593602075053781 0.28668370472908794033 1.58587788721834233030 
2.85413024734104014968 0.75634587424191601635 -0.11375803230649592090 
2.19340262159921595142 -0.47163411688484052631 1.15774489086249099401 
2.31020156486972672027 -0.13526353219865916433 0.66687813040861898539 
1.26765921736855213808 0.63980762432234461468 0.40499502280764010376 
2.71257962251496564932 -0.64767209224695621028 0.86581296923260708809 
2.64708134025765318142 0.11669366138466659433 1.26332093402602585464 
2.07551789384730556165 0.71640187610294714382 1.12802774094263091875 
1.97363501635253668631 0.18399027365847858695 1.32913167404883791889 
2.20259450976512027864 -0.44699549187567788611 0.85259380925305894294 
2.31006329287198974853 0.12869931792811714621 0.32669610255639386365 
1.17874885614633284625 -0.78895047799408879463 0.88771050893306002738 
1.90546128219418053895 0.21097128295303255174 1.52522228899246958811 
1.47706037718626026489 0.83390790396485103830 0.81516271613620405745 
1.75152602581611560595 0.63703263546990973598 0.88699092586395245075 
1.55504589859890485215 -0.36263940303988684288 0.70817806402709360114 
1.64328671360254796596 0.15839567001021734316 0.31339244717497416470 
1.37512256077373873353 -0.03543688027273467905 1.20583442242533989130 
2.76560916653527266718 -0.69271267900476818369 0.91423771105478746080 
2.27507203412847802682 -0.17646326837329637249 0.60742801457892836581 
2.08424111032436298885 -0.22969546801841822514 0.23382287762489237237 
1.11173186600219131570 0.86001664589409154704 0.25033753642707751164 
1.35629829158373760301 -0.49059112474975286045 0.30334875007190215124 
1.71817445905908972037 -0.81871090700388138295 1.07840819545901811516 
1.78903704207176539320 1.05469159373386500711 0.37269322327352438773 
1.28170190351213286739 0.91732584439464526227 1.76555896995780958747 
2.95277962172642105543 -0.04327829730502932154 0.28536664504923231478 
1.31330785164183683200 1.16804271501715928316 0.00840620263169556542 
2.41440745251196853260 -0.26424660192841648021 1.32651356694501498801 
2.63360627612523900964 -0.13179164624802519601 1.26742223509935114656 
1.23942306111131883561 -0.77057604318815364763 0.58105405408677490708 
2.21287012044206887751 -0.81297786441092378951 0.42975744763947998361 
2.00327705905323849578 0.83700498338625350936 1.68630430340150172519 
1.94813624756339631716 -0.21185009135435242666 0.59796674978584329896 
2.07883171492169616101 0.21816712789036407649 1.60672909963195897909 
1.87008511067619775936 -0.35794782077276682264 0.27484641855480657080 
2.54864109874004451939 -0.13601615028374694494 0.20582441843279297711 
2.79279902589018824699 -0.83494575175937590927 0.87581732771451803465 
1.48024945340845048847 0.67098596400760845970 0.32240522548731420649 
2.18933210588694437959 1.11099081110044606291 0.79635877976756330732 
1.27112793251504818670 -0.66767287038242384423 -0.10977773362615263208 
2.59794460966533558022 0.15638943035076410815 0.24361006587438807647 
2.75527498869235598633 -0.37450200579460701800 0.37015002456421153276 
2.91808579238717591409 0.76847663136244226401 1.73468748144411799572 
1.58719663655309739525 -0.78791484351183471713 0.00918051266461535759 
1.16438444595416323857 -0.18455506088183262769 0.47595289387257833091 
1.60825706561858661203 0.49733144030049053486 1.70779400463648900477 
1.06443603174328260685 0.65208512329301304700 1.79299747609449000585 
1.33967776793515058742 0.20058711000445014760 1.36802033283431390132 
2.19671612299677709856 -0.34660148628930320669 1.03816873935403974905 
1.22895000318071789813 -0.36657985833463230252 1.36517288470369990705 
2.08821125866314272201 -0.24273337533191519100 0.79154815461184901970 
1.26128296254863858650 0.24751957258729598288 0.91707166662631944831 
2.54059099020469947305 -0.15780978391815089767 0.19697731010519409223 
2.39895727522305479695 0.20169881353744681385 0.28736669620353638699 
2.83109035686795351694 -0.72187853107904198513 0.92064763048369413490 
2.63018004559663953756 -0.81481622661964603349 0.32414855507127798839 
2.31265376965920355090 0.55603128814953017844 0.68459596979922621163 
1.70969984632690841231 0.50170646300877397294 1.59641905303589570764 
1.68063913859057878497 0.25328496288629642752 0.90451924688645313211 
2.02305033232364417373 0.70196378853550966959 0.13221416492424711842 
1.79356518905374362483 0.36119252992152706128 0.05158763314284658258 
2.03598138263060590702 0.55508195941746429902 0.78439898194564439127 
1.17123279357364884490 0.58822909852493077132 0.23239197519577414752 
1.16857230269661105382 0.02594338600235158998 0.68541120495971930016 
2.76151747959040294589 0.91653719577631331816 0.24973788689735110236 
2.78535543787852191144 -0.48979164225334331784 -0.06057957901998699268 
2.04361403193372392906 0.78866207582863501191 0.58574572092512267041 
2.71454492803384672683 0.49924506267756085798 0.44165055544732501058 
2.28551651535323685493 -0.03363312782774467713 0.05523854491443601356 
2.81236769469105274410 -0.18192374952961454238 1.43914460487521767007 
1.53750632759356764545 -0.01218061695589471582 0.78318302128311678700 
2.87620813589967028179 0.03266324436457516966 0.29412608185351291068 
1.83337572917080815493 0.83956984938084866510 1.84159033709091546349 
2.25772288460244796582 0.10956915786934334767 0.13666131564464192860 
1.66603191694133867529 -0.73249511573867021053 -0.10512597197726449016 
1.24839573338385645407 0.72178391323332469209 0.91487905327430962821 
2.17910448029932535263 -0.79191444627296236902 0.88583806370536211094 
2.73816091211673340311 -0.31956460641352402163 0.09696111572262662570 
2.19969248351896951021 0.25578179664513939207 1.08568860141625900262 
2.03292576819674897237 0.42002473002047518991 0.78674039402835860280 
1.87661273768083525226 -0.72022590022001564680 -0.08257156627903454449 
2.78807892520538169734 1.08944275551576463812 1.47582632423177151360 
2.21433960235114701831 -0.55843767150109757669 0.92344786818660340444 
1.32677326023508079800 0.95955611054062328602 1.18188927635508411740 
2.18209989042554086680 0.98811838090575021543 1.66559374408219462715 
2.89045247789178194608 0.77829373644799360044 0.41638773369036213845 
1.32098421842184698960 0.76339535745015552060 0.39954172916720015474 
2.17909601325828106155 -0.58635640965653545997 1.77359807357477627932 
1.67246406303245853664 -0.36208786519496360956 1.82164531146171526643 
2.71913551737077430204 -0.58551718825566156923 0.25109702094309083176 
2.89637637360850064283 0.50399525565403580085 0.79137330088900736946 
2.10950137807156901104 0.36253020052971463016 1.24457621571643661795 
2.30153270631159134751 -0.64482043507378217218 0.52702805968215971077 
2.55920568956945171379 0.70248749494571216534 1.65654318320036963996 
2.71170875043868297993 1.14716453504836279897 0.63524598111843710857 
1.99845137593778532370 0.37555107219227196191 0.20283160406089550953 
2.87981713398369709722 -0.78331525653795075481 1.42253349149211683056 
1.42539526346504263898 0.21333751745823023582 0.80544330079542114653 
2.37628363101263229140 0.70355482408571434760 0.51947833929876496839 
1.19642914767121832931 -0.47446899087246119375 0.14608506109631619330 
2.08699375011878895947 0.28155876717790984110 0.90604420779503613836 
2.76365141199908626035 0.30554681084135637548 1.59273957795782816760 
1.58601875047295037824 -0.24695883029511261908 1.71606710210274493456 
2.19880894415564220878 -0.25568523877231580377 1.08663421048583641593 
2.79129638402664914665 -0.60927056980153715404 0.95913844864661201850 
1.69316033516864483666 -0.24531131280175980103 1.40785822651738889988 
1.82648825616436805142 0.34531941214627198677 0.65909626392591580402 
2.79273218245336218857 -0.23765516294597438529 1.09036472253124161469 
1.44872155116758549731 -0.28515839949411447840 1.46275017931297979246 
1.23219072125486350799 0.71796462012574324696 1.08149724128929514144 
1.35532454225414822346 0.05378479114023895086 0.79145823195156583818 
1.80125022764762521277 0.15289972724081640765 1.14022540203264521885 
1.21748700601744519467 0.52472412785449873418 0.00716165280695946118 
2.81823291074617054974 0.84447159265505911119 1.84924466920523533631 
1.90909549631326158625 0.24671298973787630926 0.80604202265530111582 
1.18874958596793600663 0.23628869012914630043 1.41574041671956663002 
1.70472887865304834065 -0.43510434627421101794 1.66561513701896179995 
2.53901466304008893715 0.71562533163858788043 1.48805604340061492508 
1.56368368950647229632 -0.61649133528284394412 0.28859890217856210004 
2.28747782795144294354 1.12021405397692741523 1.06150482492541731183 
2.04826573493828556494 -0.78492698731958532310 0.58254120025569933183 
1.86405746721089426998 0.71323989747920346627 0.07035014795333996429 
1.49243078383877003645 -0.21015713983187520042 1.09500766614334610338 
1.70371435681383398553 -0.83916073843727767567 0.62988964815471304437 
2.10796070398239487886 -0.32430743956891416868 0.72161438982359704664 
1.88347698853507039551 0.19190491214208579840 1.19215259269023521327 
1.34802583386879271110 0.47766345751642091955 1.30682430526344095512 
2.15446909223702887104 0.59772795381317356256 1.24166599768895036249 
1.90738733250245595663 0.92159893750446408855 1.71488816986590464353 
1.93969409242988355402 -0.35058566694254406082 1.20860338539181122464 
1.35925751955885099065 0.19311552429018125077 1.34328869499238745533 
2.05074161881990812972 0.31420862675590865987 0.18573075016014770067 
2.79233194604628032209 0.86705812658509473501 1.44624800370838757502 
1.36418960058422733539 -0.21025888487160429574 1.05942006276973121892 
2.30451672226727577453 0.97402934128004459158 0.84793478910849306995 
2.70860238844377620993 0.23798486850991265595 0.08346380560314972663 
2.71342759833548141657 0.92998124705560669678 0.85424533870768093458 
2.19861471677371600464 1.13741165984163683511 0.51053356790687776101 
1.64882658379950730598 0.31783486607040689620 0.84419867648495172663 
1.10094692728012311100 0.89259214651201279622 0.72103360583041942178 
1.70123568892994136981 0.68361565621795628012 1.43003229367347461931 
2.91228049569692837295 -0.77013558609532295485 0.33852563887823761135 
2.20846584735609408057 0.49821806410983315860 -0.09333334863765146983 
1.92339147454915537772 -0.71787443051059429688 1.88215600155360718304 
2.14264751778580597730 0.97604867659024285853 1.69930373086955133211 
2.82101228944121640296 -0.08430510574252961242 0.26707962651481237382 
1.77509927082567386947 1.10464540132310662379 1.59451474453041108781 
1.57973458723815229909 -0.78518886626889550229 -0.06932070459282602126 
1.23338164651602877342 0.20915762784865948865 1.41862854253270365135 
2.04314227657287483808 -0.36417164774287175133 0.79405213614071956663 
1.18058384857086617892 -0.81018344838460176760 0.87392760731564678167 
1.28417108263196033668 1.04604164547620048786 0.96359131891668636793 
1.59631799921256845032 -0.84300243072770453256 0.24154363321523592001 
2.59305629247361846268 -0.16317550273322689591 0.23983065332069528064 
2.20479691794848786657 1.02933771490707792751 1.37223924821729537094 
1.71182767496707710642 -0.48091445320710707323 0.41982846809794355236 
1.79064300152251898446 0.15776353444697585604 0.12718115410999028536 
1.87658347627479371589 0.70882896357502345186 0.33542381344021310330 
1.31405244612635652146 0.52525742096132399528 0.66159790973714338591 
2.78493769879605723716 -0.48597291143063581220 -0.05597427595607602085 
1.26331654123141623458 0.60190210824814438517 1.36502551150654394263 
1.21776385651692753420 0.48520622496679882696 0.00574030867544588538 
2.15027652153900827869 0.80017363242568040338 0.46522402681007285485 
2.79968839361607280125 0.27201282441927243649 0.40445995556627212242 
2.74857587174354112136 0.09091992694898524963 0.68833233843049368428 
1.85497279555789629235 0.70199233805257088559 0.95895876237043864432 
2.91616760931020202463 -0.29093832848714346051 0.23973349124731285764 
1.59038970248410271857 0.77564302627328929329 0.12285165253151623943 
1.95576502835364229860 -0.28732831838825001469 0.08616859183664357658 
2.61947743569779012418 0.28828186887774820413 1.83310232790332250374 
2.64187239329130152399 -0.63045901588779840186 1.77542247028155930622 
1.68985607771267387633 0.61014680641721197318 1.79450149308312401075 
2.78045155921573838853 -0.42361285965597622605 0.12077950836019829550 
2.38595978140389952671 -0.00119179902691678207 0.20579672708047611063 
1.30369768075627345816 0.97090366073490375065 0.15131815958624333929 
1.12539984531960368663 -0.28348416976177792659 -0.07732567182784462478 
2.28845958824748096916 0.42645128748478139391 0.30175637519060272140 
2.77788233574351028921 -0.40882687406539447439 1.72288638334700694443 
1.46968469755463937432 -0.15818090105359633446 0.80796803883046952599 
1.67388204666483786376 -0.31207583462285687359 0.13021334982405735614 
1.17226467096331599116 0.94297423945214520202 1.31288192680122928202 
2.90621565556561156640 1.11405548088914874150 0.72194372990660271583 
1.30340768535568884978 0.83706088585271554159 0.04789906267567606984 
1.74970214560961334627 -0.24373684978321366601 1.08323419019152811238 
2.39468891790350646431 -0.73203495945788454868 0.82907492151388606505 
2.31338971027455597707 0.98192203069259798021 1.16485723757726344907 
2.87373384613558346956 -0.20082617569095345678 1.51375413951260839873 
1.10214211596253619518 0.07498100507574541329 1.28494955577148384229 
1.08154825661253983782 -0.78156004589604510802 1.37716089185317946963 
1.05264611807457852954 -0.07654247355319267199 0.71383748397734303470 
2.71331718930666321299 1.05312201420787032724 -0.09894879876183805545 
1.13469561641870675395 -0.69594577322542139353 1.33890526724019620630 
1.17504477440593446680 -0.71557538610967208470 0.92455123904718650163 
1.61403938645953837216 -0.11311239391895336337 1.76916541530939386284 
2.71860586010007132529 1.10703143018797178776 0.90471262800137530746 
1.80265533074898320898 0.56089750168765539762 1.82304891315921113737 
1.69602494079225984969 -0.43897125025969430112 1.67682055812422836638 
2.75353626523746974897 0.38536587664576649193 1.13415033412280408243 
2.24662873397017026633 -0.67618026171380229972 0.59656592476466696606 
2.34573680042975274418 -0.71410861780829193446 0.56679571773908388188 
1.84710531971250402350 0.65532216648043328799 1.31906108537094568511 
1.78007709869493702115 0.42230784464122789190 1.11086508081994184138 
2.95206978453886748071 0.78450300964504982026 0.45055116059483113489 
2.57440742039452086232 0.71277988617581611308 1.53308340288358357917 
2.27504700770991385994 0.67203726509805994382 0.89099900597857084605 
2.71288055329477018063 0.08042345018199385798 0.05135730568077771785 
1.00431664624349070714 0.71603291414912351165 0.97756145236600344717 
1.35130202292133305697 0.03692586919640652304 1.80175980500889254543 
1.08879914088104756686 0.26476824735763232477 0.81842055097809729425 
2.23100999273701550152 0.41065959767729981467 1.28540134213814449815 
2.17352832338034351878 0.52112031598281849387 0.17605879032462559697 
2.55768127786196020068 0.52097673630957974655 1.71506278244666621191 
1.32626916183457499443 0.18763888504122466783 0.36910107992079815853 
1.07603833899049150524 0.21392441821226218512 1.52645897476389214020 
1.79990355657611011964 0.15967242814115831240 1.44855806426249644758 
2.50488188362890928929 -0.71638883474682590879 1.53444818618155287560 
2.16279381515510449319 -0.20360636556678216036 1.44142408906296837223 
2.23202824422930001802 1.15078060822822680898 0.59112576050107856762 
1.59366853214921744275 -0.21455310513058614696 0.72295475255498176104 
1.20988698678596073854 0.98454283985936774659 0.60247450939083668775 
1.26741784287987080404 0.36342958098052857707 0.40218464766830724910 
2.42820336230028877011 -0.28937048953230753989 1.66686034039047270561 
2.26976591561001894704 -0.20308281765944558028 0.40704141941659077730 
1.70944181790234939200 0.48690996983479550853 1.37905618875149227343 
1.86211044601851960500 -0.14737835474815663694 0.21070219152472852153 
1.50927740165553481155 -0.21782173050430456152 1.01185504887615174141 
2.79027463631485383999 0.49607463585712086029 1.09682536742120539941 
1.06206570031579961011 0.28521267099895064590 0.05891860318322179185 
1.09522904649456642723 -0.33433479385673070539 1.24431389203505782248 
1.90854767266941460768 -0.71000499581629117340 0.25485902101440577328 
2.70229998983470220963 -0.50121610550227102543 1.38672001997457972067 
2.28870982040301207405 -0.59799554833374779506 1.53245062339491444625 
1.80486320188310855883 0.18302367208322675718 1.55117727820131956484 
1.59260092064871905393 0.23599076480051006666 0.84310021491582587405 
2.25850253270103396019 -0.27492484213763829226 -0.08748838830129085364 
2.33746719877785169572 -0.66888917137508052679 1.84430482631778303038 
2.20209918046195118890 0.87065994190956408350 1.49241305355923192799 
2.79229296588254127798 0.47317885882381793827 -0.11033699516740945457 
1.21246529994142115960 -0.58149513258937735039 -0.00662369517107321351 
2.28298936660125928455 -0.47676553351710582174 1.51280128738525232457 
2.22488356743437032392 -0.61421573867284673387 -0.09606116908700532142 
1.90366779781160611051 0.70263870014467888492 1.72536702773386019238 
1.28736721418322797028 0.56228239290397497019 0.35363628942059388560 
0.99245111862061208274 0.99568284359011904883 0.28290121864043060729 
2.77856102761481782437 -0.41168358351371414638 -0.10342922463097206642 
1.11029410750624535353 1.15600236403343292757 1.23842720680917528497 
1.39211922261007292612 -0.10830963111432367896 1.22822049292688562083 
2.37452197484300953079 -0.18985465141213977991 1.31877381417154682097 
1.75246676773872378519 -0.38055822504772673920 0.36649374546815877141 
1.69057078277664274424 0.61727081000038686032 1.19404720965342847627 
1.79093979183803919675 -0.07578746262164066938 0.70922739385641020426 
1.17904750608799102629 0.11055547496856257816 1.21650066297665038206 
2.05796090355648209069 0.49213200758450414973 0.78458190695585716679 
2.71203036881676995407 -0.60353059684974819099 1.19716014402391501825 
1.15665262393195056312 0.52576160493360946102 0.19267736972773108484 
2.72795741918321521524 0.89893994092393258999 0.31510879940003561073 
1.62190831150661907145 -0.07581738460477123465 0.21936195995243387702 
1.81598042608640097839 -0.10739599895677677532 0.77866719969266329215 
1.70402754488828001023 0.37571808878240225971 0.46659432150642593529 
2.31754939150778271895 -0.30285123495196492049 1.11906219219249924990 
2.13604072364870933853 0.70131484270988797558 0.96552266017395771414 
2.21750918095741722524 0.07782401732151424112 0.58227018463476043486 
2.04118611619581935557 0.97415403283576351701 0.28483477014085090140 
2.78482677400431466452 -0.44237910495783561160 1.01644088681379130001 
1.23031270744670506723 0.66350206467774652808 0.07623970114420550170 
1.70934967833772888390 1.09795155389346055230 0.02309883131876248191 
2.21463370845529716746 0.56541461007780602355 0.00755130790802218278 
2.58337509280441368631 0.65335188367750518523 0.72575950089643326280 
2.02321413689328633012 -0.79643378829983879630 0.39645092762279854348 
2.28679807229756359988 -0.08179086768035541410 0.96394483213470261163 
1.86973623806513788992 -0.21269338810640103787 0.84850219630125323089 
2.42870940349047037543 -0.47759657848818065640 1.28653939548028573014 
2.75413982836376103336 -0.16144395162021468737 0.40192888311899427345 
1.76378888698750646569 0.36065454838940058657 0.64094194526028203107 
1.57849778658179040747 -0.72066900769914066238 1.28723470585211208217 
1.28303645676389366237 1.15871095321216710516 1.07073259501420281481 
2.26616050030719229369 0.39767474406419678346 1.37060402594927710496 
2.36224372311636932054 -0.36295017972406901086 1.77897158261483512298 
1.07675535113018949751 0.11552687506448436339 0.71674827021495468582 
1.22924829972655591526 -0.41354751653622734420 0.73352844592070776120 
2.79231770152282265940 -0.05456918053307771577 0.64001558054510210294 
1.99195935607054774863 -0.68231577759105588310 1.16611348576525064580 
1.11336120360650947525 -0.72824111474738939531 1.66189687399949592717 
2.57564146715474162619 0.57245593279876538784 1.28617719925096962719 
1.67341161527022030953 0.04828021695929354817 1.80879409136103963540 
2.73424562053200714828 -0.80253065316199700963 0.40527750196941225713 
1.77197110230803578368 0.60203243700472564015 1.12099744164124692780 
2.24225595798478494203 -0.08462635949517360867 1.28605829585607667198 
2.44586958438965851315 0.80657157573545412710 1.82387791720646563753 
2.17968687121575355192 -0.18150735908857013046 1.86773966356693366109 
1.21323032924299201163 -0.44528151490544926050 0.09314636087463405711 
1.39937984913848989521 0.28260640328284403200 1.42353342403838412089 
2.41071502441179674747 1.07640193086805457945 1.21557303906043334685 
1.64090455466404550045 -0.16958762944889715918 0.32222985560377676029 
1.81001945010170328665 0.06174606920354036577 1.30248025327662753092 
1.61150305029625795505 0.80081719212531565777 1.69295004758613432116 
1.46103774117703477664 -0.05843177993394629843 1.21449241633530391482 
2.11062132505839095131 0.71113002381252543582 0.68271036097963844202 
1.71213982873752201819 -0.36844945805528112048 0.56590242066104801122 
1.61236018918543821954 0.71693837176906227704 1.41660266491772213193 
2.15946354899659054283 -0.73261417077352553040 0.08757366453037811194 
2.50604236151090065121 -0.06959315926089280901 1.21381154877120334135 
2.79476956810859489266 1.07461377881535691259 0.29518586641666805237 
2.09468396374790666314 0.18614130069181558658 0.24230585980429411586 
2.80750551277247062387 -0.72394502707351315873 1.07951405001968003816 
2.27140296031580879443 0.91777251057873265871 0.77573170760546328317 
1.19549747182830645720 -0.83957726390037346054 0.53430577887721431019 
1.19525467120592376880 0.47074583000529873766 0.85097684747718471687 
2.82399206114671885715 0.71222483785167700621 -0.07483168106529342056 
2.23889786501051535339 -0.24815075231236000119 1.58231135049834081840 
1.31273356178395350646 0.43589821633348874164 0.69475860875875228295 
1.67326019223821309545 -0.81506660222027305096 1.03578584108931215368 
2.51030283728418002198 -0.21186016084375308699 1.08696358208840826443 
1.75412487482360957003 -0.72119573991094942933 1.08423291214705841412 
1.06639706865616168407 -0.03185334489148547443 1.28621333075989596750 
2.82293376380608318499 -0.54277364775611713910 0.81824268823625612157 
2.41636878531308907370 0.75626361921823914702 0.21322851025282715809 
2.35676769947543851558 -0.83855905032589417303 0.68364556550860966500 
1.39178716486673947905 0.39470775824473436355 0.72516989038929369205 
2.72251336749925831882 -0.58870794289346850547 1.23366637011348068143 
1.85633527758658889439 0.49647028569491541417 1.80331605492441116034 
1.91175752858176917215 -0.69636733905160719260 1.24694422347878530744 
1.44172066900015272140 0.21440852473253801946 -0.09810156441467295096 
1.23099548146810389149 -0.58073422770205007648 0.21410831755157272438 
2.80196049996917428970 -0.64208891274269075389 1.01356191994657507394 
2.19227025195508629096 -0.52300979905521371993 1.84534258768954528840 
2.15265080955350107672 0.59824888276134791099 1.24143761824274756478 
2.29114654098811154626 -0.54535880135116310274 1.63014900025773767922 
2.97793107200634610265 -0.28751853403302207735 1.07759928351786959944 
2.35862486073031929479 0.19982503237431303855 1.04565174900928714585 
2.62253495351042831274 -0.24469959113761050040 1.63386014106881605201 
1.87506073749933843686 0.03893271657621298620 0.29412087269831627134 
2.03550545301885277283 -0.67971746283783440745 1.82297715848633767877 
1.82045361041340703068 -0.75318220485190956470 0.90257979701358670432 
2.77192685854609344176 0.91228920151591974541 0.76663874159425127175 
1.85691593285339506814 -0.22076103509037842132 1.43173739581063519388 
1.14417257224973401009 0.55145722370786143252 0.20539705865754659397 
2.19725455206632647176 0.84986816028709077919 0.85630435739899357639 
1.26879810642016077615 -0.61907939055841165743 0.84920896217831631780 
1.87662972518233273078 0.26893128336479160678 1.35655731612056662527 
2.37707080029183526193 -0.13838775181400092551 1.25896669293260932143 
1.61298350667505951961 -0.28897354612864484258 0.17698969456888682950 
2.31483359510898933920 -0.83644927300013272031 1.64051982746142921421 
1.07269063164785993791 -0.28494022866165152896 0.87002515800403901203 
2.33034642417955240035 0.19686489464546866324 0.95016561945574573578 
1.78733035049174793230 -0.03949613062387184736 0.41766628602315541974 
1.84826453339392982045 -0.40797802325228171849 1.76736175349055346651 
2.18018281133177715958 1.00018116796809852787 0.33151634257879097900 
2.44190585354325540024 0.70997430239473979796 1.61648157093171129794 
1.78968694386309312705 0.95639067684861467367 1.60548225222872176232 
1.52234217846187380729 -0.20418484716683721336 0.87307913843368989415 
1.79110012732474244146 -0.66914700362090162589 -0.06747344801272510406 
2.54468277282465837885 0.70142167773533070640 1.35346236322369262162 
1.61981103376280155537 0.38453909571233019227 0.74014406303093471795 
1.04053407936802111422 0.71213632978452090505 0.09729879324669210572 
1.71306174462715410378 0.98395742615421755151 -0.07393556417175628503 
1.11625674681635378427 1.12407038375105683414 0.74264484021462118246 
1.75899534085115494264 -0.36077618518699172689 0.10443251813979034792 
2.58822656344969947995 -0.76290983201501672006 1.17601606578970119266 
2.42457793895230411252 0.50425409246154506704 0.71331272760932229460 
2.52053735592268512988 0.52624862258815041649 1.71656888386027994819 
1.93808405855342646973 -0.28602413405363263932 -0.10476715287666482634 
2.38636682222797169572 0.66880831301299625835 0.21961151398013348257 
2.67060467557999015042 0.70302875574335033093 0.12257750419904064887 
2.42694838346552632657 0.60052072908242748461 0.28536963746761806471 
1.73214452173352428943 0.11083403904282647379 0.88618418800209375341 
1.38946248689995988101 -0.76482535856433875310 1.87738171930602582016 
1.79025021991931199139 -0.56188739404829390889 1.13859185847190924612 
2.38405371296070933695 0.11147959820519184881 0.76929250003355420517 
1.16427816061663147451 0.18925953497854200447 1.45675001399960546422 
1.23180749542286527287 -0.24315004710759371975 1.08476254277455863573 
1.47362354007857243587 0.78548427568511958174 0.06467173627962000126 
1.70474253348358595339 -0.49940650599911190488 0.38221046459371788018 
2.52301624413451630602 -0.28635530999769825966 0.57082918549192984692 
2.36878773660838737314 0.99639224022702732597 0.80011979026713497820 
1.13718417231015700430 -0.13600933987468216690 0.22484597949825135821 
1.40449184131411186627 0.71235089443308785562 1.51137513046225047120 
1.86657569522238997450 0.79917903438068194077 1.52653916871104322617 
1.77162297024429160608 -0.10548452511915987206 0.38911999407749520152 
2.29106447421830816680 -0.58811213873326140256 1.74528849721565215702 
2.30853427211856887524 0.95828486618263430952 0.16635306492892920627 
1.08516452402609187011 0.77342180674548610675 0.26830076216527198874 
1.79404772088695363408 -0.64971634529382460421 0.05471874156618246332 
1.98845789382411131108 -0.80383304800424382197 1.64454971877207700715 
2.19160876838802476385 -0.32451701255582415806 0.95124656996742018578 
2.04572142587685767978 0.59463674775980268628 1.21236127677495431065 
1.63406833201835133274 0.22279526999720525304 1.08536676230837625390 
2.66970057140157512876 0.60242153014676880218 0.24101517590383855771 
1.78932289979494174581 -0.03223348471187446190 1.59905373057326505304 
2.62758203444805804594 -0.72505679484207441465 1.85532904476159288265 
2.84740710084677717262 0.23406991882097122337 0.88413308883870023180 
2.45603089827377774057 -0.19410003205590373176 1.16988486864196117310 
1.67279336548416290853 0.79235074591808463129 1.06290112427121119509 
1.21209109824593652682 0.93408877097681908275 1.67833774102892197000 
2.60716180634835881236 -0.73871545086547130143 0.36931225579724114016 
1.43424750215136009857 0.02015642005425821726 1.78493610363866661572 
1.53008832200420763492 -0.01815749260866358905 1.78291644784186198436 
2.28250313530804360695 0.42165039551092581283 1.60061852714727925751 
2.70365950136721178154 0.25459389115412445204 0.09102423348610717835 
2.78504281203189751892 0.83107010355522625833 1.88324808911569063774 
1.13449791127018051462 1.07746331222763513935 0.28194507376058314252 
2.80761464936674176585 1.13628089570297219346 0.83637782111533542917 
2.24512853439568171865 0.61802648528667980532 0.87583010296721786059 
1.19238696774084718122 -0.60386280363941680083 0.28471561268250944465 
2.16682743403352340295 -0.60359333728660979901 1.73945890487236165534 
1.26526735812578650098 0.58037559636420532616 0.69494063347538947983 
1.71462297354081738554 -0.06264561175078831035 1.11248167941178222051 
1.69329539129775752393 -0.71815368989654670973 1.42590925459629347394 
1.35388543669484495702 -0.64045415041400244327 0.20470000838893043227 
2.79480782352870305019 -0.34468310327294698903 0.36723486607914168633 
1.71454964325731462615 0.88320266441624406539 0.07092773898836685076 
2.54922195702525167249 -0.09185248215134017569 0.78692599587926559401 
1.24924970078810271268 0.08223607606520599855 1.74793927155077799540 
2.28401907041925555930 0.04438514012816131143 -0.03823712192177924213 
1.53491797130419049822 -0.06350571756522981060 0.78466966057279630142 
1.71410619773027805834 0.11459108824715084907 0.32764251045968451059 
1.65656421193819425319 -0.11583087984131418269 1.27179241304587331562 
2.06729275508157162022 0.78524549554363820558 0.40513707434107609773 
2.27179469782359699792 -0.36011530706940653168 0.59078421898034771953 
1.59492375842310440959 -0.24164176027919176404 1.68624463717460337797 
1.61754159985377055087 0.42020732599868665380 1.72117344671084304686 
2.07214105209053611745 0.21544162950974626858 0.36657302689007870145 
2.34930319693462674735 -0.30583268846527617013 1.51669162109224497925 
1.72507511094332932622 0.41471106319709527543 1.25591893512429075841 
1.36766878761319032876 0.20858854804820073370 0.06156166589585985310 
2.22799205534881439306 -0.61538713538839462380 0.89412189589962387526 
2.56960132827204956740 0.32432463139552786258 0.28969690860615110450 
2.09117710882283169838 0.11965257605271271968 0.72251666690579285923 
1.31218535121543800059 -0.56598524024956908818 1.69834857516945425537 
1.02253770496896478903 -0.79639995626565152076 0.37270228496752572100 
1.40045629874700039430 0.22009396440148523699 0.09922682981337260788 
2.58179931443699173244 -0.27653259148814729462 1.73205377747987809833 
2.39678017889829764187 -0.65262991367108535989 1.25187085503935335851 
1.23190898172464824434 0.11511007464414148294 1.84522101187050879822 
2.22070586567293526414 1.08806825310131061180 1.23999784213929764576 
1.78937814210178025576 0.07536729867429177443 1.30692862576523660678 
2.97139895782760676823 0.28506810877160232431 1.05339259061410661644 
2.08924379892435263528 0.23046549721401132782 0.66089074015202653456 
1.85233907450002766026 0.59550411241312029009 0.23677900036180130061 
1.34634652360618112255 0.18931320533641976533 1.00853511337308177076 
2.91492836195547022626 0.71218375759737595487 1.02894625853889087885 
2.02800726937473818623 0.71076429589346123983 1.89349717854308741138 
1.38474531833048053464 0.20873294322105356846 1.03989031409027266051 
2.91695067584932754556 0.73278975668553969491 1.19725013607002161997 
1.50676024211831549593 1.08121392761349710554 1.21257237942046058876 
1.08177216257050101689 -0.73013044020033490700 1.17432100973612607575 
2.14397348232180240402 -0.23657377026387901853 0.40069524690638153031 
1.29344069738855371732 -0.58601364355300300524 0.73985892463112878925 
2.59950192175538896677 0.75318331615610423224 0.33354103065916240745 
1.39397988013805629315 0.26771430408274060619 0.17108354489643493035 
1.75166840226089037813 -0.23565351388380431641 0.41738257413087603842 
2.20847418018575769594 -0.49919097511786297838 0.10535902006980780998 
2.31126006154203444964 -0.15784537942014439937 1.00935231666533931083 
2.78442686536072425696 1.07912101622251888067 0.59448524362545684951 
1.57458150819546283117 -0.28255843917464562587 0.65318100187373051568 
1.40120737503703529647 0.72429313253663041294 1.80710626567743637416 
1.41453499222059675411 0.58355343724250008375 1.28611593942240265420 
2.32599454065822719429 0.36147979029556559505 0.82741535552333378423 
1.82692272815013523335 0.95188071502340265706 0.69121881875470891909 
1.20458852421793505272 -0.58539183140930473037 1.24611785069364855438 
1.21648665291603252925 0.48073440922307419942 1.04526902715669733901 
1.50585838659654291938 -0.28483320979934417805 0.45335467532018675074 
1.78093739268279849242 0.86244672514613618386 1.41712722789258416256 
1.24472819025666336934 -0.60198702421675576169 0.14859770035505051600 
2.71578241171326162373 0.89368544202208488603 0.68540809098626109819 
2.29494849076563500745 -0.39063453199531317228 0.19090034284399959308 
1.71467940358726744776 0.80243733239174208638 0.60173749640756812873 
1.91221522050736791876 1.12994569225933716439 0.72311261209528421290 
1.46883351558938235470 0.28450497556647524888 1.54394287518596162734 
1.70207288136936729650 -0.60358082591003248130 0.20697103955844009526 
2.78959940404889694676 0.54072642421625238818 0.11818638204086270860 
2.30122008808665512447 0.96574172562917126594 0.85380177240211097001 
2.80926672719562864344 0.79474504287502545363 1.58364936205703799033 
1.99406881648168377019 0.19616740007811098168 0.64331314503797087934 
1.93749501887160113789 0.29156552074445685196 0.17995267673292544841 
1.70056612225389902626 0.87403532077257040100 0.66842753827545065004 
1.96360167249987260796 0.04161768981528429778 1.28514241815902763300 
1.02933194597794797076 0.79547077120517284410 1.62477622092117646169 
1.71285499528391849111 -0.56263524081764937357 1.60560696556690363224 
2.84741740760490591455 0.33937185655723045574 0.32522766036359851416 
2.75194781919207809295 1.10132868208029477408 0.65821863568914273923 
2.46174681258498440073 0.20594299363534454561 1.12864518363728749684 
2.81887847677877312336 -0.11878454659619516742 0.19922837833601278468 
2.11141460593359919784 0.85790442716605253004 0.75244584490573296343 
2.22731286176571341429 0.11944898114809776590 1.84692794441872321087 
2.35233438495099278498 -0.66384116630457423724 1.82357449664751025686 
2.41631183398532423112 0.24533692291080386183 1.73202019948311369824 
2.89657134691480511179 -0.35581393373143016534 1.24888347448157555064 
1.71354287022221263292 0.43000226268727165246 0.45058115063309722714 
1.64137573748999443524 -0.69782375056814038849 0.84871725287039812002 
2.82284472210195858111 0.58562054100195359840 1.23057743663491647723 
1.60352036494863048333 -0.18123051805843939932 1.27336864692290019363 
2.56774361336946999046 0.83706913507061275759 1.21183099068435029544 
2.27300737765223592746 -0.09676505073862516626 0.12206663179129992325 
1.70678431646833472790 -0.28018294687878897431 1.09615097572038266982 
1.43251846043472630399 -0.28613509969395212185 1.46223637519056026690 
1.71171472981698524762 -0.48283435233484739424 1.58754298582345199087 
1.33771847064402416017 0.39702803755109494777 1.24576936586926811934 
2.91630375186109569441 -0.73126343818452133050 1.25256199545603941203 
2.90789240306114749046 -0.19030883259842781841 0.24855070873117410257 
1.38972569302850335049 0.77915983468563687619 1.67337336993724639100 
1.45306976040842439346 0.71435831994978082893 0.42760012903170302456 
2.75709436537899232889 -0.14872896041363009578 1.60094505706442857829 
1.43198034414902197753 0.19546450165617407224 0.80549512711394843922 
1.80937670871393696537 -0.45288407045638129356 1.17124836330031567577 
2.64228046973344676829 -0.17205752678057334437 0.32649561807049615192 
1.35342347001376173132 -0.68145564719639051265 0.15880499068724177048 
2.11639482657413147138 -0.20942028428222297931 0.17496119443817345629 
2.97199537294381777031 0.60424668206467391229 1.79805784621752118291 
2.90888318166949888521 0.71323187529125642303 0.72919764509059614710 
2.71179922136103845887 -0.63168190147722136363 1.56597806468420785997 
1.11680258369970641930 0.55893837822111769320 1.21304771801016686439 
2.37024826151931700124 0.21258784703308314379 1.65326300547733584523 
1.75495587153375498524 -0.12718463840677110555 1.87205870043515787415 
1.49464721467439209945 0.71634647102342885461 1.49097232275932212175 
2.19524939778927130618 0.20959660292936352355 0.42723787591076889392 
1.51482273877006723417 -0.21778816158244812540 1.01183237288926841657 
2.49685343733451592385 -0.79784363134924052297 0.12980921222394087300 
2.86760834199052538906 0.27759167936856549153 1.08612390141381864872 
2.71128013128405198628 1.12849330022631577641 -0.05774628750792865778 
1.11369220714346761625 -0.64536697246064467226 0.73343787874526267245 
2.83866034988034687814 0.65306875585522794481 0.32745348956287279041 
2.37180292770871359309 -0.22952856245167418958 0.35768578778608933755 
2.78693126378549216327 0.88524906607568121242 0.56275566987483494064 
1.30877519833806998939 0.55949552533620083850 1.68155633167683049578 
2.31407589947006320230 -0.16470329606459407912 0.98939995971742544789 
1.28955349241686323403 -0.55446360399811500663 0.38359415896565574045 
2.71344829023317446470 0.41394067240684390141 0.56388807519109307442 
1.67589536934307692384 -0.24504103834695969977 0.40283696111203498580 
2.88401184825925893662 -0.32902911667834805476 0.28645290540327206230 
2.02186124259228794386 0.40677158183674932967 1.78843259488217887210 
2.72788902055661486301 -0.19519415095680953121 0.92022920725255941132 
1.42971334117271697828 0.33760402173275660953 0.29014974038054391903 
1.78077478137701517014 -0.08649297723416651817 1.24482607633804320812 
2.75565159077998211856 -0.15429151246231823102 0.59917758022649358907 
2.74088565319499188888 -0.58454205910722178974 0.27642593904264040061 
1.78929831889503487830 1.11798020875151271625 0.17075319657468007728 
1.71045704205216031468 0.51218030642016143528 0.40979025641916699829 
2.88767815941692207460 0.74364745056836134562 1.64591990068406435199 
2.83494502008234228185 0.91979262118386628799 0.27590890066238865641 
2.79360712666560084827 0.38008629180326120034 -0.04036853447612953616 
2.25302311815951483709 0.63233694510659166355 1.38747391062603409040 
1.05138318009970399558 0.62832761193127761867 0.20761512310627333600 
1.71801347303000317979 -0.63710177657805699969 1.13984081995439701096 
2.75048793975818561819 -0.08434265570479458629 1.26647025407081237347 
2.31883776085537762768 0.47523169694490535742 1.32870864515114428528 
1.75257704023296123630 0.22565459385606886911 0.08538032757994866440 
1.72647679864233860592 1.09754137176978594503 0.30619042406942942325 
1.90914339668263544070 -0.28387958066292617865 0.91202413037320650968 
2.19427367092017089334 0.73334466508653062267 0.40399610641926952948 
1.51669498883491615793 -0.80375769021445431228 1.85458581195354188509 
1.71059194534483616223 1.06590802791681849016 0.13808487966182347861 
2.42407965818519111068 -0.70779611951021892402 0.71753662342989044109 
1.30286254961777792083 -0.24469068405460225879 0.08734687242030944598 
2.08221514115725891969 0.35923251833468339278 1.22306087407971908476 
2.65016658163193996600 -0.68749299872315561277 0.15228150868604298229 
1.98516790087563443912 0.56204425734257668079 1.21514892438680699449 
1.00390264632456815974 -0.41143003445949194452 1.78830690852394136314 
1.11448427102469049821 -0.77145045824480673602 1.15941226751650749982 
1.11494256772672972744 0.23028943185999675713 0.60866665541550135643 
1.66375048607908349041 1.12181934101085722943 1.28647659773146938456 
2.86942015196075050909 -0.24243862097673832268 1.38671798253400013756 
1.19753814990012630304 0.34857570768522799787 0.03472298479800667304 
1.31459003017008257963 -0.16452646021803077336 0.99413729165881403738 
1.20618773288663727605 0.91730248067019992675 0.25336493095878420689 
1.30651307515193870756 0.10503780754745678516 1.71073452789309743416 
1.32147066257576040194 0.12014440250204745653 1.69853472340488820258 
2.83622567785473478352 0.55828225854669411010 0.20186313262796148904 
2.86693945445505971037 -0.21742800024188868591 1.43213724079536675049 
1.28971914966247602763 -0.55348363384409904331 1.36987458421026131461 
1.91375587922628054294 -0.27105388574485422826 1.74022208186705884536 
2.67897055289735686046 0.18749433085402922305 1.05399846662100959982 
2.57719147385337121747 0.57170055996725566150 0.28410916953457182599 
1.87130971846517701884 0.15882396130136317014 0.20629913932366747420 
1.25417532596850689330 1.09158677502582035501 0.19074406650767250504 
1.26809217298175469502 -0.64825109833575533802 1.59163793321327529107 
1.61992463062554326036 -0.75023532301883044671 1.37084948525692751353 
1.44498615927181717211 -0.28603893368553950927 1.56426005928366729236 
2.68138694671426502936 0.47716721454599975161 1.32856455026355835258 
2.68181044671857682360 0.59650556185246994545 0.75779119057451538310 
1.73538446081141395361 -0.81873036294938772439 0.08620025241534833016 
2.22670946647974066224 -0.07897552142026748045 1.68408773659489363617 
2.15380541732344754635 -0.64366637298098272613 1.30848044773305716149 
2.62919088831353997548 0.68210335338657501758 0.18097024243322015757 
2.63385388630806005494 0.71098720797814773942 0.85079172586596929495 
1.43464468725502580781 -0.79418350397698767029 1.16907722923153745143 
2.03472826905322001778 0.71497488231198980113 0.95734654533405216803 
2.58088079910365753022 0.25154423108597567804 0.75042998057984366955 
1.64995320570940018357 -0.64819917926112713413 1.80897521102429092998 
1.50034098156200568219 0.71362788846816627153 1.56795198469432683908 
2.06464914789699038877 0.21498558795457237136 1.48771739340860609246 
1.76263948395784031398 -0.80417525309085235996 0.58306323395694281686 
0.99799899537365566182 -0.31953039343041250708 0.16970441482611386963 
1.20831537104650377223 0.38943850481332570324 0.01628028783762720116 
2.61105944114752386298 -0.76362864100718408356 1.34005515811542208482 
1.24879073361664194586 0.28244010832761778929 0.41430651720041045127 
2.55137230967545880489 -0.70488196839508043823 0.35958055311550579658 
2.89836540547410281832 0.13418707815799754690 0.73230484683167429427 
2.79492308574391623566 -0.83247276131937542054 0.87729752275277850249 
1.83925218796440148594 0.24014096325072503690 0.10524612143557161847 
2.68516527896391332675 0.39677895292219733658 1.22390366067807199180 
2.44198715808287314388 -0.20609024916342208456 0.84584223278432313364 
2.77976132892788951878 0.89816179478849511586 1.80748414997298567641 
1.20435972981272576554 -0.54732062910213918894 0.15077315378733016638 
1.83578524322785208156 -0.71344038971942458360 1.06951534397429148804 
2.18655126893238271890 -0.27257843380269974887 0.91691794950869132119 
1.91872408928888038560 0.21902012468375228749 0.27951415291357001314 
1.13066427615026654507 0.79972594869956437069 0.48663380943232203979 
2.85882645551292791097 -0.79252369125454480425 0.85422341733024109711 
1.41817989134719923960 0.83563795672625174049 1.22761830124308479739 
1.08167322066576798711 -0.68719858261285471368 1.22804509754628154994 
2.85287992692164227293 -0.25911447822658184581 -0.10360655931114508277 
2.81290987749025322984 0.44527655311867070376 0.82433454682799545132 
2.79068118211971993858 0.50843457301662786652 1.09821152226801999063 
2.84312525677562888404 0.71403317539022259641 1.37418645496458458055 
1.96078162368537367577 0.32782436425660399504 1.18551883362387577847 
2.08665945428826038466 -0.72277073005838698982 1.86426227158950186258 
1.32302681213496242663 0.91437707239672860737 0.23494256462731413770 
1.39757183502264292763 0.67592497234038617648 1.76675878447746281807 
1.52392996528473467777 0.11640050002780710781 1.20681185694545423104 
2.12292097090596998399 0.94177093140247436498 1.28878139835599858642 
2.73395050090876612359 0.36055578626644496643 0.87354029274502087432 
1.17817486915510460932 -0.40893715063004670851 0.75394099239542344826 
1.35309273440428556867 0.67057211257173376939 1.16724496348292627879 
1.70911748813030461847 0.31814166543489891259 0.88799258937420177951 
2.31174566400432635049 0.40949850988581099065 0.75130535963368283436 
1.29492267388349491242 -0.11837300028081432224 0.32751423037026777818 
1.76777781368555908514 0.70185808048616238342 1.07272877326672033682 
1.31783499120519387304 0.59448431793952360991 1.24586963982312326493 
2.70343708548329830776 1.07361048131563729946 1.20036058910144571854 
2.31307952333272881518 -0.20079938415850540068 0.93456337671857325766 
2.66813958773663406632 0.27652121163938725434 -0.11195919717632746293 
2.53676646273520178809 0.71553835892569939148 0.50877516163178226893 
1.10816106865629326883 0.27208978181475446112 -0.10771718526083007283 
2.81189577708333882100 -0.08964691469637461885 1.75108875916140593887 
1.94392245278545017229 0.09434311617129528815 0.28819024205946464079 
1.65503548148347712221 -0.63149525573872744566 1.79200083772915697011 
2.85959131810209843394 0.89228555967204803423 1.74100867081134480507 
2.85805029346034178417 0.32562081269507614500 1.32713571323639589750 
2.92443039730095488693 0.80396624638431413157 1.72180378151383695062 
2.26363273477674686873 0.36420505340000097760 1.12565769517851044235 
1.79617816783151651450 0.81599462155982038780 1.11468740036189783993 
1.83448827962098093280 0.36072844494451750119 0.68325654321749340614 
1.80831295278931825088 -0.35314948907064397376 0.99952706217612585782 
1.22967810838128754902 0.11748254276294199661 1.39140661727878622855 
1.27327933186137665089 -0.40169490440673411014 1.62201167207594010300 
2.07371115170250908122 0.71397376133590972902 -0.07360842409963788691 
2.90435909957712556917 -0.73834234666523179680 1.14394584362615825412 
1.01085120114542559300 0.64430847135954305571 1.80307902601229708139 
1.71453557440964643455 0.93257931731907905970 1.05819294521321749514 
1.07407355212185540161 0.30269768454149914572 0.79684003173758166660 
2.31634897735634037730 -0.82254639762514525358 1.63179457941950301070 
1.37629906335974450116 0.25230083692139571028 1.87281614468928703232 
1.71802504117781995596 1.07722377643219102694 1.81618379300313614877 
1.78636709645039770677 -0.06864333654106195837 1.46065382599470727776 
1.91762113177573234601 -0.81798664535238840845 1.72740451021224705741 
2.94457980391688556310 0.10262531150211581799 0.28901290183887434759 
1.06803685996443009643 -0.12329468348775457498 1.28614439238649036490 
1.00713654958964848873 -0.71457285520885716057 -0.05976082614449798602 
1.47082788592671453998 -0.80422069222150405210 0.84997370154294460409 
2.23420928580101163519 1.11506667519881808026 1.84774008351203788969 
1.77912812853148705194 -0.62150812772706032217 0.90934996915416466123 
2.29429479433871019722 -0.74020531919545551336 0.09175643077127190739 
2.56069894273685649821 0.59770726908346416550 1.28651402664888303562 
1.46213602305584289276 0.70605984931909149260 0.37115340681691760816 
2.71654266613948047748 -0.47259666372038899862 1.48545389159341456597 
2.63592479144502300770 0.19687949896353018620 1.34142896878561779239 
2.15197894499007658098 0.75747934432022046014 -0.10976766401367007986 
1.32900693522754886899 0.47421426470678773590 0.31965940088906835692 
2.90863763855060852848 -0.84283796796474541591 0.73552896600180195374 
1.00539752184017716630 -0.78221945683124738391 0.49819932622173762615 
1.35068008098934089212 -0.72356900053837713838 1.87521579547908912033 
1.87051698917826714208 0.07164453695106805242 1.28498080494768540660 
2.91087075160078079250 0.21308126599393234502 1.23725561987460563884 
1.59959688150104151205 0.67873438324148471779 0.76278550704853098630 
2.24749120846439121024 -0.63655289194799746788 -0.11198633825582565704 
2.35135960404504151811 0.44527525679447493845 1.29414248150751931554 
1.25597456071642832320 -0.41841679341055787456 0.71668607409264628583 
2.42330990865920625765 -0.29075381015919293803 0.28641100517354162180 
1.85628668569429078339 -0.22817613142393614045 0.12586103693804306936 
1.51918822545679432778 0.67713310873166354664 1.32400676131178363093 
2.78125985783822171626 1.08126897176654868105 0.62882547471202210332 
2.99045844968311369527 0.20101912682244674202 0.36476114443740764726 
1.58137736374030835051 0.21329117360123037161 0.96771928735300438706 
1.49744356729563787844 -0.71540030785447450423 0.55961624149433975006 
2.72536605525549546769 1.12743169552865585281 1.08954916900656373357 
1.23455047812518081685 0.63150041749249252732 1.36822833569863511194 
2.41774119013841914949 -0.67434059504543564234 1.72822146971206125343 
2.42028775005968643796 -0.27594651540982328974 1.28578263878816989596 
1.22618133534497641968 0.81925596861844562913 0.58248391304837709992 
1.54194926435893742145 -0.28795772888801374201 0.40855102883548455317 
1.14312362160453506732 0.64266919863543170433 1.29167025994968032165 
2.88688771625703299861 0.20640875049431245403 1.50346617789921022101 
1.22465075918420063239 0.36283950985911450626 0.36544517632412137909 
2.30815059877738537608 -0.82353467500415256097 1.37403597603065863453 
2.28412314887509992900 0.88050443343953244124 -0.06610914833898033638 
1.32690299699574709713 -0.40593195195223713556 0.25203165867296556391 
2.19263282554507865640 0.30518468460227049510 0.06354913368319507760 
2.13978358645369448610 0.12651605396152637573 0.76442985287062514832 
2.76350575175097201708 -0.62109665165799365916 0.34222694093353811517 
2.57079609969056255281 0.90645949212669019168 1.20324531325351080646 
1.75485479139154598727 -0.68173942158861200458 1.59459926216662428722 
1.14160373918284552275 0.72506713034566272480 1.37006843369710717973 
1.78895726385186382146 1.04831140324318772272 0.59483781538403879274 
2.54899242311816065509 0.99780641765393851550 0.21616016266202622842 
2.97622100243583220802 -0.42102561522930453952 0.78629629258672195657 
2.58488418366199690368 0.91677651640646196096 1.21612328080441822742 
2.21331799417070129721 0.62772351426978056921 0.34530373208199649504 
2.27060163978643547722 0.58097693170404207663 1.70569727748246835475 
2.73982123494050666679 0.65162602691475401961 1.58381398260041383885 
2.31130140830322838852 0.59630690672616626369 0.76329299533223182728 
1.19586666713411648999 0.34507007302979525454 -0.02264271485330695416 
2.69660010863366172984 -0.60891502719726031678 0.20191405165759271356 
1.88751948167827410252 -0.12013355408662754198 1.74499862175938469377 
2.03946051913613146667 0.38759813241925267224 0.20863856260708563140 
2.15231626744028936571 0.27477855633783726530 1.37916494014119761502 
2.39201215586756754661 0.28825808282588416542 1.44754100468590451989 
1.95151013734056877347 0.03719721659420677229 1.28526078778058616692 
1.23258756906333988290 0.91556448748578267427 1.74968329080528151032 
2.88248618801222100672 0.81059684132515275046 0.80739634757303635482 
2.67661065788850960345 0.47058954286417453705 1.32060551418890947950 
1.36419881910493412391 -0.79490359788793385487 1.04965938728916663436 
2.08072261670887881380 -0.75242463110026225337 1.77240081088676859622 
2.88179637177762248967 0.72489729628791044203 0.34076693085636794445 
1.79517188869934085638 0.99873945823210164008 1.38369385792531329749 
2.79179165662580341944 0.89468626634109027496 0.52057803308778882734 
1.55020774697659025065 -0.21223715379949317783 0.90296130152363474064 
1.83561546765713123897 0.54974412726166255183 1.80339013374972845227 
1.78742590200307827075 -0.08104773390673954137 1.51257694816349919087 
2.71226250833151860675 0.02027921137282229225 0.07982812935100241925 
1.78398899890306927851 0.95649236052638297867 1.53090212681520654314 
1.81063334725047675455 -0.83010998923785972448 0.54610778134839388365 
1.08296991374378581696 -0.21380653639490307394 1.43879815301570412878 
1.28846374051671275218 0.50283554829496202032 0.56828584634470535875 
2.23365114731691294381 0.91681092352815385382 0.29718314736525297537 
2.28606172399650597882 0.44546597160561546280 0.43174681725133412513 
1.99433755367693121840 0.42941382782465087331 1.78577554095493962194 
1.40415607935835251574 -0.74141341249198766672 1.82313708069055158134 
2.92093561691179237627 0.55566521521647105342 1.21400691673623772893 
1.74945546943484564473 -0.58323521080025553243 1.77064051197056393505 
1.91117693298695501269 -0.78443144716976909159 1.23684408559976244391 
2.53528839756645840708 0.28371953811944350399 1.50392433283606763439 
2.10499505501193784340 -0.76207545514753294302 0.36645100355835941164 
1.02842599101296294783 0.59677746861072100693 0.21078190199618301870 
2.74382746700388846506 1.11652222462524775004 0.87366559380887709452 
2.26196307092635162661 0.67832851037395125449 0.41347737341693441282 
2.90891820676216639185 -0.72759800687217834891 1.28388729902856191245 
1.68983224909165286043 -0.37022265040507246203 1.82700269249490565571 
2.83840059068967809353 -0.69919016192533134380 1.05444373579308270372 
1.82533742208356231096 1.04824989380637956238 0.69375230545285704320 
1.05741169477470520199 0.28593579659421158867 0.11190593763960463014 
2.23584268092684412821 0.30944117742604682064 0.08430847705879110365 
1.01875545812436718585 0.09533701571240905948 0.71034256919207194869 
2.15482000355952063586 0.40873532393322037359 1.23657292881405678209 
1.62507388067217850569 -0.74983685942667055446 0.37898858362056858651 
2.72896184512333217498 -0.18557647928446321939 0.07858663403365907796 
2.51424891881471079813 -0.12121422448565596919 1.20431298221139515547 
2.21753433552425605058 -0.69677303001360557655 0.92673591343458605607 
1.60900855562350897365 0.88030445517897715213 1.76772491979812707008 
1.94065848292011211562 -0.71495034123469869414 -0.00869085151192674522 
1.66824843999340477474 0.11803038372169753767 0.71345745071161925654 
2.64099733523680235692 0.34722753731625061180 0.19783255822082862485 
1.89448037310707961822 -0.18466630396400782188 1.21944098048205495921 
1.60654312224926121289 -0.22911235361929813137 0.88746775338167493974 
2.91444549893907245419 0.27382048700737887659 1.15161706577613176528 
2.37382674676945226722 -0.24015408760622272699 0.88686089892135078205 
2.65698236320883518502 -0.48395488347112047833 1.68875145665564363462 
2.21343404211484440225 0.22312294228229545556 1.09283787444551316881 
1.23573145225690295135 -0.39539429357794714237 1.67322089598681178479 
2.29645225290419308095 0.38932481226657567053 1.18976963775344346530 
2.76818012481902986366 -0.13761171118306045336 1.43598282562909007609 
1.38491886266299757402 0.14698359543581260289 0.74318163524988078983 
1.53861100747285983736 0.47150295246737644606 0.28492198229130483167 
2.74451153104467149291 0.66247296875710981467 1.40485748336152527216 
2.76069514223678824649 0.60268813327365899912 0.67352484981141269582 
1.02761343348053735269 -0.33687513493359422245 1.81248749721837443261 
2.32319368190580899380 -0.36995725286435848789 1.81422495213555290405 
2.89414476103418705222 0.16908180514758441859 0.76413017355462775626 
1.09168482630134833222 0.71962000850529472817 -0.10692184802884231731 
2.83795865075711928327 1.11153722559639889234 0.76930015380720995211 
2.70994497571328585295 0.44598581211186311135 0.38123736365854110630 
2.69932475191847576212 0.15220808482196859779 1.04582352557190394471 
2.90371002488025720112 0.71705534595780784368 0.08796963453652847931 
1.16638930291265419115 -0.74181661638282025972 1.39827871075104037679 
1.19122837501536493754 0.75763817033241687149 1.09297370448997765990 
1.34109504893702013995 -0.66767697866903563675 1.83926442840855464134 
2.66311738398279196360 0.60502605242547424780 1.75521946408151974239 
2.91445009927465470412 0.33571755867420671748 0.77107035131411338913 
2.21265353735981440408 0.95550585781061325719 0.40840428051374644269 
1.70873833888233406242 -0.40025977170916160475 0.21050658921932058343 
1.28642205001169096512 0.91757116255547033212 1.04275618307759332382 
2.60815840474382110159 0.27157524858451875804 0.38065113750385093372 
1.35157115297958818623 -0.64377695016015723528 0.80252164264887360101 
2.17538741572704585892 -0.53501124965149138291 1.18243992790940755100 
2.83695711397629235506 0.08571217342315609611 0.72771990881598969114 
1.36581127152660553037 0.71238729834825231801 0.43188412503273870824 
2.50948847479254144588 0.28282784452824016874 1.48356825866267394431 
2.19504003049040496975 -0.13469290504184477930 1.83824012097543154631 
1.71208345173575815501 0.40714100013166715231 0.45454112810785585186 
1.58829062797792652795 -0.25047017913784258569 0.80216324341044831225 
1.67368655641535668543 -0.78762321693532388878 1.06930669805903311165 
2.47013987727139028294 0.21643033488271742892 0.05809448823034201598 
1.39163626206284973819 0.39220967546923179992 0.72661300911227943988 
2.37897836950734831163 0.33608426645223965501 0.21628490598420993529 
2.82068174823065342949 0.07473924308835648567 0.28531809614821906917 
2.37020780992265045484 -0.22204974999171661620 0.35361178409088056540 
2.60933844674111981021 0.24691617774723059742 1.14732069075382780987 
1.63103331990218380909 0.81956613873691874783 0.32008373779975279882 
1.64628949344130237620 -0.39990145111491914864 1.74077610342383337638 
1.70420344643840637744 -0.40503459399174235323 1.77272863222236298775 
1.17857460363804000814 1.01340783949086343796 0.32584944295743950571 
2.26735385079417994802 0.91699963859665856170 0.25521153484078445972 
2.62604687071560816136 1.12597190986977913063 0.24993783688512602459 
1.75822935655882894856 -0.08388428493108943118 1.71255931219790835662 
2.18915609695940593937 0.83930432493845652520 0.52577124728700608269 
1.12827319145101645503 0.66870935748461157733 1.69666996796556235338 
2.27225160444889606737 0.20303379304076021872 1.40483896616610159924 
1.28287932760197831428 0.92949557734169541146 -0.07000545777439115547 
2.59061727788422047070 0.72468908607437731995 1.37606477335882093627 
1.34785411545978250913 -0.70359148161172546665 1.55320447468274247527 
2.80596671160871080630 0.56498779731630421885 1.82817193742105077447 
1.73245402767083067630 -0.34895529229889854506 0.59466839894611056572 
1.23033044111207501281 0.83868047792058475487 1.11188603094427018725 
1.63632929732397980338 -0.66220131759941192051 0.80766812329566095574 
2.93484100289568061726 0.78620201667658029532 1.55037380613140296504 
2.49952262701691640956 0.43580842356132060145 0.28610022029335280269 
2.21465961068787242638 0.56596547049532774931 0.96573822201894043982 
2.69236513568127033835 -0.66641370883622141896 0.45019899969628218717 
1.55162496281241635288 -0.68375518186094585982 1.68394391186631953161 
1.84965551526849725228 0.69363244765296916405 -0.01483723382368496574 
2.07917936249838186669 -0.72247075753156608791 0.17088888714317798656 
2.71190959953724730624 -0.04434129679988212114 1.08976534164277460981 
2.26188745307509009308 -0.75404789921366288663 0.41431135158996912349 
1.78638910454429589159 0.92138179579979673228 0.29725521897580686748 
2.78954841673360043330 -0.67947278662779708736 0.61264813220952085704 
1.85806130958767612427 0.20585857140913532692 0.85393160051652539089 
2.18947329870892337667 -0.60249046579161891213 0.72153188883040031421 
1.15378689224603081520 0.59781580316175442213 1.24143243700405991881 
1.84048853312288152040 -0.31371756156577557118 0.00963027955380574979 
1.21579996023956371509 -0.62157531848892577653 1.33814070141561769489 
2.64528466006399032295 -0.77406428320082198979 -0.08305801854626085334 
1.55972328453497399714 0.02944289293644266128 1.21476575545486897845 
1.38195694158707027555 0.15738330241485007366 1.72446459728124645849 
2.94822203515461822576 0.68140348678570850094 1.19418644690863007263 
1.90867636379140859226 1.09241413683409760438 0.28178504568308360145 
1.41855135905142426545 -0.22018380598547526716 0.88418788832587946747 
1.23884865192485205121 -0.79442621777551181150 1.41805793460768692071 
1.94375087031651760938 0.21254248727329527746 1.60005279943333977855 
1.34111599734583175625 0.71169516588404435620 0.87383250162002268357 
2.42463897560245822405 -0.28685266269879694523 1.44692929568600492374 
2.26119393518292266521 -0.60444642228442801990 1.16727207321592008071 
1.86600740597609870974 0.59609356576858896215 0.23093065964666736889 
2.27232939255091226372 -0.20357970672232547638 0.40536523529714324487 
1.90838167800987812406 0.59691960044149028342 1.21929354766406139454 
1.81138524761665675733 0.06864716311230471824 1.29320641011866910297 
1.73819988808527714497 1.08626027839830241462 0.27590520554071806814 
1.18489758114468024530 0.17449429303058763829 1.13241749992882789755 
2.79084820586116677532 1.08586434430893885583 0.25127510484883475161 
1.07477171171235030833 -0.17356179984611994072 0.71740223955384663235 
2.64477773756186085308 0.62040316358974190170 0.76069105577971152243 
2.11151537611687656337 -0.77112963732213257728 1.60878576069408585347 
1.99054137562567690090 0.70227958391067613064 1.13599402430954121712 
1.67015977780678359643 -0.28378271812944722008 0.57392635117210299978 
1.34906105521061281394 0.06668963572679818819 1.78820413508004416592 
1.61605877152867583035 -0.77221540754192163902 1.65673592609947339938 
1.43248048371557090697 0.20927712119384891953 1.16607354730917944785 
2.71634642742436716034 1.02858844828849793629 0.01349064796295181522 
1.03974509825234151528 0.21659431890728220171 0.53425967420256037510 
2.71327561693273633381 1.01915440173629567866 0.06764888656720154103 
1.11487408109301622261 -0.71411259576536179061 0.93047126395236390284 
1.44996402868496265803 0.98598773258767580252 1.21553210011265133694 
2.08706516087446614094 -0.23892740852202684620 1.21069445531928732152 
2.15554808573350342726 -0.71099797957862476139 -0.07724322486959372958 
2.63394547563138869961 -0.16357319982834370165 0.69325612757391696928 
1.83321484867957673615 -0.24383927206642888597 0.40571035962284690557 
2.71329722124864103350 0.96073544347512696007 0.92570794538879641600 
1.28519114971462555808 -0.47530117905395335987 1.56515076136916597704 
2.71287411956166746307 0.07217990343470143122 1.01188012313037933865 
1.21635790142600752617 0.46244066087797874864 0.97114752659034275784 
1.91795137016493733029 -0.10284233427231831426 0.28208927969486058407 
2.17370827593459559068 0.89312224929349470770 0.77123114697115058291 
2.05327591326005620687 -0.60291218763582588025 1.21274520415036968224 
1.28382846359499147582 0.45851778309504298559 0.52040024429153597385 
2.62667680504298051147 0.16735084143536971268 1.70086138628466043698 
2.71165223619473039207 0.67571689868876383400 -0.11404003394229918211 
1.30892290940464661730 0.43519289574293790190 0.30876211910467715738 
1.96794395015819212347 0.03833044592553119800 0.28475896517250726125 
2.21118512769200492585 0.12097315187752935572 1.56088007127716310585 
1.79228977119949761665 0.04907170051299411528 0.64100328323945487963 
2.31268022744366730237 -0.44357143690542250036 1.68493869964473019785 
1.27247487622117150252 -0.08364851226539872509 0.24536851559937733480 
2.24123619794491535373 1.08525508257667180345 1.25433068019311222407 
2.57233857898114859353 -0.30004291408647087991 1.29512635817492638424 
1.71355938431721921411 0.42653243620746933429 0.68525432395304020083 
2.50855892429368143581 0.16514105420758670717 1.81890845486182417545 
2.44514170171588673952 -0.29708895696741738357 1.65223711740020129390 
2.08495635678967516924 -0.76358800433653695183 1.31105111588848544102 
1.90100758915831780094 0.28026346455273148939 1.70284954547825706506 
1.71754293460379092728 0.14939439142354918322 1.07549579071433698552 
2.78035986140304558489 0.83031304505894654167 0.88628201420461749649 
1.80146069538576836244 0.83908063446307024069 1.54532226129233851708 
1.68323687621447803942 -0.40140716073692711552 1.76319199133435633442 
1.29730202882907286188 0.24260043327390953816 1.08530654012733052127 
1.33385252283722177680 0.81673870509687296337 1.02814127403035260322 
1.79311677615774223149 -0.84321674377384492338 0.56198830925743314957 
1.28587681178344626076 -0.46858676043971958514 1.59361213261740730651 
1.38507447148964257799 0.79201215377942191243 0.03536023492181607913 
2.34520445855575720984 0.19047098772952333889 1.35655494583645030993 
1.08608081305145409701 0.76107867720513455723 0.68203142409008798985 
2.16394433854258627647 0.65056897961715398626 1.67383947392137688581 
2.91560594600340250437 0.74125225119753257452 1.76010528780333297405 
2.17399777985682574055 0.87073364162754129936 0.80956374422005505931 
1.63139090815133780410 0.59242522682494513919 0.72674117670538362912 
2.34815774960770218271 -0.00759213504976959802 1.19152612340017949322 
1.76135434469055263129 -0.61276101879949262941 1.12207192808949129947 
1.75747283058036618542 -0.63020290888856622669 1.63978123075932469277 
2.17141076971521274075 0.55698389079660759471 0.80337553326759469918 
1.71312863054775132987 -0.03839881629716088152 -0.07814745561052251210 
2.50956411408399260310 -0.32398079501073234754 0.32539379985062805156 
1.25954586715358174409 0.35174485554690554379 0.88586418572477088063 
1.21327618602947850945 -0.00950115175195812012 1.57855168812668456013 
1.70482085591600052155 -0.34963417226701198892 1.13849323322298512373 
1.67985282697189952650 -0.17177629436977434607 0.01471856139983817452 
2.63956062579225880782 0.14760772953646236760 0.29441044533832722019 
2.70352577660584980634 0.01521062179413850204 0.13066340771958231959 
1.67283176112246323441 0.25277297108598234532 1.59266065288953195811 
1.80313500112991920155 -0.30580728419038871735 1.06459208240492331221 
1.34710284897719145825 0.23283529367150307410 -0.09230116709285936250 
2.76271491242353439688 -0.13465439290519506943 1.60357872355940811460 
2.79080854032143799159 0.55653873549298715773 0.12922399669904713337 
1.71623746975899460487 0.51117402354089014338 0.46838535661243485553 
2.15250287346538993205 -0.43995568355107023129 0.20736590309693647693 
2.07839155344170700701 -0.27767568914154105997 1.80844822962375406661 
1.59274226696971399342 -0.69452206936767624246 0.75838205281079096309 
2.75202245906980369483 0.24707269436647358307 0.08401132612208661588 
1.72235981483684241766 -0.67567009623842722021 -0.10833693698945079387 
2.28544487462910916875 0.55786400854593232168 0.56879425986893272782 
1.47496894276044732131 -0.28390472422657708762 0.50644486697133761499 
1.54946917196743028100 -0.69638340475237103799 0.65991944932248647326 
1.33161382908135639269 0.62414418413264893815 0.79309532969129381552 
2.79254223327848682956 0.64091773168842069985 0.05481750912778745460 
2.10072445284242892427 0.84423508018623372173 0.25309624571970346096 
2.35187545227285221827 0.14661172391270532733 0.69475505987730179491 
1.24205158612339117141 0.23763650409092054727 1.08517390304090488584 
2.31052722092125550901 0.64850130502361125195 1.84930020172578402082 
1.11898190832419364149 0.90038606109397634203 0.72643683815398141235 
1.55642037112776931984 -0.12201361064140642254 0.21097674949382833054 
2.36140181827821837857 -0.56948399810521987963 1.28576547184446776662 
2.37280560786312788579 0.27113179608490078909 1.40180998368296982903 
2.78416934797109449917 -0.51197305313129315429 0.95402745728777438305 
2.21293244120886889448 0.60179857979157613812 0.92940070686389120169 
1.76204447444985801141 0.28008118458937142359 0.08349798546726085180 
2.92621858025591752295 -0.28462879997892653883 0.87043365607333378353 
1.25383619270600132900 -0.39986206881274521940 1.34965561550090029641 
2.71117842173951428819 1.11559285806107433281 0.32644830340680269787 
1.87099537674431792844 0.67672704457247800924 1.68567139966156909203 
1.14574627801678730066 0.24377638991168315563 1.60339773721008582719 
2.34595007710018510494 0.14691774103592938894 0.68307554587648544597 
1.18079391448913706419 0.16595199292014389814 0.48218599112180210442 
1.87336934538788568716 0.91646941147849292353 1.27946093924946069365 
1.01155221885939261561 -0.59165274552558888566 0.21101185752455889344 
2.78226835345755629803 0.51722055684660639407 1.00528221226530423138 
2.90341212438903761850 -0.59762136749482641651 1.21886589745228168802 
1.63887406407607927328 -0.04360554321209030026 1.20230963431750148551 
1.84929840444870707827 -0.62126496437033396081 1.73257073759253921175 
