1.11110097360017889834 1.29572769746532889812 1.33434327233111926780 
-0.08299966396218579068 1.68136542623464779744 0.65482973979141156917 
-0.03916286001699593317 0.11375644983324662007 1.93066530743983877372 
0.84157739535678632858 0.77248334468272084052 1.65378227066061067596 
1.35016187382859231825 0.82857231233216754873 1.28446349574712037622 
0.58902946595454908074 0.91222995145001384287 0.48787091160592183092 
0.60848889233131420173 1.65630844374548891196 0.32051691708856583363 
0.93903703153428186301 0.11605976906553187866 0.36199176588067438765 
1.48212370973832729959 1.76050028127936153410 1.37411915990982524960 
-0.33803470225124720994 0.61864442112551443209 1.22916529105403893318 
1.03758700417355798074 1.36666900317940598342 1.37582849686443808856 
0.70466344134338088079 1.37957992734126921874 0.37902940527843348439 
0.71726347453189032155 1.64240936573305007506 0.15127887870730932773 
1.39086032614364296656 0.91114329866389354162 0.30604170221852305955 
-0.20737239090001324815 0.69501689549186496109 1.76098312885573382580 
0.83300161391360982854 0.12006468515715658374 0.98398215453484449977 
0.67458693971226157959 0.12131054925789300225 1.01585451534595105905 
0.47761243771973066474 0.08865030231928947013 0.09493702137080810288 
-0.12079716287709978129 1.25415780666655396480 0.84765925135500430621 
0.42977260631577907102 0.59618031457404307982 0.85784352188264068051 
1.24838972820615756731 1.12908971794295465152 0.44933109912054369772 
1.17028334686553781019 1.78262095843686640961 0.70314384365533277865 
0.24564128194104697944 0.83091522862707978270 0.14923582712114896731 
1.21799429657530189353 0.28651698581087697848 1.81770761273457326368 
1.50202695262795260511 1.56898546459165277867 0.93781319177855082536 
-0.16775446038246327740 0.77508595742070829360 1.19631651176058673158 
0.51005272795008049780 1.49574872201085939949 1.49413782687200358268 
0.58003358298488572053 -0.08498441826454786185 1.84790948170702606923 
0.03773002093041582378 1.84581737783346544468 0.09514264672509348264 
0.64609044344086807854 1.12096313588600127176 0.74510363522961997607 
1.22481498061035831704 0.86338072658290421213 0.88521112757490905132 
1.03687404754312573196 0.60835614202238430526 1.56662107713868259395 
1.02549958674456620500 0.49151822753651125408 1.01718192123489004075 
1.46691992538931681445 1.41646602760485329497 0.60237454596647344029 
1.48301694941132389260 1.19186063848221301953 1.61584842821366447829 
0.59410602791420819013 1.46958187079054636293 1.42579785082876697722 
-0.04203277043863683921 1.02988301859279074435 1.42858318269694195557 
1.36254393732437550923 0.39351265621134806638 0.73557666045257275034 
0.37315201376078727113 -0.02955580448172849192 1.17369116316412669399 
-0.30965214439043997618 -0.10748735234635786728 0.57395638812082094837 
0.54701776998475115654 1.03293645660125532615 1.98620094389766399523 
0.79237110397683374607 0.88273038637708922671 0.43159576841747349096 
1.22673313636967740159 1.17886660325312719877 0.69862099370552555033 
1.62475439689496758966 0.47844576205194339069 0.23590297456247083518 
0.31826058828158920733 1.60822545063102806395 1.53689876951549497797 
0.11465423293016235862 0.12779525046355583173 1.45105760593758392751 
1.52114538645550179119 0.89065291857901252026 0.89536508889929111721 
0.59110209688778803105 0.46777597749582267017 1.43392039378738878064 
1.47670240022236054500 1.36689060537532003359 0.08960811942155062770 
-0.21388697426389152723 0.37078601817162359922 0.62668114258897067437 
0.30452540782490444826 1.11830839082033550724 0.49631409824429428834 
-0.08355432598006648504 0.55712582108434582917 0.97775369652816745969 
0.39956688906873416567 1.00964252286904843103 1.14234273787486273477 
1.22023753318545491453 1.24875782957664815953 1.77778110908754083397 
1.62523713787007717535 0.50307540186417154526 0.26255089199569348057 
1.35674092944901203417 0.56052033980361648524 0.65857051966083812733 
1.35564289052496600441 -0.07053311400416156784 0.20144401334386635716 
0.31827721182449147941 0.88697332005263984644 1.16305973092141412550 
1.54911722369025817159 1.01110745676157809392 1.55981373390186384142 
0.48117695061472448570 1.04906410620194279204 0.52989685437308320370 
0.08836781939375852601 1.37467425144412680460 0.33501814407059982148 
0.87876765797423450621 1.00658503679188160440 0.28950903810682249162 
-0.15313899442647829763 1.41829035542762760258 0.57925161360996524351 
0.82318680795301069075 0.10133885334173210746 0.05775288653780503295 
1.04717472949508416669 0.35691069984254975012 0.36874163190245390354 
-0.13991577213160480420 0.80412348251405496580 1.61979908381478310275 
0.87755721758490745632 1.44818111741393895642 1.77503699286807958835 
0.15550906082161478072 1.08371156126346335213 1.58641060019489343880 
0.30525650559289829733 -0.11143381140148748976 0.05133911182618630664 
1.44495694556566256495 -0.07092932669380699884 1.38309107781488171973 
-0.11143067309368309692 1.04545317207591725861 1.30435108075084826851 
-0.29498879821190227002 1.63970221608444588490 1.94042138298092536886 
0.23833466270388933839 0.63389489909878893314 1.40990433000975423639 
-0.35942305836459342849 1.14206035995359989066 1.72238167546313358791 
0.10230653586289556456 0.58968349021379606878 0.18320887835660165655 
1.63447276358159854226 -0.05273149615624624781 0.63118247111955971818 
0.79400405116810190975 0.13924246561265379851 1.94221745025502467996 
1.04153967201584318758 -0.09842573900824012900 1.61571776891548757327 
-0.25446750360523262557 1.71917010766403355326 1.78636574246081036854 
1.14552993974949091083 0.12357527856037528458 1.76014400591972686172 
1.03765236897224832902 1.36641784723152470704 1.37573591544554929555 
0.57521175884101838349 1.04759624489204372644 1.62916822865952681809 
1.17640339223515111300 1.15235961368877859456 1.73766854694558503525 
1.35317624769613131797 1.07886248793504191390 1.42334046266445279905 
0.87578025864503328268 1.25647647456361699625 1.84516115837924843390 
1.29032099170699976476 0.85594625811778080049 0.16839064755791990913 
0.32087485416256306126 0.37615150586458612203 0.80561122581455513192 
0.37799314419230028994 0.69756933640727802892 1.82374092257442144138 
-0.32321773842921242004 0.73342241836146526701 0.83088160026259294533 
-0.11327922175467461385 0.67497067492671336542 1.67991594073535921439 
0.75728959452139876785 1.72618326340801164775 1.21856194485360869173 
0.06799573245938979327 0.57642524183470955634 1.13397661244872671737 
-0.01553554742602256816 0.63075969138025189675 0.09322446159242533947 
0.71197623546732347055 0.64803504959269697672 0.91766169946477715857 
0.87861665459380833276 1.19465118975935680190 1.32271220019491098085 
1.12984210445281973989 0.45554617670636826654 0.23569666115115658900 
1.37440616108602653433 1.50173428078335358116 0.72237592748590362390 
1.03751086096952405136 0.56775586417611723089 1.09616467195848876770 
0.10743167846548677680 0.64839429272234805346 0.57377827799447689294 
0.13529837565586877446 0.85042576351669230128 0.07159969128303184105 
-0.06085915285151281134 1.03905502971065888396 0.01993527139091969339 
0.88784894182684803710 0.23258200893210598248 0.34613680431485138733 
1.24111628100921000950 -0.14912980122137986516 1.87008828466607956997 
-0.33696392968162114379 0.08677424873270228600 1.87965810762866047945 
1.55588607385227306601 1.55715469837757902738 1.99529390521335403541 
0.67584810483056090291 1.60977645830049165276 1.17513706155319441748 
1.23720869913548447983 1.36048928767510934890 1.10962451073570034232 
1.04364597505735856586 1.50209227547002166503 0.45716590866354778200 
0.60067026996841788034 1.41011652038108592500 1.50650572667446613906 
1.45848962183078323385 0.13149111014160264066 0.58120017535632662042 
1.29617670380272143049 1.35179163381934341892 0.81053170430720633544 
1.11700182764052513562 0.00182347234637017215 1.81985633606989694044 
0.83592736285089275228 -0.10974802841693387379 0.29208832924390215613 
1.04205944054056609538 0.80627170471065268131 0.63402734285043738094 
1.27865375563537386761 0.77201800063456549328 0.25709011079105903441 
1.23802932980616375858 0.78996507578759267432 1.19564082271460403462 
1.49752664418638947730 0.49705522062921736470 2.00044298963700439842 
1.48158429456888596221 1.66965479909741065789 1.87921482786236748730 
0.89019026335461826083 1.15421210528797257844 0.31960636761988425736 
0.83109970504919339351 1.61651476766281443354 1.79480583849558539278 
1.36974689907927849042 0.88380638682762524549 0.97300580754635512815 
1.55799455159449751207 1.22285026640681948606 0.12144928567689342036 
0.50680760211971376261 1.53468520884452153119 0.97259821564790438497 
0.05723202191350873491 0.73474261691135356322 0.62575457688465430106 
1.25678498564299356843 1.64833042382671401960 1.62762596540999959771 
1.20316834167823838442 0.25145252899996095586 0.29361858189896572480 
0.24715162981176638790 0.37391698393507089015 0.02190542674828578965 
0.87454748757189748609 1.54972513203715545060 1.89688735356578752622 
0.14106070147754676269 0.91134317668165398807 0.75284739909742148800 
0.87530663805701414137 1.79653022851089261280 0.62068616352349914589 
-0.08975464586171535974 0.74942143173840547465 0.13725821141297361860 
0.87484442729258893312 1.08290368030710792979 1.27578544750016487086 
-0.16201177294999372092 -0.09161864747632633699 1.43026170721939371866 
1.15723589889080646920 -0.08092230262643311522 0.87876844900884887313 
0.64737145613624469398 -0.11987458342925808030 1.47745281130176375761 
1.16226794842395286800 1.29777471210502715060 1.29245865170608054129 
0.54217436257187689996 0.49202159248124283097 1.46427177554567156115 
1.34114336137321710218 1.59266875482194913971 0.69606529797750738009 
0.44639154107353529177 0.92254094310196543827 1.97139628668367050679 
0.56057084743479135280 0.05222062336827943546 1.61037140941499368196 
1.16045890901589121569 0.41101119758171994478 1.17616757527990301035 
-0.07320474702415546986 0.25368846749696127851 0.86491079397372672144 
0.40393210012346458804 1.05164752500678981839 0.45480473323139997133 
1.01690768457511371281 1.35532487778760413200 0.38161497780145997583 
1.38267789029906107423 0.05892776939400619363 1.43291137087849040910 
-0.22712467450607987107 1.14254984255871749887 1.13876273229213453853 
0.72369619382516370276 0.85039253084571053698 0.65773409401460047885 
0.78607069282670327670 0.20839653532995081053 0.82666653661057110103 
-0.34533561451487043703 0.70754026681502757423 0.86701432587657301099 
-0.37442779531725156605 -0.14470666128366527214 1.43705067737965941355 
-0.22308273901505945580 0.67450103222685209303 0.13752021542273515364 
-0.31797500140610301944 0.89305863804830276642 0.54908546677137159975 
1.39400064102219389817 1.32761400134077311996 0.09508092022594415160 
0.59403111902152427870 1.56700316832375396991 1.33455706438339616327 
0.59258486323325920697 0.32231929891869121052 0.16240430410950842943 
1.28484743550960867076 1.83339718619745917216 0.19575507217732482368 
1.60948423603791934688 -0.04093029875164207187 0.81472624245271807464 
0.47792420607474700445 0.89986481733897250024 0.93064324932658637479 
0.40595037057450011897 1.45485596902785041529 1.94828664851440369610 
1.62873724036166533935 0.53930150831534229283 1.14644981147106572728 
0.51962371172731502966 0.85115012117891408749 1.88249420771298581201 
1.21905611465296148666 1.32510903464465479296 0.86422096221161648355 
0.96236848029857369191 -0.04754032447464115463 1.08074452591814562652 
1.51238080112597517157 -0.02747475252753565911 1.96073567327161746299 
0.95550048873827819751 0.16491215293373126527 0.90159715311960986206 
0.47712795061203111535 1.08891743482255587416 1.09548764744260407333 
1.53497547706072801077 0.27592046872018105574 1.12875973170042276372 
0.04186811514359618791 1.03800959434329653774 1.50243435939930214396 
1.26237519235920681027 0.29728257216325781886 1.18783959770334135442 
-0.01543165144968105217 1.02104428577095407427 0.99389693854539273854 
0.02623682815346261785 0.58536702948558849702 1.55528898473666865598 
1.02514757737686412753 0.58501416259448091317 1.09584656164813298851 
1.59888420045191348429 1.53189886232936878230 1.34245389916645541106 
1.29756828666371482051 1.27612991535592401604 1.72774410554210322566 
-0.12645115141169838147 1.80525013440562887013 1.61421468402493539784 
0.32458921399808349229 0.65597517707114483265 1.41686079884129201290 
-0.35463023472647242640 1.24946318296968716943 0.66364748599481027114 
0.79611553399508738771 0.62064351175810894556 1.88328041218207498098 
0.98472894618739703620 0.26081941888173382216 1.37572194861415253442 
-0.04321467067024654940 0.43873924518675433415 0.90274250482618345615 
1.58409507592151332922 0.57196640515280827710 0.99892390496726501947 
0.98127335111866331729 -0.10142307009432029175 1.57353575953559321476 
-0.00777469183179975605 0.45388194559247024840 1.46321100575949181177 
0.53705115617089460578 1.42350009112606268324 0.10117161535211230405 
1.08377380468599437968 1.52989311218961843153 0.12852455273646798406 
0.35692797970759504445 0.56421258022532905230 1.69573526897885207276 
-0.12341403724983296408 0.89507785111887094853 0.21261643283415065930 
1.27565011109175729942 1.13810416751110099476 0.56214733614323653121 
1.39945117264083118691 0.12091502018233962756 0.17732946184263415068 
1.50834533149244376382 0.09533200068655370285 0.07547406526408370619 
0.67784575028505611449 1.28947864012107249465 1.21566395648144021102 
0.36490683481720925796 1.07869559491211419733 0.44880701281487023202 
0.08692249157907383506 0.66061944280268958263 1.58699592805532141426 
0.27832202762613950098 0.74369850119547131762 1.28200265892403475476 
-0.20347641309126116016 1.71754723540525411352 0.73443234889862907266 
-0.19447541456823250194 0.13805027011514575674 1.18839322541163028291 
1.26465654731220356055 1.66301382524060037404 0.66517648540560603276 
1.53853190528313432672 1.24744764290313736588 0.62850661104773408727 
1.00361925326175072115 0.14259503755103788980 0.89277169121983213085 
1.10630070846517059024 0.99893639107311726910 0.85830033961535601161 
1.59659527629958808426 0.20835563189751690749 1.65647810127210726172 
0.19729356156453289883 0.68583950202447974132 0.25833641851070177076 
1.25313410417742865377 1.73380498940472183023 1.73694414932346430369 
1.51955236712935559673 1.57198805918901918233 1.41789869782302591084 
-0.06029954438409846490 0.76045145150257265065 0.13302520187554328635 
0.51870449705832122334 1.48610371065551949421 0.03268887162014993270 
1.35757186122553541452 0.60480282662325024479 1.50185461134265829664 
1.12068683292499526871 1.46614965486686443796 0.27484624905725596467 
1.15742206914421386088 0.41605376605255534050 1.17144733167334691437 
1.23911097666728742261 1.15039405550391471422 1.63352274461882851497 
0.83736596429838017208 0.84757303725318078325 0.57512762488133728489 
-0.11496456427798072697 0.40837946578138151210 0.50246341077069256453 
0.06881342833743571419 0.24139487668770465145 1.37159310025812408718 
1.13877097292803908246 -0.09058101716774874523 0.97404029062051789012 
1.31187403114929357351 1.37634661847314765382 0.01668219023568141834 
1.22183991196473473728 0.85981038237483176090 0.85760290929891846989 
1.40785269399814172431 1.00176267618425063333 1.38602545819720135434 
0.34185331386600320558 0.91440423965338635259 0.15556100021093230423 
0.16777317670501545877 1.33396393726160988891 0.90360772103673070443 
0.73491586142019305061 0.12992071884656500314 1.91312971710216483956 
1.03757325590325533149 0.96824785036402005733 1.56923580303625276322 
-0.19923619236690584544 1.27200433950763125424 0.77903147321125831848 
1.60527644590284768178 1.48436562860267184938 1.38143130786136558719 
-0.06796368810279457273 1.52395473079451937437 0.95144979285477182529 
-0.32568835928706924010 -0.11018812197611635439 0.51937795560853694532 
1.01492404957842707880 0.06125935214117949473 0.45480064801539338282 
0.63222265286407797191 1.37521623252604419108 1.21829324774020952837 
1.36801832944199497355 1.04998495846715478308 1.37386279261914157068 
1.59884304946276523118 1.01116565819725190423 0.88974014623908115329 
0.85436499723572001397 0.11794699424605996352 1.25701654576484411763 
-0.09939727505389130136 1.81974246510137049881 0.60472985740249907138 
0.85143551619339541414 0.80966434763655259488 1.20338681580911832647 
0.39893091587985674007 1.11653174638299912402 0.17928984018939633782 
-0.20262294308255449082 1.69451297477535911540 1.14724698084330367642 
-0.15011947586117110887 0.42890809405387436692 0.65953715437691462498 
0.11632947442512353575 1.02511411777913075127 0.78472986125402344193 
1.46245823085760240367 0.52544085534857409847 1.93653707904314398291 
1.34595765271874823199 0.61397815396493837792 1.73711164597322720304 
1.52387937008599805289 0.76841116410117948909 1.37627476199868437057 
0.92616825563376192765 0.92188798314947528745 0.14038028518429049307 
0.07723044039347995438 1.07162415209164074703 1.85808952311853947670 
-0.10669372435916492370 1.48978688709864970363 1.63407855255885947621 
1.36269821557590065098 0.41882810050211838337 0.95206034576196163499 
-0.00910856600879805800 0.13727860473043809741 0.90054386376444017781 
0.35751123195797573917 0.93496515566500870698 1.19460809493110375890 
0.03428292271105130851 0.43310041988727954188 0.40813326464970905993 
-0.36176696175981148951 1.40770096697019830856 1.24850447520833895965 
1.34124141062592117102 0.28679210201079025078 1.69694394156105476945 
-0.06453902757874134533 0.28660817653689157902 0.85895733450474276438 
0.71461250691831590398 1.13029220539101760146 0.87387021943645359912 
0.19685753986857787434 1.31969921691909730654 0.23626563139487660736 
0.46352749241211227416 0.20764810841227518412 1.61779167967924597527 
-0.24292968809082249315 0.33382635511653568905 1.35791425568113766076 
1.03908775571784417480 -0.01158918573262462254 0.97209727056023709224 
0.27531029861891659349 0.32313700735533912312 1.14126135343303869440 
0.58307819841461017152 1.03860844165532806294 1.95113835287909731520 
1.07866443974504910841 0.82646734318532855124 1.09679056455920642676 
0.76334561343900297903 0.20031026110978475407 0.81564066500375620450 
0.39247821275665345508 0.36875861443200352863 0.05572711724893467805 
-0.15867108163686635680 -0.09516360512411689565 1.45572281033940797990 
-0.03529491958043473598 1.65452486169975676589 1.62808789271108822483 
0.59265765657245739195 1.60630001008777845151 1.96731072283293628722 
0.27735275867190201105 0.31845703239719824751 0.14596270083596829537 
0.87573432280463781030 0.39278717751453884333 0.78573335018675116714 
0.03626609779573012476 0.84615181926096438847 1.09556884492649597718 
0.35359787975927098325 -0.06647325301012046994 0.13064930272128708055 
1.36877371638855516167 1.32857625215257901807 0.09549985884132822234 
0.63623774671999311359 1.18491534726369707187 1.69388848758894794422 
1.57522054488636320535 1.46222062143597697492 0.12279376028171665181 
0.75758871416784923092 0.24818333710759771238 0.25577047846379030727 
1.60148723275566240432 1.83824720722997625444 1.41292020500280579576 
1.04950488454469192945 1.20540423051039269353 0.86312636841237866392 
0.83429598590947717796 1.71161820584269253054 1.14282416522649121760 
0.33002214845213195815 0.40577836790039001347 0.86872656243306223267 
-0.12312097368650766482 1.42281857253701815580 1.53680457638548539911 
1.12557565705857864913 0.48511400602946347371 1.21221868581867298076 
0.07344032199361105739 0.72937430570767924909 0.14018290811916420124 
1.16333235616030528092 1.61087808682439104224 1.49370362762762476372 
0.86933998785794897035 1.79053188660234408047 1.17629727639431447273 
0.37269999190745445317 0.42232822919658308258 0.72751364243716398761 
1.56760841793015703871 1.68329843371979870348 0.89435587815991068883 
0.63004935805982287267 1.04839632622883272006 1.87117804964631928577 
0.03716755472163169038 0.91903260382311946497 1.60299706294876331825 
-0.26057586120916648165 1.74282330032218379934 0.25354377383098830601 
1.18024064823995722406 1.40015701197312192328 0.09366460730029563253 
0.62540375340266107784 0.39981935487241093696 1.50453853663795533713 
1.43062489879250809288 0.27430363149713388182 0.12463795469104151092 
1.42358137752450164548 0.55482080134391897897 1.86340149598506665818 
1.40389793467622325807 1.48638033766256927315 0.89698330912863266651 
0.22876310468280341981 0.12588111652968464460 1.56567522945963766290 
1.06540353393954756456 1.56154421207863669530 1.12432501224646896887 
-0.07196937460485931803 0.38235674905927907741 0.44585834621408337863 
1.09502664709408437105 0.52335117997780966625 1.14634197187296105191 
0.61899301611701462722 0.66612182310882561698 1.31451452227057830058 
0.84887345800189817346 0.92451463510474995999 0.32191000116808571319 
1.00754481582411381524 1.32976869871890857056 1.38205867936928039619 
1.59913459447910422107 1.52231481815826930060 0.09585091268019259314 
0.56385228784023588844 0.49912586644208045694 0.07008541731518246054 
1.63565877970225148630 0.34968155436895537180 0.21057563185568803354 
0.92690493995830403051 0.54566811169723472563 0.97488051822782484379 
1.59248684603565160423 1.07555445923385217810 0.66537227098944440318 
1.49732942410662928090 1.72170332815527249437 0.37572128830377599096 
-0.23349609678365607079 0.74566993410349313720 1.22911510489917219502 
0.12627924750256813713 1.06095568689231001258 0.57632819842486082695 
0.47829562878455939012 0.96038768255730444512 1.98204968601693409802 
0.96480233083874611388 1.18252778302681194056 0.37032384360526565681 
0.29649048308345410385 0.62077903509509646529 1.62919577909687673944 
-0.33117702401704707249 0.70294711441418777920 0.28727107522814337992 
0.39695767118016517250 1.04946588179164934651 1.17547117713378579396 
0.51738823427502200758 1.52931363470836756413 1.45416894175714195292 
-0.34653152824571864521 1.81233688485414057290 0.79056353975985904636 
0.19761949115047863779 0.65062460329251681213 1.29912769855555931819 
0.77416190274830731788 0.18305886126799250646 0.84911031657463287292 
1.49120546255465802332 -0.07159164699660618136 0.94157675163417986486 
-0.18228528972288982057 1.12538629709382087540 0.97755907221145976749 
0.99819063693659804137 0.95456783642458764572 0.54146928314132836135 
0.75387050125470256301 0.76951797788139697509 1.72639080457818017145 
0.41599275241287692051 0.04910935002971263813 1.46519135059305516400 
0.45918629373107816560 0.57494568236973986330 1.89587293717976113072 
0.99704820295416285436 0.04633454818511299755 1.45284470641458751672 
0.63757617973944546996 1.06697145528958570182 0.77035480194712446789 
0.00162642348063544214 0.24941490271850585980 0.37484592254816873069 
-0.35016502180154124302 0.17024921895532280081 1.09668566991649196751 
0.78394727156154830894 0.64940344167182073587 0.08878458245379423908 
0.65749511120859061020 0.57946482452230674287 0.14190489455058938328 
0.43010959415399580008 1.46302187671045968997 0.96220981012202400073 
0.73095016294623771369 0.28818108617734794485 1.26906722024892282263 
0.92892163675762307040 0.06866617507228577055 0.36711563109003170213 
1.63538226130899277955 0.04890204894012627895 1.83309887661824855165 
1.59007623186773128232 0.94550590131767120461 0.53234850322251681121 
-0.28299511322710518835 1.35285129108327994985 0.58194206712451934660 
1.00577109200070413664 0.17601500961281163482 0.38619174255414251418 
1.43745442526360456270 1.52532462698046988869 0.53885634828537642971 
0.82283780170105902396 0.72651829188982475216 1.70416308049030207350 
0.20295283506247405181 0.28852115315239701410 1.25997857189676309986 
1.02910715240590389108 0.52102235373485572545 1.49218732168955470208 
0.67505476558592414360 1.77275309816062387469 0.79964726304624400566 
0.51838031142113394356 1.57542544653260696563 1.41683404888866437688 
0.12963771403826543360 1.84311332989003506810 1.07910617283693888169 
0.16482524226541772627 0.37666920425255084881 1.97474726955578105958 
1.02990963626363396521 0.53205304459933988603 1.50261598842858434821 
0.51639606433633833404 -0.12982928170764709841 1.40953229104026589447 
0.81264102884673683480 0.88394218879990871240 1.49118151623154937546 
-0.20891823622071090116 -0.11768940749964493242 0.40987865093979641840 
0.80732451885468825559 0.86191861088112720068 0.54967100022464243647 
1.56926585582252919870 0.44005486059964671330 0.12695287341659575175 
1.45359443210108030264 0.49465885939654852255 1.95674917085358557323 
0.05322250304976147012 1.42756109706320155617 1.38257134828278771543 
0.17852865887588117988 0.78462822910748186711 1.71171352243361107881 
1.03864269616850202205 0.68872904400536660852 0.13207497126283707090 
0.61841147089022197036 0.87856003924214398637 0.80869483057878221999 
1.34295938505496592619 1.25155322045863259817 0.67154057371831132883 
0.92366880737652357070 1.74922180039883601310 1.63301352961767110017 
-0.09357761183317456211 0.98623611802623278866 1.13139575648246260009 
0.12122667831846217767 -0.01115460404330610028 0.71813699274747855306 
0.53111976678364558602 0.93800676491172274574 1.91286159578461001374 
1.12356929532617577649 1.53894960585063511616 1.37445054724142701197 
-0.16250457891096739549 1.80953642281929383273 1.21566060374879958417 
0.55400243650346148172 1.61418281124058027309 1.93839552111220125852 
0.36318224897797152240 0.71844875629363291747 1.82379206094572987595 
-0.17810921215433073161 1.10157815898216449035 1.05999576614214663373 
1.04629005866049773488 -0.14825207306032925358 1.63313362871473555238 
-0.12556100560827207491 1.02943970342267610008 0.26141253258802837900 
0.17111152769510662441 0.15527656835272435343 1.42020321866528242971 
1.32342926862156473611 1.22869108079924616028 0.19894459320512902778 
0.47827800558989969071 0.39009242639928948249 1.07562397567072731697 
0.03346278118595470696 1.71369773610270592634 0.61862486847162778680 
0.59604523881323834278 1.24162476146731970417 1.13632705978979786643 
-0.19218181938193942826 1.25880195352804546971 1.31223024744028604616 
0.37317364394946578310 1.56165403104962718928 0.57593610113987947496 
0.33075991941991961243 0.73483949460941688780 1.33384303168179330079 
1.13063013221303410027 1.24878851264776646879 1.84356858064364659278 
0.87895717279001195354 0.13882177582495400237 0.30131989131901859569 
-0.17829088024718800498 0.85284955284970864753 1.56727941721272490128 
-0.28432275562834347093 1.13599593754098271425 1.85863586717839934792 
-0.19880481272994959818 1.38783901627034667037 1.57721631274471407735 
0.19628413976678027453 1.67387343608495342551 1.27039553027912743843 
-0.32646758650952850678 1.12753519266123869436 1.03000744871166793892 
0.12990266631461111491 0.54513503808474039758 0.25238539655031461129 
0.67628776938560020149 1.77678219313616336805 0.79568721807086240094 
-0.36069146078120073451 0.14951466627995640968 0.06984944892078319423 
0.88117386377446516033 -0.03235299695265430459 0.37312641013438180293 
0.18910502711432627954 1.33063785611259555175 0.23518346976565113193 
0.60671156798086878226 0.93870115558439370940 0.81463237904702368031 
-0.16973160991823732502 1.78798758131033830310 0.20680373371707017061 
-0.19921202739362028900 0.24838280143403693168 0.29672377517872855490 
1.51364917912457297433 0.21438726646727992997 1.12036306029018661867 
0.03216432391782829414 0.34439429167567237045 1.37435813710633980556 
0.29122429677681660465 1.78793654901951182268 1.25530668133216005700 
0.63674972461409795610 1.54933871330220118701 0.18730640475771684339 
0.53807061871021422128 0.86659322553135420542 1.87726031272838622677 
1.33196807970411668087 0.33220418600883228066 0.73876528222153658998 
1.32400287457487775278 1.21502049987982441159 0.21012044024427775635 
0.16551136665749194288 0.84774763572364009168 0.74863706667997942379 
1.54545645646717000332 1.13529612131685775367 1.63138363881190584515 
1.55894890947321251851 -0.09579129398251413907 0.86968670589642682600 
0.60158052071817602613 1.04878390384475017605 1.67371492723631920541 
1.10520176280437198990 0.92556393937992542664 0.97920033959986851890 
1.28131880743561965552 0.13113216508497141377 0.37882816535833924165 
-0.07571539621817681420 0.48961043874200399495 0.90197464131183302527 
0.96045331374235931587 0.04334525653740778361 1.99483647655576201707 
0.18684521529584791066 0.61255651968729096790 1.35311214538150781372 
0.11752312432342021387 0.38680496776441775086 0.29897675126412759372 
1.05077986024328096093 0.58338200552235852658 0.53760257053349347345 
1.46070912562720334194 0.13566038378834210931 1.58427614160110707964 
-0.20482368848801343897 1.72672403294543030938 0.72787775520113839889 
1.25466646448408547521 1.13250807349985493921 1.42225867224550972523 
-0.04063861314515737622 1.43277293092962865195 0.90245468032805853387 
0.62667781952131818013 0.08455918453199549878 0.97436471836472160479 
1.63054303653644017125 1.79712272746782142363 0.81989830392329077213 
0.75771251421914875834 1.20887660061745538798 0.21549378494299095688 
0.24454889612007219002 0.62423872699665494679 0.50482473956505824475 
0.86184463635663932646 1.60099953052872101544 0.99268485014139828948 
0.13770480227671330620 0.05238468493088722228 0.69714027627350783067 
-0.10281083593843876045 0.91399287851373456348 1.18122802038184748774 
0.32991751126813706474 0.80901334135289892924 1.27604824203646050051 
1.61286185230497514098 0.52296819372002600890 0.30859593661967754663 
0.02389701470483253723 1.70015092919766974688 1.61717439738670964999 
-0.04284129571501728989 0.60183095276964881926 0.05792410815008585540 
1.36566626977096250428 1.56797066933698348024 0.57920212515292524014 
-0.18506336723926561372 0.35338489612201945400 1.71378121585819975792 
1.33811940238598348074 1.11996000250770011419 0.28099000428236398097 
0.53757664517390180148 1.27800271891867756047 1.12994363879486536817 
0.61100670011941149440 0.30565782827611315264 1.61073530632208372637 
0.31686866140468605835 0.62876348152743299913 1.69562861883953130970 
0.83836418850318639162 0.19152481332733217734 1.87900993098108215484 
-0.29904569051713336680 1.28762757813716288702 0.23771512433690028532 
0.02593679308355018379 0.64186604113137113448 0.11850374481933062532 
0.81704159750819527197 1.81545947427700049559 0.62406589229510389671 
-0.24241191852133400775 0.16816795286600430548 0.85406423947980580902 
1.11611839898591536091 0.52850788417555605303 0.37343777698621527517 
0.84104177857018436182 -0.13635715682543994576 0.25146927834666105150 
-0.10650490870710940805 0.53664584391668057606 1.68115351502584142729 
-0.14461748697334181335 0.36748030632243983140 1.45282086761294748634 
0.07717838001348310828 -0.00176058515654072684 1.91200646429378773306 
0.58155542630992185238 1.50733001967653756914 1.09236039078941393754 
1.63706918882593588371 0.88717270914478774113 0.76686989024486085231 
1.24245072434793946137 0.37145660168163585624 1.96466775496119661071 
0.67336729487613378176 1.17755345360824659195 0.11044586768685889233 
0.50249498901302946940 1.40513451830143143439 0.58015120830476807345 
0.84984298662747814745 0.90435773360965299172 1.27085132322964411422 
1.08301970080188358914 0.58670616427066535348 1.51558030602876181447 
1.45691733632994591119 1.79693535362708378678 1.88572328960345014792 
1.39371065200742338952 1.13863902685232032397 1.18193271304647296027 
1.51892437501411770029 1.57034022550570817600 0.95108699088137160782 
0.79878775563244697189 0.25063328150397079508 1.29718393351356353627 
-0.28300996425843666371 0.73245885284280354277 1.26559442589590687156 
0.72202239822028679850 1.62694292881299928943 1.94798295675381316627 
-0.13303079530527325836 0.09930545944836252636 2.00151843025483922034 
-0.36220823358513742907 1.10587212134373968908 1.73696925155426118437 
-0.33907133490512142426 1.68461857984817720002 0.88403905331949406143 
0.35542825356348145549 0.36592989598338393487 1.73146789547293744604 
-0.23461097749567180748 0.12773079983660379222 1.07299072143271634339 
0.23650236203593316686 1.37344323399096746030 1.98144850542046557784 
0.73366430033603324823 0.68863488812753503865 0.19630386931909954429 
0.22559785080569905169 0.33337110215893162035 0.18403865365930788256 
0.66477791436504141132 0.30756513954686304224 1.21542019650759414162 
0.29524104013968455185 0.81158349677322749738 1.85713841476020635746 
-0.22150300786768717387 1.16672687318900702991 0.87392293854233804584 
-0.12589432232904210207 1.51027573584752428104 1.77511843481669884248 
0.97749542776270215150 0.53288545813009013941 0.55495336107934956082 
-0.03061486545369174889 -0.11262889377895871079 1.57384504364031574397 
0.74953282019647582413 1.33433025000039773289 0.65216361634283737114 
1.50585736110957402190 0.01866073689554892390 0.01279546614250442332 
1.05930119712177983615 0.93131995226839459079 1.01534210583031359043 
1.58679508623027443193 1.09023421668061670786 1.01817644414547392451 
1.35155447224452829325 1.30134075883250632799 0.69663600129413427720 
0.56287807522993715814 0.40056804834350845379 0.13578802837514000745 
-0.23645683562783018083 0.86881449576558689163 1.54247307064276606425 
0.29321849707247849004 0.12553867950864916470 1.51060185907630062374 
0.61684114922467836450 1.80605295772969554058 0.38552908603937208198 
0.16588269689622694991 0.09350502337210142567 0.57097219699647383528 
1.31466129720677660231 0.12575534604988750087 1.52085511256371908040 
0.87903852056271936100 0.84371907103278698248 1.57916929282286910841 
0.52422781192296552533 0.20770632647829059825 1.62817201998906835314 
-0.04574353336147159860 -0.07800732698616588690 1.10957111994074875128 
0.91484848963341547368 0.06385149726274128024 0.35106941153889187346 
1.53861666595984480921 -0.09169451281425110289 0.88786216248790439387 
1.10216474215427173711 1.36945857567522244480 1.94364039513705555429 
0.38736349686104293299 1.41270498135511357596 0.69872553175286233884 
0.64408572876709180299 0.92852962049450193938 1.70653072762957491726 
0.08296160955039033613 0.04066465673200844733 0.86649938526915870618 
0.34718875700693374586 1.42482783060201345648 1.88491933583976378763 
0.37390479388888991918 1.04314143571564388324 0.37646609208939990632 
1.59646508576139156688 1.11046126814648937753 1.03502521841185179952 
-0.29155254718517981116 0.11814654387738221519 0.97600345381840480918 
1.60703062186162903835 0.98987320443937354408 0.63454111560254888857 
1.48728365871370704632 -0.06558525412075361105 1.94967859769460805097 
0.71410621998232037821 0.76537485239973412909 1.77038970635297698841 
0.52008368018799622234 1.58073692094650897211 1.41222494228896455759 
0.35729932688242321825 1.37306766227260146351 0.73308311292063521591 
0.43904646162066218729 1.72840151298232691524 0.37558471756838085476 
1.17477663280482969022 1.36765684724247171822 0.21656860972178776370 
0.43215101803290822957 1.38213260017416272873 1.64399405183330982183 
0.85200311255232064056 0.32569602766287780726 1.39917946152558525519 
0.11810154662788117930 0.98484974685288839691 1.69778165563456173714 
-0.32206100312973068300 1.11481690136189826035 1.81922132017824722539 
1.60200172509227156681 0.53917006004777323636 1.33283147812880997662 
0.33096252353178534644 0.86167532845921557261 1.23218289054793128656 
0.31649944988197614704 1.82698863788067544789 1.24594646482867665860 
1.06637425011004371989 1.69611399056324696488 0.61072220375036889717 
1.36607330459036013792 0.61758910197547600696 0.47714530510411046205 
1.40242067727564401203 0.94984809202373576831 0.33562817179258852551 
1.18859776638346659183 0.25521220998151383785 0.30301976587961509946 
-0.10912035666796682243 0.38014284762721151090 1.45802850131343264550 
-0.05251357271958518452 0.65668893475251233216 0.09317529270094065952 
1.51862753740293499050 0.95419079145371454853 0.93884802196950434272 
0.31583876290058449099 1.34440394340145630281 1.77170017170256621775 
0.69155422958484458196 1.22607393336789183280 0.17298331967090241346 
0.38502881711632835904 0.02639974245695024535 1.37566825070552134491 
1.42589242739962096529 0.88988384423110034049 0.95296360979552818815 
1.24034304323456012753 0.63031656336410468722 1.43295858445258539327 
0.23985369010757887076 1.33010861996127549567 1.85383029326272530390 
0.50912945682087540344 1.34425927991881244417 1.60533270707236797037 
0.71232338993114996395 0.65268056736153567954 1.18116812986592489843 
1.10673064446365021496 0.31934765324507646822 0.89979098794327139199 
0.42619464582761862337 1.65012185131775246383 0.41726980758180165498 
1.43756947369425236438 1.72730613820134393244 1.37598447892260300485 
0.51550555567639477772 0.88375135296028550780 0.41573204717644085537 
1.07403358262216941377 0.24856250695032824916 1.86529018134936297457 
0.38484536695836962794 1.49016958739132188150 1.83762561629834730859 
0.22523825673257910629 0.75465806340265262353 1.22074428264540579825 
1.47148274003498347184 0.62640312728825886524 1.41626163952825456782 
1.55138461584075360022 1.47312988622245599757 0.07912302796837222818 
0.98208811839711074310 0.80584529455703335366 0.61662856788757003379 
0.52254340322168368882 1.78430678563698652539 0.87302779695565946305 
0.46884525367516916017 0.59216118775901904758 0.89560787076283598918 
1.35551149278644245122 1.36967028863404016725 0.73387086129763878795 
0.28075649772324168252 0.73452040116821792903 0.29554849702125296496 
1.12619739397561846594 1.10268057925567131150 1.49114866147656588424 
0.57538123453126266416 0.79825807403628878944 0.38695353766669937645 
1.16863165724373252452 0.38395596865237457962 0.99744885959349183224 
-0.17044783075078162593 0.90164297890896261123 1.33619470065015910620 
1.39792426676108649808 1.77009688493940831044 0.34887930190636928796 
1.05822774838527866592 1.76718907630168775569 0.12758513952358513377 
-0.19936494553261577267 1.28626168512517335962 1.33318276842008121008 
0.79583577758755530418 -0.13402485295659649633 0.54324275533254573478 
-0.35802699103925228474 1.56436004620907209706 1.20276042612488409667 
-0.29842245273602208133 1.25906416336953830282 0.69510556739802109583 
0.75489809155315934497 1.64723970059171964664 0.88013913602011650816 
0.12465661125376992224 1.04266353501668551651 0.62667199634526682406 
0.53944037589887683382 1.57357699340187950909 1.95301587785129515673 
0.35738674757379490510 -0.06987692760819462501 1.20992661371910448231 
1.27724801117270447826 0.12361620675604628738 0.43148035192259875936 
-0.11970091709360061727 1.48376846703237252889 1.65795661621693413146 
0.48689674934952809071 0.18077162164161778013 1.61377962298962018828 
1.35716573297297493639 0.61331379031747368380 1.75637625227064608779 
0.11978214513417856368 0.77276291377959960283 1.66161384788382671118 
0.31727118952947225283 0.34292483427891551351 0.76848183016914550780 
0.19339312321927334959 0.73116897069174036083 0.67928427619433928708 
-0.14303254334248560742 1.10222596399482641871 1.25243952873579766916 
1.11664301146991085112 0.26407226071722972316 0.34504697841141535042 
-0.20780836664013857540 1.68278570598107890532 0.13710609172642690412 
1.54942630206728781950 0.56737974804553048536 0.39105355521629914239 
0.68922200021604262954 -0.13482310155657201145 1.45163171017517345085 
1.39671717931637595633 1.05694953168042915514 1.17744680241641375140 
1.61223847150228905001 1.00838094345157824883 0.84845855319301821673 
1.10226594519039022835 0.24984285752490945076 0.85690740948273214084 
0.66722647165032999972 0.84439519169939414311 0.42190776744322688874 
-0.16193636019957521888 1.21271801475037666052 0.30027942975354943167 
0.34375222237209501763 0.91915989927210917099 0.14586052293579496175 
1.48339670310246551921 1.08800991813302960765 0.56491760279414204859 
0.32202960605192026966 1.63693176708789489560 1.45116426742346837919 
0.97196166594697330776 1.17967330173522322312 0.37343843401228016265 
1.60428280073143625373 1.60662885232025831606 0.97264235294263823306 
1.37159336727271963241 0.94211061388864647537 0.08255702845290328884 
0.13010002160306416430 1.53253842040846199879 1.30150908001609200149 
0.09807186269986307992 0.22573356320792800633 1.37046400619924146902 
1.56218596034011247831 1.41613096239148084088 1.52862287662142670719 
0.18684969635864381865 1.60861940607872533349 0.37125320629284480622 
1.32120346404083877090 -0.11295903230323758870 1.01364617285679292635 
0.37646322423808403768 1.68301816273675730606 1.81612463815972158265 
-0.27423192653531502927 0.31953541977324029233 0.64840115695752009728 
-0.10117575998930894432 0.92623067586587848332 0.17968295039746717823 
1.00203715455277286850 1.52262048871753785662 1.02452384734040369274 
1.51812947260764641300 0.43893986135157470052 0.07361612249450479040 
1.41612000386495595627 1.40565463522998301826 0.65868684840714608608 
0.20176244423579292597 1.21101398692194317519 0.76078828466885306536 
1.17884025783968415801 1.60838683613987964982 1.46575959305948733125 
1.08666071199137737047 1.69309258215096170019 0.60930186765959770678 
1.13781028998173883160 0.72308278703065509418 0.64016011109119175249 
0.13458190873371189689 1.55209774685316737042 0.35320584010780653461 
1.49999520385511631027 1.20403458567110943633 1.62161437285139320430 
1.24991698883616186855 0.66972383639308064041 1.65738648357539242184 
-0.13524547849068002670 0.93200226760175708396 0.42001969122348720154 
1.03092719473163296762 0.52919069188079936872 0.49876661729125554290 
0.84821569082306957910 -0.07884968671506481508 0.40744813296222975874 
0.43976621212536903816 1.24152984840335500749 0.13285062045671441888 
1.15799288327116989272 -0.11002960052965604643 0.77653401624957907323 
1.12284167191680950282 1.00918946310932922117 1.69697676422974574884 
0.39828550257108036314 0.12890333693371738844 0.17913179708230400622 
-0.16243390174388153135 0.08831434365927656738 0.09163192795012747860 
1.31718473536859903561 0.20980307315973115156 1.22116904434299611282 
-0.18227418035907391736 1.60698569371863708710 0.85834612053653758235 
0.53941930040740915242 0.95410418314093980996 0.49134263624340313026 
0.22014722062117317303 1.84762083223704132173 1.09786067324729175176 
0.87285072032758304061 0.44697495468526249329 0.60309348124656880774 
-0.09052660436703170721 -0.08914281503134117990 0.51463056421984976208 
0.14015660083832720550 1.13524927954132759389 0.77610387776087053080 
1.31702582152899894119 0.79857252436819448072 0.85740507630432771791 
0.52427594102288088695 0.63432586706104732155 0.38253397028590502282 
-0.12473510014455616024 0.49333333990796524038 0.74987400499059386760 
0.56773726677371327831 0.97258752099890710685 1.89799087533164323460 
-0.22114745546025871281 0.12155547185915503705 0.07811495804526441544 
1.09501612707357121046 1.15140763232425369367 0.83215089449977741598 
1.09328414234373094693 0.99524966706626116775 0.88874726393096359356 
0.60181404916372926994 -0.01898605019730086052 1.84689308789738704242 
1.02293275442334108405 0.69024017445857321906 0.61449665997868474498 
1.31995385974322321232 0.67189675566915951777 1.39500042304460691867 
0.25826250223615243584 1.75409653612150062685 0.25421212945454946253 
0.80284810140303708437 1.61199844462223462749 0.92673979447051912928 
-0.17029249789511666235 1.84634148021865684974 0.57837756901433512446 
0.67666888117667067792 1.60762508728623165766 1.16419212295483509578 
0.48184714624623770085 0.65109347142585183299 1.88231504642240166092 
1.51756631186812951384 0.47941217355857784765 1.50292686211029646870 
0.91234231431936674284 0.75841014864126343742 1.14033106529434591359 
0.11512651943144629196 0.04966121315151915405 0.58044090388424085525 
-0.17450324967212949012 0.30047623763816078135 0.77939028410120736456 
-0.01395457900884167907 0.65355296859871880866 0.10409863673101640846 
1.11626472105714591443 1.48218290933800367348 1.14766337269951668176 
1.23670138303822696457 1.72840513647012716802 1.25833379024983971206 
1.54871163305794845577 0.53222428214618899833 2.01567114859927576376 
1.29475535139613340263 0.36187719963636311160 0.05704275234908559589 
0.38288126373486880416 1.47376221419431674420 0.70034705824327769808 
-0.08151622555446534635 0.15723968910406083133 1.34307775600806311722 
1.16167710615955610542 -0.11789543862749840564 1.77426584001343479180 
0.62957478936742017339 1.24462708756003026522 0.65766663953061010872 
1.19824750812294200664 0.88728800176102473607 1.90404745535322561523 
1.11598908569364030363 0.96686070767465281950 0.88228936908288868590 
1.15882225111641390392 0.82149538086586026964 0.72058098300611805875 
0.57979073652392265625 0.93713203661070709760 1.85736479607188087471 
0.23850768962921700678 0.73459533294127388192 1.72288398101496276205 
-0.29671055448908983943 1.64470529664598252850 1.18407989805584845655 
1.50458176802263521310 1.52283408115203044986 1.98135691671976399419 
1.35662210117393011721 0.56555064334682958460 0.62176973705380766955 
-0.07117684703719258377 0.76515152158789156989 0.62796648944496769040 
1.20370628238398547083 0.33548641210010782254 1.21148698587145453587 
0.38906776150112676316 1.15303941417338506881 0.18443680575688772838 
1.37082336204023080839 -0.06212397130108131271 1.25882400789207449243 
0.19470488060963955790 0.38514950446363155345 1.12224580382798566625 
1.47984940943938081404 1.06475986318388593510 0.54198383627087665104 
1.18957777450013502119 0.88230957280701649559 1.84372132411175937428 
0.79804017148279371430 1.23036852870685842198 0.81474217537862159144 
0.32836956417959800580 0.12400064075162051114 1.52121633228651531589 
0.25617079285573890468 0.70978236273799399925 1.71494885683173881041 
0.32794957822893450183 1.59448613190745014379 1.58205107814754342144 
1.01947314807545552640 0.04632519924118418814 1.93691043577943244891 
0.26101618446447605315 1.64771437786891472577 1.39408075530534647513 
0.87595896661750916046 0.47696485076433919881 1.75633880701675648695 
0.02532572138720794869 0.82474518506575333898 1.10939897503242024257 
1.22465316696323367474 1.36019879081836747581 1.13568983376461396517 
-0.00839913581102262607 1.81544463301312486436 0.12148270612402860269 
0.13434329789533153154 0.42460477763947934715 1.05591229162153799059 
0.62515974009803532141 1.42934610512292414874 0.22483362332576212195 
1.07556875324284373363 -0.04119695640437706641 1.62655442954289219948 
0.27195928926259677061 0.62760401391518938485 1.58503414002879550182 
-0.25885930949850693983 0.75526252764871637524 1.26420718751004046432 
0.05297528104502238072 1.69025037946401024413 1.60959216286824258191 
-0.23033919029421096036 0.83488385461720548975 0.62622856617676014856 
1.36039283069957828154 0.43320363841118353365 0.77620521846841550317 
1.55833700157383336915 1.50425004456555289067 1.05765226076072083039 
0.91052989495731728731 0.04728880306763513786 0.04404597556538635689 
-0.24602457064461014102 1.65863849881842129186 0.13343262025301230733 
0.80399348178788632158 0.13801870168224622537 1.94564594714812288956 
0.35592563244209346474 1.83455208648105405622 1.28770330227972862325 
-0.20291741834976131931 0.36851078847909263247 0.65705600921422446792 
0.12396751656078645876 -0.01130179222123731120 0.73229709346226923294 
-0.12226764486753680106 0.21166045248042805738 0.87376730877440988987 
1.02148460191154466514 -0.14279358810521547429 1.61744212977925649888 
1.55161776485125835201 1.39104138541658217676 1.55810430413710432340 
0.80845666054588694038 1.37066766585214683261 0.46905489682554568631 
0.84665699460873333759 1.29508994192708182247 0.36826807922550264252 
-0.15158325842473502343 0.29204556979015067197 1.80477720204844804819 
0.50187738720149521754 0.07421416317089103709 0.56938295508557568159 
0.78210911016871154100 1.80432734872044853169 1.66154302171820877909 
1.02517160770198900721 1.04819579435630316766 1.92955518090557420763 
1.31496976244565311198 1.31940145282100207424 0.75118239794750707450 
0.85604345390802027982 1.56850672946494129611 0.89006633191073358802 
0.52230892322388489113 1.37055511151840181405 0.11381045331475221627 
0.36949747982278519087 0.86094828476128149042 1.28765711383077441354 
0.03489881374431992589 0.08467814215492680541 0.45079320177094550637 
0.82464734827133401307 1.59951392929453173331 0.84689165038994118628 
1.63261724466933144662 1.64477356006681385558 0.28923495080991618034 
0.46270800717739019037 0.92695893275097940300 1.96305740752119484149 
-0.15902515496402075401 0.78186059618882342015 1.64492123547856539112 
0.59699520806068895329 1.57568780067176961168 1.01049617272943614843 
1.32017928470850898215 1.12623911355420691649 0.30364527591359063985 
0.11030393388834244806 1.25809501882920038440 0.85884474454263848298 
1.43255358713061053955 1.28903300071145188177 1.11814583971207848201 
1.18740034293612173322 0.77992464725154142524 1.71627104709123456949 
0.04961032621539665510 1.48071863625817901067 0.03208014496207198946 
0.42908213224550884046 0.38854354622685810527 0.64541342825803582617 
1.21975290955430115680 0.34470218462813384530 1.17482744939491157155 
1.37665289915121769049 1.48419826931302911710 0.81646968952946052944 
1.59405540224519493009 0.06094639999081016141 1.97139797773495550892 
1.38119391097626897924 1.80724956201117548105 1.32248990132774535411 
1.46404443199450584601 0.04191468071953986796 1.07707111377072539682 
0.92511246700880989113 1.44969564099196457363 0.52285082284516493090 
-0.23878823537954663170 0.22625612150627863461 1.23679815937240888957 
0.87751939747536511494 0.89217140697906649471 1.21056877392931938608 
0.85024239464208661854 0.07246844029238885820 0.19069080586082201578 
1.13977122588583346108 1.06906165256344909409 0.59682052735195290083 
0.24717549081539003097 0.64660980730243733383 1.61016223164009608659 
1.06194569283958006878 1.39075495365232826295 0.94700930545411621253 
0.99429173588122388150 0.92993896225897076935 1.06918350629118141804 
0.43960837571371486066 0.74295012769641788353 0.37142103020759120735 
1.21385438436493098280 0.12296582008821976828 1.49893953816010649938 
1.31110546768603941636 1.81238073966503221435 1.25338336429981023201 
0.96106272873311471283 0.35694459497234565237 1.41217919856410523138 
1.38465800075909495348 1.46304237676928283740 1.69974827918140092287 
0.43661583745107285237 1.40759765938166925281 1.63473839237458862250 
0.96642665018814155609 1.47677699069604040361 0.94270475413059706682 
0.24448956925007861440 1.77326768906740084297 0.76788269112696905250 
0.00509879454815136135 1.71268408886224432486 0.62149758835333646090 
1.11298629523461789503 1.73612980828586427329 1.15275637178994383447 
0.07396282019389015250 0.36938312912516185760 0.93337050343893035453 
-0.03649332518289791216 1.16496999376507526236 0.89858901909963062593 
0.86562811042019871532 0.92941430069580643902 0.42666745070735423440 
0.27308730854507656804 1.71300225810007522576 1.73651877763400319665 
-0.03709642820794946394 1.41414436819161504211 1.89384303272647058769 
1.28742471681602288491 0.87219497748328644882 0.11429220137641347976 
-0.34955050604215315291 1.60388758941960141158 2.01013671747174260673 
0.24448890235513834335 0.68713999828241434376 1.31219252809686315331 
0.20426135711385828841 1.65105824002768275527 0.30918467780249969667 
0.63791392477745600953 1.35812854916870162647 0.21742518160272117367 
0.30060591288748483851 1.77390920565414966781 0.27637793983972985812 
1.02975762152013849970 1.25850594609042176764 1.87389721579251156136 
0.62972085682111333949 0.45254622538810634902 1.37518975944340282602 
-0.14747023208136658678 0.06595243207804585284 0.16951322466797305588 
0.34110545808564662895 1.67143729083717529349 1.77608059100941861885 
1.27917994765597442530 0.84578512170586772623 0.90044071872654707356 
0.47425949074837231434 0.49150439461003175845 0.53452383059385155661 
1.15127174700156165166 1.57263954948226469810 1.32479958881193038422 
1.33944663010641584755 1.09548876462412936306 0.30850264311928105032 
0.43343319781347033892 0.54434812958053635512 1.88763643128092728496 
1.12483483767453962265 0.55287130747578794310 1.23703735980624096591 
0.54628259443703008902 0.88824493254545511256 1.43589301901563914932 
0.20046592912351160476 0.84534292283720557926 1.79836923953121119446 
-0.03909348892969756462 0.95146687519555062096 1.08373977816032551758 
-0.22973719877699100289 0.81940900497983448769 0.30268411911026688044 
1.36124474245609849987 0.72674017402917556741 0.82621890498489458654 
0.27291183253955747512 0.12509714138126851179 1.43467252518198074007 
-0.17632967133686627825 0.30421716497055290018 1.77502965062304651767 
0.86085418473259289751 1.61980125056536672368 0.73195057299053623012 
0.03870541597385822319 0.08619796625216465114 0.45239646469285887953 
0.53821433877909496957 0.05240519899204624382 0.01637399642206870121 
1.03839443638455941610 0.78359241972958859623 1.63083914729495216278 
0.05335578113882036982 -0.03884802854249606169 1.98611581421786009827 
0.85785889886306709862 1.43859102806296168531 1.67063452658927613648 
1.35619226897664924003 -0.07041892927410565994 1.20442306781254870884 
0.11860526007440093388 -0.03303592177868566737 0.87422189209513689878 
0.93186099401427335831 0.86369005129598985793 1.57445148698078152272 
1.31069717046653777537 0.37638686836169277239 0.82761452781415745239 
1.34065738532455203114 1.37328157636375225437 1.76076655937879955616 
0.60451245679910092790 -0.11006895082823053844 0.81560886971369928045 
1.39953110534149693933 1.14866221967508974622 0.17415342602315889153 
1.29044618741434313769 1.12683871797715329244 0.51776601661195797988 
1.55865940505110023295 0.99198886149380449684 0.55378971283806310844 
0.93999780263748078379 1.23737237904343744255 0.36326444300949417565 
0.87864913151778545330 0.92421046516287286288 0.21682950207897352946 
0.16053561743041680487 0.10114944331680852940 0.70355956572395128568 
0.14191959448020391443 1.11268681816933390216 0.76126640852991478425 
-0.25952280344049127869 1.74522461056987654437 1.76430934250120330375 
-0.01721988131748262985 1.50724283198151431939 1.52463547870110915916 
0.92110973777509763671 0.21894490391834861565 0.35538884895581496215 
0.62542970140575637750 0.43743408696466956620 0.23962650718482858547 
0.53582237388099973607 0.62068962111208336729 1.92516627751710989180 
0.36580403789755250310 1.56842526259137526878 0.57683157424572761851 
0.76049690979907913491 0.12819194347025328340 1.05883497983213925586 
1.19736390864119890409 0.36573215241147860599 0.17493372735702070186 
1.28754269002554710966 0.61957008292149085005 0.51777741232946239425 
1.34906018660332849279 1.77484396267744615194 1.85286140911485430749 
0.74452108667007976806 -0.14754240599521306621 1.38942492503783698865 
1.15653743144006049270 1.09135926192396492951 1.69816657222795286408 
0.37160282596041094294 0.94016309032753353492 0.26017618859514446417 
0.51720788663191819001 0.96032452312023397489 0.47797227508992290446 
1.37172658106751921281 1.53666017408126154287 0.65007310252009109508 
1.54669009710530147572 0.99239721536916780664 1.94301985554962630687 
0.85532697791788658837 0.36844513323660965654 0.45852793073932807122 
0.25520307840151901235 0.67050648607673013490 1.66371145091742289601 
0.45032601783235221005 1.53205874107944350904 1.91411733365721925537 
0.37165596564530356538 1.60426749625278008970 0.49450882932197792741 
0.97320729472635336688 0.63214631723611780512 1.61792307048977646033 
0.43754849450123922683 0.03699902077989222771 0.10215141495791590920 
0.33156237040039782116 1.39001869552324452961 0.00003952224892310105 
1.09944646694897807393 1.82669248755852442478 1.09623157666281390021 
1.28096327021959255354 1.69335287356013752813 0.34018292165694413720 
1.37852571324551642640 -0.05469142029583269615 0.09158854908108088333 
0.89200113718872053870 1.49434365629489329663 1.64521740914401082279 
1.63120825702552885161 1.44948831397058963688 1.37715606532730538980 
0.06931921069992272311 1.45193470541640445859 0.37960711587463075167 
0.59473362737914525766 -0.03081810113138202731 1.85114987379861717365 
0.79509770827040104901 0.78979577834548897464 0.24337437443295525941 
0.38087662317022957792 0.67150634545950005361 0.81602067637736364070 
0.48437319675088136295 1.41254008192301427904 1.06597980688637039570 
0.19810130961713365294 1.73276597352076944247 1.68448508161105836578 
0.38000684558088809739 1.49048650814641803208 0.71066545675635506285 
0.04732512522360699664 0.10077306898159062165 0.44598838389947653704 
-0.17363084830389177715 0.81317061981463156783 0.23048501072685925739 
0.41041937956595381243 0.90467786471609745735 0.97654316645587790902 
-0.11295510833318543609 0.98790636425250777375 1.17641843263397993802 
-0.05959647189510540455 0.66247187695940223939 1.09394475988274542111 
1.44598801115532626937 0.07548507611621066427 1.52621462329648327483 
0.03367463714246086287 1.31765585790192019111 1.89112114685681054205 
-0.19076005671337301073 0.35505084395883451664 1.70391317076781723117 
1.37405332751174524830 0.99604170928329993639 0.25995493218729326390 
0.55790694976907229119 -0.04198429893223182968 0.89968575549375118250 
0.86782552714817573492 1.45008281876196387650 1.63369942249519284339 
0.13013823461640888768 0.08703295073549291438 0.76667934788729064088 
0.20741976762022651393 0.16942268317350289708 0.71119549051356811820 
0.72639392981518102754 0.84233462780545464987 1.38771006206376124048 
1.58248235281468163649 0.56959628346257162868 2.00556558867869050289 
0.31364723525810334070 1.28812721058887524883 0.72309648017172811763 
0.63406262416369663093 0.04996077768281229764 0.77816815288170260168 
0.67580694995865808750 -0.11811927713759162728 1.49455471236697401416 
0.63750969685286817956 0.74298587687164496796 1.84674980607908056918 
0.43379017853800394544 -0.01108872521168363656 1.06082859877756119360 
1.36848145535391751970 0.70064531021946818701 1.81822791490279378479 
1.13580338670706826321 0.40937425435329388712 1.02662116137360825974 
1.17967705608765904834 0.18006121743135797275 1.38442582904580757663 
1.54498095266890467236 -0.11908598206027157240 1.42999537736920379061 
0.56484627925057273590 0.81924886208706759749 0.85567894083012951967 
1.06621197657558708372 1.57181915245383518887 1.51161042840394310716 
-0.12702148428821441462 -0.04908359932678864335 0.39233321106562474290 
-0.03677635840390038741 -0.11792563545123022073 0.57363758649200446982 
0.08715802507124753573 0.99112865602855648728 0.90933314216892568993 
-0.10519723320975715719 0.32128403952096368235 1.40097607807201640640 
1.47949122677879008059 0.41975270799842695491 0.58751537299524725366 
0.41289125352618177844 1.71959159158600494166 0.37612560103667108669 
1.35052992978129893231 0.73930946045042389425 0.82832645205843247194 
0.75572453650245718926 1.16332635123767991203 1.15271106179110094381 
1.27855717517450551135 0.84872517018852811077 0.16300288844897520280 
-0.31664184392686778313 0.29375733064363457325 0.22480416475989892233 
-0.28729922482825875907 0.25554317384070529551 1.21862351968809368152 
1.44016378053572258189 1.03593919238229914548 1.09811735165995827401 
0.73354897637974525448 1.15852201876982463524 1.12176681063892047518 
0.79870260821887839597 1.25595357050382427921 0.30230152782606833917 
0.11726027105098299486 0.56907179476255731476 1.45518785200822842185 
0.13347370683013501380 0.87199665324932451593 1.04002761132491272633 
-0.25712775594365666620 1.33115653981014547824 0.33526759312555393100 
1.35277438800241034400 1.66021251617855081228 1.41606770898185785335 
-0.27620452630039882269 1.83365524996832185423 0.37438510621593684702 
1.38102744767209917320 1.39297201887601684867 0.70341543852220034250 
0.13260552491595015145 1.11328877886165833466 1.47731517867002426492 
0.39827940094695579720 1.47115252868535972830 1.90989792272291958319 
0.63156145670883434562 1.41338917107343187141 0.47224459473590230107 
-0.05573331242410549391 1.78468645818819737769 1.13608369646398443820 
0.46846469357246162124 1.03293909666933614311 0.50154451930657617531 
0.33624154005176043469 1.74185627814205234998 0.82015758771123004056 
1.07553141379055272608 1.56894746246103178322 0.50051182439818364678 
1.37490299646796199085 0.67077751985227651588 0.40769057040708067685 
-0.03643252227368204421 0.36715287532621304623 0.41750696079764570978 
1.14971849200787956669 0.60961184094888842822 0.25918345919487478790 
0.67492844865325296588 1.25258050924286701289 1.18364234086157682491 
0.16357714913661070000 0.85711418583123744064 0.06150466243081635642 
0.23867558274220132541 0.64944023089256086578 0.60553417948058840814 
-0.29505858839541526661 1.12310356080051776395 1.01058862142182803723 
1.51816682784515255555 0.40559927117385174977 1.09462375291734681504 
0.19339492621585099852 1.33740469575257270307 1.22269499487761557077 
1.60264968307223432120 1.52917582741144975067 1.33611757696266120199 
0.73863321162103301454 1.35046552357875304651 0.36901557454498662425 
-0.14196578806901294367 0.41164699904990731394 0.73963164151387017498 
0.01644050388217540778 0.77640350356536014242 1.12323536090978493007 
-0.20565411718805795549 0.85037078474160332497 0.31419924405196930639 
1.07997558459916387363 1.47599823412202479922 0.06314431191230604479 
1.57554628921821104903 1.45863847318170081202 1.46560222784493343617 
1.24260511317458721692 0.78039589330335445982 1.77326435783082447806 
-0.36238738750545296252 -0.07163621237947474796 1.73579798534417473199 
0.20081219306632216992 0.21358278161572133436 1.33236417936894158132 
0.35827686646853457164 1.68187425602344764464 0.39420822485661805024 
-0.15942054093382515556 1.67007286242078101246 1.09721355146696764038 
0.96996834974638157512 1.46578119760826575124 0.49452422583429211933 
0.58419232919606978172 0.30474913267728864774 1.60969083234730314658 
-0.12984663482750891106 0.31161348677925682082 1.81397085587680773067 
-0.32773588674546616506 1.09700545623887535385 0.83216795122562592368 
0.49994671874444313042 0.55802805467305016673 1.94401812760406134117 
0.23440137867800311944 0.16537093500338981289 0.66915630517653146292 
1.40317570432290028570 0.86181095594067147481 1.32922733494389788689 
-0.32686467345147868224 0.59931293378373806657 0.07097785794251645908 
0.25321194327660967449 1.83751815924259664925 1.14696528523507046415 
1.40065597729308488617 1.81154488664898671857 1.89317006399546539086 
1.27239579498692068071 0.75667667248939873836 0.77888794099575953123 
0.34175167530487593481 0.08825996041159828165 1.42496353821851839960 
0.07616979068465305758 0.00944735222258548391 1.57575826260793072642 
-0.07912210619418091895 0.72781919988879884009 0.12669426238269160256 
1.16795102452053112252 0.85923211433366408762 0.76263828498730645844 
0.34148368076876822741 -0.13245947581803704796 0.95414651905558400813 
-0.24484941442653770927 0.87303766926344950061 1.45503908809330884111 
1.38137034096510968872 -0.07221542343758878546 1.04234603455663110694 
0.55690368484527474902 0.43405494488223994587 0.51176487387423963416 
1.47755694832148432027 0.06955255994870770953 0.54473150697273120535 
-0.13963519744145250212 0.42889671272056162366 0.73264663889363002003 
0.63753345361763169574 0.93624893012220711253 1.72104683642698086388 
-0.01077560991858652131 1.52944170645803767528 1.53970859877662857862 
0.95976467522809938426 0.12810907759943612749 1.37508186734250825722 
0.01463135936227874523 0.04543087747329863091 0.94211607700217658845 
0.29951142873067398975 0.16211266492847825615 1.60448732078805011980 
1.47747731287323480487 0.56832215866870838816 0.45570642254323634468 
0.47699369138197778017 0.60219861701810573074 0.42989787462890888259 
1.07509993651614732535 1.61785955436955353193 1.15209448350906407121 
1.10104277820785356745 1.00694045993282399465 0.85900662132858784936 
0.31800136831015179961 0.60843721193043920348 0.53615274814634583667 
-0.15234689053116104440 1.09381770523728882871 0.21738199615275655141 
-0.29555828371115244746 1.71633853414609549581 0.26375626832070059313 
-0.24541597324799005464 0.85290812825962647459 0.38031099712723759332 
1.20786456349522430820 1.67705573960726495031 0.63032715633986291515 
1.31535763562403751337 0.33147586489155528300 0.10359647573859669112 
0.36228545680218554592 0.93883929794026621529 1.22224137781186659168 
-0.20445944535716442658 -0.15281657566836298612 1.30755992767877504690 
1.47663201253904063925 0.56743664078976296938 1.45714958778618242086 
1.36868361252911396875 1.04862578119211069527 1.36763992471273776452 
0.95334382022023511638 0.69445547536901952590 1.11227444721985402332 
0.02985085029933484679 0.54139565025092140083 1.06824875770179539280 
1.47522638484483281651 -0.00132774151747337005 0.47369321025245680890 
0.11688941450998174831 1.43568545235350009115 1.29165385470591642658 
0.58217274950690789392 0.99189723777943528127 0.58687551111768943013 
1.20234863922652923662 1.25213575349035077799 1.29376028354875072246 
0.30954652274450916716 -0.10819687264415488170 1.08651645600748003595 
1.41258410318229099545 1.43348358819842180978 1.98782302178828973460 
0.82673397252746971819 1.21593358550473062962 1.84821174834494339478 
-0.15835700401164434781 1.76970678412021498183 0.65571026865468506895 
0.62476031148592425790 1.51593885157268282171 1.26965903661359647003 
1.01760106627030744164 0.93356699095506856523 0.57703984122832185921 
-0.23292563329567067543 0.26220347651919662102 1.75483311450631829231 
-0.12420193304633853071 0.52342090818153097498 1.82771715263040634980 
-0.03783104508704352581 1.61185786221275595409 0.06862190112719876445 
-0.31921615311983864149 0.10337698359616456778 1.94037983468842023527 
0.45974400934295284182 1.59792148619889862182 0.44310486101545298876 
1.23540807168400990079 0.87615009494887641228 1.97514259359062926968 
0.23747766735412634276 0.29594089893112618395 1.81091407691434325145 
0.30012322024338466964 0.30000084964081369376 0.74659824416839104533 
0.38614177314633596483 1.57382559078550432474 0.53084476893165855049 
0.49586026461936982823 1.20550114804429497894 1.12372860024252263500 
1.37242404571544951430 0.52773039702271717921 1.73720698853181909627 
1.16863663058579358989 1.36877388485443174382 0.96085829091467922503 
-0.32715281415908331608 1.61042257292442880789 1.18528713448406830544 
1.17628760204281079815 1.09840762153681592572 1.57801539525036327305 
1.52482966691532317860 0.04853880767390369999 1.57014442553941835357 
-0.05623423530766130662 1.53123330293371795463 0.97541047766993582702 
0.91518495651563058768 0.69725899809448121935 1.65375543954595993767 
0.22738836467984333001 1.34445289127061173851 0.15962689956230602384 
-0.04916680070664188051 0.90119701380880989916 1.12175764936121291626 
0.00454143110309693059 -0.09985382954509397502 1.58804210140138635232 
0.76344497556389789850 0.29428798441421938348 0.31139738505369618515 
1.49933149602728921224 0.95311049216218446389 0.95571705926275929421 
0.31159271070589372732 1.28296933403237800597 1.72026934626907901382 
0.96755418535443615813 1.37342853611638604505 0.88059659353330255183 
0.91963296963743634826 0.27989522250601250875 1.85526314417494453402 
0.71237163542447012876 0.74473860534378599763 1.79214970008699903126 
1.05664492233014817302 -0.14060858595229436263 1.63802879259925937561 
0.03494657467876775836 0.88593782217645700161 1.61647412493576880799 
0.61178894508331538304 0.60340361097188011108 1.98088037251241821934 
1.11742458055366444825 0.44814561304496192129 1.28900823785440787894 
0.72782813008741109595 0.33044810052627188179 0.63512211822652719917 
-0.00230494604889329088 0.03597787631633091177 0.96762552178351801668 
-0.23143579363444261032 1.62889774168408529853 0.02550508393794041415 
1.62816939342122024570 1.15975467495024164855 1.08424137172221191072 
0.30727570067074566618 1.18082326656093528072 1.25649021032578134260 
1.33506812047231826490 1.18996622169208521314 1.62145402404035010591 
0.05055013552217127448 1.14454719379099079113 0.41354086600053951983 
1.16711669252547234343 0.29584135530575689232 0.28898440451844259469 
1.32217154900589450861 0.09811694779989502124 0.35643520030727460224 
-0.28248329150463591386 1.20830493031218666466 1.17571839863116811564 
1.48801490443287875998 0.17976111835528849059 0.61387178002646536346 
0.04849561788452955852 -0.08640165138506934739 1.61717650293908210557 
0.21852391209506633052 0.35878670552188124399 0.14638347704993617815 
-0.23350568883787611862 0.37408114891244359512 1.49062065803713750256 
1.12869353106096403927 1.82490351206341716583 0.09859351199951743583 
0.04383129593484196701 1.06762135759026999260 0.89786137832248558155 
0.08851589687028348086 1.41870121737137999673 1.33792606577414319169 
1.27500451602311470900 1.79779043141913463799 1.22645531286714715158 
1.18988821359926366661 1.60845603019775085230 1.39601090974818164980 
0.91693809130348435943 0.02125080885494768854 1.38140598120160196238 
0.71582233305952724933 0.87278087870964526918 0.61249031447432822350 
-0.27320815056123026743 0.12440576654878984786 1.93057282413519315512 
0.19737221476703692424 0.27582287283382006526 1.27703804162394130017 
0.51968961591949447421 0.13509504607833741630 1.09200722301197017394 
0.59816804740724904832 1.78441681585839351243 0.84567364473625328269 
-0.28874041603186928473 1.72168839762152070527 0.26076734762262160361 
-0.12251908283056994753 1.12698957254957310425 1.29581240224630778179 
0.98289114640210695217 1.54134936374917508317 0.02450224828564746132 
1.59972081913661701158 1.22602069530139945464 0.12905443438359395780 
0.94503516159276046427 0.80059886471610886005 0.13757594254579985638 
1.32167583250894837832 0.79370340400614702858 0.85523324147751156321 
0.39723836721821681461 0.48822588358848756362 1.64986866023576461693 
0.37362246372559149155 0.44749358567379127205 1.73822753662918749740 
0.20655457618211267579 0.84578785869396433394 1.09292335892145442422 
-0.25567437967415163058 1.16273847107923677946 0.13976044827065797760 
1.07568820736868198118 0.41474013972554119034 0.35445629033738523805 
1.43010136075207894280 0.32118437705122049319 0.64689633743288199597 
-0.20540846359704920121 0.63007076013352969479 1.85199962877557111618 
-0.16246092675803805450 0.82302303700969858813 0.60552244005335054133 
-0.36126385128220966925 1.07283490333559861085 1.92412233415191447072 
0.55122622723819758583 0.96838040553068027716 0.51973181439517124325 
-0.13878253554705952122 1.37650505270574519123 0.46752310142743375154 
0.23799376017629300661 1.68333379042926090108 1.66392294213991798202 
0.88308138824344584172 1.02060831111318273123 1.30224328585309701012 
1.28037052003213602802 0.25154360466005626362 1.21872424139724988557 
1.60470519220571428143 1.12654437357459102920 1.68338029221189011686 
0.56048823639989797663 1.44629606865261117754 1.49641328029234910169 
