2.06104555420432866697 2.06271201515073832056 1.67117623217879862629 
1.30947220271877728948 0.42471111128385236055 0.94018283809021818698 
2.34391370039537871861 2.04356406216101493811 1.10520827755243900015 
1.33323547651937546199 0.64263101165156311101 1.78053245977702112590 
1.33094206022148853208 0.64427502076828324640 0.49221008603328364472 
1.74516186373991133429 0.88861967446835476991 0.60923313790616062668 
1.10497007219738252459 0.35557644749885120028 1.94676781942226662103 
1.97490902595517003881 0.60918725648844340714 2.11011720676226577353 
0.50738274250711890012 2.10141308679453731045 1.54545711241195982133 
1.94569343566677033230 1.04951729806143290169 1.49682209949219102718 
0.45668258296260855200 2.04853889795185262201 1.00592928974291928590 
1.11767803990397296410 0.85896174727690655093 0.70637640487944775014 
0.44043640453323879003 1.81087304991260888976 0.38160891353704984308 
0.95524774324080385934 0.98142839347933941152 1.55804001767088706742 
1.55811050998258404654 1.18962153888797805834 0.66963971597785942880 
1.76197240550132794290 1.19213778615490295643 1.17872210903797935977 
2.34379281638597758430 0.85773826526357621614 0.32378318411177242631 
2.35597351812515443115 1.57565356718535243274 1.66335557739606154648 
1.57909598837427189721 1.01087534640501153227 0.59681256092432888316 
1.41415949012665009832 0.98370410269259067615 0.38566503690448050712 
0.49966681039606242187 1.97504154330546621843 0.41821435058534478513 
2.41592933676179866254 0.89658801632638074341 1.38885750032307808688 
2.02775280208691066619 2.04215510069083894251 0.61891077639300473567 
0.85936323668046377122 2.07907001531289603591 0.26693460478113795187 
2.16276494841977928729 0.23270198816661918917 1.80055947345723321718 
1.87265496150810450970 1.50076724177087172940 0.53212052435801759920 
1.30489670275498359509 0.63992513021989161359 0.52582682562866167597 
0.58821080632500710728 2.08918334236521596736 1.89742485444295261310 
1.30705141440746475112 0.90666786133850407747 1.24064273619399534354 
0.84569534133348900351 0.45837002022517564503 0.63760670348835424281 
0.90545023458088369495 0.92252822268022505181 0.56095394162459011334 
0.93358210900578797453 1.52541736479300227280 1.52910354190732555857 
1.34744596653514014939 0.43389695673574008028 0.98750226012478958815 
0.84462098474693436678 1.93705148406692084784 0.58158110880341806759 
1.04997707818581309525 1.56689396932894675629 1.08695832356965538246 
2.24143880014984686611 1.17777721270206381377 0.41620416442254476452 
0.79438905943178983460 1.45399497767305407869 1.63938745848810829564 
2.08802449021944491747 1.57199745049633432536 0.21272540459497940590 
0.46601773813778146760 1.56005765876712154672 1.56057514251961415574 
2.33547091166686859864 0.38303738195909597941 1.06899519778480733834 
2.28382170548873864035 1.96899393309354375781 0.18755904645018509069 
1.58394188526135493156 1.12335694571048172463 0.98656973100617584294 
1.00580009821795912650 1.85311333854472204408 1.14129914279166766455 
1.89649225397241227853 1.52278340121440280974 1.90529478113766348457 
1.36518803477703110083 0.69875561564857657793 1.43691443282536601700 
0.92041401675841183483 1.55620690812351902821 0.92652760960954327896 
1.94677673551634677906 0.76923946793380326703 1.14137476112898972325 
1.99448200856167745521 1.49033837836340765648 1.98072295997966985048 
1.99877513323979849602 1.36887846212218766695 0.37577613681255062072 
1.11529166222767783800 1.21178816719975146476 0.42653964560821383545 
0.85915563147089524243 0.56285697077706053904 0.86710438871100570246 
1.98804128781797073700 1.44356361687532896987 0.92818668971294904235 
1.51306310574135127744 2.01062826275341244298 1.47271729356725011861 
1.34211273723473412112 2.00391690769023389507 2.06717231305181270429 
1.37348040809105476079 0.29833636309318400937 2.15598498696611873271 
2.38213758665973340811 1.61026833861894380640 1.90162205459140642994 
1.70314763016277992413 0.26197281271589278884 1.24950109372095874427 
2.29222329558172877029 2.19353711907949566751 0.37523061966817145008 
2.28853530432598351041 1.27567142285347667752 0.66386727872872053346 
0.90663575658675754632 2.04778251844887693167 0.47283271301362056471 
1.86026487426449826934 1.81637807177950394433 0.66237363702504159502 
1.59432803494918506892 1.37931248004119710870 1.62992773349183561749 
2.26187733059200590802 1.72692316576906579328 0.70193609493103781283 
1.60773069862585105128 1.66272792497493737685 2.05888076019454580035 
1.00955846872166699058 0.66083193188728861500 1.61220720069143719222 
0.73514487754694979316 0.75019697201915447327 1.23638201287447424548 
1.37093592467042713068 1.58318285885417742165 0.85510847733554773420 
1.34750312148207362917 0.57053807131296208066 1.66945927753027900664 
1.62273083609243173875 0.96975059548683606447 0.70037262880700812406 
1.42319817997642728002 2.02488388240109129512 0.39427149170706943249 
2.36335863596955197963 1.76924067567402909518 1.41331952531751836588 
1.95706908717063643444 0.66023286355209176435 1.11064992422727804033 
1.46239998384081837379 0.44150847205176646515 1.07493147914501907536 
1.19875074808049153496 1.18056304018831048630 0.61720579832067490322 
2.34239427918051479338 0.31683241422346286598 2.14757510230697867826 
1.50158940967819787282 0.92970454493192622447 0.43051630144893193730 
1.34347798125674855463 0.97063910749168080816 1.26504357913690124171 
1.79450471366807073892 0.93207775747123144949 0.48301450700906856106 
1.30743871443180359471 1.18603860176078890198 0.28442122179923051695 
1.32153227614388213418 0.40360181931613764439 1.79986063169604015854 
0.94977825569970375508 1.80982886145927346355 0.63968013407538348858 
0.83542809124147077160 0.92640766046451494820 1.53830405468227571220 
1.13819935950659112400 1.47353441170551757722 0.19993718553983733099 
0.53056946627098355851 0.78148888952783390760 0.88802645712824224145 
0.74621743104104476529 0.85095137193787784291 1.69907354707040525454 
0.48744258935585271786 1.98754590299919997598 1.43160769735946824532 
2.14280836425615950347 2.20106307062713524303 1.66413982596295406680 
1.50785950684444158831 1.68670454688626003659 0.94323210326648954105 
1.10377100390348359404 1.81183029366599179788 1.17892558407906467011 
1.40101559605052417012 1.38210948422785540046 0.66112107279956255912 
1.53620424208238848252 0.60465695566499011449 2.00741349173464067590 
1.31756772779400299633 0.76216850878375086431 0.82393455828061723523 
1.58014808086331348669 1.49934134544221708829 1.20209975616839948032 
1.67662941467248094440 2.21968841005391448462 1.96986888790382086434 
2.06442733026311486810 1.01592395482818909080 0.93343767633738949918 
1.76822052161318366004 1.96006181476265961550 1.54985118543107480704 
1.23478191222800504079 0.77102084541971505072 0.75206009343091984043 
2.37987883618053164270 1.73025350040651049177 1.44018085560022179870 
1.19005000992429676998 0.76873028064946280491 1.72156370235666078550 
2.10282634682347691069 0.64176324263882866816 1.25108030221010180227 
0.91275241052586897350 2.14995229050175895580 0.37179541431387413963 
0.71826128180017179137 1.40034139067562013459 0.33218436889238711629 
0.45984711081808682387 1.97526201445586147010 0.94100581783619963172 
2.12255522004700036831 1.77258439707591075596 1.64695432338201275257 
1.58219024218089998612 2.22345930793782908808 1.06140733199799153219 
2.15853237897023442216 0.35150780196681075118 0.22852326363303346324 
2.18785580388376210692 0.81278716548943819031 1.21616025617932344005 
1.84539020160315647701 1.07620344558562486270 0.26923179544144143494 
1.37150340964005357236 1.62390533028770800428 1.58480956336733913581 
1.10883406658111360876 0.59504249481688209489 1.46154053020064478297 
1.86394692563121688877 0.83948843285354035615 1.18292405281263679484 
2.14476164901860455458 0.36893357189750863867 0.94408073673471015752 
1.97350952356745557026 1.56772020649277288307 1.01732103612623236977 
0.75320538478528598070 1.72911663718219976715 1.88412099094745966177 
2.34304599909296218385 1.01033000476031697978 0.28833202594602419522 
0.65303831562685121792 1.26119397148729661673 1.73227828359943414327 
2.32738044365815754944 1.47555309662454181563 2.01026756792675831420 
1.62604255342659675954 2.01352436446178373330 0.69569309402828627409 
1.01456073411888603175 1.16007331341155639493 0.90265844101968184532 
2.32982284719543253360 1.52760764477815635942 1.84488896227928456106 
1.04887193174383752670 1.36454810472708198965 0.90132410804972618035 
1.33006836943413886409 2.01739838624532596967 1.20198606783492145667 
2.06183623307067742658 1.92911453278451627824 1.10079762690097693323 
1.87822383941817405706 2.11686279980567704229 1.10056869166006543459 
1.09884783010716580165 1.51076753619572068388 2.09830374985598266946 
0.68543073407831567323 0.92970384433110142552 1.57580679409158430637 
1.94339724191975249390 0.35017295315740432082 0.40239160681247593265 
1.98706666913125906682 1.77024817322516825335 1.63964080142577239840 
0.45626595157960864180 1.61488283175942881620 0.93820081933642063277 
0.70587640578113797218 0.37009119759242919967 0.34254903648185963672 
0.84902083868765898522 1.65642848589396551873 0.96308699166998312791 
1.09414320041473334122 2.03947081985488409828 0.71027178310976968323 
2.26914884369180835932 0.74992417073425665652 0.33967875692335536275 
0.78226103791591650172 0.26530926556859185661 0.80240693633371507065 
1.86194904382515136199 0.75511877602580534941 0.66783650786346115957 
2.19464982754169213308 1.41387712304591262047 1.92927104497341939116 
1.38106685955601982130 0.60108094093669772739 1.85727337188044994143 
0.45974314632048712825 0.48943716323363339882 1.58976879582049202000 
0.59628908527095170200 1.47241448424300203079 0.51908306430878714544 
1.68697541924863547713 1.30206840689793756916 1.22661193838065507578 
0.61079260663138601473 1.66530919987025605167 0.29403247934433768274 
1.34624557533923372432 1.12916177718026067289 0.45851699745464086222 
1.23453518613889334787 1.80899428167868592254 1.75757858578952097517 
1.45564099696787474514 0.59616837073731954177 1.47635871232583704149 
1.58200514984510975935 1.70607887200136487671 0.31957561400649731054 
1.82221617301924032617 1.99164365901210205223 1.50138897447142927177 
1.42353469943728372371 1.92525367030058780493 1.93484435405245513984 
2.28511797139138472801 1.44955317597924193684 0.82974198677794774870 
1.17915548491897981265 1.16682143590921416632 0.60815287083736979667 
0.94382223416658983517 2.05525002406059087434 2.10980423199306565962 
1.64808385391186251745 0.91214690331659875611 1.74091497894317681627 
2.30190908703655328083 2.18584834382548853782 0.34118008266230326342 
1.90730142217366371860 2.24366318566569278303 1.94910945203262730985 
0.63235433996671097656 2.16283783164533982557 1.83333002317294679884 
2.22055767634969614122 1.40946168421644824065 1.89164044670892605993 
0.82612751210303503324 1.48188503489356682152 1.63587753110703415516 
1.26220183639641336804 1.43964929652888518063 1.02670752568736856070 
1.78206908539503738886 0.73356725172447567740 2.17842411541769020999 
1.50353071571512963978 1.16664016625756872259 0.62053566217534994465 
0.80917260113718969539 1.99125665449194655388 0.39607334093861401580 
1.15757820440454728406 1.93007511857392688448 1.10252476304103796956 
0.84422239615308047878 1.97386664995225080688 0.52437959701362157894 
1.08169948328930054515 1.21271405805699328262 0.42239750857839380993 
0.46944152106106357136 0.42818817998472136210 1.62155585497232346270 
1.58545641975419804304 1.65742597173278527478 0.30956578639596882274 
2.28707221200119370508 0.86014116807202045667 0.89966662640509331705 
1.39348166739569823136 1.53015457098717133633 1.66077112259965842256 
1.59816578195897429637 2.02358440746563550405 0.56691732618475920713 
1.74286032565651471948 1.24387333721404536035 0.85217796647137089572 
1.30654005212744217523 0.42214476734202538433 0.94109700606590351857 
2.25605231387166904611 1.44911544744676756835 1.98211309632918952772 
1.32554720577989337826 2.20915527555070934085 1.51977378419429198786 
0.96610714287914334353 1.98806016435139754073 0.58327306928254418761 
0.86500178343080635912 2.09217922257757305005 1.22176349049531918212 
1.19512939111310823037 1.42610318786612588760 1.16407108539022918769 
2.10380835789031106486 0.98903697388482492148 0.88004823206485927045 
1.98462305386875681457 1.13580830346562189348 1.94194529728778353395 
1.10454860656411280040 2.10287951563208119765 0.70334150033541198432 
2.11684067940346798409 1.66314074039502024505 0.44689301946960235945 
0.95242712986249278284 1.45441416413309876354 0.89976214131612830549 
2.33847763642043871002 1.05864443696971832765 0.24395437358442118025 
2.38791159600856595091 0.53820636239841590509 1.59116226153232998008 
1.64932173630017619992 1.80854367939394311549 0.30286386218482408417 
0.81859004837362425722 0.72029470960747443709 1.75114948028679950909 
0.73175405039644603189 0.87495271505706306847 0.36933628304496546324 
1.33580561308857848068 0.28345909468176921919 2.17980583625171453477 
1.06084031126184608063 1.22817956747274115159 0.40989756453939585334 
1.67895524229273673811 1.44728651238365424447 0.40278609340248372472 
1.23430740364983493329 0.70082264181233200340 1.37084682776397759341 
1.71056665369402360888 1.32897031583471458838 1.27610497393383282017 
1.82948425228438815715 2.15645925064319321507 2.17187670063600135606 
0.61198564151490786323 0.61888405468882401461 1.02441331668841617564 
1.10695929680145899177 2.15893478739793875931 0.78445524968879654093 
2.06954380054096942487 2.11950650597320899848 1.87085753596379000818 
1.08266063225098596590 2.10937574391552118414 1.88577500829811972594 
0.86169799721703788098 1.00742617173228699023 0.37152827648103464719 
0.88452320864917322041 1.12805441730905364750 2.04465178132416802725 
0.90696495912639685244 0.57113764576508985193 0.98222926229617602001 
0.62087014635116477557 0.64960747433027798969 0.98234759512243285950 
0.58245972424948033730 2.12515321678701818442 1.95551946400046694485 
0.69708604921528816156 1.69708438653622528669 1.02860814314711457307 
0.78837070851178381314 1.91301316839557045135 1.29272151931860479479 
1.15536568646223591905 1.91847496945812778790 1.77136858487139869922 
1.44164423174821609841 0.58244998962045557711 1.94299698910874196756 
0.74490928096831421357 1.42431236177618125716 1.43828949198649969077 
0.60362022851077368202 2.09490219683321043931 0.84358045727893282706 
2.26526675244901065653 0.69143903668862516376 1.73872141097911137031 
2.25238372206790193886 1.96775938615951728750 1.02042122865977269441 
0.48255976963829977366 0.70005098073233229528 0.89660863055499884222 
1.46056153466415894471 0.58387213399510706768 1.96219921806519992380 
1.18752690537098892776 0.86301669353671428553 1.14477185157385008552 
1.62640881984617435840 0.65384731262076656311 0.98539261862180094198 
1.81702316216164483365 1.49080565753333771362 0.65288284890307357600 
1.84227472918235801735 0.28275292555914149917 1.37989324997317486243 
1.05715649164043767883 1.37641395371797803371 0.35683635603635738276 
1.10229228225698627774 0.52978571293457554781 1.21824360128291386829 
1.54852871501848521341 0.95298207762449926861 0.86859045178843319324 
1.82284687125254007967 1.44887379791761472525 0.76111287848123643229 
1.99871465937207926089 1.95412429720453562076 1.10520759444774907543 
0.74094583418746517989 0.72855872020950518397 0.81728053981832404773 
0.70133100642083612275 0.79590625730224773271 0.78921283274976972155 
1.58131540398241221546 0.71321958680791242013 0.91318861139429385876 
1.29006957986756676249 1.70146907936334068623 0.68514732350931994986 
0.55150329236484973983 2.18233146474060957232 1.65314736911489790216 
1.18177943569770160792 0.84552406331818563689 1.78216789301933209444 
1.94088550732280396005 1.53482428008695515054 0.95339602212527641001 
1.89940203492358072879 1.48926635107291516213 0.87606229910897037705 
0.88729260178516944357 1.58203413132535031238 1.91460383574939774221 
0.54219484937833273275 2.04391723832723215537 1.52335398375108610480 
0.45963134392974575038 2.16104821500790933442 0.53908818526107848967 
0.52577505423962878073 1.97496521480761488831 0.43384295845868775521 
1.85177793202768081748 1.17325840245073909074 0.30345669008212283746 
0.91164289157288402876 1.61045477029690653481 1.99164017892503730778 
2.39687551054534520034 1.42485180267981270674 2.11044683211493255826 
2.15473288383545247271 0.93583683148128826712 1.95452470885973927928 
2.38690422006008029499 0.26871845979175090768 1.66068344201803586024 
1.85764266019745583058 2.06162422638636311234 1.21086563613913655857 
1.44634478498130403246 1.62441625616154605716 1.50039155542541124966 
0.63267938037428295139 0.46103911992794033292 0.35759587624386807159 
1.29262156456374888158 1.98666011124812214028 2.08120030566594271804 
1.58475065296568384809 2.04089497314791890048 0.82145475321224015186 
0.82779790072400927237 1.25187392582588641332 1.90340482923893516976 
2.16211110047657850686 1.96774488726688745466 1.02146898184342083127 
1.90755327488742443265 1.12864286600900021185 0.37851203911680031400 
0.73032685066950187025 0.37484437818712712520 1.61817423407484062281 
1.43108855718882765906 0.54401260865162459623 0.53487944857082980743 
1.12358346219075189154 1.41338604857596106257 0.94130294610402365230 
0.45491504177815517140 1.97313149405468535313 0.38595440273457237712 
1.09883931573625392986 1.03872540773798793801 0.70160417649455142364 
2.33766644170897652799 0.62743938005235144750 1.81094664515076275713 
0.87072344405343826690 0.34997071403622642682 1.43209423934395885247 
1.29040022310034974140 1.16916641698201995148 1.51067108624595403121 
2.33747517591558118255 0.64869531842317695869 0.80060842631044615292 
1.52316886012347318946 1.04797629118673363280 0.56003580857925150394 
0.95373281092301209760 1.63373655236976667027 1.04530191578692632781 
0.86967656440876572876 1.78176608449571571846 0.68282565915157744652 
2.01807333348744410983 1.14324159543314229914 0.46260554439855933184 
0.57214332675128010131 0.98280474501813552823 1.88340212298972153881 
1.95143835100033657959 0.25253862342939970009 0.88832544192281714945 
2.18062399776505877469 0.34165669479885979465 0.20735380707289893798 
1.58267463974603139754 1.05756156607658535762 1.89319013143080905337 
2.22713832672865796880 0.30958843011208203588 1.20979035143012536579 
1.50297211493807369997 1.76907067520121485948 0.90085029476750555499 
1.22222682754275369099 0.69710615925431518303 1.36197364938417697644 
1.42301490863065493997 1.56787166821268519890 1.97533068920708543281 
2.11855258852450401008 1.39960244144118850507 0.28016904302868150811 
1.11791459090929912179 0.57656766937245729210 0.39315572760621186887 
1.90619368530938371187 1.49833176386746602660 0.49402596638429663312 
1.73830596891142241667 0.34843127322646222366 0.68778466479274025236 
2.14249613070802258363 1.16261530325639594885 0.67962235689581051989 
1.70665237003083247735 1.19992290948690571994 2.12087925651004738370 
1.28601463971928486885 1.69530439812791899890 1.52170258345848607995 
2.07901415336254746791 0.46183032087138392585 1.07490062961966370558 
1.17974480632877387620 0.27829113869906513257 0.28923000248272368040 
0.48119474328597433566 1.49922310283140358678 0.58179395344430839820 
2.14526483148872593176 0.34122405343308281900 0.90510702388077302061 
1.86246921907856122225 0.94169870616624729021 0.19220182051066561635 
2.34475081586512246190 1.08558698817004795067 1.40687096539448486254 
1.61979024624678458188 1.13039856733438992542 1.95462830384859742594 
0.94692137297038980748 2.17315390140804476360 1.42057026716554868351 
1.19183759838611535997 0.75008813981009336835 1.70442736240258763125 
1.04400606396983897106 1.46634026876757195268 0.96770060641680522018 
2.06091900450526832600 1.12849552365059202508 1.86008173844212842951 
1.90550591951005654501 1.86216806466646578322 0.63189350722053461151 
1.10715048400976368015 0.27389638956297684969 1.36187434796291073624 
1.85090452480091371967 0.52943804264129079584 1.72711721357206782201 
0.63479805017624979513 1.73606116195614590403 0.92843291119428328351 
2.34112160970424376671 2.12943175908330895041 1.38828069064365777763 
1.68402354680394861219 1.91050222957267434865 1.74170327369672395257 
2.31207985013142014452 1.17873215095185890355 1.26651944976612251814 
2.27024699565479082253 2.20989627332983706864 1.44274512564949564108 
0.86861887765880219092 2.20728947607313052970 0.30178230068768480132 
0.67770834661624013151 2.22391144354921177495 2.04859380591907447311 
2.02679253139949366869 0.86253929412443008928 1.11768089405580628437 
1.81800921693212336194 1.49064907262645363062 1.68976462244454395112 
0.68793854172266100111 1.43514491959752876760 0.54182675730305662753 
1.16282968772648409583 0.41597457854696195945 2.11624960204845669054 
1.59821929063468481935 1.02909810159265080465 0.76885272751972721927 
0.66406519836814459357 0.89108292253730236876 0.74663511746556443516 
2.09414929209397104870 0.55592613784200206606 0.33899231620381625740 
1.74230872015696491850 1.80486648275350725079 1.22132169718878502707 
1.59350299751600110731 1.61866065305573791910 1.11991413911799586600 
2.06662276796945665325 0.72438866236397581044 1.18118535384323775084 
0.50271731336158120840 1.44318460380125968001 1.11967827620511650721 
2.42186506165704207305 0.95315547724383697936 0.96507892725570154635 
1.60296541903923928096 0.55461317526279874102 0.18397911001596026215 
1.12271370038579587636 1.50231575446980736288 0.21061451390868554667 
1.56093044818332349344 1.56108293801888176056 1.42881388870142456149 
0.88943279005701880724 1.74270969088309901629 1.69449894904309394938 
1.62156244357008816337 2.20915319359228234930 1.78186249807456675853 
2.11501181882541455792 0.41071180256481309989 2.03372083868671893470 
1.94838884047895510854 0.39532671581964179408 0.42080800704291992931 
1.90838017769796919332 2.18222693026365677227 0.98568118678975968905 
0.61170804864074479479 0.65355439421868044558 0.97446695367439539748 
2.40900609827106793048 1.09882207892031980023 0.50751333095841544285 
2.38069151462740302705 1.51761015172782331994 0.64712935003402283218 
1.78753312309201373154 1.16107701453520939516 2.07891807938734096695 
1.77673995382424765310 0.30292204549797707713 0.34507484223586615268 
1.89310461043127253866 0.99648332007645368247 1.49761338561507351130 
1.13679748916846445894 0.91194319511606936057 1.05543907207174925134 
1.90852087166516981576 1.49250136463591154268 1.50194659280209275032 
2.37594275738512372698 1.67445853492347440650 0.47891248029933530805 
1.75935605265896177762 0.92389290869851947718 0.47984266303643247076 
1.58221845166318075826 1.88874322285018703127 1.86119059909760764526 
1.14173189899379079471 0.36923820697626369425 0.25933884806966833736 
1.66267008113192482632 1.38233590021192842556 0.25764550831005705867 
1.76033000602467981643 0.66996533478515507554 1.87100455879861327091 
2.15442803956096895490 1.95586486499931333505 1.83674660304811010469 
0.95582271592800449600 1.16237404700645430289 0.39501180520412554342 
1.10219335643686378035 1.44779925466366510278 0.30099136094269263175 
2.27031112026499837242 1.45532744971889438368 1.95577769914754306946 
1.91285088062396990694 1.98072558051288050152 1.14988371575521397538 
0.82366209457759553825 0.93275965147265837984 0.29510064246813794142 
0.51252035128026085520 1.88835687618410297262 0.88684317321789718491 
2.40693114812900788024 0.60900801106708157828 1.90743154130634029464 
1.90203197554712533091 0.48564652577333772276 0.90497077845567786003 
0.89118676654141071314 0.56540997444670682004 1.96622902031467039485 
0.90759981140218148887 0.72780684039627685511 2.14294718998852440350 
0.88430038106435637779 1.27123811823891408324 0.88847226803735768197 
1.09777242537016150870 0.98403799618223453116 1.97266088126568805983 
0.81729445735484895774 1.83624851136703703958 0.18309185685173196001 
0.59207782047128454384 2.07563477182807076815 0.60923576495957609822 
1.78716734156788925603 0.41374118314322716472 0.63375281194990962241 
2.10452691619941578693 0.64593717034741837679 1.54658997484532578781 
1.30072551171411987525 2.23169306879458906323 0.54452168843757453587 
0.77940903434951669393 1.96856716776846152328 1.51309738678503058473 
1.58482535163939552980 1.02025454256210856840 0.82755526757965025553 
1.54044287264090784539 1.69962580551177766530 1.37816315973971215136 
1.61600380538460530744 1.51013510660068006608 0.34713725667159189836 
1.35881692318802893560 0.63412529628770863965 0.80134702977201122120 
1.86486251193223373512 1.95168396524108422874 1.58336008517568371801 
1.24189726197083682990 1.96121698483461770479 1.08591360401440928385 
1.14762124780509688904 1.76927420772253674031 1.23952364882899823684 
1.10466941428778864243 1.77222445932842997962 0.62138588298862318382 
1.78014450793391776351 1.16748265160170938692 2.05335881107989681738 
0.74932853413355871020 1.82847829496014835371 1.76950492829191108335 
2.25885896939178421050 1.34434219270576860161 0.74887834217376214596 
0.45156336491930532118 0.70508304790027453990 1.41774650853952532970 
1.86717028125804640482 0.52447837152149856532 0.87766535748968443897 
0.83420311491080945121 2.00581753094895587353 0.43669335220366906070 
2.32245863434913957235 1.49193477597851575922 0.77947675721441189722 
0.59869700600236874788 0.48138169912453232513 1.43386613014744157546 
2.11092527321262934947 2.01883804844578129689 1.81833190365016794665 
1.60470736948853698323 1.52448996176785667167 1.38400552413457100798 
1.72403654444531917456 2.22526252942875846230 2.00307910821397028300 
0.88354171539275339065 1.17550589054420262514 1.98161747278665867356 
1.34198433727227794954 2.14670301461971879675 0.31065691801545558537 
1.68465530303984412086 0.26041693662698739420 1.22990271331899347906 
1.85202085699625285109 1.93891678426347668918 0.19505811567511913140 
0.87690653286376341047 1.07216681483237863404 1.34604914470302916563 
0.61897866174995364030 0.57595891407970134512 1.13190613877363843720 
0.82978952830843200061 1.85662457023348959062 0.18777085608799698457 
0.91270214081671585671 0.38504558433026914166 1.87639473596006078893 
1.98339440246347242791 1.77211813988975741552 1.14109173610279945876 
0.85578486572203549265 1.59702575104803101702 1.82660536064899758912 
2.14272690118224540257 1.68486078290591390072 0.47824550594823006522 
1.10229950510159846466 1.04823151067653919100 0.70401643384520906643 
1.42809505287464522105 0.44844958829280373580 2.05762503992551071264 
1.65950090505636915772 1.24191065138106049304 1.14429145139748511539 
1.14182012848449043751 1.16860570456937451489 0.73581941086561630794 
0.69995263575765775954 0.28877188602406356210 0.69801518228220293949 
0.58232671283880610424 2.00880938577442291759 1.86256392656997915580 
1.78699079678047167974 1.68677990621546158856 0.86727074320187458323 
1.98450910432108496018 0.57276213263116593222 2.09182384381892338965 
1.35762388250775845044 0.89665450698217863401 0.94844498559767786983 
0.78238088672963446157 0.65130326460864551574 0.89399776474956071937 
1.57970746972398523589 1.65566279716176656400 1.02613880543003732626 
0.70573444597178747184 0.88485525148787658178 1.42132984617625535151 
1.32789248304066132000 1.49313127217001984093 0.83617062090602878310 
1.36030202769966312992 1.60093641685383536455 0.65015206986598106376 
0.78163768231453045754 1.19953343856283978219 1.95823472069845672117 
1.12445730969063295568 0.97429481779734261604 1.93686348453407752856 
1.41914561838030306440 0.33963426578477168283 0.65070549069029137712 
2.16216560282577141550 1.37025470672093385716 0.87113265724479849172 
0.56788022614520838882 0.69512887711230930687 1.93768528357184122157 
1.96630347718430287252 1.59160968886474374351 2.04831313242591850354 
2.30309733303886821076 1.48352648882972748545 0.87990897916795607347 
0.81830459400788579938 1.83876736422458808562 1.69852806134848144382 
1.62123130438393836528 1.40499751410054996015 0.22431814231179680874 
2.11259033791309525085 0.36642219200874304175 0.94255206522330392538 
1.59348990790607869528 1.64637222359296031549 1.30733381239989743250 
2.04817078065091706662 2.08075652595633142639 0.93245735365953008600 
0.51463492450252890098 0.81757700012062184403 1.39984754943035616392 
1.59646261799978805840 1.04716612114694584967 0.79931312229443163275 
2.22142133421642506974 1.43566545921942156916 1.05740247589575364628 
1.78148487122441312458 0.93405936120837651515 1.41802429587858647153 
1.32523570875718843531 0.93418203103964458922 2.03740002308832224287 
0.51733527468952511530 1.76106140751703876823 0.90245993004021707318 
1.40568296110217749728 0.41118455599226821917 1.06305943896792154391 
1.97047087621147776204 0.78996472334886180811 1.64890276509568334262 
1.16954786171108837678 0.64914859023160320639 1.52248631364935116395 
0.52985241466025179147 2.06181373417104341073 1.53114563648711787813 
0.86667951204156123968 0.52982576080835308563 1.84169493551198204528 
1.49496929065269590353 0.33747067241894612710 1.14074860428992463923 
1.57374317513339923025 0.92196185260896112990 0.83366713878395592996 
1.86483159088582906016 1.53399448636424784453 1.85602968626487641046 
2.00949271968479825645 0.87567179824810192912 2.13180085532760088540 
1.56083820715712762173 1.01127100282312509805 1.58010071571368526655 
1.53958624223991291657 0.50082248636220161320 1.10853249198078263049 
1.40858694871841527707 2.09742869781218210790 0.43229330888327044402 
2.25015152269496976345 0.86135134122950496316 1.89482435760126444180 
2.38586832437263529627 0.49278388777731174653 1.97991323929361651146 
1.68539336264147698863 0.91578164704983622268 1.50995096846925225265 
0.50191770476756369934 1.16672660602979494371 1.62334176683194830737 
1.96176122163926569542 0.67008312420348425942 1.63252958983688367667 
1.84862995855464107287 1.82842742365931854032 1.16630136048661481318 
0.46921557236848787653 1.78765200432288673404 1.40254494595775902610 
0.94217906226305536688 0.84860002601886219686 0.61972730282588694983 
2.15716388720699470127 0.71076058390174212676 0.26127780683132934003 
1.36100280372725235267 1.50440925623373678022 1.97680433885387829562 
1.04210241121540936327 1.27045096457029393910 0.87298317466419006472 
2.30471394666559703523 1.28802742752066423648 0.66525175410624870498 
2.24833044478240351438 0.77097932244852918071 0.78219249944458824064 
2.28083176611970550596 0.79750806146821540121 0.83477767086338006131 
1.02517980480358161799 1.24798200767735889549 1.89495259928153036988 
2.32162505277181363539 2.19993660793626721883 1.51185679863718291926 
0.80248510462392996789 0.71535243911766388525 1.14056855141615831606 
1.53944582150564768241 1.75022668613266274562 0.91637933039982877315 
1.34350112258243870045 2.04675976629609968072 0.19033548410507161730 
2.37174704781531797693 1.65629487136884701037 0.50252266017022129141 
1.49766187812396611712 0.72033992973291993689 0.38014179482943510902 
1.59867814663704677081 2.08481137071061262134 1.74630360564395870071 
2.06218388388023221580 1.03012222253747465217 1.66130550106038676894 
0.86358180855142041565 1.18981184694910591126 0.30401589955578123270 
1.72530373754147259291 1.72893432783723799417 2.15348577307336208619 
1.99104937314170005180 1.86375234476837392528 2.15448849598302771824 
1.00218748875323937497 1.38013156955177418439 1.39829109142680807487 
1.97779372702650424465 0.47517347557363220911 0.97897623711982340033 
2.34214831321568706102 0.51582682764267517861 0.70975691194645040838 
1.19011787647035194304 0.92283937046048569730 0.91933432002469328559 
0.61036006320522095958 2.03119345909654969162 0.57551196894618272815 
1.87353487712526645126 2.13187913157891584248 2.10295093277627520578 
0.63318893624263727915 0.36901268941492487707 1.59261418275059862815 
1.79519509736721771809 1.18945173328564912651 1.98153520662269988506 
1.30271788185829495710 2.19791116310791778687 1.42327608153278695191 
2.26877289617563349111 1.40846587290720659524 2.12003299182704862957 
1.54645473224289586867 1.27642612305024316655 0.65190318505726063680 
1.82786237892976433095 0.41263729270424076567 1.77843210160880982329 
0.95694213650845416641 0.82675854125694803187 1.64249224534607085602 
0.52849442284600356423 1.85739046500227855674 1.39757241891511241327 
1.46273962804136736793 1.12336117402057023007 2.10925152115413272469 
1.00305343739362928801 0.65675892835905380629 1.12839356025442327791 
1.81407733170873641804 0.42281633366124199425 0.55026196863354648325 
0.98217197402041611642 1.48892008796289587735 0.94227167404400513639 
2.02311938452296713464 0.82218300829168000643 1.66138501012080119779 
1.51349368230219227804 1.84734616453837174888 0.38075499854338507033 
0.89793560014416495818 0.94122669957251525741 1.55358225069086741676 
2.24559886877159176066 0.39716892001147929836 0.93966501801449842102 
0.61840005021704758104 2.20077726267933559967 0.73439600938156957000 
0.50079341180056835547 2.09303172993472719199 2.01999749185891941394 
1.53411033401408625210 2.19721087792324221155 0.63808377930535320477 
2.37678166289562575741 1.08744970712616684239 0.45734028684656724550 
0.98451054406186244705 1.20661507708408621831 1.91958183074938215640 
2.33571768910414201414 2.03081847671972415270 2.11312462618806184977 
1.76499023586322900670 1.72814150600085336684 1.10125748912497112286 
1.00608484923949093037 1.33450032731491230464 1.90547229478505153466 
1.66111347879111215242 1.25212136971415821662 2.17155382003371100197 
1.64784646701340498076 1.44845550534166145340 0.30982385573054815886 
1.99664673733692610291 1.39562159501508809001 1.39670733599961049975 
1.21916700487980134149 1.40584308184718542734 1.90531976324733820505 
0.54822382407901992796 2.11181224341499085284 0.58722424586996724294 
0.51346808843737379302 0.37935937728216423404 1.61796598814052106086 
0.86332244298372939895 1.57291818636815383670 1.81724752971862391071 
1.49205954866968037997 2.20939611666090085507 1.09685770418522965386 
0.71105697384654698023 1.96688849461241299643 0.54714636155031859399 
1.39339958250561268827 0.62190111831173022772 0.85580688618614442209 
1.66831081629072630612 1.31657240092160887635 1.22245018122962179064 
1.35644944671817313520 1.02880455914732960032 1.20113349796281831949 
2.10500265539426489880 1.51034658301592306096 1.10549105198595731814 
0.86236473452611905888 1.06050686263580562496 0.19604797910070112521 
0.70385549223497090310 0.65034693231051210471 1.03967958681575245450 
0.99843846910680678075 2.10412019065047184441 0.51314533874356482723 
2.06279643108911647786 0.74213030527414303172 0.62807769576871341766 
1.96737550930896176737 0.55660736671497534900 0.54034727808123050874 
0.58584465187513112827 1.00057300067656806952 0.85405563740511325488 
1.73927283043953084807 0.67807781583584669782 1.11135563678688908951 
0.90076649104170125604 0.92182431885234406010 1.17882298438646460070 
1.53975402775543934730 2.11679388161858961226 0.60012128279105547701 
1.97937742551514173073 1.08500464643011773624 0.48281404693738949607 
0.58217292350192395567 1.51397090620502816627 1.17299311718732557352 
0.74211545396131550767 1.81103689076687990323 0.77857620377937963863 
1.50206781868130301305 1.39268278768205755469 1.14179910753776159282 
2.23235621927421146182 1.42012728016990674718 0.88316513616282277255 
1.31869202938120166912 0.41858037959014982032 1.81985946050276004016 
1.00988331148345999999 2.13254801076267019866 1.96846213145869231020 
2.04342696325436756766 2.07500898807237632582 0.61656666498408441157 
2.29443069497742735408 0.36112627070269087692 1.09419527570626007318 
0.75167896318344873396 1.85945289549826120457 0.72153808730734481092 
1.80151987201422980611 0.94604613212423571689 0.34164310224421035045 
0.81101054951342388399 1.85243117065885343209 1.69307344266663761800 
2.16430994660421882614 1.41022592917982358962 1.94151898096652741899 
1.83925224272651832713 0.48255257990488231723 1.70978191501496179505 
1.04978885518485109962 1.15517016744537714956 1.47612590891583383979 
2.06393097648743584216 1.90926425836988955531 1.69070859061581368898 
1.90172797817659144926 1.05907248132017817177 0.42064086761902036438 
2.10445392571905420809 0.80099217075198914095 1.69308272360811362667 
0.86244168949566857307 0.52615907428438413174 1.75355360094058410070 
0.49186752195785127251 0.44337749889456784524 0.57824868406284324340 
0.76500159498194508778 1.44394830811203145338 1.56916134099050363915 
1.46992224353714218132 0.96635584443860811366 1.44644484412514495730 
0.49225076804749529069 2.16203809273216496223 2.09163790812640204564 
0.98133681816305162737 1.60881725368876393745 1.56159417424620583503 
2.36272445763892235959 1.36723346410073176571 1.68865151588051265463 
1.22667768358876427826 1.39577492484365417447 1.17457715201948231787 
1.73522875739390092242 1.27487221710956832865 0.80927961378595902886 
2.41068422743757881932 1.69357830030685252432 1.89908278518629991538 
1.91817207679983581237 0.86385799177287481143 1.15645268126902700523 
2.07175207298560337676 1.13061628642007239165 0.52176272264437828508 
2.02468584477144064593 1.33874939486719846116 0.36959742726451827455 
1.22259901761769618211 0.85004553875799260254 0.82061992585248899612 
0.91175207138342384550 0.54044850724957083088 1.62466052707621777529 
1.36830179193678258542 1.20625083136799826633 0.18655315094104968354 
1.11235309660440662149 1.80886910955003021861 1.66586376874899899647 
1.03401588826940926680 0.90290380723564978016 2.11337291992617126724 
1.91120181135454725307 1.95747785067876201026 0.58247848265068036255 
1.61981514531388337552 0.60954340592734790327 2.09116675852058131468 
2.09556688513564237653 1.60713610085862490529 0.28122818817827699434 
2.38382261013244800552 1.04934045058122360494 1.10889054352418647831 
2.07402488526391959311 1.58436971239535751010 0.37476865783800877852 
1.35834421827826168361 1.06498197395319205150 0.34276250685378378824 
0.96856689508706028668 1.80955557907383379757 1.14089207875139631021 
1.75681631848115227257 0.92319637511757302040 0.46220844883599976338 
2.18022801804299382056 2.22382451555523807940 1.62303265277464614513 
0.62241947848083489792 1.08965550636936336915 1.82894280049947099975 
1.77789876576143401898 1.81714110709921938813 0.18605263450700168515 
0.59241432636788415866 1.03704476614343810148 0.86801311309328088583 
2.02645351451959365718 1.57188263708162079269 1.08110581021154783521 
2.11549945391550098250 2.00721591174447233641 0.94841738582765078291 
1.31019188983905121582 0.83224204027523462912 1.30897514333675135667 
2.03939268240164262025 0.90207087569210364641 0.66040409376438813371 
0.98664694191471358220 1.18545140776711321884 1.42168455237797441981 
1.70807992154061882850 0.29695952458402208318 1.72678312828455227113 
1.14514170195508957484 1.17412458786690576673 1.50426062310786523568 
2.17891592329634464775 0.72401382648981671419 0.66273388313682324302 
1.23864338997028955447 1.80637994159753900725 0.74440340389409487276 
2.07465339889707989229 1.23123445799897868191 1.85473632505639751678 
0.50288995113216750088 1.44311457306845558612 2.13522775137506570786 
1.28847084093268304805 1.37518449928156938356 1.14885486832458161288 
0.74465989875078519855 0.65595004030717862786 1.02932222769954084818 
0.54175233900370489692 0.53071303954183246532 1.06213355603975290187 
1.63526428758252184714 1.94208131110892634474 0.44374770597862417398 
2.09686150116729308479 2.13144768233445880412 1.72331051664080359132 
1.16461804801262425180 1.97407599290542701276 2.02392016536697116891 
1.81158144885582039763 0.86837333295213525730 1.24449477805218711168 
0.68328994280371690984 0.34541749178013225752 0.27262638004846745376 
2.02232876683257600803 2.06347264407404873410 2.00552700359380420281 
2.12323744969299532670 0.36111179658570802253 1.95241760193270996737 
0.82041127211805209285 1.87421271562530833421 0.65216066027717578546 
0.94140611321437239756 0.33395440673649962049 0.87962677941893407940 
1.74484629669543611641 1.21547994090122957189 0.89688834988740639975 
0.86971641774585506379 1.00606077142706262784 1.41745504699100832724 
1.49417536592184618804 1.95583739948864798741 0.90120233480836531292 
0.90388639819581650947 1.64810289759535244514 0.65883833020347692955 
0.81973277233521546492 1.77796789803328691981 0.72663619375344745688 
2.34240039479932304900 1.31395327121411042981 1.16425829822475179753 
0.91167811166450551941 0.86121854521613250277 1.62470145058978632235 
1.35693033621534309141 0.42809719520049083208 1.73830958325681450560 
1.10482841158400435511 1.70307991934296354408 0.55197806880771072002 
1.85293180588271799714 1.47862372231214633800 1.82162235084081469694 
0.67266784529147694016 0.81915694451912224316 1.81178481525889334414 
2.07348390295109208381 0.57808253012465316001 0.18781957286573583432 
0.76060981494184154439 0.72870248514245905547 1.18842136750318783101 
2.29762213668271053635 1.89638155403414998545 1.90964534652260464753 
1.73261396975751091887 0.79033087425640069501 1.76158192872622887393 
2.06446401809327495513 1.04775125249637723890 1.90353953121963637152 
1.50076507269179870718 0.85903412906647480529 0.88810460205969188330 
1.96828519073716234900 1.00774378075896842155 1.05308605386274267701 
0.89097107500321026663 0.42920302060641030151 0.83903826289455973875 
1.97695179495018980020 0.33912110936485367896 1.91514969996755168857 
0.76469200985824559158 1.27326284188932348229 0.24723578399657544780 
1.45976331847304074962 1.04612341588187929275 1.50467616993061903408 
1.84508285489505685639 2.04046845543120358712 1.42642452375583284052 
1.38242103349764655640 1.99297652000610647782 2.01068654421015891032 
0.98263381951526107549 1.91583959651908997124 1.63831958992927595453 
2.34811666762158388622 2.19141527467355379244 1.21671665421971808563 
0.85873910982446000073 0.43298031355117361230 1.79771234854229700062 
1.23784889851703661101 1.81811067067420184529 0.27603306984827086223 
1.78229902252888905423 1.40835671303372289564 0.73084899027178140685 
2.06329436336381721873 0.74006866218598654772 0.62696917434584142903 
1.85837939325688328296 2.17372212565593869726 2.05597499909564396248 
1.86248113452601371520 1.72931332898163470091 1.70678678372095005145 
1.80688290335627965710 1.47632502514883245937 0.58499634354274376857 
1.82140299478645117937 1.45849330617880790228 0.75049554150209318859 
0.87961772168548879591 1.60431503619371818026 0.91557027897300835573 
1.35094779858708724518 0.35659676257909445063 0.71160727714691796031 
1.23647990292148501901 1.72267534983600167919 1.64081489923669909814 
1.94379053850601080100 1.25769266890331254949 1.91266586671526783725 
0.82843846291950440364 0.66921986761238594354 0.76241469371203596239 
2.16731276959903951251 0.92791603539874956130 1.94284795572526380880 
1.34691895485649348885 1.52827135385718104743 0.79356858724541090577 
0.56454429493793223394 0.95422163662280390373 1.88103667620287695605 
0.53935289931482321979 0.55662686732168997761 0.42646108067630306149 
1.27429273958906508213 1.20853993008477034188 0.31113649299658202585 
1.83288895989506173123 2.02584881377005343595 1.43071833747349863586 
1.67727575306493736917 1.35176026534986370997 1.26141353823933455303 
1.76177599941237272851 0.65075694455227750534 0.90507929868333825141 
2.30287132432933949744 0.69690478956433066227 0.78120158347880630512 
1.37541465250074312898 1.21778515648577601027 0.59682422729675366213 
0.94976354777405991303 0.66107170235530698932 1.10023596572688964201 
1.77006734491333084236 0.39069333549949786244 1.49728205352737231415 
2.10630924474896641385 2.03698878892310819566 1.87399987969111658792 
1.26354939684865841265 0.87522851708810867066 0.19393898616654325906 
1.59425179646784753729 0.51259238532740880601 0.20185570790521226159 
1.44238039330867096055 0.28899498306408283321 1.13971295569219033261 
0.74209541977272464042 1.70380088656168471317 0.97787595622296019648 
1.49311512704474669277 1.40813715675360873192 1.62826468323078521472 
1.38384491470665693669 0.60662630251585836216 1.52603124648041554856 
1.10854811302463995837 1.55115975686309925941 0.25796243862849987938 
1.49280106788268307483 1.00962424195691236051 1.97826320095306718017 
2.38604816376854511617 0.30700371657477326659 1.13352382911818017064 
1.90199790000526114397 1.99499939752431898476 0.54448728898512210872 
2.05392388099648126598 1.26325836486615639132 0.86173868668568909257 
2.18136079881016353710 1.81940492898733352511 1.72906196985937965493 
2.02013557589177139562 1.69084714184004436532 1.14847186107225218699 
1.50743147088118667476 1.84397285853370651587 0.38090861099188322303 
0.74287790777435558365 0.28944978157052420054 0.73929654474383321716 
1.49490934139100173361 0.29787187253322211511 1.64662181325420187150 
1.90569139099783479985 1.58085087615415331719 0.58757649487400909205 
1.02401419166230112090 0.67012803385007213564 2.15996525599003685869 
1.09864390644146792120 2.00150162424961663987 2.02326783379592312073 
1.26233382162837814988 1.85695492247769666783 0.26415060970344189650 
2.34503117794242754712 0.97078551222986908531 0.29477159715330708556 
1.84286986322516033177 0.45094118677767131009 1.58419910349454995391 
1.58484921153422009255 0.69711430132057250475 1.34176155363351523597 
2.40756078734385514650 0.72730860109734141172 0.87438759662198861644 
1.86345448697528559556 1.00561755020474041800 1.43905342888944631774 
1.42115904623780919813 0.81309025079637065048 1.90691776790504485817 
2.20199302952365449926 1.76150557170476740332 1.68846250083094484573 
1.38108946188012815526 0.94017994547804240035 2.00492449753753065878 
1.00796681406425836514 2.08071585376383261234 2.02000018532452552122 
0.84286291557702108790 1.92374659656022450882 0.59746742565045318774 
1.10017067269416268793 1.00093914435949549180 0.91728388267972227332 
0.72937737680478054170 1.92695727138378125609 1.67828220085604740142 
1.97109786963651645308 2.20037597352108482696 0.92702071631533344842 
2.07246987854701814058 1.84646992534635279171 1.15631296697608254576 
2.05220299892724433732 1.17405865189604052823 0.85076654140553886752 
0.58338117797948829679 0.33582212874397365798 1.17961056679830722516 
0.54088518433594046098 0.43242737560901334248 2.14984996852321241789 
1.10934346002325012748 0.95587167133846284717 0.99527345921521259697 
0.45825620463885330391 0.92918153403317227390 1.40505341529624172558 
0.43320727621518684280 1.65579485420126970574 0.88749629509876737377 
1.05381266997854905476 2.15529360226060706651 1.90136644458093617693 
1.95264967293988522812 2.20561530689530815863 1.95453829124421130103 
2.26114686127359165724 1.35694727521880253995 1.17673825643204477132 
1.50162953051175707131 1.20229722571969710465 0.62979937550089237774 
1.07684013168110004344 1.06464749351928444909 0.60613397261985868525 
1.46222079062468646171 0.60876694322089597300 1.46078420938356123848 
1.63818421045631978927 1.20557585062061423109 1.08257614951121983182 
2.11693906829229216982 1.30570431716280288548 0.84577063160509224904 
1.35448045812540174282 1.57441512880264489205 1.74047808456293573443 
0.69560058362496268725 1.94417483472535401745 1.70178503523812030274 
1.07267989700403365561 1.37417132650125073390 0.34679067596309071098 
1.81477002467520742712 0.44239225377935381678 0.64774480830715386315 
1.14696780965143774189 0.35762810549486950817 1.27527080803079950755 
2.38504704698988634348 1.49077132791953359536 2.04001407124992173436 
2.35719769079195051731 0.62324109175960928919 1.84363415874867930810 
2.41358817731311425803 1.85797744475170278911 0.37135606654939157245 
1.10216113369241841546 1.75145559682512597099 0.18807483356883739067 
0.84062942833119980168 0.85976745500094386987 0.20911014088850982118 
1.70125632358043410441 1.77589738393035734276 0.21900786279502892917 
1.34247195822109488539 2.04255767748734928801 0.19699423670277801945 
1.13145824716785736719 1.69088193582089019174 1.53644434613152158775 
2.29772844701476053331 1.14157933434906988523 0.37286693249316188448 
0.80457920945685124092 1.45656212652682937048 1.56280250526469610683 
2.38358532199516348626 1.40911334035212942872 1.10120096049340010502 
2.13893241514513432477 1.90724043451838176644 2.14506152437599872940 
1.49031296617731334742 0.79571894995965553044 1.90319573615272119582 
0.63615855735970139317 1.50171808177959720254 1.34033284022868603991 
0.89407470481818163144 1.27217489248349591158 1.90692823859319093849 
2.00188654572685509336 0.37519499525124128114 0.38125280803540623209 
1.79747476702572162033 2.20689600202683733343 1.19181369891290200869 
1.51348437933603663375 1.32168679867587957055 2.16101036025032211541 
1.98112349854115921133 2.18551608601707547663 0.44126235057730073263 
1.62055857929799218553 1.84359577766924909170 0.84260922791590120440 
2.32604464982870595691 2.16941881770583311351 0.42989220340069544957 
1.68135011618817742374 1.83612927451461316330 0.29791156853578870667 
1.36406485877084793223 0.97650512010092116455 1.05568849708942225085 
1.17387772651838417914 1.69417404403676941094 1.50903033374866257788 
1.66546889180738499903 2.23822408220557900194 1.06520748294737876982 
1.20513108025477122531 1.34611640150944023020 0.82330075405679037370 
1.78629934249066413265 0.92884649604342128804 0.48548767402142151139 
1.55016106277161180849 0.57786643137750470789 0.37662659474516274605 
1.14696652273349952722 0.29257254836228663297 0.86183053159815914412 
1.30075191567536796455 2.20639047466472026926 0.35193943812644268299 
2.09887617009060445383 2.22941776242660605334 0.79581705057433316242 
1.85648469868684329320 0.53275048984807515939 1.87201282909391331089 
1.16616418754983075523 0.40977790417182019533 2.07500912473913601275 
0.61409868687204227644 1.60535297103638696647 2.17917505219147944473 
0.57340164649793712304 0.41423513664585726035 0.54675367239802163954 
2.33348208970208270685 1.12339104568773451298 0.45384961233453763318 
2.34364591573143599135 0.78090925390773835435 1.37267596931040136710 
2.06257742922556852605 2.12290207442830469731 0.86423528325224918678 
2.27734903033891278312 1.68020288478754320494 1.63728892418128268993 
1.89229357650713536643 1.15167381665607271302 0.97919584084383071154 
1.65495762766931475696 1.77659125964784947449 1.28759824001446054886 
2.37200124270406442761 0.57844517167028941529 0.54402144415810338440 
1.76488938636348358102 1.18652554180055624933 1.16991505839623455287 
1.33550960998812073832 0.98043073747089781733 1.15032365581628370776 
2.26707869073476109278 1.71852209230563190978 0.44849545825751802042 
1.55352925419803300500 1.88950887221922414483 0.86271398261745868563 
0.85453629388914531528 1.08834774658407873460 0.18993456561890548207 
1.93010634484550624990 0.81883783136483023757 0.63043664111331709776 
1.55280269611258603391 1.58340625755166164446 0.40709285313326198930 
0.82236905979939467493 0.43104342834324549383 1.63042429818366918504 
1.42324856344348416037 2.23467374140103380853 0.58503543557755000037 
0.91762420767271124511 0.96239784142736151118 1.15190275668286679078 
0.91338210252817075840 1.54967528848670910158 0.91077529627379216759 
2.39001031669628094534 1.85921279852138243704 1.38102359404776686702 
1.12824741176017528943 1.42935439682273113249 1.28324848942200064883 
1.72817329143359521559 0.31297739403071206388 1.32715615234286699042 
1.29480860532052854950 1.86194865903214434866 0.84874924470696766488 
0.69584132399519871282 1.44719339664531254641 1.42519288870408011860 
1.91605305400444669850 1.77747293662969640948 1.66365040232172400891 
1.17317242932432064251 1.88060194656050838624 0.74602807924338454537 
1.76102844982523798478 0.39992773808124987278 0.57399225040541990150 
0.43471585173345211883 1.48478074047222041720 2.06171656168795225383 
2.23090911587257556548 1.90577484201902280780 0.85754381657524514360 
0.66593617726983866945 1.41620514043975087581 0.27385241726647124860 
1.09548175749503418075 0.55154899696525849784 1.39895614421872171995 
1.89899528624195412796 2.03363554795567003097 1.14418350172848382051 
1.53580118949745836332 0.93362117766245100725 0.45268564741943390084 
0.74934753750158866747 1.78005935990383612477 1.20281175469057943772 
1.79140738776925734221 1.27614899858272567990 1.87120576316633502323 
0.55644780087543832536 0.94533109817718918855 0.87346306778736604315 
1.68639279347010795362 1.19483191990436288243 1.08618270655409210335 
1.95513013097835908205 0.96254194986006380574 2.11585171248493431051 
0.90203795686524068653 1.04643174257411875061 0.40825317110628384087 
1.53859749568912862472 2.09040151559269515857 0.57109620699350549522 
0.70110466123403469840 0.37167952674536730573 0.33815729346477912953 
0.78219729046253361204 1.72919084861924043928 1.10119065907330426768 
2.23384338194319109760 0.38282479498665733519 2.08388366890532017450 
1.01763626403753826288 2.04491355327903123751 1.03016170684478591824 
1.46167244076481295245 1.68641624983744331523 1.92883417929612877018 
1.70764932934239732631 1.32081324991234039246 0.73513663029355991174 
1.88014503995147652660 0.96711031513838741080 0.50566434349697075845 
2.40581071501279586400 0.32807508131936735651 1.66555721265849898671 
1.69973794279778878114 0.25246678595435023684 0.74737163766482173077 
1.83788842210908387464 1.93784280060024260983 0.58121941662929099692 
1.29821419071866883677 0.82814795960835030364 0.28410236555888296328 
1.98601515672026573966 1.21403538019684442695 0.89420307588259517750 
1.82690305412858089440 0.88559553040305050153 1.23772210110449032427 
2.10433057940021805976 0.41061835114173722561 0.26652802812543779920 
0.51582663169026088390 0.30267658152008602990 1.14678924245276014915 
0.93471537638529611502 0.51122967904427452090 0.54911316995512193806 
0.74586841657929803251 1.32676497425866779523 1.29413645191624326891 
0.58835619352662527071 0.81637829578374199180 0.86043015430750269257 
0.59073880897881070329 0.67216311519942539832 1.34593462308014810702 
1.02270525223371744339 1.95823550207322716332 1.64892562680611076686 
1.84802666608432408779 1.90842883424076026344 0.18692084573143166737 
2.22180310386590518235 1.88756197176507467539 0.20540047017084675507 
1.05692852943332882276 1.89849782289515389699 0.65801274947485588473 
0.42251615392497271495 1.04351411448499797885 2.10664165232264899430 
2.34244358389691775812 2.18745352607918830401 0.21461882971447998614 
1.36567296664010928708 1.08920228300671451116 1.21381690655025131775 
1.25120903507041436598 1.90677301704181401121 1.87958871071683475407 
1.14456487061708855890 0.69035297711606835591 1.25839379376686100187 
0.87136279033264152361 0.48647237272555821086 1.82654575683024411603 
1.11192914276340482083 0.82020704154955526022 1.14868205060929895467 
0.76308790585957009256 1.79697860615577975629 1.78556718404201442141 
0.53978982969992561625 0.25847086432554189361 1.14478396914897295744 
0.68004467617065489371 1.44510371538412774051 0.51485313642942054368 
0.78425436697510841899 1.69181675822667876297 0.93361042701725038828 
1.02577078371332164330 2.02906193958918645848 1.62185122268574377635 
2.07365613709718132895 1.61676123589485376542 1.20268892098925150869 
1.77266394618292122409 1.16534332724133560255 1.10756416838349625031 
1.97285530109314688474 0.50118667613390499582 1.49672534227825870801 
0.52760468150908312879 1.59367839018755796943 1.46401499773440257890 
1.10766283691759492847 1.91441395979161965712 2.12610808981561882902 
1.64065606240219863388 1.37137498944308933169 0.22359526423557754549 
1.22016530827533253856 2.23177206209817580174 1.59760250906254497316 
1.16251204366936145007 1.30243174121899829565 1.83582614501468466273 
1.31195351022337480806 0.28755645166940024815 1.17510349625018939435 
1.78273235149071140881 1.32681041501677854377 1.82046709494428049503 
0.94233570091855056727 1.07258564986896098858 0.43990569398046441840 
0.90308254576239344047 1.52765421318377669913 0.55152133068381947734 
1.15815675056071820670 1.89050336569312316115 1.75389622383600518596 
1.54226855976838450601 0.41941473594764300259 1.15714106252417603393 
2.32631851005092782358 0.46109216504459193953 1.79711620584055564720 
1.09496864417305128647 0.36982767271301880685 0.94288854820997525241 
0.92474472732549450882 1.61965982534214081312 2.01986212078912430457 
1.78289837292823394321 0.37072870052261736040 1.45377672441457206354 
1.09975009920898614268 2.20655587353806881268 1.82511231421644981587 
1.11224147356677605103 1.42369324935590468861 0.95577193797886583759 
0.81166086244876223255 0.40926554665479097928 0.53148580636164666213 
1.54396919369717178228 0.39464041805195260171 2.17875479351571366138 
0.48926723927657705948 1.10275450968993027345 1.06950095458095995049 
0.83292941010166532401 1.65465143903665490299 1.85483354587921378531 
0.61172086660736946229 1.04959236070620232084 1.82541115732236547409 
1.75700330703084861561 1.80715701890475388680 0.19533568751210800274 
1.10491028797973500630 0.36214461907835265864 1.95297804892048043612 
0.92740037059299551547 1.10994782213068932109 2.02337461043479960310 
1.84832005298960688755 2.09630925885620023053 0.20464012015863952687 
1.86134567403247319639 1.01289373277488481406 1.42296965880923664827 
1.42556848269564473419 1.97545503166131686257 0.37597919119596662219 
1.54359585324012194008 1.56171298736719865730 1.10146728232453527951 
2.04107791582814490638 2.12404106031061834514 0.90287476561028168209 
1.46135757622932227484 1.08953923168147626122 1.54829434262961829205 
0.62140003204160609851 0.36709585932059796143 1.22490404888956949669 
2.18310779655143827327 1.72809201187545724565 0.33857383705671856289 
0.79263542326082914169 1.44024313059708930496 1.50309896664145759004 
0.96639575266966570855 1.22382984059626509499 0.90403800752365737203 
1.12278641051556937747 0.79201274671145882600 0.67337250441166751624 
0.47621192367367615184 1.47833965910659714815 2.09771326903394106367 
0.85012539235074213728 0.26192651199063438083 1.36421767684170225365 
1.41937174784066311162 2.01237940914840596207 1.39740947911542012783 
1.10480921588101210773 2.07938158244071935599 0.83504732457917474342 
1.17077474187315511145 1.45606876127661855058 1.05952113358912947128 
1.57354183415609694130 2.12865009761274581734 1.94802605530561345759 
0.56004478208944219464 1.59560278848506653659 1.06431380162840705239 
1.84174105948247790465 1.54003768490769465949 1.74808377142471726984 
2.38600894909090044393 1.95247666605756564628 1.96114682829924191765 
2.10037069749252047757 1.09607063808166693697 1.74174443976709492077 
0.94574729873343676978 1.23481589502234845313 0.90580557717573939591 
1.70609466065462656026 0.65332603201773653545 1.05957496821309904433 
1.24250702652275268889 1.19519755482212164388 0.39315124130916501155 
0.75051158382247884493 0.25233971964700441237 1.27294531065931315617 
2.38946918276414566051 0.60968508666109422212 1.50297994571237003569 
0.77704834620245522014 0.35980562759526069083 1.42341005674284848403 
1.97036966731597251723 0.60769556831438409361 1.08978469861749616143 
1.90122236431407554136 0.52578175354796230501 0.94105155205761714665 
1.90245266201229057401 0.51832150727383929922 1.95043802895403883824 
0.54135986243533595896 1.04914638647762870072 1.97884764879898478185 
1.83893762959805839863 2.05479917261901823267 1.30434086989863362582 
0.88615672975751125229 1.76893331556722044340 2.14031686317796987495 
0.82232770958456680166 1.42086754338855092428 1.46080489515747768969 
1.60271864991378021337 1.09420616481386967500 1.89942543414862807793 
2.09732264096078369064 0.29512721520100976269 1.89466670685907279115 
0.85362224412485376845 0.45488167955561997768 0.59255634723531513952 
1.43482711470955393018 1.89124068558520086469 0.90066468379947428602 
0.55280386390080793468 1.61223488692156191604 0.40176123298742827394 
0.67845190472911931501 1.27334492791977194059 0.73343137665902979894 
2.18508201965485993057 1.75931904041446207643 0.29587193144034507064 
1.96141157807730714957 2.19794250329599005767 1.95002398185224401495 
2.17339920174919765117 0.76491154031849628581 0.70160903910632455016 
2.24027761510855905058 0.75725033377827721814 1.77603797108946648287 
1.34443305854087591378 0.99848873197443810401 0.20547697778029166971 
1.96087143394540741603 1.00148575090945812782 0.54370158305321292236 
0.51960370797002775056 1.16681818217320554254 1.09279082967550911221 
1.88656514205281289343 1.21903202726977322179 1.93877693222310654164 
1.83500376878401172398 0.57435034165597753653 1.82320992761893885259 
1.48460683272389082354 1.04118858352666099343 1.00062239090173799028 
1.05008289849822156192 1.13909225938850466875 1.49166220464041354710 
1.74612940327903487514 0.89323377982116303198 0.35753271869360064850 
1.58379856177912126114 1.58758672174311832315 1.14528954008123373676 
1.17606343254969258894 1.96709875338805328937 1.02328175553182321167 
2.19658986366628461440 1.76161723762867650223 0.30977306288390227262 
1.86368851310242233943 1.52341011737652265445 0.57969124266668070611 
1.41798047420941952801 1.80714798355863281998 0.38250336183479699548 
2.16134298550465198119 1.44827219732901291138 1.03485199338281175230 
0.56930265818927694443 0.78322284967192601357 1.38579298307583198557 
2.13870103368568820201 0.84785380679908517454 0.73795144151547809042 
2.41198461457234003547 1.16617825206086567214 1.14603713522263017666 
0.78196416298809090506 0.64649389104381993487 1.99470745112673930599 
0.43236129234300463287 1.97689732139515816911 1.97336436600938047725 
1.65355868677172024306 0.84678453431582589861 0.37474490845705588082 
0.57434321926153408810 2.16970066588813503827 1.01181745585080484773 
0.93955031378387598995 0.61240521572211314982 1.05778219276998686205 
0.85773502568374959676 0.49037259444498576544 0.74456225339682280406 
1.01314002830331406635 0.33853106731191962009 1.92292696719080158374 
2.02264735637636983157 1.08856049765194828893 1.53783342530059941033 
2.14743669878704013243 1.33689506456607509755 0.29519343250517793287 
0.46112501379433890047 1.52070153792027706885 1.59987519348869478009 
0.89169689839189880676 1.69272684730859102054 2.07485003681961721611 
0.77822039304285117733 0.64717190286617198858 0.96139224113746080125 
1.08830447433507337962 1.98665669116535625882 2.05471973730897339294 
2.18228525782871951577 1.96914448109812201260 1.98097321321882202660 
0.70245120475431876983 1.42058744851108231799 1.60315538905076504506 
1.65651957087681367398 0.77859281378188827105 0.83060888904336493965 
1.54295918214423921633 0.33919952882632281588 2.17914569348620279499 
1.09269940820216038269 0.44145161321499343243 2.05170729751448943645 
1.31997735969164664560 1.34380634960471412320 2.17782292862621629226 
1.05522836510501361040 1.01822328475781165302 1.98292844781401234044 
2.24796825798650035111 0.91189135379826280481 1.14141985701437542744 
1.97392260794077967212 0.52560882696103594647 2.03828761369227784428 
1.52090002535001511674 1.79586746631080740322 1.38840571818658276015 
1.59127531103519870292 1.46185528232261763293 1.22006602682192344389 
1.62152504099083039080 1.76818368173352125083 0.30198478132907136118 
2.11416767037984687505 2.01944008400445573770 0.90454421111292682145 
0.47323651544392325574 0.39666592089549029820 1.63420115405033361533 
2.15231065813844901768 0.93489248235677602228 1.90431880338924086615 
2.11464929838334647627 1.49157265431204866246 1.21160374191584740977 
1.26968745729087606477 1.23175505178243627213 0.28908974939188442077 
1.14014175109140381004 0.65051346103680474098 0.27014624771250467239 
1.10498910092676339012 0.54155340509713789654 0.22390828170254090113 
1.27279912181619159206 0.84350123396000997733 1.87735774805479138649 
0.48959258945396078033 0.96787621593461448111 1.45081783824060694954 
2.09984071832030405602 2.03869305835439895702 1.90763588658733818093 
1.15823391982547163614 1.96827640390972891105 2.04057258853544798427 
2.40189181455902556195 1.09616317475211433319 2.13910677422009642967 
1.24833012630418571653 1.70189273439499011431 1.51133849449793089548 
0.69879330854675159035 0.83681774651623019867 0.34435098512950323979 
2.09801533537009410324 0.57461151265961218915 0.27168037776187953236 
1.35195655214023657820 0.44419038343002598124 1.98690233017888240319 
1.34043495292180558920 1.74904404497304866162 0.41274617431087851083 
2.14042959868197790740 1.17527053400527470295 0.49189829044829080917 
2.33920530049459207689 2.07954664322992499592 0.14706805155170146748 
0.77985157952954053950 1.37078062252554788714 0.74646528404992240624 
0.90046988551070605844 2.03562641575136815675 2.17929373988387276029 
0.48079564660646062491 1.05002736390713713455 2.04519552191283349174 
1.72197548678565048874 0.65656274697396022066 1.03556839227818597848 
1.43042012608771940130 0.44630963257674788336 2.06180052959597182038 
1.52408364781215910355 1.09660570531784062887 1.61859673778227630692 
2.02118979068869641935 1.41003951259978310695 1.93939485012127676988 
1.62918750271969603460 0.44260244955546851342 1.39928730148218249951 
2.25143037507042054202 0.36180668600026832937 2.12853250650738523575 
0.88462343568871082411 0.58031984447276274697 0.96368753272790175224 
1.83128853066600005839 0.25865551578199735827 1.87138745648107329700 
1.73105397328005761182 1.26819832283119349192 0.81207074051637095913 
1.14640008095018108847 0.81834416069820725692 0.70873687242295513311 
1.77800253832985988289 0.92969975128071435932 1.47814568357796205511 
2.38282135375191517213 0.85083078079781770953 1.92311574837386412007 
1.32895613875320228736 1.77958676569009277557 1.39535479413101493051 
2.14418656173546784416 1.69107082638895245275 0.50047469381028963920 
1.60983730122955681630 1.10645834487173844174 0.79160838897450169771 
1.09638609902125572226 1.09007059319886456805 1.82714176338746270289 
1.63739923725998148818 0.72565914807990550273 1.90461389629983379734 
2.02053350382942031871 0.43632978519295384512 0.38624265497498455613 
1.19134301983568291483 0.65064451610909346257 1.51355423884380946298 
0.60663614055253523016 0.73685756704118199334 0.33491724736364880677 
0.99169646377653175584 1.00670757727276094506 2.06209848714713617213 
2.17588684408185351060 0.69009917964177647232 0.31257201357881631010 
2.05376387296065621157 2.02646739062521907826 0.66299033287691688798 
2.38001054344167561894 1.49211607733479323379 1.67662512068107649732 
2.13273701060559561782 0.95386125150269762685 0.90188398223649257623 
1.90208442605388516888 1.61104776238411684375 0.61947796816173950063 
0.66424474468877658939 1.97960443603760083420 1.54238505250587509821 
1.89492484027823171466 2.11960248047059973686 1.07148549128622194715 
1.21845097810034452834 0.68452981355970954347 0.62432238816174390195 
1.82200542366306716957 1.11990483828369824515 1.17989369029924739962 
1.45766520196331117454 0.77061822148141589928 0.38137462106908015524 
1.33412534388948000874 0.89715864752071428079 0.27762203828056736254 
0.86105875865565439931 1.51946564823125651600 0.77737212502886643417 
2.21043020010843482837 0.67923130431345413172 0.62262817015877780502 
1.37167651646464294757 1.87485182269738182015 1.90697370192491244545 
1.17857621450061311741 1.68934134100996979910 1.46838601365306287150 
0.48938794542015862099 0.78402640108348520265 0.38157798116006658162 
1.71597647535872432911 1.22093858120167375603 2.16959343017792560815 
0.75584514951189119003 0.35642571590734817288 0.38398260033346287567 
2.13914435337627395484 0.70460287825199541256 1.25955036818521159958 
1.06185584475121697068 1.24400666703972273552 0.86167974538869951395 
1.45052731785150967880 2.02372261790439278428 1.98930634303304954003 
2.05537689589197958284 0.68607435816613260293 0.59212008008620986566 
1.37445122607485958888 1.01538996986799978650 0.33657293574904068034 
1.39885678066323748681 0.29622947687472944711 1.13946319010171159825 
2.19061149122801790412 0.89579546926509767690 1.88426883833226699316 
1.87520848928418271129 1.19357570941924340246 1.96354811094710668407 
2.36001045239868645353 2.24670950173536576600 0.58081896735533444787 
1.85250412018067778241 2.02502590931892001436 1.22759321554450395730 
2.34058561314562973976 2.08669431835629604066 0.19834719403157352602 
1.06222697776821517479 1.48892628602970655827 2.02124047155563690836 
2.06179319052047693717 2.12398398024369416959 1.60487248009407568183 
1.08999340359634255826 0.46796737265133486749 2.09219631726218580070 
2.21108209544073464059 1.34387676545195544620 0.22335242532904855950 
1.84964670037361722521 1.45817634666207096572 0.80252512680012533242 
0.47115380778391813266 2.02735649663058348224 0.42785658977809865045 
1.55402438322908764690 1.26477522901554517709 0.65565147401553069972 
0.62530654140467989421 0.60897586281178306411 1.06103464323820695370 
1.77510234007469791528 0.68919649972403507210 1.11105971472000875089 
0.82840463503698291703 1.84197652601973449471 0.67464484713462546939 
1.02057232711116485646 1.98215726607741005161 1.08179182371209625657 
0.82134500814912458910 0.42657844091562135969 0.58419828398650741619 
1.05545171818453931145 0.44671669897774474167 2.02148465856258674478 
1.11570809292127837153 0.40273166662553189221 2.00807208892718414006 
0.54453320706996943823 1.57079059517079988595 2.08872362871990935318 
1.53499538110685174175 1.59456653845438678374 1.05453092614436960694 
1.26391191895240750931 1.82294987060604785079 0.78643890124540449804 
0.95255649998583402649 1.19224200005673131031 0.92710058051197785645 
1.86225261153736609820 0.92928296982908575874 0.54122831235854906851 
1.59118561622719245641 1.18281556456517256137 0.70705548870747780832 
1.38725979691448353393 2.08115690590631263746 1.39656647555404966887 
2.01751866304755989034 0.29036821227860803996 0.37146291926990582244 
2.39338241489997738398 1.38595176855730639609 1.11850309418918048010 
0.78331037986728235811 0.39512186223528089624 1.65085815817075576284 
1.07802726108512580971 1.65675636699282669007 1.18884492159867272143 
2.38736053948956206128 1.94677284829839503111 0.35247333030536986964 
1.81370048144864748352 2.17903926176653195412 1.17983434773446083099 
1.11073679724678675562 1.95801150026218007127 2.08045025668408456454 
2.15833960346064035463 0.40742927969568359936 2.08694139776024956134 
0.83804225040844670946 1.16111444064641466944 1.26323216543880700868 
2.06466602598248361033 1.01672884971308885582 0.66280659763446414523 
