1.45674376147957351790 1.15046371775589895137 0.69355196732151758177 
2.05496185907043305008 1.30569331506610564198 1.99281072405206360898 
2.18849479593619911100 2.09437594992441811215 1.32424463199488595677 
2.06310300221740705595 1.46394118279960161466 1.86439361762935629230 
1.11135807398728236883 0.77806280533961325041 1.80165272979849944157 
2.13235234029587106264 0.36471370818808512837 0.42463045671248661472 
2.58911625321480887152 1.04191064351893669659 0.44492395343098201099 
1.44492742335585777624 1.16021938192191131911 0.25370432608601162228 
2.36859893127097542731 0.21665684515859301440 1.06429396086807059874 
2.58664626865905322717 1.25911379391580791065 2.04645499448909395923 
0.85257466540742443684 1.08680515144132527894 0.85275896095043290934 
1.46103487026014211558 2.02401917336453385232 0.64613259526765587371 
2.70603604901569561036 0.84852071363810588345 1.20747227138554569237 
1.39387445146913857563 0.16525023299694263645 0.38772400728707495654 
2.66388400918759593594 2.13116586483592040935 0.60510597406296973144 
2.59158440388687028033 1.76945493213275883981 0.73105808793838145121 
1.76265211701472845895 1.44044637821709398118 0.72564321136038678617 
1.09171699038139036197 0.79720653073919700571 1.55508483002524711125 
1.30951247439121365446 1.95335097953535408166 0.35364259581876800187 
1.06678351978214003282 1.44801885740697322547 0.85756602090539690852 
1.74598133437787961242 1.12775215182305421635 1.68312574187733221542 
1.46768763788364386969 0.60468287475695159383 1.04610514463279957731 
1.33263408580309850038 1.80560586351521679127 0.70188946019067088855 
2.25582631824880497362 0.72323491216053847896 0.45455262683817332370 
1.15055750031226100560 1.25084462698755394250 1.44711041332980605567 
0.83522635734676609065 1.98698290184281178838 1.52805909562680253266 
1.98162699880333570412 0.54697490991107677871 1.84397459538104491195 
2.67368974562285854901 1.04889097794569008393 1.08213896140607723773 
2.35176808167384310266 1.27300209229404104327 1.56556426568877937733 
2.25155665457052922562 0.77615521535780085394 1.60783317878525644495 
2.12017047243366008047 1.76971664959408792051 1.80784151197449460824 
2.52688064616814456187 1.95999339376518810774 1.33801976722541748899 
2.62541043419563413508 1.14454316729838345701 1.57087841099254155175 
1.46941611089423229686 0.84908870426801141829 1.49677355476583051619 
1.46910286912522902725 0.46909227254550395214 1.15442281616601682970 
2.63345142868980541806 0.30251591880379868904 0.36571854258270919402 
2.60339253963734940100 2.16259905394873142015 0.21043003531647561100 
1.53859982679717122167 0.57848142949838998739 1.56821915047576787572 
2.49813230596471846923 1.78756621826774120265 0.96785243977791279857 
0.99287050179902347491 1.11055102421743767671 0.80553202903205411989 
2.78320147794914340977 0.36695873585124250127 0.21933765787164213878 
2.73928696585716435763 1.17921659410042378724 1.35007454151584771473 
2.54271177923864044601 1.94530878541478791099 1.08849049345875981132 
2.72060945801294318258 0.40551992716441698228 1.71948848355423855594 
1.28883722147467416619 1.50867793404696581838 0.73306411902761225985 
1.59033245409439083495 0.68732863780933151077 1.20591101347324802795 
1.75154334450620119412 0.19159290126305877910 1.63322681720461404531 
1.27065560007397260200 1.72688830219007050104 0.56662894811426045560 
1.87446432348525982015 1.28595631750454719722 1.66773849562433329474 
1.21847305496575653017 1.77778456417964636493 1.03807291423341929715 
2.43786723950602812749 1.23064536473375740755 2.04524712632850613758 
2.47069378249529636449 2.11987687916679323763 0.68571865122796038516 
2.37343009606412636003 0.25409736945615168935 0.80386703284643834522 
1.08276080598445867409 0.85862414275376286454 1.87822755867091872872 
2.22194913900115142980 1.52778985131178268730 1.34877411266169655590 
1.72748528405713908107 1.95707455509671923721 0.47004349808212153583 
2.15965637155235423705 1.35184278965785265036 1.76267097103880021614 
2.62583660398568374816 0.44677445761073125707 2.00716930697510287374 
1.97112436087563303033 1.60792532334059834476 0.72427170804900464773 
1.94964148188807850914 0.91604739795591294538 1.66538604408313561933 
1.62695897236829467580 2.07295036226788464973 0.53112891079830093499 
2.35480555439993333167 0.50660111738422397565 1.02617193450739097038 
1.97219261259697020705 2.04798048716163227922 1.28503635990224940322 
0.96531706386194848779 0.43312874704341386423 1.08563525128734306158 
2.06921204548349502161 1.20334483453307172773 1.74506519748664690184 
0.94357473216914711234 0.90344513129824011166 1.28143794479141859277 
2.39468515723762243042 1.81374337185855427634 0.17414491213742447351 
1.78185952353550192129 0.46892636449356417394 1.51874993424584969759 
2.35861217083083651858 1.33080614862906898566 0.24511074941222349421 
1.26569938816883675869 0.33534174843505720753 0.64171507974356356563 
2.31074705918630929347 1.28582864725509393722 1.92276146322932017796 
2.29652493743567243101 1.83951977727245052918 0.70081835614485055164 
2.20419747384484265851 0.53213406528084639113 0.20109963146120801714 
1.26296422042245604089 0.60244820657577402567 1.23758437403286070122 
1.80628540935561643366 0.47823778145543632823 1.85361947450714170671 
1.68110585391699274282 2.14007412208092961947 0.24926808919297568923 
2.45091776123049909231 0.57768276308422161769 0.67713517448001026011 
1.38645328892647845542 2.03588265332961348975 0.96779471800170024931 
1.26932994728170034371 1.96205742099897761932 1.01861326398078122502 
1.37372076182635427521 1.56777443340453204179 1.36697074346291258529 
2.04360923432623797780 1.61327363906862930598 0.97414143078850323754 
2.02014414017924526235 1.97369471015580755235 0.36625226699132773511 
2.74723084517589688502 1.24955099464490348993 1.41685700580023432593 
1.40370874211128482401 1.47157990233395397084 0.43923327157552682909 
1.54595737514416420311 1.16457315404761252431 0.52317074788643735950 
1.24330067357398665884 0.92503775659480680371 1.75437062922792486042 
0.98735929155204982255 0.93897698588366851347 1.36349372118612399696 
1.25067637651875274152 1.28366546118250735020 1.61331040244243628656 
1.21108972342975018677 2.14854788572559707305 1.20563800542870303012 
1.90760322556202788213 2.16229867189970814678 1.79683455423561366793 
1.04839178690458179055 1.51966622004802198731 0.63710466628241180231 
2.51080677370438953844 1.16110236547380396566 0.50033675825669543524 
0.87104276533539948257 0.95736111287435687878 1.99864054691793513463 
1.31040808330727487352 0.87555094479899653326 1.37014149259340234366 
1.46249717056358963241 0.84473090117917326580 1.03432757372163930398 
1.99382475818874094209 1.20711703367580591717 1.46634898488016318652 
2.08018944593714749658 0.28080637955740883616 1.44809023392883529091 
1.79511092579465647567 1.12541668810542305756 1.35527092938401638733 
2.72133036603724765001 0.45113483443368335157 0.57809489006827985413 
1.48119002425009482771 0.81311187166047249608 0.98987186371062585444 
1.67458328012668444806 2.05006319106716272671 1.60683416510136489741 
2.74096239301953570333 1.10861602468094622154 0.27996857089147142439 
1.92675437346281963613 1.79895381979666080241 0.71909712725878038864 
0.94644864367244918579 1.14247533873841300434 2.06745776926998825473 
1.10078057184157307447 0.47364923092192023901 0.89495097083370467317 
0.90994670861716309140 1.83842907429983326573 1.43086603125360256605 
1.53322542483019619297 1.50465345094257663128 1.28797618902676314079 
2.07755593437748986574 1.48708793885462586815 1.59203578723885308399 
1.06783244767494078786 1.36030651972617655510 1.08897630558043001514 
1.80725592114440902769 1.53738007949772859106 0.65292941118331848660 
1.07955649600793157639 1.27083853673169566711 0.96874064389283098819 
1.27105266489096302429 0.96536769384070986177 1.05366473202243216001 
1.15004091594626589590 1.78432526990499362718 1.87061219943113998809 
1.00813846401200435388 0.58302066224533499739 1.39103584805875879482 
2.37621182067940495131 0.18089269428734636169 1.42766052621334971207 
2.05262810933410522196 1.71771828817407490320 1.04572319854605244593 
2.02644203811889012101 0.73602240206819025126 1.53841727453400767267 
1.37478330753079025506 1.50065182823186549221 1.43830267695168734221 
1.62504362260350188052 0.76451940533881879158 1.21216073678003422032 
1.53687506183961919426 1.23349702313744136184 1.03791983492327077876 
2.20545270468008336451 1.75673206981798979420 1.05961235385183893953 
1.39664040868517647098 1.75249902932642132036 1.73012210306066949173 
1.22703347032040155362 0.96866833581879552284 0.92560946991630621561 
2.33147818869562772903 0.20709006203465848972 1.40917565531010824387 
1.19256343986271895474 0.97741139350799466357 0.62742676728920088181 
2.18998933002798157332 0.98078744979622267675 0.99542669490805013588 
1.34041097791065988432 0.60015337888261099941 1.33255046852806979807 
2.43762858005781968274 0.90874001750590682747 0.53317831921678382479 
2.58244885122884948458 0.24138292621714196873 0.24559553013251889109 
2.33712465361897336891 0.21974153052659139984 1.38374063376941869308 
2.28367983912385996703 1.97441681648658917680 1.04742211841854770960 
2.11172585246594879393 1.00562919883228718554 1.42217961673323300964 
1.12211541204285358830 1.09314145278966901031 1.95907056483932051627 
2.63203265395531449400 1.48668807079538956017 0.56738353918984874014 
2.35194817693987934248 2.12486994485581481840 1.08965136481071289687 
2.13752434076751329783 1.82052237346794232309 0.57497735344303346761 
1.90447724412020447105 1.27094424764573066255 0.72529728209492316804 
0.95445841074856685449 1.88488196112345862687 1.67891107282962681602 
1.60273699137469138876 0.32807537171847195312 1.44760946805025514372 
1.17469636811410249599 0.44789088458939185777 0.90986179209844331162 
1.31378750629997886890 1.93004813034389233195 0.87789641156249098586 
1.20616085808422668357 1.73072051237531798762 1.41048328948412859951 
2.72696705433760566706 2.07042897726816788051 1.17053476581525472966 
1.92014755153669214316 0.92633044701710265389 0.96816555664135639514 
1.61931902288380480393 0.23586172011887807098 1.28067030028538697550 
2.04449921406840529059 1.49061345540361522843 1.24814019263727704612 
2.10169712900514360499 1.71233501186301073638 0.51783297501643021921 
1.18078243891446410530 1.62381975502117303911 1.11883993737378029110 
1.71323696046094964274 0.25749360072253757448 0.88617801523491834814 
0.86833413008414106482 0.92395457364505306774 2.04253561487915780148 
1.67263049525471441115 1.35157266458554614630 1.10560683244429269756 
2.31017485294940350116 2.00496913609537141809 1.08099931412733685221 
1.25108177949863907941 1.89346396531953242715 0.71302377604736111305 
2.77665708327570293079 1.97305407128356535829 0.41641956806010954617 
0.86684233017249656683 1.08748028187707279635 0.44535277788267746413 
2.03192962441922819750 0.48784737841024367055 0.29169703981445271879 
1.23057836315225643808 1.96379194706374704538 1.85811497923366530927 
1.03386017560771770185 0.87158246768630753820 0.92738144638754871352 
2.01438964534079989477 1.39318411920862872400 2.08471556451993400572 
1.51132555137496948916 1.51824509796725570787 0.31231432494664590482 
1.50337953707734617304 0.18949356532298136657 0.51781029886119323002 
2.70946015496238068465 0.57661148270922191195 0.31949508228776246632 
2.51440198772315692821 1.98199751324433437460 0.81000197939030371685 
2.42502716031265030949 0.46841562085143473304 0.42226910661447114581 
1.94612131234316176887 1.93697812018006620960 1.93024182671794641841 
1.21050191363235160047 1.48721326853716173666 1.17127862575037511306 
2.38157880078235306698 0.32721343828214166649 1.92165746629947475910 
2.11205765628629604791 1.32991361083415138289 1.10319409727791128972 
2.35059532888061895051 1.19430060159038786693 1.40957686739957632760 
0.97950632036438667338 1.32218782441637405789 1.49759247357252966992 
1.71729630066130245503 0.75931119360527099538 0.43919512386133374715 
1.41351812000910248557 0.78172317726773643543 1.76432766597632006977 
1.40167474469796160541 1.25537457328368873277 1.03694803518271694287 
1.58564715293670799312 0.53228668510796606217 1.56802918378454880788 
1.76301883190241004407 1.04868186304476673776 1.90437621650601074386 
2.39102216641955278575 0.93775150424264985816 1.50818006732248566237 
0.80691812608643509463 1.20511280640502005390 2.02442834660778325784 
2.18844364383517531181 0.52328973591415639532 1.12073254864524041174 
0.99069492718741736237 1.44513993573740595622 0.31967333861371632908 
1.74948554194027927622 0.44351085046395655187 1.66599942665067835001 
2.03631764998614972484 0.61901092917343392141 0.23041701208251050281 
1.35608673361784171085 1.99998125775208390742 0.96266336372619687456 
0.92472685164993917439 1.24569397818436922165 0.95678772893393160270 
1.05956824995632370445 1.68447364373045016528 1.04103379809047624782 
2.50484961098478553509 0.25411289440369083659 1.20838497801954103394 
0.81141491029939594171 1.52054717684966878011 0.61659530393598982467 
2.35896787105377692129 0.64016704822418168952 0.28864067271541665738 
0.91438595954878398864 1.66779876268199656053 1.20457770884625903207 
1.72959960738934026558 0.32217391032029513154 1.84067335926231367971 
1.60817303778906972589 1.20175463325290654559 1.81433841626039416006 
1.45613916652084052217 1.53525782330136584264 0.73536045974417607596 
2.50942202145554027481 1.64168409429915684861 1.52137069314876915982 
1.99845263435586173451 0.99947723151358314198 0.33301986821939844052 
2.52564089316630191462 2.00676014807979319343 1.81245315005929885643 
1.28674861827494857458 0.56447459248042342050 0.79655883572374841517 
1.38586632115231656037 0.67367557176627512749 0.63626908724248876226 
0.82060785324166063415 0.72470068242730611985 1.33896015595157469313 
2.59096556300501168479 0.40608194628160343420 2.00227964021755777679 
1.63398374144129165941 1.49768130950558142622 1.95270209521329740632 
1.50143968277164674419 2.17026240904053224767 1.20531065043544316495 
1.69039310203187276294 0.79142273234565552187 1.57011024545242561246 
2.21965296361912578504 0.77526301884455728342 0.37423228506643607671 
2.58479853233001533042 0.67137218951359811658 0.20469933343306159768 
1.71763132212276303790 2.08582917760119013195 0.68838134113319271457 
2.11560147160512768139 0.27493103886074221620 0.97178130380572125269 
1.75130814118927413681 1.64191082237664520704 0.32555980679294421742 
2.30964619347222432921 1.83525778438598807796 0.38736267224538550868 
1.15022671545782095848 1.54869840351867504857 1.04589729814671272834 
0.86586335656264812322 2.08298141816805681970 1.44767898069323375232 
1.51308427833465497514 0.76133902990709456660 0.45895922926094295802 
2.59844704905733925315 1.31344184652883244624 1.48314203565762436909 
0.99198322818259798694 0.16513089105825035086 1.00556175725222440853 
1.70545353207818228825 1.55373158429161906113 1.91990817509841305011 
1.23043256637548203969 0.43681372853797922895 1.25473370851212084887 
1.85623191263694997666 1.98893226701946668200 1.97636596574271705684 
1.56911223236567076711 0.78482236509124603252 0.75069565157950735035 
1.59842980058468797644 1.95977964299234685974 1.04697319941367839036 
2.27773636917765909260 1.67830719723915366970 1.87634843891857849840 
2.73080607364309768670 0.78653812779632326091 1.53461759236362937919 
1.63080366205367943699 0.79943710697182301939 1.64262786572984165190 
1.43021072906728408114 1.37684193173288171863 1.80898813817578840712 
1.47139015190983646342 1.76532257216291155189 0.28460902638213253502 
1.88764550641167594414 1.23617151080540810248 0.44717988463750490968 
1.58514813897892659078 0.35623832318702891575 0.37565640918784859448 
2.19476024430495320061 1.61271727445788370936 0.72041314052968219439 
2.13089495171498288784 1.01918677497267551324 1.42335657213915678376 
2.37823189896672237964 0.92269115062372175640 1.47180457172186818227 
1.78798105218434644215 1.22901361951718368637 0.62643420646321978928 
1.24941153170684748908 0.92616677478982201155 0.77044357691552756151 
2.18685775294970285998 0.51170084398165005535 1.08538955625696642571 
1.00965102526438976760 1.59796169114141761725 0.40811754702173896892 
1.83035197695187945577 0.48533605741844765280 1.47691884787645322241 
1.45315842160342545419 1.02415094887187918538 1.88977737830315994927 
1.38669988585433934247 1.25935847668727007864 0.27563667135942732100 
1.29828279437693350218 0.98518115249699456104 2.04580998315035822444 
2.39306700891618984173 0.69504372569139094562 1.93835766797118247418 
1.07021617749639852413 2.16374257781358680930 1.96266211617464692019 
1.26870121683284997616 1.20645681384492009514 1.10966979671421350773 
1.19113177800331238032 0.95743926597223727448 0.64631804399724634980 
1.97637979495759896764 1.49577025286031406459 0.80510092582609504852 
1.47563207338972102178 1.81983107122997300742 1.28069568391712418354 
1.10430956711740124732 1.79123317013268179565 0.80162015378214357408 
2.25338490924142886840 2.04980963248653047515 0.34979924193683542555 
2.44807411413361153407 0.27105878456554299838 0.54151757232106234596 
2.29449909631565196477 0.48567087983849704935 0.92977729085771232409 
2.63199214816932425265 0.58262181844997829039 0.45234027561062617462 
1.28159102270037794646 0.62220579151056276679 1.22983142131898048888 
2.04924107071891503651 1.11900064919279973452 1.60586669744701637796 
2.59088809641085360269 1.40261981400952828736 2.00536938833211575428 
2.33781919722447373289 1.37350377297251102782 1.20904500668392866913 
1.03920593622915946597 0.22721726843413050934 1.28742818956356841475 
2.27701190112793527831 1.25389632478418033834 0.57360089439250128152 
1.71137060575445665300 1.52232617365543676513 2.06012927510371834927 
1.53795346511360087050 2.05022423986144364250 0.81088769470347010770 
2.35626906129493107755 0.24609790398787273480 0.32654682294205228388 
0.96822650574231450271 0.48109573749961687117 2.12659693334146915333 
2.67061432404260434836 0.92498303875297804844 0.37090280345339665669 
1.74853520508251669696 1.45721395042043599943 0.52985422061257636539 
1.55488071991793574966 1.77024603391590518164 1.95354230816241569713 
2.44665514579875109646 1.16363256084613064800 1.24953022475596009500 
1.71484347135470027723 0.51468772440766330512 0.18796255940443989951 
2.40287569845418724768 1.71943458045153652058 1.25222730036970864020 
1.68264315365384065082 1.85324760701442325939 1.88542702368379244682 
1.71033162053561826887 1.48116179989542606776 1.24036546069938569126 
1.62336499606774276039 0.55076629140318456024 0.50445319604355931542 
1.67053340023722163288 0.76965964285186450056 1.16413489897006439122 
1.82658220417285299675 0.61497918194067058284 0.61649344123664040485 
1.57969564921598948359 1.33505440257711160967 0.70413706196992820185 
0.99117696351865136606 0.30819928261777262968 1.48325443962621505989 
1.77261747891375653907 0.57633309260061937884 1.19004626086583487066 
2.53727141917008802707 1.15895110213786978193 0.51219735852343806215 
2.23192105866435674955 1.44415664264816379081 0.88731268034988730609 
1.71027343423415789658 1.48694767822748818986 1.26023142643608299096 
1.71161033439386889299 2.04383063170781298368 0.71836846696919476329 
0.93958259482453188038 1.16850735871083433182 1.24396395586983321557 
0.90536557996143229854 1.66678949891296013242 1.94185306467322393864 
2.45616320986975278373 1.06772006574193412121 0.92559093939646275295 
1.02739477929067080098 1.52228504738597081314 1.21062536034655021666 
1.77491924453058902422 1.29800501907442145111 1.14219466556684912106 
1.51162441172446593285 1.80748683656352904237 1.48161136292453399221 
2.14656519818961433188 1.92765468939356710010 1.12531796916695903121 
2.22976624311721094429 0.64202987212677509188 0.80674220419474940158 
0.89804888431878349131 0.79437498805858830497 1.29849529856181300502 
1.20906520631474156957 1.66602211692226065409 1.12276270895106544678 
1.56701712001907700333 1.63018304662453950016 2.11312293181599653025 
1.99665538463589165019 1.42175126397818707424 1.80371671554219648037 
1.26003367870265914341 1.78357054539768444812 2.04489527376720348073 
2.54274644871222221809 2.06242747102494838884 1.75565612533301451670 
2.75276308678791448159 2.04756771057522257706 2.12793511093534526424 
1.33717076688692948494 0.47991626907275658498 0.52779971112615220452 
1.35151761678909076991 1.74609237810547979208 1.66623534300453179924 
2.13458304326882775115 1.61588372513538081066 2.07213383917478743967 
0.93871820008079320807 0.64012018654636648751 0.91526159535249174137 
2.62177215834527599370 1.69781949718920355252 1.15620111823995230793 
2.14811224546591228446 0.76730204071932750498 1.56264959879659293129 
2.21033284815436603665 0.28587924255193120082 0.40453577266736417961 
0.86954824977369871153 1.60556859998242318355 0.16536950206037237532 
2.13970034109747686557 1.45176697729211046095 0.89989576039731444812 
1.12318238841739281852 0.16566490702701028304 1.92836915062464675508 
2.39219984471904600909 1.82742215002326169326 1.05962903073470071647 
0.95037505165487412562 1.08721692965288951882 1.17077167923370528690 
2.09981474161574110937 0.55137584925006577485 1.62319571180100807872 
1.30226649290028073658 0.67648912400880767404 0.88918163097018465546 
0.86171991475639331259 1.71982003058728039058 0.56622596795003488079 
2.42532024290620817908 1.91986159335991235508 1.53097652962263897081 
1.50294043550015965494 0.40820135529702622490 0.40675281063635687628 
2.47267336503325463326 2.12257250943697739487 1.97027974422987939285 
2.23594494526848563964 0.60151137675645116598 0.75748799585454840155 
2.24663267483872175490 1.79170926330489188594 1.99139053188687276119 
2.54717687873745823879 0.52531053437582886367 0.85915978676282511728 
2.74464850932982606935 1.44738579429722280523 1.32325774013467745149 
2.63085335973259537568 0.47900328804639108471 1.97320155830308219258 
2.12664438005318556790 0.19486002870279173216 1.63802069183189025203 
2.06260387728421790143 1.60927565250907145256 1.32123230942644309671 
2.35111677771664595582 2.12921299619829396121 1.09027672528244168326 
1.77606878097178921827 1.95644244759990337812 1.53797328431909763324 
2.30711367001465417204 1.08432122496557603597 1.65970611013367497222 
2.16892910997220011993 1.74868678953237632889 1.05470662261032921414 
2.75131408843284708254 0.22233059547479891438 0.39322380138628365565 
1.91884433860680903017 1.78912789562362206652 0.26703359483491767579 
1.94252502786105596400 1.68818009896041743012 1.74738343735265244661 
1.86725722314042230643 1.72910652070631676303 0.82772288604633170728 
1.98314028006059950293 2.00278912779925377663 1.64952370219195998402 
2.22749232578471545452 1.22265605826383016996 0.90431031295636465916 
0.81440290196837172854 1.28478809889991985038 1.58569638879018293132 
1.67379488064914871970 1.72522705595378123000 0.96695887817840364686 
2.24496374926734798549 0.57899596218218096766 1.73467564806010310363 
2.28093222169794795917 1.04115847912275460985 0.25269703455370451373 
2.70234820448365864465 0.22849429684339320201 0.58129086809069530073 
1.15912909917168827079 1.80461255159439670770 1.96852256691994131899 
2.74176720213474567345 0.55133394811987623818 1.88403394210776164996 
2.69590652163364286054 0.43902904008925902613 1.60594782722551610021 
2.54388751633656440276 0.33657626099585186141 0.23695373232450570034 
1.67923700530489772298 1.55858710438521508301 1.90229393412982084044 
2.11164395867378074101 0.86274983000019866974 1.56194652909615760983 
1.07880915577041203157 1.80532021169151413176 0.55205311707671322896 
2.58982403851406361994 1.68733892348102276770 0.20668621148990515279 
2.07239343054255176213 1.36974019226228249657 0.18391935754945712422 
0.90465409753629089096 0.18978086751096506779 1.01270313524251598380 
1.46199590554409408760 1.69772645647961595294 0.48581765578619401369 
1.98975202356448810370 1.12125069211580430384 0.80526173764729291893 
1.54451703555316344207 2.07553365875685402742 1.16546419191424055484 
2.01102206618307377539 1.52365386032055649679 0.66899275416223047408 
2.11589948491274659759 1.72916748906178829870 0.77229941814559888158 
1.81236086664871853813 1.70428352207373268179 0.32787431198233346619 
1.54742263243658562111 0.62112208010646097200 0.24926649762127123244 
2.35258927865609468455 0.23752887076734072180 1.81621645863823300004 
2.23079396436983401486 1.44031906805301690433 1.24754240158448070908 
1.30023834004176253032 1.46769161491217903226 1.67788373172418436852 
2.07215573913948514218 1.12727825715014162711 0.64898324539245422216 
1.55251606559796173634 0.40233596483522204856 1.96462747538883908405 
0.82587445233183154336 0.39624721116541083976 0.88344991697436425770 
1.55201162866709263533 0.27541544477585111483 0.71587812186031929418 
2.70902915468677996103 0.22159712211643015078 1.36499442767358813988 
1.83499270172016104574 0.28551867815440229448 1.48257065275305355279 
2.20622038270845166608 0.77952964628852139395 1.36006981423884387716 
1.74013917692053987629 0.69435930787964650346 0.63646855967846560631 
1.99003362995117893952 1.33018630450359176542 0.79079226010900416366 
2.69955774040119278467 1.71173226359941210717 1.99233269466185913821 
1.84207470440282849999 0.99280752146662254454 0.99536220892236793034 
2.02996432176499608246 1.06484455648550935258 1.77630080663556189080 
1.25044054116696501389 0.76117568237872512693 1.92854134582073966087 
1.70641693819211681671 0.59367132707234981925 0.33535077431395254877 
2.26323777800762293566 1.27693943162832290739 1.94887524800983347184 
1.24514971030607379809 0.87759210658419029016 1.29992744313641162002 
2.73843134397564158533 0.21440019270166854604 2.01653229644104792229 
2.03636817121307611700 1.50738426948566894836 1.28570686370684894584 
1.75774950560113651932 1.34177171931536531879 1.84778517078237292104 
0.98848860809760275004 2.00460355980782711782 0.84142699690192590545 
2.46024167631457668648 0.22559999864176966122 1.53193207381073115414 
2.04227287252816758212 1.52854225815322530835 0.25109601134951842205 
1.97780610953632973725 1.32941130773854654379 0.98432036411858092606 
0.85008992013706363711 1.19350779051975020018 1.02546899895078036380 
2.10677881101815200893 1.33327807021228217366 2.12868318663202815699 
2.64742904154315805698 1.94282764530791585145 1.94536959396662378907 
2.74007986647696855087 0.72675558805054785161 0.40024017042891607554 
1.96238732138439586627 0.85185939825407763770 0.45396146244372487244 
2.21447902848859046188 1.56444946019783448499 1.63266649171253797057 
2.50388141676869180330 1.44512688276784651009 0.68397068284856743503 
0.81292533916173104203 1.11889845646359331610 0.77751031348830201839 
2.26834355705468970754 0.96428232807443026164 2.04908306338152490511 
2.34508973396625153285 1.16899726877996101848 0.75774527212443965052 
1.56112381491846918813 1.67131489921143439048 1.79833307601506797724 
1.01006236895639145423 1.97559982177666326741 0.68662152770061724016 
1.91691947086491354391 1.86591716100116489230 0.68426299623117980975 
1.78351976756237573518 0.20756552931661362282 1.01639252217164899328 
2.07571671245665312355 1.00349272887681917332 1.39347406989936040134 
2.32360444112522479543 1.48651100145520809193 1.01112262897101290449 
1.11476772850347405353 1.53090193741585145482 0.96319361923736779296 
0.79487152733810839678 0.50426859580794769489 1.67591069011566884406 
1.75765778842935427306 1.54025381611411305016 0.96997779257931404651 
1.42934749031003294206 0.81888802536357840900 0.23256081708994941204 
2.73264260901321343056 0.57930277273296559848 1.27942377285100317152 
1.54118778869140493626 1.80228412908610868826 1.48561883175341780117 
1.25595142731430953198 1.95749742553002659129 0.95952749934775283247 
2.44176842835911189766 0.97324050641402171102 1.86535950058168609189 
2.51022558244524596205 0.92287836482666629756 1.79744780364283296414 
1.27457267962850928633 2.03044848317664738957 0.38273881839623757894 
1.03524617142436303752 1.08484719162539344772 1.64140441152402294378 
2.25188355127033767999 0.91962417740994240045 0.24738239139499407226 
2.20607531368954967732 1.48920577960519695537 1.27696224643572042723 
1.08948482700352644592 0.64236555375017512226 0.69125541058717010490 
1.04224206777108885369 1.01882224039307311969 1.73088877113325412260 
0.82982890577077017547 1.19763563667035577431 1.04921433897587657036 
0.91887506641004046415 0.64246480174246700656 0.19050882013878306376 
1.67757637687709104668 0.60691676184572274089 0.80871903580347070939 
1.73302299586414432220 0.46512898663701313096 1.34200433822258458072 
1.95944082500415039938 0.29063554723215306863 1.77273599412607940629 
2.50525933010161683256 1.42717577721653210432 1.38413243642566174962 
1.38823215186565107615 0.76779157107509488078 0.73111335809883515324 
2.34986174298868943922 0.96687875235259312934 1.92463017694453575324 
1.52165212877781041989 0.88975874958062695086 1.58859186746216285435 
1.78625235914025770612 1.93193565681974077641 0.19722077233537979590 
1.95161385201357617802 0.40445457781637433881 2.04132231581907719331 
1.83095589202231834314 1.04503058971418294476 1.92107404721776009460 
2.46967601759426669261 0.39002156607888827100 0.72500495422194988215 
1.12819839955276335353 1.19969762059355633532 1.64724461906214525442 
1.31094464039534308597 1.44710594872094744368 1.64579652425373779145 
2.39643920250419295570 0.29703691816483568378 0.24014976339432747565 
2.69923515835507954463 1.00553138153573184965 0.63829561112256072430 
1.57798871634976101141 1.33517265330887924257 0.28674291790791911483 
0.87537706007656190810 1.68036044887129620840 1.93740830933775032285 
2.24919531259165461634 0.96053111933214796458 1.94689504750230457653 
2.46980046244092932284 1.75963192444144689297 0.28466615786316679104 
1.99372865576019475675 1.53180223861565489862 1.68637739888292692569 
1.17601631074574797253 1.03501393102807415225 1.44056602657388799216 
2.66245993171446526659 0.20730772514736245382 0.90189645587361733092 
1.71515501712264661904 1.52243641517164896015 1.08050004390874154758 
1.84611880802612304819 1.72431138032834385676 1.86159348903393739860 
1.81340591349230328966 1.59867110300124748434 1.18514835550884534143 
0.79419529691493884194 0.64288612388698540556 0.28162803564558042124 
2.31264654895408439117 1.68294443763416778914 0.19261526911541709817 
2.61677042302565032728 0.28095986034074482696 1.76574214633990300705 
2.54208230859099959531 0.94521378586282966960 0.70934881748689571079 
2.35321780710048322760 1.80145534920475314244 1.42224761039935376772 
1.67156165479801477325 0.21792228274362515639 0.32484539570237991324 
2.28516342534808991616 0.66096523721242694815 1.86844575843223537071 
0.94992759021401218522 2.01208650555032342311 1.61592836627825553464 
2.22583107886691289323 1.70395126649748474001 2.10925906831570797451 
1.79513698494987816723 1.11985951395036886780 1.35372271573114710819 
1.71045912568686886424 0.54100215076042312834 0.96765445410781192326 
1.75847154383497428221 1.80154970520996537964 1.12222082696607428076 
1.38215564247068090076 1.12530900448309556516 1.68342719792225081754 
2.65338308389874955040 1.28776500269444516000 2.07419633601167729964 
2.27872351487201285636 1.22890749101716556524 2.08820116730940474881 
1.70549647785879532336 2.00996581896148907020 1.89502438986264709619 
0.93536346814487003609 1.83019423527203040081 1.26091561527928441855 
2.54095866400546999131 1.98008123694295568029 1.73259301827081491076 
1.74941445497060743541 1.43757269820826460993 0.30358463586948564172 
1.38963371232785393161 0.86293323710691072215 0.80939919895122147686 
2.48832859711698706207 1.55356971264609344807 0.32201602906077470001 
1.79023561768354588786 1.70678951803707157353 0.98531054618704239090 
1.77706489823400204386 0.96269280222870978747 0.50363138532187334828 
2.52434678595830153114 0.39138289763814321232 0.40781964613206445058 
1.17674902767517908231 0.52559560492717771751 2.08150100401178494991 
1.96361068625579227032 0.43014875647846251283 1.33210578220805508920 
0.79891908364441510670 2.01903375894404479851 1.02793798006567360659 
1.76409396022019460126 0.96142731903090095091 0.49858396843890029349 
1.99394577341301726392 1.04448035157669116835 0.63256693361344029647 
1.34078916184782648280 2.12726973945362241025 0.71114332042048422622 
1.35163648566331340284 1.49441502373126566816 0.47831811158547493656 
2.78351869276289587418 1.46195147397606528550 0.75005999826072267123 
1.72386265566046215092 0.47457394971450422849 1.33693346562995785121 
2.64395731406730449820 2.01016915572834742321 1.47749747512174822717 
2.63470962839355715701 1.67133900024665904560 1.42297549736089412598 
2.05412184038149980836 1.39426211129244248532 1.52366386475610693374 
1.50120324040440311641 0.33159975448344797266 1.50224476263791539843 
2.67594469953231506310 1.20395627370655411426 1.31726900518325296119 
1.94048988913952280555 1.04983797316069593641 1.85395081193256916485 
2.00474677364042275229 0.80168225888007171864 1.52691025880753561417 
2.47086966650502626308 0.46391722444160282679 0.81813003996407707152 
1.69336854281782955844 1.93638809700579983542 1.84405320387529925164 
1.69119281576632896069 1.28743113370921413718 1.51316478027569689679 
0.95431660509994808983 1.65057700475408530849 1.51334856576975429476 
1.67356091973038800802 1.68945803555795381889 0.40838735999613157146 
1.98788390353958543955 1.85629019586462451485 1.21296686083488536312 
1.80171555808837635659 0.97196035070258390842 1.17469758443963123717 
1.73773423606774568562 1.09381590899659952854 1.24929557036662219893 
1.69260547206084233096 1.92899660796596350565 1.37045819676293967326 
1.95845616170472136552 0.92324807496052296862 0.66714189016364366935 
2.34153406126141572230 1.52355500603640892088 1.44447231666869480016 
2.00278484226662722989 1.99538209889879691872 1.33902281765174846484 
1.42913863882791902782 2.04323493766406771854 1.92726382715183430783 
1.20822096150500324363 1.64273329317309668696 1.78392836096004581137 
1.82999337073903189932 1.84596004339493147128 1.75527757011184659675 
2.21943533947538096385 1.53169174603958868630 0.27977218287353500248 
1.16292308892842743973 0.24232486933068181356 0.64674394115478250900 
1.18260067350253206264 0.79952778755114395359 1.95682817552345467149 
1.14732510985328839404 0.40503911024265137897 1.84377913154998762657 
2.77460539822943141886 2.03601990851194925014 1.99086674369595861833 
1.01046203990111505000 0.72144195845174974302 2.03889908958060361854 
2.74133751191095953459 0.54963216076218912587 1.90598775282617993732 
2.18756355642446820298 1.71928142221880597695 1.52718044071885006296 
1.43993421392507880974 0.83842998361744414115 0.46820843815716806091 
1.16222992953073323008 1.12270765098417557581 1.29508589198330015257 
1.65828163969325848015 1.20404571959025208372 1.90024177522777648619 
1.23166709384707506736 2.05240954549239074112 1.70913416748692292835 
1.83323975843373432326 0.49504005113809973482 0.48839497221278616035 
0.91774290732632723966 1.84530051295039099202 0.30831706184516682878 
1.86576239326500270543 0.52985202911375051116 1.49045108882953991625 
1.44807601526705576056 0.49545897704810715201 2.12569872739525145278 
1.64449036572007689649 0.28298280960868710254 0.35743027130107496436 
1.12119001897421100011 1.02505288615161416210 2.03601236658391693268 
1.69015317930921482592 1.09738424584504135062 0.63851477212494212043 
2.03379956209316725690 0.82535917790984625331 0.72555522073243605696 
2.62618455385667681767 1.60638837422971691993 1.44129638923274883133 
1.62864596840344177942 1.07832712631463567554 1.53958713890877274544 
1.69147994942529700246 1.48716581752275556205 1.11023472612601903364 
1.92693667372225330148 0.87498441597720910679 1.32788685245098325716 
0.82945880863066034916 1.03228857014548291993 1.42918256522537823194 
2.38986240452186082805 1.01619772396181096141 1.94256394947892396807 
1.67156265256812353037 1.45680860109739751529 1.09034573520054145490 
2.18969871042496366798 0.19995778526406865483 0.17372146527317733344 
1.22303598447185857268 1.45538737596727063561 0.24364255679146848421 
2.61825472177777740512 0.47082505292530296703 1.96537991437040959752 
1.28569781381312409074 1.57981767471827683202 0.32559263323103410093 
2.18602769311806000019 0.17079632195065760913 1.20719484128065235318 
2.01712803437309684540 2.09690469075850005609 1.07070061877825506436 
0.91117074975089629163 0.84525535952926944550 1.04550763975387894789 
2.28160094970382409940 0.77138949489924724112 0.95475352128700063936 
2.38900927953542430160 0.50425072274688442775 1.06909497999150771008 
1.43527567096206110087 0.90975532746492038250 1.53162543560663744202 
1.17614655448509930480 1.40762198264061910713 1.37720061217558398248 
1.70872452335482227781 1.49290415963286582368 0.22074853351940915136 
2.52773590001070935784 0.73673371896499961764 1.45687893017491187919 
1.47137489643028529507 1.44844461997414764021 0.71937462442708866028 
2.45052191380688322297 0.63265666100745387990 0.57887263201820149394 
1.93747791330362595374 1.30398299744251588983 1.74670609052459346877 
1.71120288107150364532 1.49107302164371380293 0.29359097303415299107 
1.99754648433983583722 0.29740300970044303286 0.79142635173724451558 
1.46316938321126821521 0.49460239455453430812 1.72100494915751989211 
1.91112332841622767354 0.64868842440010887618 1.85609839800449827329 
1.57029137359673831575 1.88253303301347485466 0.32424493439912344117 
2.20396715325910319550 1.53389291712635267295 1.19950416319916453034 
1.70684960869860868904 1.49313599361020976630 0.19732190987292436146 
0.84178307747019986973 0.36674813197365291328 1.28331002921460557431 
1.93537846774515709392 0.38694227117654406145 0.67954571549322229096 
1.29459672394759994773 0.38109681295150432678 1.24617886878318584465 
2.04206233524653768541 2.03342208465471374623 0.72139177454570246883 
1.03844995667249562210 1.72787241736770269540 1.22238153467603272162 
1.31539336683102381365 0.58519156595087507000 1.34877691927734155719 
2.50798174325698708387 1.91389834565210303907 2.08982837582774605423 
1.66191522456685780718 0.24897080224623879818 1.84562372506273630890 
0.86767228172694654820 1.22299303670705317160 0.43755362850486545501 
1.26655837253145531207 1.12986013071225355198 1.79573227586242767373 
1.32201668700087227037 1.55147357333376700872 1.87223610139792984164 
1.14921317978008130645 1.49209306153763154867 0.51945261234510931025 
2.27053815636109002085 0.96633987618465366776 2.08677275477631241074 
2.32123119405821842776 0.41094780347066428572 0.15875576372474053954 
1.82221728765652857263 1.65775178358598562767 1.60592060532670344308 
2.78867748453100361417 1.51530121698210096248 1.88849481447185940652 
2.67030507043613773988 1.79732943029826874870 1.57247324230212592866 
0.96799419054223934111 0.23929822858627020077 0.96103334246021099307 
1.98050321472247170540 0.76585968453456698679 1.54052559632801022715 
1.14961288068837763632 1.29871097113931588396 0.71479948259306747005 
1.56134150600022492128 0.61731036799656413550 2.14824311456633498807 
2.78476935816436421689 1.26779926839334122768 2.12270680754462137685 
2.43001487881196531760 1.80760579100267637642 1.78875506411357632075 
2.56430463578021061721 1.84366101521473879643 0.55307489927910813421 
0.83057180791631390893 1.44510271289367198122 1.40438050287295035368 
1.70938151627951406830 1.00746237261386939466 0.77485694776441327303 
1.70972043524273709103 1.92566230399532023476 0.35102128203714627608 
2.65071558446699739875 1.28877635625369757477 1.51159943543929431442 
1.91277991475237718610 1.15065257162047185346 1.17117744371509568957 
2.08728327067065277944 1.76374194869678402320 1.24830295732116236529 
2.59627226315990666805 1.52489591528596335479 0.89346957011494332335 
2.35563455655357012475 0.49680686871224410961 2.04132176101271012314 
0.93130252894263521046 0.21035074395386091362 1.77949143853806801552 
1.13103446335198265515 1.68437738057731323238 0.45043326048435083919 
1.87232257363822562901 1.31088658002782776357 0.24828400921406953983 
2.63657350291635816930 1.19195708039032233216 1.26603327769540685566 
1.09061968759194471978 0.34642644979100933877 2.11451461800212170417 
2.77707356520059622795 2.13243883633649700116 1.34429836854316508976 
1.24767321225511285121 2.06823794344913425292 1.28569165107339067333 
1.63022356707059246084 1.68439000785866066501 1.04470924918956598049 
2.61652929555956337282 0.68698016343822909668 1.15243305766151937775 
1.47203103378061972428 0.94790753494162316439 1.60410588896743777632 
2.20707917895198901803 0.43583323329028406112 0.31249975399837104373 
2.25713431393855401552 1.56632132409348900914 0.72700992889995519342 
2.12211705853453169723 1.21413859445366734136 0.47856994591838580844 
2.23896889164790513504 1.12707278811556022013 1.82304684747932399524 
2.61824505345679314772 0.96339752550538815257 1.39842125997708643936 
1.63081817146597662926 0.77370246112969431884 1.21337524206762403800 
1.04156236584495109909 2.01997807992058842075 1.35691796883769622006 
1.95595635951523294516 0.57396977161506967935 0.82207501822743833664 
1.90598233375947878621 0.49452465269240364343 0.40668055900111799161 
2.15335865198922160602 1.36576713697187934748 0.40557212656859947808 
2.39514507602765913674 1.73009254157992864442 0.23855073355920075606 
1.01791029955999134948 1.56153018435416601761 0.20656527524516765659 
1.86908099253205461920 1.60835853657081440105 1.56464932237462917008 
2.10088789321776747698 1.21228267248398302591 0.48253333790573249562 
1.57485303017125910507 0.19675432991025892937 2.00526583711513728403 
2.11867840561983999947 0.39062760050145112212 0.45022517669243217187 
2.06722869885114102217 1.37605091816957170181 0.20578748739241092824 
2.57761051249747863423 0.75849734726811968155 1.25930629453377807003 
2.71065725921685585220 0.87897231096992878285 0.84775665832196478444 
2.12360364237968601842 0.16525886963880839775 1.92799485839805218035 
1.08282272021163872289 1.99606570630493163065 1.40454850013171572698 
1.33166767427564702864 1.91079198464462485241 0.39465477098552598223 
0.82236799373600510954 0.27371640234068528308 2.16166320772915598880 
1.23775021796074780056 0.95670270757104247661 0.84057908482515952819 
2.74217078070070785500 1.80036302260462433011 1.13057332287698963924 
1.07453327209553650690 0.81775918464679553388 0.77063283916100633331 
1.30936281600477233411 2.07722004196235987550 2.14866947490801374343 
2.59043914038045830495 1.44494316404052769443 0.63139038213955511747 
2.63803880586977568257 0.94052973551371321648 1.96488277251402032597 
2.15811687198358992390 1.19731759156016859258 0.20741626257204337502 
1.68588801246877029172 0.20618877370831964480 0.93807451051522172669 
1.28212366048317605305 1.47565848370777219500 1.79770082330205882570 
2.01418262698202488181 1.32633462082389286252 1.79689646559052418340 
1.17978929121382658529 0.31598523896959196389 0.69777060545966784755 
1.00700789473449026090 1.40508459150420805805 0.80771182431807897473 
2.29650070015755591868 1.62023918370704023140 1.84738777294925138328 
1.91728760645633311555 1.44982349589844150550 1.36665926444912977367 
0.83933182075127199528 1.94203972286003900827 2.07856295365484777804 
2.67585871612361847482 1.50571059956482544706 1.46935687163032824287 
2.45969043267929299290 1.46588651733268870991 1.79221216186490961420 
0.91283798882734989988 1.48630991566167680595 2.08331203540410792030 
1.07151678635644498350 0.84539865448189210895 0.78189787213021866297 
2.15137032822764373563 0.20252894270428156709 0.50628169159922753462 
1.24660282588071669174 0.24968180911444479153 2.08616820585106133024 
1.05967948244384557732 0.84859453822731867323 0.52258573976727462629 
2.03636734073115821531 1.86643977282863327005 1.48908383417795597836 
1.23629658510652840064 0.41328322556957025613 1.28191931067832998181 
2.02426186833805488163 0.41370492856102059065 1.12322613846823604611 
1.92082401775583044845 2.16467367294813417544 2.04694155679894373989 
2.35236737574505694326 1.92860489273444968283 0.43331208802946896697 
2.67116545004121297424 1.92197980356773756583 1.36551378031546466474 
1.89068518375671512644 1.66856936909638320365 1.21966672876208104270 
1.58158260422014329549 1.21882379669780616105 0.55290990451330124245 
2.28504936923692136830 0.96554770051893512584 0.24565155042979849864 
2.40797271455980510524 0.30268451909525256882 0.78837760243030419183 
2.63089056102268470383 0.52485811541253446499 1.91913717288864238419 
1.82400266169088376422 0.29977018729528703833 0.56045848036522749602 
1.59080999686614377175 0.17055789688280062477 1.95384618541279420079 
0.90821895441330546817 1.84702401805607019369 0.40030940257047098463 
2.31154170481797827108 0.20463650343578079771 1.45435947435264001371 
2.39396934988896603613 0.16719235067598317568 1.35128161821660364161 
2.13268856458310906987 1.72839795925013883782 0.32757845198591911684 
2.32247903343624528816 1.27110550178826198220 1.89169727296399936556 
0.80928549241736880138 0.34878750824628612648 1.22487114309921563127 
1.59547005084212112358 1.36322392964966576656 1.68798946897511825682 
2.71103560345904748274 1.88059308040297112896 1.24625826560637920082 
0.96312913320042925491 1.08240167362892569791 1.56605657152041133351 
2.38297137928011082408 0.32690679771628294858 1.92532285334767649942 
2.38650317914379161977 0.47355962461860601209 1.09662205239991417116 
2.54633305233160811554 0.85219372038822993609 1.55189743021085657659 
1.77727790416560371689 1.91457046978171563367 1.69993866371885049560 
2.04947669022460399191 1.44263578631871647318 2.18919735542181781440 
1.31301237808936566154 1.97147838705425826333 1.37979419648790013753 
1.88837680794049900257 0.25199399530048516294 1.21949669095439894306 
1.59583265617258929225 1.70111758230150433846 1.20679260414858036121 
2.29287713670106496622 2.12510160135225234512 0.75763714951823424304 
2.15699113034163447722 1.80539578169390657614 0.93392475926527718233 
1.01625779710350250262 1.15035774342708663198 0.52751189120238095587 
1.42067038785074850615 0.99290092626417358890 0.89490189061515068580 
1.13263981787028678028 1.69396587329852210679 1.48459927792772417021 
1.78329351006965586279 1.73243128395046719348 0.91640580208392075079 
2.74904094378491015149 0.40545323918485520753 1.76820221482563177950 
0.90285618641366105486 1.81919957516313135493 1.31514797112845038818 
2.35881584975315972130 1.60174062354294943766 1.92437443841715682957 
1.98951335817554864072 2.11306718735791942976 0.80620840959385098312 
2.52126552961569716516 1.19783894101667076626 1.20437394608425107911 
1.82933905375356786749 0.80245725832316838755 2.08742354580773037398 
2.73046825995857123104 0.57281810049018211384 0.27450081407160442648 
1.73931116444333766502 1.36741463829324527701 0.80600318133508319640 
1.24965680649475485708 1.61283510420004283503 0.20391971804257524870 
1.25761955144744774771 1.04081508011173973216 0.41852449046275830291 
1.98553097331818073634 1.60329312038511551108 1.43631261499270390658 
1.61968773788298059380 1.73135485449170345440 1.72386392378164998718 
0.87112482376559563502 1.48670603030214532048 1.03868935512109206165 
2.51088395130513175602 0.44876716270280014864 1.67755680749078672775 
0.91776452045998224705 0.29055547604761383651 1.94637288979756961638 
1.89712924504260938008 0.80799486974469225675 0.73268607349369641035 
1.39169901242277038733 0.86808590559476805915 1.81087591120546465007 
1.27056626227803803886 0.75249043819302441349 0.59635704646244436233 
1.99449710504095367725 1.60586853842287302641 1.92137841500254458182 
2.50684500551515299094 1.31775759997521979550 1.01604359341849326270 
0.90111802329344981022 1.55079192055798187333 2.12531292065685439852 
0.99206682412853253172 1.76983256486299289634 0.20898445220641656550 
1.55494749052663627786 0.59224992514119956244 0.53840525584937382053 
1.39465007963754716869 1.73364901594395171003 1.71453830144388730261 
1.93248606244572518342 1.01200658858046255162 1.88149836107923307260 
2.51819993730096625129 1.76012626596384635924 0.45870614832841261066 
1.31247776756200207338 0.70725448417653391520 1.50077061535861822072 
0.95247820546330641545 0.57618085676910058002 2.16316751188911338133 
2.71824110191845003115 1.96754479140302240836 0.72678551156938642208 
2.13622625607094507316 0.85849588270318388794 0.20888345327040894195 
2.22926822548860714690 1.83830400163806872982 1.32622937211209657171 
1.47406730367246319169 0.70284142748449474070 0.78316720350628754588 
2.03130888821474941963 1.07596783454972344529 1.64557123263486415610 
2.46987648654275870896 0.21423498730018908365 0.21813115790161655139 
1.73889733639559063150 1.46068702471617783978 1.50392348247596374655 
0.84073561492798387640 0.32855270550621584746 1.23459300286187656504 
1.45804712471077757563 1.68264916838233613561 0.96719261642488574271 
2.68373440078423186606 0.33201634614561059688 0.78675195194590608061 
0.83441705131521060057 1.28455009338659587037 1.18346940620925877852 
2.42846126482091539955 1.38497526111335700350 1.50087030622051176287 
1.60985183121127772843 1.08985865146047999907 0.52323888620877501143 
0.91102250831091846628 0.17264059445654617031 2.03967306969914785597 
0.90883460965994677938 1.84364469648284545755 1.41220591757111546549 
2.05706397924058048687 0.79115619280253368650 2.01970404035182582447 
2.05562573250936564406 0.86789511294421439747 1.91194641931314257555 
2.60740295967611768191 0.91843013973656495441 1.98747001715825533097 
1.30276231437531286872 0.60607526721292270810 1.28907676796937287200 
1.66802770359382379617 1.07097241535108800292 1.60408547757855624027 
1.05131666215532559860 1.31156388660189660023 0.46427307018557506524 
1.69972562061825538393 1.93003477813433943489 1.83014453248883413039 
1.83682804657127962678 0.27859037043340773021 1.92722232776527446774 
1.31764382069427554711 1.47218472097539465615 2.03361798356870959736 
2.35293495590837986597 0.20971940263470592591 1.79044215717063703863 
1.71844756421939859337 1.96477834748921575958 1.50233241303039255499 
1.09621873684002490990 0.66456587287475488157 1.34612185421886709769 
2.08770216618294757183 0.49588353741206941949 0.58932091844999789920 
1.27043090914158773863 0.42340022570509838751 0.18995320865686107781 
1.63219333292246404632 0.60415298423708929665 0.83613545937857491896 
0.95833449109189916548 1.52538794904134467068 0.77110176613493597308 
2.21896701033363230593 0.53311176714043673197 0.27922690289242407813 
1.35778700334093027635 0.54146673586836224779 1.98036739587366761306 
1.20961233893020314589 1.77192424925004332614 1.36903576108277902357 
0.87035398342170511299 1.34878761104551769812 0.28535527481985623055 
1.23454057692656071765 0.92480712062432979259 1.19513669057245186522 
2.31344694698592956428 1.80573379742011708160 0.68180594747712885972 
1.87622267746563076152 1.69320521155522274448 1.84698497952390106036 
1.39008787756734886187 1.95838298666641930090 0.88904583861903296871 
1.70851016638592145824 1.72239445019800263559 1.63575014463047296864 
1.92373129098576445273 0.25151114630587101395 1.25600043391810123339 
0.88187256440749584030 0.72618801242197894563 0.80904113648008413318 
2.51589301982914470557 1.39995873718602026337 1.21212568594245095888 
1.11144792130765224236 1.72462008737703653694 0.76359431612147266044 
1.54326374760845053125 1.77473650477249789148 0.28609901349526895009 
1.44178045234028795463 1.40314435364908307591 1.81274125743590897031 
1.27029036519373783598 1.03394790759531929325 1.37699458511078032252 
2.28285390754790595835 0.46590903262167399079 1.74205251398347304992 
1.74067051000830685936 1.04441036186941338393 1.07595361641550679721 
2.50337364675725027041 2.10864413849381815425 1.92788647578583294262 
1.33997458395121737951 0.52422441213377446445 0.96915417757001831589 
2.11520442898394200881 0.80021587423755602408 0.82909929044116215113 
1.98965014699906328488 2.05552651400351038546 2.13979072446040152755 
2.71021738694146252513 0.48702893143159592393 0.25938358783396520124 
1.34793623921992633541 1.52482680500692935333 1.43780400715488743124 
1.96460743123097492102 0.32993516052491639323 0.30208540775064679496 
2.54761775385144018102 1.00222527074021461324 0.37545980813434115531 
1.75343208139187223260 1.24335216109280222163 1.92493344634699292683 
2.00157990085658399337 1.38305581380804554215 2.05997538137955826798 
1.14228500675442368184 0.17825595606531732806 0.24578189073520423369 
1.11076214688282037812 0.17539641967721272819 0.55448962463049467075 
0.97817433079008064833 1.94624810044459084502 1.34661746658938041854 
2.47083115369739125811 0.29635491457471940802 1.71845273254114938588 
1.51256813753234586883 1.07846193270972690037 0.40669187146207741446 
2.51981034155239491668 1.29641637852119595564 2.03226884523327866461 
2.43119073066065283228 0.62016086095345668294 0.68748245204312807832 
1.40249754076198418495 0.33687681422367454775 1.83508961959834437927 
0.92446580559858204662 1.63792324244665232769 0.52550852662629454759 
2.54396350286958661258 2.07637177193019306642 0.81800302859066131855 
1.54268199813589279579 0.89417776294371187351 2.03499102810754051163 
2.76114846687862725005 0.95795544085137773749 1.53112792903266092814 
2.19698047745617497384 1.99539693532944806265 1.93287376608148897539 
1.65697683272678597532 1.12101514948559066731 0.19878560121971403096 
1.76791405825518821437 1.06494443402369998175 1.84131056931140824062 
1.71791329116696234180 1.25008890816795714684 1.06870422924140862087 
2.66836348405738599254 0.97068052268169213725 0.44697225322842965012 
1.42651432413634560170 0.71364344119424538704 1.47864650960530630286 
1.86896692499620997729 1.76276351695225597105 0.79585862172839860751 
0.99298994404920049028 1.86425579868904245373 0.45923557824987903953 
2.38381358908959528620 1.14202912457836269766 2.06243795144346853121 
2.00073611332238288085 1.96539683625346373042 0.68172428735943846334 
1.82847175734006417436 1.81749946101762582806 1.78953401944363732490 
1.53087377651630873743 2.07205488908482582389 1.17276879168325876002 
2.31849825523638086722 2.02079937134021969669 1.08293363413009147145 
2.30454400270916170967 0.49497126517768852416 1.93555681261077894284 
1.42040440888604835301 1.72332670696317880044 0.94686702683286827487 
1.76095727598179796480 0.95975598092744529577 1.51518750166597104823 
2.14277274147941376725 1.61274652828513076486 0.67624214007361749257 
1.82370348375986601752 0.20495763454111659563 1.00890719093437608578 
2.44852029892335876227 1.85965732915129078329 1.07207531213660089975 
2.54718996244691364694 0.83870442833073344246 0.75910635079718202789 
1.11067217157123954152 0.20550496002339149748 0.68509435331836698868 
2.43628026170599154554 0.66368912801754653685 0.96760566915260315390 
0.91176221405658086638 0.72508360572193841787 1.76845717251875012010 
2.73191642127763811843 1.96514063987482168194 1.54579512572541943882 
2.10597173716786567610 1.53699425062811378950 1.60908521463687859132 
1.50609085133553199931 1.95181232357714318226 0.80812071169411603400 
2.11094375399755040945 2.03506906285254096645 1.39546637737124012979 
1.64623211502297772668 0.34636461338395008180 1.73017320565222498807 
2.70944693192333829757 1.47900606893547492682 0.44024766602584169961 
1.10815287778411231123 2.12544316943980460266 0.95129265157180442625 
0.99325052995447149495 1.40898283526894085860 0.59437530078415246049 
2.19833594799314191448 0.83453222195010634543 1.29912974126049340917 
1.47143609056318913630 0.39534998020496092686 0.45010137417434259444 
1.24664383352386298753 0.87194453084513146024 1.30849107045965040719 
2.06723261184496909237 1.11639063226020263109 0.69395530065630861571 
1.55192580307681682328 0.33795365688242051672 1.02385187022662238476 
1.63113217254154929670 1.68236407506297869219 1.06974301650086567328 
1.78878170659135782294 0.70634393476206747131 1.96504921218422490270 
0.88078722728750691306 0.86425535920147333879 1.70194467455781417442 
1.54392006945934823214 0.90038855580672727541 0.63484989019338156080 
2.71109895167478720523 1.44627985698859995445 0.20485391287163123852 
1.50178822099598674455 1.03500133674103045323 1.68319652192062130247 
1.62983443712864772834 1.22710239936252896165 1.28566440232992351689 
1.72497584530677583459 0.28954992758117048535 1.47070389397152934130 
0.84463363660864076987 0.69461246106752627671 1.93068172150063466219 
2.72165531329449716935 1.59139091206583738192 0.31502720510102311113 
0.92644574911285648700 1.34147459424984805132 0.71353996728010238293 
1.97008750002053756312 0.60692638402237009121 1.72474263303246089230 
1.64852289463122270163 2.02048658487756060964 1.50357014880078976304 
2.51115740657331976138 1.48112774667836699649 0.18822032045520203924 
1.12134872440552157968 1.30287297910782906563 2.15241180594303616047 
1.91712201443319729677 1.85461794320266970537 1.32013371157715120319 
2.64424600838734669139 0.78327613086940195419 1.64143768618487984057 
1.51036139678080205684 1.59180703196546469158 1.57984937746438092177 
1.84968244221577649000 1.48760135006419580428 2.00922360058538540528 
2.26455547808532609011 1.06300672847367017049 0.65983456195921907916 
2.38854102796637723927 1.41407775610998220905 2.14551296188899653927 
0.85821569057706770245 0.76699772381936948129 1.80530390228973547373 
1.17990555897085758197 1.20599730577852870539 0.57146901759895873951 
2.38779896549126302574 0.56867380750424212366 0.36735602401436950881 
2.72965284291461740551 1.26556905647210893306 1.89125798323165805748 
1.42967717864226573354 0.88927565503049899043 0.50276534907101710914 
0.92007096186709569352 2.13585577528531000979 1.16202415646279044736 
2.25149217081866837020 1.22398647001944871349 0.89215128379869168551 
1.67247051286493109146 1.74763720357443119724 0.64611604046432280501 
2.76762321796262611429 1.53513597591355854810 1.90776596151572586102 
1.53849389297088112727 0.53614724828625359709 0.60808207262500069135 
1.29376099122011778420 0.93155442070029736978 1.86377250954040674102 
1.41770637794324705361 1.40684001247678969193 2.15918846585896107015 
1.95077912566138866879 0.48357936583417432397 1.36567685262222116016 
1.92116543994783017801 0.86074140225535056281 1.31361139280081329339 
1.38190411599344908922 0.32921582179508279697 0.91533632946662857321 
1.73409987643493868070 0.32418530400349843124 1.84257727911627222639 
1.78446272367909664069 0.56288338996582965024 1.12474141669561977785 
1.77952270213622321116 1.26470550556989991264 0.91774216181088452693 
1.00113292508667894865 0.85558979965713910509 0.20353939559432537854 
1.29256669260654288856 1.38256716591677997208 1.64898751870219029136 
1.17365357959082805550 0.30031446979360715277 1.03746286056573100431 
1.22672561013346870240 1.24446069757949739909 2.10176877041534826418 
0.96009025405341696935 1.79412227613090591305 0.70584803245504545988 
1.63074803243024235577 1.52342857919460872296 0.52363194184347916504 
2.55206930441486790073 0.66352608498237797274 0.47549233352867437130 
1.78419981891924961381 0.31292468779177001759 1.16119491239685435069 
0.85562321907095884033 0.48642706852346923041 1.44361555209637870689 
2.46300432289035153843 2.00500447367570266977 0.22884413825679200682 
1.57576075123094594410 0.28522433610016462158 1.05187646534176271196 
2.75662559537451867797 1.94870894686711659816 0.32032867352558014318 
2.34491261785723548172 1.30561160568753176214 1.58225594518120038501 
0.91189096064945363018 2.08150284240416150183 0.51380662422988065963 
1.03254117980267445809 0.30890328085197854557 0.27726963774739538104 
1.18474502586231311696 2.06241889598981709142 0.86893719058307283820 
2.15280464031722518214 1.52678845009027952528 0.56366939378238012370 
1.58393200113858534372 0.26516568619807112661 0.74439195041143302323 
1.94039861228530496895 0.33535636644977090404 1.53663309960880156702 
1.13137785995718087584 0.86584011155398310500 0.19586677050786821530 
2.52134856041850152764 0.30460274326448727455 0.21598365363673618922 
2.52995769693937999634 0.68621452985965036842 0.27623942109953902868 
0.92281808372737017532 1.67800294811180283894 0.20324630562560622171 
1.35781389379920525151 1.68748840449530357333 0.55604536562493356300 
1.13247892113149761784 1.02381554660395268641 0.41919179260673594678 
1.52871745286273652553 0.64346975011418983126 1.04476171723458866047 
1.41639788540437860931 0.61648547579385004624 0.32660043481833073153 
2.74780398779263368425 1.88651124382244739230 0.79818900424333094623 
1.27601697955621085079 0.26182125392666993902 0.39091282740937671747 
2.16234515961461548628 1.24525858804371236666 0.44861858098300610997 
1.89284658072601330581 1.09404673308900579620 1.47622081053338494172 
1.45846504845477764611 0.58863887367941170048 1.32751460531516918273 
1.01919406989111305251 1.23090400567577584745 0.96041680628980208301 
1.62410425759518495248 0.80751308530393417495 1.24843389887293421125 
1.71885729493242389587 1.54008919075362271656 0.25624061054318414410 
1.48932916167180673384 1.09631356195738316472 0.92575928825415720880 
2.39280076100581684528 2.13730875090529259808 0.68950689732563064105 
1.42392767911644613221 1.96458954477691039031 0.57466889197088066865 
2.63140713111305357685 1.76447501594694178273 0.68007066605972654738 
1.77343833151223839728 1.20970834581780861683 0.99038535441193031872 
1.74650634278052652171 2.04551564980993605403 1.88411578487698516682 
2.31114579740644776606 0.49169710014282469457 0.96591120215654568959 
1.83944429741445003579 1.46020577096335735234 0.94084301336383735492 
0.80876973470361623875 0.54730417612840143171 2.06604799405636230247 
1.66795615623952264706 1.96484346638309825828 0.43760090901372600269 
2.21902144467502182579 1.30200561330455300002 0.64988370339669154774 
0.92133447866574058605 0.29858701413230581689 0.73133516067331827415 
2.43290037105842893439 1.74486894403835579581 0.76311332044746760239 
1.25403754658027466462 1.76753102113307458687 0.60221656260410971750 
1.46948875378243148937 1.94183175672189500816 1.16148561882644929533 
2.32654196909859534159 1.71424294883635064402 0.59782884579373363199 
1.36318571522176990030 1.28907050825215696577 2.01380454761696592314 
1.11136199634812449233 0.17173216527512522034 1.62267001569346658307 
2.67013860541483616373 2.13667276627550739576 0.60780218149628451041 
1.69909922761020526494 0.45186941690695564544 0.57337407791771244359 
1.27450008340184273159 1.70105690313941027014 0.88931996394830992170 
1.95415391782487679606 1.44267862247362277373 1.71806532011096124712 
0.92804701020298308034 0.25220931352357778277 0.25975175282009643762 
1.03288328860157063716 1.84837295314036142990 1.50525811325444491828 
1.25384361245301634291 1.05463185159873140684 1.30880465758279473931 
2.56472900548992921443 0.58848746514214334002 1.83822963593165566998 
2.45937286516741293596 0.63517140684059281153 1.00466637878690412400 
1.55330826269410660068 1.00606726725986539428 1.12556723775482603322 
1.30574234252115473076 1.97761731332934842520 1.36091485189038019499 
2.75639482803826618706 1.54670926720838375346 0.85547416379415641696 
1.58718043036653555511 1.64914831382126858550 0.16711767418229342419 
1.81841278918164928058 0.18455696757980868949 1.40278519358863795752 
2.19833375780959405787 1.56431526456835401362 1.61732499908492322049 
2.66059464227071229558 0.23998745922799313846 1.85390614087151694989 
2.13658505279027188806 1.20458441147474015764 0.49822301501167298721 
2.77433183520380666209 0.19722905084545808152 0.38642643891195482819 
2.10080774916486667792 0.84054847756075901088 0.89771089487684385677 
1.31317504142643737275 0.68830994961229363671 1.90081870275839848183 
2.70926325264450928998 0.23722433398352602008 0.57669079332383443859 
1.92892785913471320747 1.77069871676100554225 0.73097770485591595513 
2.70628951139571238826 1.42744976725893213398 1.64106523327635489551 
2.44921911210404719128 1.07494945457225932195 1.28066786216708017321 
2.43228227829928389525 0.36713670544953869168 0.78912129022242472054 
2.02508935950205604115 1.53016839595960352227 0.20901428347077077863 
1.11000983763202509813 1.69147462195527054085 1.32807974144151108575 
1.60979207564144388698 1.24912661266156299611 1.04602001021754387189 
2.75488521571133881949 1.43268613827804691674 0.72777287829384984530 
0.91197730524253750595 0.90582148590554278922 0.99857420814034136836 
1.48271382699685227990 0.58968588243814579197 1.60995285510624319691 
1.35886786871135489818 0.36477378645153640813 0.20589119220642837504 
2.67854018447184216711 0.84364609450705818627 1.88925445201059472033 
1.22368283949579192971 1.37046742313100899935 1.34036433954313016770 
1.68979416096413048720 0.57483343566159361693 0.86581385434239299670 
1.44693133014824937277 0.31263165821064592409 0.20752426308782620512 
2.76386930802093999660 0.82735805572091358773 0.84199156921575080137 
1.43375936830727690463 2.08293361554406741831 0.65864951529021398269 
0.86943424937964786103 1.80260356935333465600 1.76145175888927063568 
2.19074425856491039610 0.50746145761388816720 2.09020722432202354923 
1.92565466609315327773 1.03626342433477880434 0.87135987607879938910 
1.51826135746702184370 0.86172399467808769025 0.78363795877697972614 
2.61497687233782016847 0.82633938351235580733 0.56866622069310290843 
2.51116901113768342668 1.95278690370411478483 0.64776539716835224159 
2.27177658961343409416 1.12594248043409383975 0.16653787721481835837 
2.46376806183098340242 2.08829473401063125948 1.93824397848576235326 
2.10251552196494317926 2.00138782338529619409 2.08040297527449524750 
2.52612857245120547844 0.29014165786739293251 1.52677059101577294875 
1.59127592702878306596 1.69192910856838607536 0.77744739687388164651 
2.67147196195029046351 2.05056035838108474678 2.08697507654534364363 
2.59055104883740128230 1.48476971870324225833 1.60381071806411990011 
2.46086385445657551685 1.36216598908179453709 0.73645492152376912376 
2.15485825798071095605 0.77741827592411705261 1.02586475398838983253 
2.76733138607324846703 0.45412429085386185612 1.42679174076320780529 
2.14968406790664179340 1.28712243453948538274 1.98500725486142970411 
2.19062897987823435031 1.02749700130256860220 0.87260896548142485862 
2.19571181504250256822 0.51824289217089580806 1.47814981981018944701 
1.76623794398757172353 1.54362088297646482538 2.02270551144687082967 
1.98729572015879507596 1.39440543166975117195 1.58590269676448647473 
1.36396145282359548823 1.13643036663987540003 2.08035620432734047469 
1.21896442568772567228 2.12298152844374055093 1.83935581598499364731 
2.26608867330189722722 0.60937753443630282568 1.23191992234658731498 
2.34231505767352521374 2.09629300056597367430 1.66312050576313108508 
2.53724994044190488296 1.54954301868860921942 1.84120552951387184137 
1.86739620400333095063 0.53316839526995429832 1.49240560841329772401 
1.60555309529888012854 1.32633538067173151198 0.44886434393071944493 
2.10407648727571672254 1.28919386182836825938 1.43908842365920075501 
2.66096820319853799575 0.22576465660858846540 1.31982540400182446483 
1.20074617620792412076 1.61238115025615869058 0.72809126978926119733 
1.39266415496196915846 1.86239185573508270188 1.80933347154905743714 
1.10607062192625793529 0.19965394741534303602 0.49887466554054188395 
2.47669964742348236442 1.23403821861505891277 0.20969725560640506412 
1.02709325327059031174 1.07750291566929856657 1.63856548147607972155 
1.08379364279906775792 0.68453132160112639681 1.48662101742967966977 
1.32695051202933655965 0.42696111321732210797 0.61215851556789091514 
1.59382411810654756046 1.28349105765677418134 1.52267914258520931092 
2.17499679453077598978 0.52645845820719094910 1.07783075133714101312 
1.67136507580058224498 1.80110120939990347999 1.53064960715990072693 
1.63271196782932959124 0.68292654028709565139 2.07385743223947027758 
1.51156430357462023828 0.20807894077217292672 1.70921193179927533023 
0.83410175303925360168 2.08756216933507676714 0.85007159543518617806 
2.33810300268171289417 1.80683967787537880234 2.03073416807325823896 
0.96839893608657690027 0.43656662628499570689 1.77222411384421318914 
2.17887406184031240386 1.51852406838955245050 1.07398948527719473311 
1.33791224705019895502 1.27652839730085987391 2.02927651099388350886 
2.70938133685278659257 0.48148551641499920395 1.42355945319074672639 
2.55326737416517035584 0.23143097120240987974 1.21854010084539887693 
1.26688681600980679320 1.55187718624413184543 1.40255368196767538080 
1.26454477086065297797 1.12973649842825762946 0.16981339698195965782 
1.12304164393793204368 0.17056756616839829910 0.92975486425424413994 
1.52324198356985096581 0.73058139935282062627 0.46032972608256828018 
2.56994079617598947252 0.66001186394226529774 1.05030680373980134235 
2.54046166815462326483 1.80334918502343355406 0.48623866162931572710 
1.55506320262282904388 0.76155361390788312015 1.76977962749020645283 
2.26784913595837744893 0.35449991316972706556 1.31213457106099395943 
1.32642625901251176579 1.17660402678638797980 1.78581926288484327259 
2.19510580086550888268 1.20275155985007731196 1.16574697777392755071 
2.31503287393468815125 0.36575313962464311990 0.24545168324379357250 
1.58682767405461011556 0.72646136013512363494 1.75871054176530461355 
1.50757570715576028064 1.51689672014587539906 1.16518946179861693224 
1.15423556210332067806 1.23788226591513028652 0.65229083300537893386 
2.28916718070630142989 0.45228816322241888193 1.05996249805394193721 
2.06841928271533781469 1.72404932390462595215 0.53125580387376958313 
2.26369581817457898865 1.10825926494146487222 0.77268370229902072488 
1.24279549296376212730 1.37288813833704081979 1.31802106898405413382 
0.81568858231331375919 1.71209724811550212387 1.92002825286503520097 
2.29159959007838232026 2.08134507240003729933 0.67250945839004228066 
2.15366567260589336641 0.27209152742782433121 1.68579647370573604270 
1.66428947549446992760 0.28483648079956802590 1.81565108391069851557 
2.29752034060543097738 0.59533191592715639651 1.30541623401674522498 
2.54853233885195873398 0.82246099289377772035 1.76021180904816310075 
1.92744947470642036258 1.71207943622542702045 0.22668472172835235634 
1.90522432934098628898 1.33087949915308834115 0.55374325548223124471 
1.23135475077168665692 1.89705547525412510090 0.25437223313817514114 
1.93241894473700592805 1.58459860307693523040 1.16138845356267750297 
