2.55647363941910210627 -0.19083488113393690111 1.57077958403405260057 
1.20825882309611021270 0.56613271275080179201 2.33822862580985635361 
0.67878998102899312794 0.94442568827409423271 1.84350764033214398196 
1.78358025245802198633 0.73175704010738307215 1.88108947210069699096 
0.64023327084344516802 -0.79847606539473170439 0.89226731230001143924 
1.60464299604831217572 0.53165216417677074734 1.48187827465671229099 
1.52346580093279326817 0.27802791761741363352 1.26116813618933432117 
1.35121900632274161147 0.16625997200858780301 1.43833955740955676816 
1.49919240719975266352 0.11994619090381412885 2.50271344994006161855 
2.15677261644315310107 0.21073124004476986859 1.52596001319593876921 
1.21459472012546787489 0.94611582301255148231 1.24278408322827482735 
1.75710866546253319243 0.37386242770815864001 1.27024025229470827192 
1.90869989740789081090 -0.17257530518000024911 2.50860386220558462256 
1.57765821922453386428 1.20234574201822241868 1.25609218238299713555 
0.72336286265541827056 0.79824859004275916519 2.49251715378714289173 
1.00287631789114506375 0.02022064130278774033 1.73976560502117583162 
2.07066651385020028542 0.17121829610287142565 0.92412958928820043703 
0.60523608704335041253 -0.51808935716139170591 1.96689748101217953824 
1.94394621092511910021 -0.04226644425586673082 1.38093254921557839765 
1.49098427154772528169 -0.47577566096942314200 1.25324068301639757195 
0.68695383435104384606 0.02564566250941561695 1.77757377617420320171 
1.29425539101895425986 0.22959556230236041752 1.07531555416099333655 
1.71577346241694916884 -0.22862980125811901977 1.55291356352847675915 
1.36051781037980434874 0.54689279457840178633 1.39090999521496860858 
1.12171664269176685202 -0.04820676782425758339 1.09566034462274752848 
2.26130460445962677696 -0.21704571271678613220 2.44263269516416281490 
2.34362311626137476139 0.17033173968744202975 1.71526984087188449912 
1.74844504441727877087 0.87266414903914368839 2.13810091481167408034 
2.24628037182042605835 0.46615598895822335512 2.08120804999500919052 
2.11238234399294100285 1.01277322486003940050 0.96963022321259939584 
0.98442645290030039718 0.60659383842530301134 1.22346852124866378730 
1.74007461722189793463 1.01365660501370458135 2.40567279876552575502 
2.47987604100453262745 -0.77479290367148956342 0.75102537688814896555 
2.16083191397150686797 0.92855371249974050230 0.72252782144274518839 
1.78670729076883838538 -0.53522272341124699224 0.98636089098844881295 
1.23515086926384998200 0.81236522625928808683 2.40609065209624217729 
0.71039485056432472021 0.72976016799905829568 2.63886883120406379177 
1.08150917715963945653 -0.27242988506149817818 2.32087707988715852281 
0.92047375335346370839 -0.72868720947909593200 0.77638580454843442169 
1.13233551745753779905 -0.62452174972505847261 0.80527349628421052152 
1.89055616139215398874 0.96372385117647751951 2.30901771160647628633 
1.34933822072208720044 0.56562394541208660392 1.38455408374916699721 
0.65452372536055236640 -0.45449278366351114622 2.40441070828958114447 
0.79923152544605502445 1.16846395860502805242 1.40293212883829965243 
2.20206980040989774849 0.29018381864903430856 1.97005393147109852947 
0.70226377510320758812 -0.60109623857769933775 1.73514659497104473118 
1.16619646691566858365 0.28537175024097272136 0.64637495962889879308 
2.35919046571276913582 1.12541293012310728017 1.34945703031674946182 
2.36178078569022309452 -0.33905637759839268863 1.98403011836764897602 
2.48148095445543548365 0.85164395861988539949 2.56263023249018129235 
1.50809957447929510188 -0.34967702854860133188 1.48445335279291379393 
1.44263651029862938202 -0.61755933183268996167 2.45425495309536367827 
1.98501678478623855284 0.13071438169124299788 1.60315562973239122968 
1.53037402847389936156 -0.70768262601761100505 2.29222740918735956583 
1.56674513919298963316 0.05596838625283848817 1.12652597680706945127 
0.66530251788776195720 0.28206193185007438773 0.85121595046141773633 
1.04167799120617909914 -0.78955537301397016314 1.96262350077327796249 
2.31344104029224695296 0.04918040242518779276 0.98044777721328868481 
1.15907411758111456024 -0.35027395733189409244 1.80103724946217269576 
2.06681906259920733504 -0.27041224045787354280 1.33885809401484356940 
2.45003995340809721526 -0.43521086251910967579 2.28769691917583450902 
1.50686096889409659738 0.28203367593930350754 0.72740501370866883502 
1.39188388909478355515 0.10338515252324961824 2.34806376125579063796 
1.68030762687847978754 0.24454560174260508987 2.08334401092143739476 
1.68048874996065999987 0.08319416363788252611 0.73462968698475461515 
0.67834017730949358604 -0.71974769159218654480 2.52692765540837571692 
1.06640488907271935304 -0.01137908940613289316 1.43848847066439211595 
2.36309431358751709240 0.75330359561524395939 0.96368843195114395339 
2.47358310911213497008 -0.61363230263915369278 0.67914616027270635623 
2.58379674224941213723 1.09071311070817134059 2.63368306302620736048 
0.83354973740588722553 -0.61826075899598531560 1.93728362990300473356 
1.48924968833465398710 0.03543634997976192330 0.78553317246015030850 
1.35126489252427028909 0.85110719610747187502 1.80366463086810635552 
1.71407217356353647197 0.23803169412713584552 2.62811831932343942242 
2.57529550958248254489 0.22035228995968847432 2.33066695922668287722 
2.04376659988409281610 -0.23719600522107744944 0.80145794472692710730 
1.90370638428736627112 0.13094927911363343775 2.08313121364390774204 
1.84981381632328223397 -0.30931511991149790441 1.56590720549660900041 
1.96390859411124640843 -0.06170283611464116164 0.84387556436124411263 
0.86818083213861074743 0.85163623449517511510 2.40748819828456550596 
2.38922603885878670482 0.98584419510537135700 2.20203927313647440656 
1.40192228089115644707 -0.09733827755369890700 2.55707330245992814355 
1.87915180533875525448 -0.34903295776489395852 1.96747754812067277008 
1.16336953637049611565 0.28987795242232455850 2.07783434516422627070 
2.41118352874502761551 -0.38150644071641859334 0.80025814486628499278 
0.80794119403957120884 0.69803150505925037894 2.30434785003793551894 
0.78805257425531549664 -0.72450609957663958394 1.17373061875484263616 
2.00416924374402061204 -0.70857087622317760367 1.79608646871895172303 
0.66346257600754043882 -0.67963493758619908380 1.80428730969896755632 
1.35836540638652625290 -0.59007623228132644044 1.50603943375099080804 
0.68522742553411952748 -0.52144487537672801203 1.21669775861074747070 
1.11622563128873397709 0.01234301914117076279 1.00841409105522727963 
0.77493809735513530246 0.52258179022583362006 0.96904280434017675550 
2.03868773503498390554 0.07684010252750467229 2.37711567382881661104 
1.37374544910525586694 0.21048257699510425356 2.28296030719878118020 
1.68046712113798024646 -0.78014767466317946898 1.94789009941431512374 
0.60131210262985801407 0.25433577400435808391 2.31126538499150946393 
1.43200291975591542659 0.41611074799255631795 1.43570905486158229003 
1.50881527297096784679 -0.15648440036044541923 2.32259868108715483714 
1.41733778179269487296 0.91486913635604805162 2.56856129361319185378 
2.53559525997264101349 1.20194390057759581403 2.25713380150421905057 
2.32921376577446270772 -0.43952161415602214456 1.37060090387839816906 
1.01227805380940516500 -0.62100349531850074225 1.12319566386646974010 
1.45113214420983593911 0.99581755875917699061 1.67077284024810768237 
2.27906120885134733101 0.81492333332693001058 2.12641848745911454799 
1.16163165912714538841 -0.32346329127242762214 1.11787680662349431238 
1.48776034873939133618 -0.13811905987280159724 2.02054472365728887695 
1.89667487766407960592 0.78887648825930412055 1.22651600176842223711 
1.96292402276700528319 0.55285416000592280117 2.34026642975968490745 
1.59709519309303771273 0.09796702014822207538 2.60619024199143289877 
2.51923855548214303823 0.84798853363466542010 1.60860858525199734714 
1.15261983154564684462 0.28171943613879663060 1.09523704610462191411 
1.53370871006725661978 0.54254865442257915742 0.88432069200305563061 
1.08835364138171897253 0.88915712661835710762 2.19957205943051548047 
2.36118991045528314743 0.85037687631353564566 1.48151296764040885101 
1.04124256699615114208 0.80343553646411891567 2.03012733447295534717 
2.10925384112364788791 0.59348006859872437513 0.65962348034310236411 
1.44500855410155448766 0.39010018933882095737 1.45413860538545169909 
1.75317219211996166983 -0.05286186857800150019 1.15039909780994631383 
1.21585333710228904458 -0.42271378392860625706 1.77902179745497934782 
2.34566179994188894753 -0.69422916529933831331 1.78269189663755622810 
0.82725069657146033109 0.47914396752811161395 1.00345218396191504517 
0.65209128558998774583 -0.01151603061035974540 0.96609571458840037828 
2.56537527166864354200 0.56240396450912988335 1.91161589159334832644 
2.29653371848277654266 0.53034419438764812682 2.04713789068664375748 
2.55329320277175542131 -0.75488306974982732900 2.34158023054165997934 
1.36110736594910997077 0.84688372991307825366 2.19287671118212701415 
2.18918818223867273076 1.12055235864100266596 1.77961921592232941158 
2.55723518742822042427 0.01026015185562441541 2.49665693467303118069 
1.49658555575700447093 0.74413161687618467610 1.79104915468697023506 
2.40610205179728797731 0.99172118941307529916 0.64714666261596165420 
1.12127650411136658981 -0.34999298645664755902 1.75834042685629921010 
1.12483838817858949888 -0.74167730837710565961 1.68380248407535693111 
0.85609959628804233045 -0.08101595705015642024 0.64811101110750179988 
2.51700333444957990991 1.16190399000241195715 1.56281812838753553230 
1.52840440865299909134 0.00798402310319823449 2.12092175911153546508 
1.51769175523908161907 -0.63113097948716256891 2.33700368774549316342 
1.68172145288940577679 -0.35136400313790927541 2.36276615825839320095 
2.27517440076988952669 1.01136685886553623348 0.97021818017618866037 
2.21515451532080742680 -0.57889789311436368191 0.69544431868315759182 
1.60146799843166065536 0.45734005129450322480 1.06715910292157256656 
1.21268029112735242769 -0.05629235886668464139 2.20516761625974000438 
1.99906452189423644583 -0.33852370959365341019 2.28230386699899412406 
0.79360384127164562695 0.20679758969405598323 1.07400288739499982782 
2.15193073842932403039 0.61528734367089232826 1.76413428458981313973 
1.94570425421181369963 1.03191224966885020109 2.34891757699031655804 
1.32101686098985116047 -0.02971173539529812016 0.92287809058890302172 
2.56234735401955049383 -0.48114037944371501609 2.50517708936376104489 
0.69891022926824719619 0.71814176641348270724 1.04094127339075970262 
2.37573683946257796507 -0.46207690404571538645 2.36324233758887869428 
1.85760626481693824630 -0.68717935599820068049 1.96502390764455059369 
1.17554479283842172599 -0.40678256027480880208 1.73445355482883267761 
2.31403008519561304013 1.12926460725810717811 1.68188992302346207453 
0.72888427346889717029 -0.59018383252171435771 0.75777933899357763359 
2.23024638429949639828 -0.35518702706692462101 0.88435045865897421447 
1.56732165255829913875 0.05327429441559621004 1.50892027360466340902 
1.82485067224625896465 -0.22171822656803663598 0.76592564604422463947 
1.12425749491552440240 0.37318892355308708186 1.40693303555626347823 
1.58650504359390231990 0.72794256767100973260 2.16410291026991918883 
0.67908722459206982691 0.94603264741782067127 1.84256430616966548897 
1.50103279037704506749 -0.76925886636479900993 2.23718434359585804927 
1.66300837070648421800 -0.42028102551548612853 0.80508807860543230017 
0.93558837297553065770 -0.20194227504265757633 1.23430945627163834999 
2.07793590834860486538 0.04049855360384187197 1.98273792429278028493 
2.15730450555320096839 0.35174878300316869684 0.68492063979104345073 
0.75818713465389364625 0.03439348824979011204 2.27501956978543296017 
1.27826250422263720807 -0.07082478008396476954 0.88490367129554814429 
2.52087246906158179982 1.10158165402575347613 1.52413479789007433318 
0.75957995240204212450 -0.47986486308115422483 0.96337703220549131267 
0.91237127192432254663 -0.67383368068257376571 1.54350272229917040434 
0.73919188131850543932 -0.43810318656286656447 2.19705281910149929914 
2.14605418301168082706 -0.03565694927068707026 1.01784718867840484613 
1.77805386785837082897 0.67761628897021963791 2.27884757121745673558 
0.63709632396050763781 -0.30938468284602871350 2.06609988810232891865 
2.51641359382364848685 0.97070789214896679997 1.04550022345005100277 
0.65928425181772798425 0.12712199409532939920 2.64103686182556351980 
1.85347768284976788244 1.04600204325500079072 0.88601708393245970363 
1.68081858566365172081 0.46725516375799691637 2.43772356783846166906 
0.85900519723038548658 -0.73373805476451059437 1.70811672713944928681 
1.36046215769211698010 0.17526908784283753984 1.72368399383659709478 
0.77636226361212612446 0.56983420109447036062 2.12403675375450262663 
2.46777659063941756656 0.16758427692875674242 2.54449275166812860505 
1.29660419725418374348 -0.21277543638466608900 2.00279257043142910888 
0.78478109060504641636 -0.49394420504081737455 1.60242818240691597964 
1.19916992534112654134 0.46279293694228673672 1.15185063511360441524 
2.26837863230653802304 -0.21844046240124320724 1.70890065009564273701 
2.42307547968640513147 0.62934395749856464342 2.07241076947701907685 
1.88891158777454370998 -0.15109528399811295030 2.46554636333759269462 
1.82001553890572553840 0.36550619448461163508 2.31882045826025207091 
0.71326086417652834193 -0.46898628827248489692 2.09419962564527972759 
2.44908175366568237052 -0.29906397384647187554 2.29526253819569081571 
1.62948535258388815805 0.85927099639992221558 2.24408684073716990781 
1.62420493439568702776 -0.30728868066682135662 2.42496231229958425502 
1.55628270321964978784 0.60548908856878247420 2.48994846386729840049 
0.77510580018530261803 0.18874019046590634341 1.40474072317793852172 
1.38795038232053058458 0.73056182144633952102 1.76699639633350424894 
1.03214073484525470370 -0.66548276370994507989 2.24359433698889132458 
0.82630635537986107941 -0.06023244683018158518 2.06623198327675128283 
2.19771763966971933613 0.22707030850784609699 2.45655729347483386960 
1.57112644130280765253 0.32606671435008499627 2.45664904618022506000 
0.98692767273470405343 0.43071854940017517688 1.59934739122554492319 
2.51937161160944134153 -0.74607598855080303757 2.30002758998390754996 
1.63239167889324021665 0.65611582166271942285 1.39038265547082873219 
2.06386069138007233192 0.20006289080050054796 1.63993686259499638069 
1.10303856114265519395 0.29610945661268367468 0.99770525420860889376 
1.28256417651127208046 0.23552565334754280157 1.85384089440495736234 
1.72519987737116609061 1.03971915687846450105 2.10553831164760696382 
1.18917602995984483805 0.96796286947382059740 2.07214389978252100377 
1.71814224756354017032 -0.29943981142057451983 1.36909345817313843341 
2.11823754682670051253 -0.27887573230144335756 2.55146098730350834316 
1.40865099316176456412 0.25330693862974185127 2.56012155049378309357 
2.51699012972465308025 -0.45899963054861975253 0.88618011413844721691 
1.07580403899108700827 0.19025578491827177530 0.66052704510588233777 
0.60353466281237011515 0.50372081971216109419 1.95758394673400748509 
1.17828534354194802702 1.03532815321444027212 0.69801775283170708342 
1.41436233274183331687 -0.12601149255183605180 0.82214973566015214779 
2.32047278578671223315 0.68792631771671397534 1.68567736706298454408 
1.11906111793265705678 -0.79047172359302775302 1.63937900015169923940 
1.21935123406655976375 -0.16511333562596239299 1.36331497736985940428 
1.99031630184301278064 -0.10889376465081540557 0.85158314856300476592 
2.59557864804992544094 0.54680521041060459186 1.95713117952634019225 
1.11053766571242729100 -0.10514796580728313913 2.60422177447058045274 
1.36083022982488555108 -0.38444170330950955261 0.97814088050411462927 
2.26557373331585676368 0.74312912577293332994 1.65567352861322492075 
1.36015633457207707480 -0.32251796430970197660 1.95852332689885710870 
0.75274753676646366518 0.13442312114526397404 0.71991656324735353589 
1.56066668507281258726 0.89843669035882123275 1.96722679659827370813 
2.55788898341224379962 0.24652828007663157850 1.32767925531368269354 
1.78416288168714554097 0.54753274355176662080 2.56126855830951383197 
2.59670855170917924681 0.40524848103321442494 0.68957837373777741696 
1.43146805468507021253 0.22215740739446426799 1.54438507837130578615 
0.80683602688886368881 0.23892186299910095348 0.96314950708726876361 
2.04171339295233567057 0.70420470321158057381 2.07779551861607769681 
1.17405989221797812938 1.07157710691813656823 2.42545286188248310211 
2.52121500774644324849 0.33290997212764250612 1.44988776682273523555 
0.61552830209941300499 1.10984404006903680795 1.16098656250240694909 
1.89087470053419015592 0.11955774435467896033 2.11714088864063665341 
1.79138706565337568755 0.80074903676755693205 0.79748598539976311983 
1.40935890032758459611 0.00251856782546007549 1.64294022746634071908 
1.67320625852030135938 -0.46885877587609325889 1.17118363123810675930 
0.60109002821565504782 0.13017681755657517506 2.20208200771545792307 
1.24009374302330055428 0.12984377828789836484 1.16267043642619016808 
1.59010978910237987805 1.11084850879535723678 1.16365843231492416265 
1.12354666105727418746 -0.47692275062212285963 2.06071527480926031117 
1.97116081400278231328 1.17123987849082666912 2.00326459491068531449 
1.40214336564246067063 -0.60045850853352855658 1.46641369331554050071 
2.03244236996339600054 0.45856835913249394121 1.54374985415321241966 
1.36525894795789404235 -0.14157566310222846617 2.48055573503375059730 
1.82727550217972534163 -0.25872792430180890921 1.55626429654621900589 
2.13355437067696263043 0.91833914741904409951 1.20765933909661926648 
1.04045164797209443996 0.07470525952444737050 2.05079005198507058338 
2.54645511156911519279 0.55324927202759233147 1.50262727471265811197 
1.92281294091971011184 -0.14140980051966700604 1.47323568298078155792 
1.38305977348784403524 0.64535005562091019016 1.61515392232637267078 
0.97867462643452640680 -0.68040291381542217231 2.30404800207790483313 
1.15441350920046348350 -0.50968712730746679185 2.08629325159099199283 
0.84265054936883021508 -0.20216790291251776623 1.36524540991979415061 
2.12336411860854434863 -0.20455698820954623662 2.34994194271643497274 
1.58845162026902153585 1.02787976110904510918 2.07016133743019992153 
1.92078599595133825417 -0.23272023867170801847 1.71928748404272835337 
2.55834347709445397712 -0.20418530634406073521 2.63098991862046682755 
1.14823158116507784143 -0.60523925994937211037 0.83191941058465890269 
1.48315434875110674362 0.96417027545774991459 1.69288133597774304029 
1.96913252242410985460 -0.11101514860428010611 2.48039218004795847250 
2.47932021273023739383 0.13302133346054664798 1.90532112514624563104 
1.56078590387433702169 0.62268452055062017969 2.47154489235244811951 
2.49392796237169855900 1.16198015295794188084 1.90493769930390421941 
0.96872059388482889553 -0.47434333570799391833 2.36777770716814650598 
0.69584377074464942581 0.57823291401109200294 1.29407096750657557571 
1.67907119979298102841 0.29008571370751512486 0.88298526880056538158 
2.47362999058784760464 -0.78620910271887090026 2.56459140388911333019 
2.29269226821840854669 0.00799398311534232041 1.96773719369818222980 
1.41461573992915567999 -0.46314173830744603810 0.70347156262581755914 
1.06688647035096040305 -0.40888431967138227918 2.03661280337658734396 
1.06136208916036989258 0.48353853812082009389 0.90304119157926543426 
0.90668858428817689088 0.17866578993381748708 2.47968217900392584596 
1.65539919527777312780 -0.29707448476034292728 0.65216918631620723890 
1.16149033524673073181 -0.50979750958044622866 1.12200539573235591462 
1.48220619231965877738 0.44735363206105538403 0.91218242642780511531 
1.29997174462945586093 0.41420421771137527767 1.16285413156244832322 
1.64935834848929774310 1.01072697643310349669 0.65435918625606215304 
1.39179884392293007345 -0.10984305178934672398 1.16599155601306003760 
2.44937056106672912392 0.30478734801330281678 2.53498656988603210394 
1.76932664144788898142 1.06630535777576773704 1.41237088861416859586 
1.56863942571309555873 0.82458128943658048904 0.64432485503529790538 
2.35727525819352612402 -0.25873330499286778528 2.28643944588621694791 
1.20342441037024228123 1.09027147589615980294 1.29352611397309247288 
2.10003156739523300089 0.91130438601405205912 2.19019374477282990910 
1.05007842691719477379 0.20474972695864451788 0.72606276997532626094 
2.23733685614171617928 -0.47686212817966822097 1.87894350339738491762 
2.51512028918948038481 -0.11920449432508871401 0.97204156612626468892 
2.34570215195945230846 1.02756648304761011303 1.91775593293943646955 
1.29869909283410156497 0.74457732486985139797 1.65839532649643972562 
2.19982252798422139861 0.72392346087771053398 1.49145086131393900253 
0.78449712588046871531 0.92491398413278091972 1.67836419023042426879 
1.32843224053419795005 0.32540964949061790268 1.95655340227957474930 
1.59325527834125280080 0.81779311013845246148 1.60438100354921520108 
1.48136972137805966732 0.65031105077021122973 2.52430638285958997002 
2.03783160726337841950 -0.39026317174535213317 1.04869187736505087294 
1.15347272062859795838 -0.29770650121464709015 2.46354309729263665218 
2.17665811781329665564 0.86271889391013778514 1.34513958766532715217 
2.55551394936611053765 0.72585524340215801242 0.98965914212845651488 
1.47577412227625792696 -0.01132664123127805761 0.80290130532312387057 
2.43008097673593015386 0.52704992671641015534 2.32668158978716821395 
1.49701795531863601774 1.09365094014495434216 0.76363180969352550953 
2.08352732804583684612 0.27671700323143211264 0.68993577802157546319 
1.11253333977918678066 -0.22864476604557487649 2.32533414093522372568 
2.04273841180778426008 0.24382719979612402228 1.23310275543897751582 
1.23027823538552860683 -0.21188977567698286109 1.64509087089335293008 
0.76331012219542249131 -0.46828645958322839826 0.72669246811030652200 
0.64149358619934637726 1.12814327218058285673 2.20357602663327600823 
0.60347031083062763201 0.16883914871029756521 1.23506467344978165812 
2.28589977355566720263 0.41897859940870962880 1.56985413167105547494 
1.96716961776810972395 -0.33842795536249559163 2.24274042880147961299 
2.19351462762571802756 0.54671024516935207149 1.69058050916483626480 
0.90779369089521633196 0.85358695756351365969 2.04358597330648095181 
0.88054049914576204561 0.00235323391347068769 2.61022532752718205984 
0.98646394981111040767 0.75480268257645266594 1.04594027373030784567 
1.13411911213402705201 0.53259670857062502147 1.54827152700690162668 
2.38542677721942331104 0.03092617387606274096 0.88878402164526915108 
1.16581471432553285261 0.78180724955728608805 2.59993275700854864496 
1.60184164920272720245 -0.70674397353141682476 1.43290727219332669762 
2.04269584817506855146 1.07998085733034865363 2.38828914578678297431 
1.59287938594402156411 0.25144852105521026120 2.57183820171283805678 
0.80181328804103568775 0.00817218626320304065 1.48393057216648815988 
0.92355111893722097172 -0.07603166359605108282 0.94031887187030094299 
1.95397141840321375561 -0.25785689413059348363 0.71461647178148945958 
1.66093159373599119633 -0.73341855310295755999 1.44112950251951166258 
1.37108727602330815465 1.02338131252419262118 1.92099602601536578739 
0.63587162269283947769 -0.76563915073981880788 2.57394832739985934822 
0.77940704372193236882 0.93561558474762329674 1.65775122963568266599 
1.36143378931408598476 0.46562120842654275421 1.45835332413607132729 
2.32516789595451234263 0.76485226752448687293 0.96328040044615681481 
2.47753332154439798174 -0.51734846827582903206 2.63929235912111037621 
2.43670196745501677071 -0.78040412216232035725 1.21605984147809853546 
1.74721500952915675953 -0.20555945469625441779 0.83749017805159242656 
2.27970080930334972891 -0.23095322994530184668 1.16505167963031741607 
1.67924047559400668739 -0.22950380655229751792 1.12051012016225293166 
0.64276542129766445210 0.14129625291355993322 1.23860794359276371601 
2.41257928864679893621 0.56145882911434941143 1.13291278740632050948 
2.57450205664844444797 0.12239616809071557357 1.21085368380178670655 
1.75275193882734781070 0.02088860062630925815 2.00479898218348484562 
1.81301776414426218942 0.31730668043474402618 0.63978853053260686945 
1.66068050610886253082 0.79991758222664099964 2.51081687330518965595 
1.04264543925539721059 1.17152782942430855329 0.96885678766834892883 
1.33993729645511616688 0.95685770976838757651 1.51585392777672445241 
2.34257256644119848943 -0.37309340899091936183 1.65648049799848728902 
1.61280393618944350997 -0.50954242282597927982 1.01280606703602349405 
2.58559897049929432455 -0.15396919144531387436 0.89865574643462797777 
1.93003905660865759941 0.10330620989631095208 0.81057208678487435716 
1.88154854207340482830 0.09015967702992767896 2.20932068053760088944 
1.86131688755789470591 0.17014625944786537781 1.80975957521392727401 
1.42540861594000523027 0.16116132382583503446 2.02209637414132981093 
2.59786677349237704604 -0.22435116447385375360 0.92641717088409969438 
2.37897583716949911903 0.99582953011171915225 2.26712164031918428364 
1.27131608036673848794 -0.64853022810991289848 1.25941561518285971566 
0.86125397535143732863 1.18981817920724930460 2.07191156355046235404 
1.62913254669334772728 -0.01117965387634060198 1.52114149732731362974 
1.73019374250207391697 0.21031617729015594787 1.03815924599882603019 
1.05498766480411321211 0.28169020781136305809 1.76991074358797040311 
1.77155048865590192264 1.16135441145872597701 2.41550936375663827249 
1.52128520413254575416 0.36027089768797454505 2.04127493666528181393 
1.55585782801978234069 -0.24709613365904625759 1.72925700803280912865 
1.59471593898700580993 -0.57487714628584385412 0.62971302324311950738 
1.88583130621475336675 0.40780179326126314576 1.66283603895099063585 
1.57933484554682990186 0.82807779923400315347 1.56564594915441723799 
0.76143172497580413616 1.20196383718701049759 1.67861069813374941262 
2.59791907591057213978 0.96849431598193003179 1.43958670101053343160 
1.22570037326511172004 0.18238937353440062838 2.14382258887043608553 
0.60249917921056983516 -0.78058006694352333188 2.04805558671049769970 
1.36294871614868684517 -0.38723807350925742998 0.98140172388764801426 
2.48476542231537322891 0.76222531046729880000 0.76733450977928807646 
0.72032006456303887543 0.56557807627770817493 2.20879641252758851522 
1.16656122567058884165 0.18020215838690381571 2.19525793542554970017 
1.45503843542916144749 0.58231384095642146903 0.81330842355586407955 
2.23502305603475415197 -0.72179385522146843890 2.60576865602901497354 
1.51644223008023071309 -0.45673527273863984144 1.57919743886763375151 
2.05137265704514248910 0.83411389462563023667 1.24350775846155903182 
1.58850951219245350998 0.72984983194849628596 0.98373776291555503626 
2.42645559523121834289 0.91501734009614399401 1.60191627726924701314 
0.99890949382818328139 0.65509593630317219937 2.24304420174542240574 
2.08109074900946033893 1.16504598157075478504 2.28602190565315055437 
1.52008649116852745387 -0.68067026824916743166 1.28114177845032850556 
1.79431262071169306260 0.21941555168943771559 1.71723868663934431389 
2.34630406467162888617 -0.36141898416058171328 0.97703361652169684604 
1.69007795557882056769 0.46565307225404967140 2.44872561926279797007 
0.91865515941389574994 1.07809816417487724927 1.58752963978844863213 
2.22538775538333233328 0.27256953560425434269 1.37394795420309634437 
1.10225249065238428692 0.57471220826482338762 2.64127366963076992690 
0.95958835227805616697 -0.18270770165278582553 2.52647677664314018742 
0.95922389578516598085 0.33597619432467989986 0.79594430161969298432 
1.68098284739906556062 -0.10988864947643586789 2.24212940794634407737 
1.99591663047792389207 -0.54980124732669755083 2.59850601234426559216 
0.82474835117978528842 0.25837213890929522364 1.95957775171266157521 
1.88638334996697398793 -0.44202180922195200008 2.44429329307497855694 
2.02636471680252361338 1.17503827103360425355 2.60917602379383728461 
1.79846000651858761721 0.18787971215692661486 2.08190298315849853239 
1.90987644825911040414 1.05900047259223240026 1.17794438341168117290 
1.72055453266296476400 0.85308235189964998213 1.82813409453548292305 
1.49518519279798711707 -0.48154685965985793983 0.86518991785584509202 
2.01629198883863924863 1.20026477685741816970 1.72430169573616520751 
1.43621401634435796879 0.59819141053585223045 1.32353374210793606203 
1.35185569422333884404 -0.77877061611480313807 1.29080363587001967218 
1.40318238264256800463 -0.57327175012654385533 0.79045510257547713096 
1.22394428804074340000 0.97421635386753668850 1.15580808224716347077 
1.31852185513871100753 -0.19012262033465845978 2.11166281610060968532 
0.90635797889044378284 0.28682948711062355995 1.48362785411158859539 
0.91676264203522406238 1.10573935134595990881 1.17762144093029252900 
1.95813392643357797596 0.53219093241432580133 1.88418900388529220180 
0.81428757131352635934 -0.23985263211763979685 1.36260479208998908085 
2.13542487359300414695 -0.63563932814701085139 1.75072024310950413728 
0.86739293001543860129 -0.33712224816250524473 2.23011903590075943882 
0.96186580734772086920 -0.34342673471064028012 0.71141467942035796490 
2.44211494005843432475 -0.56696554766622020427 2.23164655210986051515 
0.68220186652011960415 0.21011644275698052042 0.98809120943948614002 
1.36104330119642025210 -0.66349099219102081193 1.86864848044001408134 
0.79783102811703066060 -0.70968298638754434560 2.56694279328289276521 
1.27865341144699806719 0.98756601290710255281 1.97762528129936265842 
1.23885361172378094530 -0.04119841842705371932 1.99008493625878402078 
2.07090071156286326115 -0.58575420840683189994 1.87771958232416014134 
1.91876346166522204761 1.03664685409795498394 0.84395589745419019589 
2.23758903999235725379 -0.24107853684011515405 1.65316347460643497946 
2.52911758268022035523 -0.41007479709538324775 2.48170730749296897244 
1.21287772350834521795 1.05693530341807129247 1.46098333027876492451 
0.75056667106472574336 0.76432611527471538970 1.08318557364699352696 
0.89132819969203003208 0.36968138747823797718 0.67078081474123418815 
2.14697551838252076450 -0.04185399379152816846 1.03976685433640470002 
2.39192916071576755499 -0.40143970403603607133 0.78302094507554431679 
2.45614872024066732692 -0.24485560324524918707 2.47665284299415366931 
2.40152851763322683354 -0.51675684171237379338 1.70284369676759839152 
1.44173970033558629389 -0.64133950751919877042 1.96638651801547803544 
1.19675683594650750230 -0.67072311323813327277 1.36208343031609846463 
0.79647847158677642643 0.25152080591957376443 1.65270617897604576996 
1.14351149330657286818 0.17631504540161624384 1.90914048607089847920 
1.95331480349218034043 0.58802416118814482271 0.92120097319029070615 
1.61767839005331071078 -0.20930823503078277437 1.51337754964425474924 
1.28744852455873437513 -0.51731343733504164817 2.54712815373269352293 
1.70980713130834716118 -0.09732891052746424354 1.75325805148930302657 
1.41649784751866647525 -0.38388812795722371263 1.59246784138361707761 
1.48611402944105663870 -0.23447808755774773859 0.96356736193647274380 
1.29699759823408666826 0.62495446109652141864 0.91051853792286951972 
1.47982124963869776657 1.12941193961643415733 0.91166193236919468301 
2.04070313091625399338 -0.48326603487218861011 1.96421144964104321673 
2.39012169809781527263 -0.76217475713825688644 1.22457344215447161417 
1.08449719322723137083 0.29454544183315911621 1.75016430932551769750 
1.41325416835917994085 1.11740699001027610215 0.96300032570878679739 
0.84470185069613390461 0.21344734613723187477 1.16998251332586966633 
1.70405684759273245987 -0.32368440911118417924 1.36030171297114232942 
0.64089284124843115542 -0.16161688619920669407 1.91639045590514078832 
0.69336685117708329873 -0.15989337122219879350 1.20370278903837690798 
1.24206312004663677051 0.21419606093132026459 1.87264485965518323596 
2.30067237089292131458 0.56552120318052345738 2.00956252253582379197 
1.15510802859940531206 -0.16176905255267054473 2.30463317294620750886 
1.88890733520375930787 0.57798670732794721339 1.44002365786017838545 
2.52096993204130859212 -0.19134500993188305329 1.52804408665174973336 
2.03751650527297822890 0.17103365889640254061 1.95146866953706843439 
1.64624433162893635263 -0.46177560948758927806 1.32686836830230481254 
1.00136030430228806232 -0.42678211029457957526 2.36801023218073991572 
2.03349118282347207654 -0.42618094424776731266 1.01136178300043599876 
1.76325995577159799765 0.41039537452188529221 1.34045885589989510756 
0.64831858689990318201 0.13847369706829593117 1.24089925423643210323 
1.54507492985580929812 1.13227656577772584079 1.54193132337437233126 
2.35921632289410831973 0.45069295607294185269 2.16299778440474055330 
2.13373882183707364035 0.04999718418581144269 1.43481510273835355385 
1.54163970623835377971 -0.50508810026146355732 1.59822936772139145845 
1.35200257330881412621 -0.38981640445777898663 0.96822191417933090030 
1.05635501381861729442 -0.17958949637636467678 1.81859679264462581472 
1.64039482297927907695 0.48586118452743154439 1.15899039665602243687 
2.51347289483568614443 0.76508807723143634760 1.46494554534363219389 
2.44109577409651734570 -0.54184323893939767558 2.33912968266300946851 
2.59473125535880155823 0.41178866298216154629 1.68434963647705404632 
1.79386871507441836293 0.28284441989500114234 1.48412818605618901380 
1.84305246759666307987 0.65265407585097612309 1.19854643311367703440 
0.60561081807896954832 -0.14016790422992558840 2.31783344062794816054 
1.85408458153721400485 -0.69242383705702137409 1.72797557278882152332 
2.47693372005045686635 0.01328796221053966942 1.40369025619484988354 
1.58829115935168596607 0.72649011885048997428 1.99421513294875851763 
1.62398827731025496846 1.18373378439355358971 1.61694743840640642318 
1.42352758271293833303 0.99022521390659890006 0.85063237477465802883 
2.51644799930521934073 1.17991874992151712931 1.89451415508429921175 
1.33703161557836347484 0.50622618132178620609 2.08455681790607805226 
2.44145430245442973671 1.07189582156384544120 0.71889220223963168355 
0.67936936944057857435 -0.63140366568487527044 0.75163213735704748064 
1.03052646448906437548 0.87304977470235800574 1.19339365297099386787 
1.62894254064178678476 -0.59781722255577351977 2.14726903571340299592 
2.11553852740612979844 0.50322926348922791817 2.06008069061065723915 
1.39904698302293972745 0.31486310551543783554 1.00844809454512707170 
1.65140631898791978571 -0.00465140949421434351 1.69790833161498833093 
1.28999872066042930996 -0.15680812306507305176 1.40795716334831899630 
2.00168448796623232866 -0.54186569602066492202 0.87607363835147900044 
0.71199715587806433614 0.57419368609001431025 1.83964776863250945027 
0.65309783982042879380 -0.20362174807821928346 1.19648517869227322130 
1.37062986593795765877 0.75001163999549314010 2.27051026214253015567 
1.84733775770197317101 -0.45090681062785603617 2.47773996475959190633 
1.73378156604066413493 0.01289728744502934357 2.28386706532862682195 
0.60118688392497421358 -0.57242027443570131506 1.01919391462341391019 
2.28732105169896948738 -0.64760866538861006081 1.21174418210924161876 
1.36484615918561846826 -0.74211216287259884616 0.77036242732080006945 
1.24045655462226411814 -0.25059333212900625210 1.43810123678553303250 
1.96092638164035659720 0.58971862482055237287 1.93772208381431343405 
1.27873582855689615911 -0.24562069387317481128 2.14253508724509034167 
1.24826694307227792358 0.90097682005919454973 1.35521165968796042378 
2.48514184929437398353 -0.38297650496639568107 2.20336988375957609776 
2.53208070198995871536 0.01326737074070084843 2.09417252382612861794 
1.31937556423107382741 0.77482532246983315538 0.70417978626931743147 
2.58728128211349117649 0.75278129502709345555 1.96260986319758612417 
1.80290746349669661619 0.88861002580515724425 1.08372897895124831180 
0.84291912177101158132 -0.63309623198998288274 1.32444597841765099311 
2.46654315685539682335 -0.18881106058126509439 2.31132450007536327519 
1.97565204025418483802 -0.14577034914285022515 1.95630149775331751982 
1.16142976770110051277 -0.30528979045378568102 2.11453906420354531548 
1.87303677457203754386 -0.11579981133695434192 2.00654032493518608149 
1.40996994277186216138 0.90360235642474440176 1.12106892957159320900 
1.21627784906606573045 0.54846185611225062306 2.62799414980335832581 
1.87068923283561083792 1.14979131047721261361 1.10742068404127746994 
1.63674708122005285738 -0.51486077830630894159 2.46801544165701214339 
0.72189374885649426616 1.10855981957439420071 0.73227382739785895627 
1.92102639050007240051 1.15248045706839175040 2.06018651671087127397 
1.35915802217708581168 -0.34715028766424310680 1.96320864309984077778 
0.73526964157022500768 0.86029840590928197130 1.83893539018598883850 
1.48658224763687152326 0.40449896752081682116 1.96848820550040604083 
1.83915666419589785008 0.12167344474252951569 1.47674358225897472963 
0.99982019261869026217 0.89118851322276981808 0.92301569610567757440 
2.14422079898149142707 0.55157726404548446109 2.26226965885967246095 
2.16374548018928969384 0.18997805342984375176 1.88570834802570308497 
2.32558324796166537851 -0.29797311045752888914 1.27113611808430126970 
1.30667057291576949041 -0.55964926964917960373 2.56410266903198147403 
1.78947071828282422423 0.21323000894703947328 2.00222084581437220763 
1.06753822542417031727 0.32749057718696555908 1.17386574893694972666 
1.10403895416485053893 0.80446898498375296604 1.87841447429018826298 
2.21385827112214084167 1.00425871906818486856 1.20307853666222031030 
2.33650083446935719067 0.98778372368082600907 0.88794859135052106591 
2.21473464246102524910 0.82207735763005784779 2.40827840944139293100 
1.00947174399765549069 -0.38952998768641639016 0.68540730579263575706 
1.80269257636901691910 0.17786211784009567372 2.43950883570235532716 
2.08115854396791899461 0.81660606270306457244 0.91953872654464119396 
0.63762400635012361771 -0.32283844872567346584 1.73605532304910825658 
1.25878134243227801647 0.25101649116190305477 1.89168064712445493925 
0.84879951601025938057 -0.71532862726280499466 2.25592488586322303945 
1.14151013459109584858 0.93145802039811687045 1.15710343133644144586 
2.57546935538151444689 0.53002783267991260274 1.96509624919652647890 
2.40265080839227529452 -0.34931762004498495555 1.79940862599470419170 
1.60678098567941263219 -0.22644768624386951705 1.48060385591278742545 
0.78953161034691055065 -0.26163560854890899332 2.06677533515193356806 
2.03683338655365764325 0.45629792207228769829 2.54296374341555964094 
1.33809163152903520810 0.33358088356147885811 0.91058533971120036998 
0.86202849287925531474 -0.78461800191668384929 1.98392976924594299781 
0.71062608262912396739 1.11911164896323711559 2.27828345726445569142 
1.69741494229583533837 1.05446125562078307780 2.01998952469921722042 
1.01127756146132985471 0.95699076194384358196 1.76931002822598903990 
0.75685969227958505012 0.61142074225832776513 2.24657373478894850649 
1.11940828267806757879 1.12782556804489253466 2.32950882919778212710 
2.37610717384294201082 -0.35928187839078840060 1.00034375355513138750 
2.17946060521863271831 1.13230947762972777859 1.19859293493565877142 
0.62107363983723462564 -0.00405791990760134488 1.47026221626292108446 
0.75846837814842460457 0.54272726511512270342 1.00420158289774552607 
1.64985498477078973423 1.01600309812731603998 0.81298347587877273224 
1.68176670352761425953 0.96922908732864210268 0.65711261777351293034 
0.72306362540508117842 0.46070138885373157489 1.60513687231053925331 
0.84235859172535065831 0.45267692716731389169 2.00105356474232376485 
0.75819911337781931149 -0.53776095341200202959 1.74727485836535478825 
0.68415570031662764627 0.38976855321750442096 2.16569759472452627591 
2.55653649280449934977 0.74265055230353282933 2.45548662642309434290 
0.68436871555740430573 -0.70156131951098488209 2.12267354640071248539 
1.73222707647784424090 0.29777289351163760411 1.51889606629684936756 
1.17047022438801961997 -0.28140399769780277683 2.10375365710271866604 
0.89440776108364816732 0.20245863454570778295 0.78472571702300664143 
1.95984248164107621726 0.05758395601082956505 1.34125447231294536721 
0.61529883527133666377 -0.69556927633994924953 2.41564366769797711498 
2.59363418004279244755 0.25088615660328106305 1.88266424983066649190 
1.89582307520040815874 0.01596691851143437410 2.23444763607137675265 
1.47059910982040809024 -0.69528003289832918110 2.52670693719157890555 
0.96803105666495614656 -0.77129466279512115534 2.47852994929984582484 
1.64432601398421684991 1.04856625187658547560 1.02862356253191244981 
1.07672871466624986425 -0.55361029439214159975 1.53105243148793768171 
2.32319968358246775608 0.22981462113944620129 2.06763398597506897758 
2.24913828005754545813 0.79903961233680642628 2.43622799896619701698 
0.85077393589873162583 0.49961331533134228922 2.44345139605914507541 
2.59188740098580128191 0.30276773104387949553 1.49216683821208806471 
0.92094816786685629317 0.78031894454185324328 1.72813304895263519789 
1.44578047257743969034 0.60101202789694951889 2.32382383249792745517 
0.91478782713012840588 0.14251977741072768824 2.51097713688393797682 
2.54741375660453872598 0.69926444966698930727 1.03977664653332291245 
1.25412394607021715487 1.01145873609087111333 1.34303800535900208502 
2.41090165967327418883 0.01989668150714205691 1.86221698844018068719 
1.19955342975430023778 0.77243220787700395125 1.59998711542668781149 
0.83929317246393297935 -0.52570182779966123654 2.04310778146948468503 
2.07623217998418896357 -0.28254514313405071357 1.81382547469632893211 
2.07305940236636265794 0.69839866582624599012 2.43136603090578384823 
0.75931324700169600117 0.52779426736427448308 0.89673184438099662330 
1.16561030513125629682 0.21851356445757511016 0.91481559660410105561 
0.99690056171279139985 1.00508667338142232417 0.80385406269516423983 
0.62376386826366758687 0.07545772090063787574 1.57720110638528043800 
2.43974302273007914721 1.12320790813537008113 2.46544323740122317545 
1.76767392570317127820 0.33523460058253767846 2.23836313121119800940 
2.33516689320475334668 0.21228917543502992538 1.52746392190789670451 
1.05342235941939188493 -0.32207002217776442565 0.71974599352223156412 
0.99862013991049092265 0.40294060961307098800 2.12501333575354989236 
1.16297897531389082815 -0.51318786463504684203 1.11305970834297229821 
1.45374024687209657536 0.29085151526718511228 1.04178539111105417092 
2.44446532461942966918 -0.58309574715011136536 2.23646239053076412162 
0.63338852239172882541 -0.48314302859479818508 1.95395914599855546889 
1.64116047860305891426 -0.78520323113697287898 2.59890349042537893709 
0.64041462529965009765 -0.49620211723262042103 1.49802883502680228567 
0.68487982405548097908 0.77751864261794167987 1.60337379890986064801 
0.92125981778623589058 -0.18223732928858446534 0.70461831669873320472 
2.08068687228692361657 -0.09841486120511308555 1.59898346391021739521 
0.95735826353922637288 -0.78574786593785495015 0.79967907823666140033 
2.52173999349814836890 1.04969689008778122030 2.47600465167537153732 
2.46028072169799028046 0.20159374434089089023 2.55698389179840157581 
2.06087839142619877464 -0.25821956003725649031 0.80787133422078838407 
2.11544267947012398778 -0.70643769303723713548 0.68388667873251141049 
0.60548561973437431405 0.59849688050476013146 1.46573264557850979628 
1.32334735281611259872 0.60979727959881890875 2.35614391861966154806 
1.69025224149376085414 1.08268145093788503708 2.21660549681629781560 
1.78171626491807488790 -0.03060970917246213022 2.04977153856898297590 
0.68258870180287312124 1.02825004298543309922 0.81502667020399355291 
1.72662408437813263973 0.73622878809109970621 0.93250304949512041741 
1.35451263646708586208 -0.47757270266722873231 2.07102408428710926813 
2.41860191253650613774 0.74296164654922269843 2.48043615415704366001 
1.78286383508651424812 -0.46662695913299051531 2.56606060821330439481 
1.59588868606583345056 -0.77541548592530784578 2.33427235021089440892 
1.36374169557611946146 -0.35147050114029337875 0.66666991918340057222 
2.19505934192744023292 0.45246702259735999130 2.11503328128464573865 
1.54854038141051009170 -0.17669999924505294664 1.55548076729422324327 
1.36250305902332802255 -0.59247266298107170712 1.15823358230223427690 
0.77215519546017319374 0.54151722839424409894 1.70154066911335100087 
1.94904748336354316507 0.04701862640032266477 1.81035087509820047380 
0.74263170141958834147 1.05110569972997813792 1.13874366317033604012 
1.93673612641681458513 1.17629485000717082244 1.51921310324324365659 
1.27741365032793363632 0.57022555093966231787 1.40304684167454518651 
1.51795936021704713781 -0.13634288125701726768 1.71180722323794043405 
1.37534598511300010237 0.43350094040565406717 2.16524576967137960537 
1.27751368501045314829 0.37388098019931081950 1.24297902269103843764 
0.83221271613244796050 1.18449291133781620111 1.43113658119971831617 
2.15755598156053896020 0.57309455137076059650 2.26111338756423796426 
2.15499251893496346355 -0.58739490122307325137 1.81620798295460805782 
1.36764744251842951250 -0.55794021216245914818 2.46677465792103367548 
1.64072385860123026724 -0.54483381079501957966 2.55513358437096060882 
2.57654522520540929520 -0.28709522497989919954 1.12241313516915708348 
2.58607637611312402015 -0.33268243795508578575 1.73128109387777007200 
1.26727028414982001436 -0.03447930204871511167 1.98577403629995696832 
1.28511288118242750222 0.56384926203005603096 1.41051677382939955052 
1.87418297041065562425 1.09613099426641125156 1.85272372533929075011 
1.25571936237283199311 -0.72890145632206293502 2.60137854854666450422 
1.23120411463826906484 0.91899086838214572026 1.31804937041114289542 
2.15494904110963281241 -0.20942400449277628893 1.00483508321516201711 
1.10602888624312822863 0.40404198262634699601 0.84469309812232151735 
1.59056769941785725031 0.65955485967145655035 0.78151521924715494638 
1.08227530207440580945 -0.68129782711710418219 2.13391227468317978833 
2.34116495344518682487 0.49943686925175057034 2.12252324939526548775 
0.76953990757661316913 -0.21913405648653916380 1.44155779988717847040 
2.29915542481232693106 -0.70463726562436379552 0.99224512909492412760 
2.24031898118137107190 -0.46774494113567582909 0.88442698707907629885 
2.47650726278707589145 0.39550546293246652274 2.36612926792817956922 
2.58498282328375461603 0.18597679366845668025 1.30078460869833878455 
1.16239874227814299346 0.20813508688427870275 1.52517098843563081445 
2.19264408432953361583 -0.14948142959918278572 0.69060598442613296832 
1.89073217994056319569 0.61418762038933860659 2.48398016370726537616 
0.86940484567152942486 0.56571153115989625260 2.49393140473867891416 
2.49225958603323149987 -0.73611388866922233820 1.54442764663849296802 
1.75885734496092727142 1.09050926440851170263 1.88107557918103873718 
1.80200275483822247580 0.65169975615571074101 2.22454161899550406645 
1.40962341586193784515 -0.54826804572015719330 2.16715214738785943993 
1.10835941368046597688 -0.11761094100645233529 2.19759585364195064727 
1.08131767553830604456 -0.70551553181420789684 1.44367775113569463130 
1.63922188226951459633 0.22713566418489583576 2.37046718043560167288 
1.79282916575395745440 -0.70981524511853644199 1.62295403452028086377 
1.09927969699095107181 0.82840990577713213838 0.92999795636623028283 
1.20643865413588713409 0.88740178470967623348 1.31592850172401099051 
1.02188599167267857304 0.18030168231459775541 1.76341346891506800532 
2.43711357442308518273 0.46891301832578913267 2.35012930409745424143 
1.36660502422832097480 1.17387003181773352800 2.44162185654803520762 
1.54086735519183193333 0.76809936439800119423 2.25773483624304693862 
2.17302438836301314851 0.55521404204704227769 1.38742867469854935791 
1.87935340661914529470 0.90297470850567007616 1.28057438220948660579 
2.55839775717518369547 0.05049047390712795708 2.55586132257328113582 
1.52112532275875156351 0.17287194723655147088 0.78070391531227023574 
1.00106030309726734551 -0.69694954214630455702 1.28395738534175185563 
1.25216235151822297134 -0.25374963098171038345 1.62412936810379693320 
1.16998809983021456738 0.01208731843538567857 1.63580754677873030367 
1.55628738893922502484 0.92872227073417690235 2.37018416588812463885 
0.97869298419501771225 0.29976470548560063545 0.79740491995734097408 
1.56017577488425573939 0.33900852233665335067 0.72278711823880292808 
1.97091253617478456839 0.48306085326089159837 1.62883812473926603559 
1.21515126301226317196 0.29741841516206685148 1.62886872488552891802 
1.65983010190238666759 -0.37504776249932347820 2.36669967232088351849 
0.93937576263622235562 0.46259063149906648471 2.35284458840510390942 
1.36178632940059629597 -0.33114498793513863495 1.69848117863944070294 
2.55374871381600909714 -0.78750696262226949074 1.03529835975607764631 
0.63450858129462861523 -0.38153370454463103600 2.41611196621800461415 
1.87822855251122144971 0.57211034305590868776 1.44430485367325855961 
0.64308179108073215691 0.20397633324600919491 2.00396145325007157822 
1.99221816444065380480 0.11867129972314985342 1.64348449395113238580 
2.58997560041842378453 0.45024889491820135889 2.13670333222242359028 
2.15808894726148148280 1.20743375897486915349 2.16172887565799998200 
1.04210656062791096055 0.68460269859550537674 2.29800073456132247784 
2.56171213777440609505 0.36257397580791184133 1.73220257022343804287 
0.79615745878962895787 -0.14294736398365542884 1.75668152900685026196 
1.68107447735410442391 1.08788668223417284153 1.20413608458788434774 
1.81626407693577718305 0.55072764006998609077 2.12219722522952336519 
1.39609678551145344194 0.41018641505951664028 1.83051533438320723768 
0.66733380634989325486 0.57805023756717344163 1.89945573145879764709 
2.52277950194823041841 1.20474283028970563514 1.84301616311781901736 
2.24079706145642187920 0.48797044868205757817 2.60561360545713549541 
1.36346055712067548704 0.57223228424358218991 2.04497966829174382397 
1.48217798818336832234 -0.08424974364975253149 1.33588401152984692644 
1.45700892835491546684 -0.29274784138002929446 2.48331688726899457720 
1.39352600973726703515 0.28493840473916087763 2.56358570055963186363 
0.87296545547531168019 0.93788701693575005081 2.00541074081672787699 
1.13426690640211069727 0.06556758369627868621 2.40489048581413333849 
1.47060524092241307059 0.00787794997854208978 1.70846167357950040611 
1.90971680402987176173 -0.42476316519081730450 1.88313894301266970821 
2.47422339538478741616 0.20176593268785220081 2.56188024100159861263 
2.11081009923319529165 0.28824871816620017961 2.43420928970270278313 
2.08180350355263410478 0.59174495459188836133 1.08918792001249364887 
2.35129457806443076251 1.13686882610180384212 2.01820651524614946837 
1.33484032358257342921 -0.18921033848337157068 1.03721194230208002551 
2.46394750565224551764 -0.14932696101407497147 1.56499469405972879699 
0.80117705507158587519 1.04916829618902229804 2.43726531956075609386 
1.55164291095781092800 0.77174291222439672655 1.24138171254571272328 
0.93253188656300745052 -0.07070232278773708190 0.92599529792938317652 
1.24967735847749183975 1.01796231715475249402 1.24026832269316433788 
2.57646501560197949132 -0.72065466742721462357 1.53425005515062973238 
1.92728249330545442497 -0.61604199557532390852 2.59227381370347220724 
1.60167427923316640914 0.07301857862366745167 2.13946007166974538904 
1.96711081019502054268 0.56512074016331792503 2.24292003697261899120 
1.04105686872336411497 -0.70983563621176537506 1.24289267708570538851 
1.20590125161656902542 -0.05116379280136958141 1.84948629651763174486 
2.19626208185190563427 0.14228710071480038524 0.80904726218723943543 
1.66446877053843911298 -0.07016741007532226182 2.36421060292950890869 
1.35414374578155194406 -0.33393726668188000728 0.67601191951223960075 
1.44075382810125773858 -0.02326546513634959040 2.32899682535258101268 
0.95784938489912563320 0.52888775227986839500 1.84768059981879484432 
1.26685208617199340786 -0.06947770132930455866 0.88307524741880538688 
1.23403160156449498430 0.73015050238440393215 2.48305965255006100278 
1.85211796317951460367 -0.65607914561613744908 1.62398301835748037902 
0.92979210060333772336 0.84266888367845460550 1.70831426515838114000 
1.15872984099814679837 -0.11167439085983629776 2.23468150042655588905 
2.20111576470080594348 -0.38990334701641221615 1.84278553530791522341 
0.66518587206175805449 -0.76664678490363580288 2.38300808305509770335 
1.29564017025956412787 1.01514452520950060332 1.52486619808465029280 
1.82726509253053692738 0.72403833281981933023 0.81445902014101745348 
2.59856160808669844897 0.01684736095915826889 2.00741213419711428401 
0.79805627902837361631 0.20522947932720250752 2.08267534594716119400 
1.49432374777923127063 0.55741162372739794240 2.23879679433292633206 
2.52109326052708881960 -0.18874762065384287357 1.68328092369295490016 
1.77416954161323592309 0.81139893586785738488 2.49364943499299140939 
1.22577501602270899639 1.05026322654940162948 1.37287658267960432923 
1.85397323578176753678 0.27131316737573452080 1.75262101694603900093 
2.25392173293911657339 -0.70488687553351792037 0.95615726524983024603 
1.17176656155160952011 0.51748155832749753724 1.32299535952557190122 
0.64398983958147892892 -0.13177249584968533935 0.89966718771756026829 
2.50843353331179086396 0.77792371396051329668 1.47402635437149265307 
0.63904796672933961155 -0.25575358763244093740 1.16304578810416048285 
1.27252182114971268412 0.77101573612116525158 2.44988611762040253694 
2.16160152918642145536 -0.24432788174291902861 1.93347062420682980211 
1.90524768644426401032 -0.30879574751494331952 2.03039252787259760780 
1.00296859259668447173 0.43195709637245455204 2.17458739060380246144 
2.36090302805295593203 -0.36116581755073290383 1.58143109409476623206 
1.50129528742145601505 -0.42337293098530526247 1.56141686531812573513 
1.26346650230221024813 0.33909083720585148081 2.31178329472650467835 
1.87426683192722376425 -0.11420517000356615600 2.36970143997689453030 
0.83918625240872546378 -0.70649489839550427828 0.63933920448667946879 
1.48472060065958033626 -0.68095062969844188938 2.03387937115084183048 
1.72137813547151674598 1.07314130649876338097 2.29256571339875447890 
1.65607047821442376900 -0.52364502996292627834 1.27125437510590311163 
2.03422839913020858660 -0.68184038423060289169 1.16581818257632763292 
0.79366885477185489250 1.08168767033571078251 1.37655137992701592786 
1.19646787865042081300 -0.03863935308161100396 1.94500459434111583334 
1.55696600020331032965 -0.71331948904132880251 2.52325252465526128631 
2.20051401341721364346 -0.77329767058603182672 1.42747016826689820945 
0.73012500497882637518 -0.72440492129638900387 2.48615384505739855925 
0.71333295947695241068 -0.54570350465888406433 2.49426313172916946925 
0.89443468743397969156 0.85356818249002486265 1.29542522005139582042 
0.80879988216154052871 0.05174568423338857248 1.92092782432244524315 
2.44476196884229901585 0.94440409196055774554 1.66068732327932200299 
2.10794923701506053959 0.34757268347848713219 1.40228959275554898589 
2.31554327391939596126 0.72505641807285481359 1.25846347551481940741 
1.15200337727255797127 -0.43601799045340083882 1.15867804991021139394 
1.69588419198041684410 0.26778347619387432577 2.45372089244259417029 
1.31152209859177060203 -0.14104085551948242205 1.80685674659705086675 
2.24533735745455942379 -0.24944072558963648056 1.13925176676068451442 
0.91002247331729890778 -0.59410671143499871327 0.71276806599394548769 
2.43687215370207299614 0.66107701964900078551 2.04308798328387641874 
1.56102506648482330931 -0.10983575773630484262 0.96275573768457767265 
2.52343926791131867304 0.13251079765530626720 1.56268923290426320349 
1.47683109077590724034 -0.50137274140051302229 0.64318101223531864985 
2.16696629836209364584 -0.76552497123925267175 0.92272926093723672825 
0.98693139162246590335 0.00984189625935069992 1.81541082392140662449 
1.65982230307250167023 -0.55164672040464890479 1.49143479146999102802 
2.44709822733669257744 -0.60167065215529791367 0.94619484042714763206 
2.41190887290429900602 0.08648618230899997317 0.91289169479357834547 
2.35305149073828978601 0.80579826484240268947 1.46088708260951394280 
2.59649337719312223172 0.12848325685037814692 1.24217407595020978839 
1.28111925733349418799 1.10002175873204688372 1.12804931819804177273 
1.26309033119372760012 0.54084612543052545952 1.85252033208646116336 
0.78660253507497857051 -0.63573905380731288162 1.27345803385538114405 
0.83996814055261159737 -0.19077119598594505234 0.75904514778640219674 
1.63737620715953879902 -0.74704252275412619255 1.40254639996098706689 
1.02305715893401916183 0.50120049483543338553 1.62460175789147709402 
1.55986532458969429094 0.36271647204325424552 1.70797720970680022567 
1.07541379497731459658 0.75157056883734685293 1.05728095679864098067 
2.27734864306093509612 1.08528980604982550062 2.07486306631105588139 
2.26021767544880569645 -0.10454876746398626686 1.83955484188737616869 
0.66039724057152471293 0.47894035372049542643 1.54697676078931345423 
2.12247701316341386146 0.14767045326490810253 1.88860975845011758167 
0.85686991767072140380 -0.19804972071276910617 2.34612016170503245860 
1.36363620745572355908 -0.00322833040690721036 1.60077196594489690185 
1.00336206058388732743 0.18862154669537953278 0.97688247862344734784 
2.60103365072377634704 -0.52258254017390826096 2.12014954288712154096 
0.67922516150982492622 -0.50219693910887797106 1.11534973525265868055 
1.80750062951833978531 0.83539055614509938330 1.08354947010741509139 
0.99312973079597044457 0.21472496415029559969 2.49022967118432214662 
1.19739873723021261753 -0.45485168161802369546 1.61557406679231663205 
0.65299288614697448274 0.95650102973018513719 1.41526939437806764666 
2.11987856833664567446 1.01681890378805861452 1.93429519759593437911 
0.68145784394794484129 -0.76575523223108166171 0.90049847790284431870 
1.91641657731961223554 -0.35005049523378178877 1.99068911202413012518 
2.46486557421770458021 0.51418012806718904617 1.63159127710702356318 
1.64635744164335862116 0.96707338129659847770 1.44730598276672828284 
0.76163028571114965715 0.96569067146133724666 1.57442110218279229805 
1.78416041382021561823 0.80943347081405769838 1.80573891014671561450 
2.49154784331353251758 -0.77718361830254867328 0.75675086052619766619 
0.71520229174181393361 1.20653448887399994405 1.36785315190301703936 
0.99388838508027677054 -0.38099246951622861568 1.98515121796750704242 
1.75681205304272736178 1.00852666259654433212 1.06584679157302741892 
0.90748883291209636592 0.34698614855595422135 1.74705751952501975310 
0.95263513922648490606 1.18502201288267139390 1.29894379218787525687 
1.95652481714665049672 0.57083184038851686459 0.90623983265752805494 
1.39414522358935322188 -0.34340530817313802414 2.55483252606366750825 
0.93118464226225494684 0.96551807181739957020 2.24850140059602976450 
1.35186912042201878847 0.16488638485370760156 1.42424423275079736761 
2.12365614872335317642 0.42982885763909844945 2.36098211793611367781 
0.81825230402285409337 -0.65882675157717462966 2.28282130104574498830 
1.76558964593396638953 -0.66282474001721036760 2.25671541305218692486 
1.41136227957754645246 0.35304072789949991762 1.51795835789343214195 
2.13072037413715875687 0.34140989468123339456 1.70909688744777565894 
2.13843654391016668725 0.78884288434966243209 2.05084917616868800394 
2.14054116412600103914 0.88874962924414901977 1.27325634599881487574 
1.40634331111019683647 -0.08729450769336154214 2.57274333799559018487 
1.93962823213110846510 -0.67597264302952297932 2.01911649315472629951 
2.00350189572822889872 0.57129854151246239891 1.96130383085263448883 
2.14503813921164354639 -0.38647728986834700704 1.77505779476527814076 
0.93382279622101549421 -0.71964142460260516199 0.78044425379346471505 
1.60762675023753964787 0.93497725300738121490 0.90669677484854682703 
0.76000364568420153422 -0.47015085184956556530 1.75254546835662305959 
1.41070264365481290447 0.36248389679945236530 2.20588432998414951669 
0.87699443105202179449 0.69220115792554315348 2.23359524120108554612 
1.05327715670610766452 0.97150110645729759185 2.46384655223902093724 
2.53817927877832305583 0.34214979874444195751 1.07782630206535623429 
1.76868159739012265064 0.81447045179553867467 2.48175171249320047906 
0.99250170929006298337 0.60786962544191147639 1.95562530565064962573 
2.54671177956359562344 0.67584345396134071215 1.43459311232467534580 
1.73135195826268617481 -0.34381983028487816956 2.32302681703983715522 
1.57433976833462607736 0.97084289030387027619 2.01546521608525930347 
1.08585582321884199786 0.32098629053133015399 2.05871102408751172064 
1.49532969090398992762 0.63862900282945589403 1.83013227557636248832 
0.64411884277514930286 0.20720301594865336847 2.32350893542684078241 
1.55919105162017035404 0.57155228750785458391 2.51938182716506187120 
2.30149745936949079450 -0.11974979846574143605 2.45925178725958115677 
2.54154260894421391015 1.19297595062080374895 2.25339412991454723922 
0.79650870389235461921 -0.17691559883699556344 2.11421840671572569548 
2.22717347322489400696 0.07221558489553692173 1.64308570677087928402 
2.25848226128360263232 -0.73470236783514009105 2.04509118029188252663 
1.75025117365194327057 0.41477184282744916644 2.34217326349765553317 
0.92530720930118803835 0.86702877108000808715 1.24668643973211468179 
2.28154429030013039537 0.59886803463581217422 2.36764066932170935686 
1.95898853905488001814 -0.12798943933899559200 1.19700944022028421543 
2.19871716619050960873 1.17829594069822118918 2.15413173351786113585 
2.44213378799599789559 0.37481677980591154853 2.45488770658456756379 
0.91527271472082272208 0.22532421036568428541 2.28260986292603762493 
0.96219940514404544984 -0.42432784196036005264 2.42073719234259687738 
2.56732136565951574170 0.82708645741562469844 2.24094826577404537815 
2.54765420059414138265 -0.71108705793925774952 1.37315329355501170028 
1.06175678140995422005 -0.14866856927245786224 2.21192168545938683266 
1.06424381230293452205 -0.53685842438974329394 2.57263572005536689247 
2.09161860160554402555 0.75191722443044994861 2.37304427386792138321 
2.49027876440881668074 -0.08365619400666948757 1.03441595054804591491 
2.45145867586081900313 -0.58287741834769224436 2.36349098169561555594 
2.44924219025437572839 -0.02177042251259086320 1.36062350308323520842 
1.00429566947515369613 1.02280601421492067793 0.74422676864462822266 
2.36599557820151984444 0.21314042148810757871 1.53308238986806077975 
2.02236756620574587018 0.01014747244140947260 1.41070370662734823064 
1.56096143701527334535 -0.68721693817304085883 1.45743054218320278181 
1.53882550006298157719 -0.34256196619580420171 2.08053251136219197193 
2.40135308842301808951 0.13689223442803702402 1.98942911154232704440 
1.71636596530101748215 0.54376156674392572832 1.80955216033552757082 
1.20910133851124212967 0.09277346625337890007 1.77659723277648673445 
1.83795812491596688432 -0.71532758611667313087 2.50838504190906474989 
2.25608914294005957757 -0.30748173034870146525 2.21528746699353185079 
1.75041609800728270585 0.52707827305811538743 1.63141821825556032621 
0.77281680735532054527 0.10814746812528831799 1.36145014589029567098 
1.24559741506687449153 0.89151981026882298753 1.75445190834938236080 
1.10088302263529835834 -0.18848679634670462146 0.91802439467844532128 
0.87866279178106143632 0.39599736688355119396 1.99700802978747704586 
2.23325142383588026718 0.03022396099443319661 1.14374752123624867650 
1.71731839979969147514 0.71886287032535212127 2.01438191928791221486 
1.79817928412772531921 0.45510664531084915607 1.98286190664279993179 
1.54615193061085087756 0.14358712257046526983 2.56672817153245613753 
0.84147303423990205129 0.99391357687774661844 1.98555033713415185481 
2.16428110329630118969 0.64864520167573780363 0.81761129322509495942 
2.15470957496521098307 0.24363749682265900542 0.92421780929040719954 
2.40156216414628920219 0.52862732573116533175 2.15432519585539061779 
0.70110476288110756826 0.28194823184795697602 0.88166137703369029666 
2.04083243311523965247 -0.18105929397521611235 1.23536382005099643067 
1.68870274553362476055 -0.44840853091914334438 1.20543147035317166349 
2.41052166656788857679 0.37426245455951395735 2.21551613066625874282 
1.80574549075085610816 0.18657996604605361912 1.05912143273726155890 
0.81906945432153543951 0.29555695251985714123 2.21943061016000475760 
1.23615958553210281146 0.56903250008898287327 1.38824272952277882887 
1.54109251629773158498 0.77685293616062534028 2.48053370605646739122 
0.92117606262600093547 -0.06639813468839765587 2.31545331354529038137 
2.13600742359712425511 1.07895377050077878600 1.82615098072042725263 
0.68992616669115935935 0.51997711080121267191 1.18699778656480581240 
0.68334859740198339306 0.01225208060428010018 1.72811603974866256905 
1.91405082318986763390 -0.59528511817919071980 2.63771071595359396511 
2.11359564576577074746 0.76865603532755721883 1.37262729832961349885 
0.88015115969652335526 0.21850822058535335213 2.24036025343252687136 
1.24726741654696660078 0.12320456753891600998 0.76194025365757123147 
1.03408448108919759356 0.40333690490617241098 1.52289258288170170630 
1.76944714199098274143 0.16580459452669457643 1.74468823321418819994 
2.35736698426525226324 0.71494999621094501574 0.96059688227445927389 
0.66904699580683912874 1.03245356161494661329 1.62330049144708099540 
1.79388342173609882657 0.97053993521547421430 1.60460647897919450600 
0.90410248778322810370 -0.10817565750651114698 0.67525418702937922699 
0.79819398998464186068 -0.54810631649959384859 1.44266123596691930864 
1.15835882041184157210 0.76646137255629198659 0.89470181541433280170 
2.57109946716849391279 0.50741392461666601221 0.98841742438058077802 
1.89395541872947714701 0.49156862937269996117 1.75434344107347128805 
1.95746280736688582635 0.04588293886784065162 2.12813600024494009588 
2.06897274308622192152 0.09544462828430630430 1.35649018774986007685 
2.11358147956562181236 1.02570380639179048465 1.94126424485517179441 
1.36689476498383877257 -0.74132668005500534925 1.25165489918392647262 
2.43508502618941680140 -0.76563687592411955318 2.22460948530901747588 
1.81475778305701407334 -0.19239470502087432924 1.07726911981658535211 
2.56762423820232754679 0.36703132322320819458 0.72530802807713312674 
1.74043265543677816432 1.09734113293964563596 0.86570977735266085862 
2.56242506186232255061 0.13201003812187428466 1.60231705674173063869 
0.69274974692155510958 0.21141441930221432921 1.00863037586260873013 
2.03343833671044871281 0.06996270505191531930 1.01607664183648682688 
1.95946519990493195351 1.00862009691283249779 2.16122987645321096295 
0.76074809420763034318 -0.37336033150880726383 1.66015581055455574422 
2.15124549974442658140 -0.72074818289593800547 1.04385357992445260145 
1.51690643305938044350 0.64129017970261403825 0.82196204242776260696 
1.92336835565861186126 1.02682463272977564372 2.18704051577005564866 
2.38321609258581101898 0.97602710335358222604 2.20898665230311630481 
1.76059423593230168770 0.96345799200068538148 1.59348865221633517741 
2.52770098183180458307 0.40985284102752128632 0.66015469282608807422 
2.08167186346635180172 -0.01248795068181171586 2.06023969775116899683 
1.43389443454322229599 -0.36538736622562500989 2.03166997096962509417 
2.16216356582239299655 0.75939872486152537601 0.91478844304315964919 
1.48672721463329415847 0.94178498916874164859 1.34182903744305570548 
1.59221232955443570134 0.92931210109200812486 1.36742942158229996430 
2.49401216472096187715 -0.77128261303637002388 1.55803499682802026882 
0.75399394080501469517 -0.30378693597013856076 1.61930539210848722931 
0.67743847433881043685 0.05397488133138441530 0.68434797000032876468 
0.64790651250846231779 0.67185756002871011017 1.74779720901558444091 
1.48261530047920153663 -0.44846974802440503494 1.84865484012973890771 
2.52127294284405500946 -0.60139888141105568575 0.65783678529884137554 
1.10613678015276928335 -0.73092974129277654693 1.99004320216624353002 
1.06584056539403215780 0.78657857063678082721 2.04355992423279086978 
1.73916264853787461142 0.00461804299138697527 1.37066266787706125818 
0.92097671417424620266 0.02819203707640674517 1.87194941392436753347 
2.21860558169169852505 0.09060443055827134551 1.17589234316109614298 
1.64035574555422902776 0.81158677672258683344 0.90904892083999455643 
2.60077527986676848570 -0.34915635187535326578 2.40035661638135344731 
1.97786619424865728334 0.27462030288948963141 2.47534123146406193072 
2.43172190764551210407 0.90554666569618158523 1.80225435972832737086 
0.61118792630180962533 -0.36327509549138981004 1.80747464841665483881 
1.16066884832733796529 1.04046925053436223330 0.83498083034135373026 
0.87080419200837599902 -0.30955607460998801894 1.00410091440616300318 
2.16789377034026431446 0.93818935758790567014 1.75931441122328457993 
0.67890146453991040421 0.45495275815532476571 2.19308653542259213154 
2.20943696737345351977 -0.07288383947988526235 1.85924853389169841833 
2.46985048673040363809 -0.05198076645246546557 2.09524106970377221870 
1.71808988202573997839 0.24750823070307123586 1.09898156863525153781 
1.92031715044425044248 0.97536611795380112611 1.20540650356831480217 
2.13983682089751470201 0.79271739758046355639 0.94909683676445444345 
2.12541154118951247654 -0.32437440450952226279 2.12349728966020645515 
0.99932769785999941980 -0.25322907026706442668 0.71955127955985620503 
1.14231098379142426147 0.43716637626276705353 0.88513419832690276579 
0.78939541574451965733 0.17179016055065562951 1.72306766879096207035 
1.17190781420995815409 -0.25634865063415468445 1.57646687397622575766 
1.97552160584091041073 -0.13161740222874537820 1.75299737288269130708 
2.02708620730257127462 -0.19884254284973457150 1.00569236689137819774 
1.16244923800546362536 -0.36922711245129807844 2.14506555717094826718 
1.92981435860922156955 0.89232060208650254562 1.45171143859295015410 
0.68102520440843627991 -0.56971317334779802977 1.61593149647082512388 
1.10496871760666515172 -0.42180546926965584165 1.07600415068650945294 
1.08481990923648474734 -0.55745943317223922708 2.52302072765423046619 
0.98526831743730569624 0.22973047292838963407 1.97233736374572909966 
2.52585474545441845962 0.45208327882157944844 0.99398459740252920191 
1.84689884586359842622 -0.08035914075806820100 1.65833535980245616592 
0.77972505625238763827 -0.43144814397921454896 2.15713938708276886658 
2.22272299964684272311 0.66400516274451870657 1.88970884556898299778 
1.68621429116644705459 0.05023183003300996791 0.84505145133387382650 
1.81782637621804599171 -0.36622091749226254320 2.58493017746211561914 
1.11750034523670138675 -0.50560473919966986145 0.99197708866573675035 
0.68913500236377966957 -0.65375162759324800810 1.80366602347939508633 
