0.48213299008281351732 0.07699730703509878593 0.89195731032467362454 
0.19407464389914819147 0.27622604850986004488 1.38435276701769827135 
0.50828718422033958291 0.77251152902499720110 0.28962832966127299850 
0.38093319359321614614 0.99617087347232269323 0.94252502113664005101 
0.21061388523615931501 1.90880250411418073142 0.97948095158398873483 
-0.62240525426346793303 0.28384146320106068417 0.82446008408704218873 
-0.74352024813550998683 1.74966268005359326665 1.59777950867147633396 
0.96400395686744866364 1.08478822119463491624 1.50155553814423070591 
-0.36166435204780600365 1.24538305612546906787 0.06511232786890543134 
-0.70854984209230187364 1.44437691286901226384 0.77803850820509257158 
-0.46368957184385811710 0.56694508421953437871 1.79095740828683691603 
1.03739655902902172535 0.84285404655999984769 0.90529213989528323214 
-0.60623690352907955159 0.26629617443326264459 0.25553716387482344752 
0.62710603643474671642 1.73712709714275681527 0.48265457448577436805 
-0.11213845438529661258 1.17344352472679980259 0.18226157500219877794 
0.88685052639755834747 1.39384895594255886486 0.36107953033606426940 
-0.11333013800125564530 1.72529710185119999899 1.49430612163949572135 
1.09677839867033233290 1.67733411737248250262 0.74186833565344445507 
-0.10540397217825954457 1.34525892643566358231 0.94433440993553252607 
0.69653114028933071911 1.93083741519437634970 0.81135684135359009694 
1.14237328365666779284 1.34687409756317988396 1.78549434384712313317 
-0.63027078619041310148 1.49677503752522866876 0.97558654755279694548 
0.23811337874226440325 1.49260296516582258164 0.47077140829182601012 
-0.60545474723163350550 1.06452609850959656335 1.00948202915039386696 
0.20575936361390068097 0.80893529576143874404 1.28288880351530343304 
-0.37291923929197767773 1.31835688299936815149 1.67052641065937312881 
0.66600426822582781128 0.89403409509533071642 1.84949730213636542864 
1.05894565094657711057 1.18415683839914009923 0.27301795384300997505 
0.29049452171149681146 1.52036599237341696345 1.34637139497568081303 
-0.27830912185812112236 0.08951972414129688582 1.19104305861352854912 
-0.51759219669009448594 1.90032655868113109499 1.14067342050375009066 
1.13376868963909349652 1.39316572710166042270 0.86440924709095723344 
0.49439736687793450765 1.47767917854269259514 1.29983955533792339132 
0.34086939163135082653 0.23998133917519012814 0.05459251575753922003 
0.22885966406242677640 0.76232004750036796992 1.57235095988450446214 
1.19762058198598864145 0.18486209307234072186 0.87508621354965965278 
-0.27908422821225070676 0.72092829472271147129 0.59724074297665996625 
-0.41359616682854155600 0.73086916476257435260 0.24732839716414739550 
0.21609036526225763875 1.91536285896796454331 -0.07035897908011018442 
-0.43358187141321508085 1.30753570319891143647 0.26188676654967074642 
-0.22767204721751335694 1.71959977983140466229 0.53703577172251626415 
-0.45249372198320952920 -0.06590630830361121628 0.68712563348642285987 
-0.40072027385023772927 0.74861075379992159107 0.92218958190175392975 
-0.20668172535781043075 1.45829792143413272676 0.81708443679085429601 
-0.31121244189971142280 0.69470226925224154435 1.06421544084972219402 
0.37317266593467601776 1.15510098872661348679 1.33560907502933368107 
-0.74400256808567677425 0.92737191496576798500 0.92564660968688539100 
0.57827770837827208172 1.80112946510309046566 0.66627721975529041742 
0.36552698299152558414 0.82871120411412069195 1.39451350040659249885 
0.45867181518414967822 0.96187958392015859843 0.26274035416128049825 
-0.39437627030416649854 0.26986928441400276357 0.05443800882130114815 
-0.08535371406631285518 0.32912941034347942271 0.94174822448793760188 
-0.78442571118469084368 1.77697439886136221432 1.29014160611169081960 
0.76822814164822139649 1.90563242700736990010 0.45423449860887865626 
0.71633426911313324847 -0.04080428527509517844 0.45333267542639626990 
-0.56118428606284065374 0.12595827918368668330 1.35676389700523181148 
-0.65447589392968852362 1.90759271671220265176 1.88881056463132668277 
1.02781543294369548391 1.46725017685571579307 1.61129427315602535842 
-0.03843173889768237983 1.80741947723495277600 0.42834789176063875482 
-0.61420377873096154708 0.80128291517218164230 1.08125234845876594392 
0.93009652956880628505 0.08491172773366655047 0.82178602252590327026 
-0.54743991004171166370 1.15188040650437284462 0.23544568953001554501 
-0.30501696144476908579 -0.00021399617850581662 0.90150113409289878152 
-0.22442469515810781200 1.84209448007672116354 1.70833358326847140063 
-0.57630607550268952988 1.53537224076706424469 0.02284111772638053664 
0.25824924908602725493 1.20115670565191035024 -0.09817859395055873739 
-0.58710549167943604232 0.47947095896056102227 0.40478540685893549256 
0.54463593052752334867 1.37804056076033676348 1.23289200353438777036 
-0.08572161059085459112 0.29394821635393775239 0.92584320372167583368 
0.96754189468060014523 0.99971440447675219421 1.59120236068770304350 
0.05602531952020985140 1.07961303580280132408 0.62125797007759520074 
-0.74411616755544540691 -0.04756171008345530526 1.85067432910018703218 
0.95857860251518633987 0.60076676736439915683 0.88906821638042898837 
-0.50835728280467662454 -0.00029569223519644930 1.62370152113627241874 
1.04841109894261275137 0.88585570304966398947 1.74737756757910744909 
0.13153100497329520135 1.43491336304413175107 0.90593660104332585092 
0.62017509038219620354 1.76139285668627154635 0.90958149353392758751 
0.92438155323037574096 0.74734808969264965306 0.71819064632652784841 
-0.54824043049653692350 1.25002838634858015610 0.02244817910157630159 
0.77608006172998600380 1.47969201237291936302 1.82262806750839190251 
0.21851877944507283602 1.32590973655522836872 1.68170810394235559215 
0.37329380714249410511 0.69658609352825873184 1.45100643148282992811 
-0.18495303959632533597 1.00842538914487089841 0.35567488112511513876 
1.21498365386279361111 1.00311765450929701871 0.70040744863113901797 
1.04774330534569437567 0.83718296470344555349 0.90527691850223124259 
-0.58521606519326985207 0.71645530159580761431 0.45173435880313916879 
0.06131241142916130094 0.91049248250140546457 0.14679598246711725307 
0.57196575999958176872 0.44340191497951303434 0.62067735092485076809 
0.95766485742576723528 0.42153728311901261794 0.08085965035713403581 
-0.62170314430979256581 -0.07757998902019233589 1.43564205892111385054 
0.78986894618074265928 0.45500396801618836484 0.78081270932100388382 
-0.01135584684858862055 1.67015880247293146965 0.20479104466517125682 
0.03620640886851755197 1.77062511656841437002 1.50004645431908656406 
-0.17237314753566879144 0.42973417168061728288 1.85320473804910323956 
0.45018627623455870213 0.56057268931777881615 0.73368001722232345507 
0.24649079821880814922 0.78730045394298298067 0.62072124760162306067 
0.44048336604249849202 1.27232256060758053273 1.51205640022988219151 
-0.21851445513422251832 1.67619285819401042659 1.02474625406157282548 
-0.13224458626794630134 1.65116799589623353128 1.82154716166553387602 
0.75702264329561708145 0.92594658213424108073 1.52678255308788846101 
0.05613458600713494562 1.75326211906118722972 0.20222129768241894898 
-0.68843632959009670724 1.16839010950496025032 0.45572753253778236493 
0.02037562385945517612 0.05388307034680886454 0.63856065312144605350 
-0.17786596946162203103 -0.03768498714674729799 0.10598295194351896320 
-0.65926125115697320478 0.90512290273104545335 0.86427316619169503031 
0.63403506479706106536 0.94772405772280443603 1.40078164229831614307 
-0.19825773212643382770 0.28077536474895198326 0.54792340219006097080 
0.31332197166731851068 1.21331908806569566117 0.85539754846911220110 
0.19059768951191466413 1.68204062831894352037 1.82231355254036286873 
-0.74418554490630739462 0.87721289598470608695 0.71758831732250805135 
0.86816315306360880566 1.67098973315744414592 0.02592600792049478547 
1.07287659679125635392 1.47993538594003659625 -0.07923020769923959372 
0.81573210708480703435 1.00451788793203355965 1.35648966630485556806 
0.05563084567344287606 1.35453441239245631067 0.15151446161246015509 
-0.76899398764130122430 1.63534971878347223928 0.12133128810890383975 
-0.29486506566358477999 0.43537723089147256639 1.55259605170481629344 
-0.06094597002188288648 0.60000929600187469237 0.84657353001165946971 
0.73191572496667622882 -0.08715207417088728648 0.26336281217995216597 
0.87069371771593384590 0.00703293333263349790 0.54159748311108535379 
-0.62943817640680188585 1.76159723173754589887 0.09062256668594292908 
0.90370658635462008945 1.68453823056675688896 0.24604150276524083818 
-0.09867312197506972193 0.63995488417643220380 1.82826627468331182058 
0.42292314690086069140 0.92875520832759039802 1.53751127472966775400 
-0.21484570363964994311 1.04361172755620268404 0.82022669038190587631 
-0.01733562951488316559 0.47489521189618638664 0.14144810675838734304 
0.21737907876642620364 1.02165167716291538369 1.39306521634016844402 
0.36029183349209198406 1.44564685804794312851 1.44179440447840723216 
-0.75756228451475338126 0.28413128202614251760 1.35909518043592436598 
-0.44753165325255578333 0.81638252079405637662 1.27784708975804206510 
0.53624147109652464671 0.99349052882499555572 1.70310085507082709100 
1.17716745223913465956 0.23995653383669660053 1.90011668305725556216 
-0.54408876440404396746 1.48686009942897601199 0.10183091308877660619 
-0.46284477502480403377 1.51531617147662278633 1.14514745822158547917 
0.50926712476935198648 0.35528947335223165505 1.42589078296550697544 
0.88697266343078273731 0.19945818781472554604 0.97128787032680485858 
0.80709924430587454136 0.83677055073624306836 0.12096740280665078948 
-0.44442875974033280162 0.07495832266063059968 0.15795865875999115513 
0.32487288821665472049 0.92583636583763651018 0.90177370913518417606 
-0.20947406456754175119 1.88524567909478935057 0.19535162006900058662 
-0.05342400295942664051 0.37400731653774738072 1.29760323179481340539 
-0.63340255054682026437 0.32448798451599530912 1.21302185849069310564 
-0.07977538001257163114 0.80045439321465283733 0.46181666366777435195 
0.45535162309123716762 1.03957131945830560937 1.29903641814830717038 
-0.22242241749220420521 -0.06753756057644166866 0.21804829140659587328 
-0.30952103275206865884 1.17510471164569008096 0.91061680756734730835 
-0.70231429513390020158 0.76692131529333329443 1.37667593995500858739 
-0.04565064487320198011 0.59469508625852862682 0.73473131068255070897 
1.03535353642467065072 1.03320278171444268622 1.31238485009458716313 
-0.24629280804242970060 0.92855617949570035119 0.51878805195876764866 
0.43171267897289927751 0.60337744882652766254 0.69423640342755765786 
0.99787508197982721647 1.57897244487453880524 1.18071129746270098160 
0.59191892045166116798 0.15889609127236747899 1.79596872108072269647 
0.93064848191600124672 1.54489525025824891991 0.46192437816532178063 
0.05550612355171169465 0.34721724026388472994 0.23668636956946442762 
0.17973120663513891815 1.65735935690837332679 0.80855576911310778065 
0.76027598868118673181 0.43247371736571449397 0.36634675454371756764 
0.28509452066802648540 0.40536105300640118410 0.17262999142137164243 
-0.69046746263486591388 -0.00482237160843287417 1.37068496539131112755 
0.00963301298419302898 1.69850741326411780463 0.52907933236592996629 
-0.60091466129042336863 1.43250262302206410325 1.41477853792131447186 
0.80200801421439049665 0.47208821591496974435 0.86210239998209270418 
1.04974449180106743640 1.75166983771881978882 1.18564695496869854097 
0.30035201787702209275 0.26440178528957181125 -0.08886868604707771901 
0.37329037751095889286 1.42768348821815771466 0.46470315892025820803 
1.21141306954649463634 0.66913730123402748173 0.11260998899978456878 
0.49552799756346282978 1.72119955277147784756 0.77699785475865823514 
0.40677791356666825884 1.05507377782501743368 0.97639489299368886766 
0.61084606371052918572 1.62935947131814229394 0.14061732449236485909 
-0.06400081815409466857 1.56587178072767385650 1.77578909285932962092 
-0.46891964848042172465 1.84552912134775382036 0.05532747685787311326 
0.58039702005636162330 1.31541202570206272604 1.32601486974456972412 
0.95969662537428357396 0.80116793702212929507 1.46321410132826268402 
0.29344494867500608981 1.68160860102922282699 1.10694642540981624812 
-0.40835483158331858933 0.22706381924013641083 1.01233008400069057764 
0.14926968854389424668 1.67864469286058626274 1.50586974399695461280 
-0.58154320373883416906 0.53189684409818160926 1.34384141156434044895 
-0.14659051030672151650 0.26930715503692842505 0.46323593381344374542 
0.26418763078986162718 1.75576231250935110850 1.61180396448430052203 
0.61706910931537162224 -0.07873571603860873847 -0.02930714017348163072 
0.23041192014553205092 1.48941733351645844152 0.40751732269220664051 
0.82296097441276561124 1.73924422710011494786 1.47049863150001502987 
0.42130707896417324276 0.55381427527441284830 1.32647499019207537607 
0.14861662141147369276 0.88057745528629005616 1.55258977000537945479 
0.01648006807185125114 1.87308254609280444569 0.69313407443186658696 
0.22957547343590303801 1.82070795180107247724 1.63727787899088128576 
0.40309185621386378617 1.49078937762191188199 1.35476510574914077445 
-0.38238405463420260810 0.51885713923549225957 1.86055004159906545169 
0.91004157316937306366 1.74336501285846212639 1.25062335833694815435 
1.21458682385502503287 -0.02381958051133242424 0.85759764080435596512 
0.06620470799526308181 0.22970513773591075268 1.43628498581437757942 
0.54034987360556230307 0.29324186313829692097 0.69207089753861483761 
0.54937523490954820460 0.19998602798438169792 0.53413147201626887117 
-0.43065974690228481236 1.12882806547000402730 1.73547495057467848767 
0.39813643903327405882 0.33676822710193077270 0.19586938214477517262 
0.05012074217241997698 0.38879421689964499542 0.14302390193395486673 
-0.64107009317641927559 0.57468219710136414502 -0.06978933736899158025 
-0.72903817204453202905 1.83941761434140182985 0.72693883670134284980 
1.07034903985586060671 1.67676913047870379536 1.50281649266172134816 
0.33735509315042383482 1.16058731679520787949 0.40371081025566402101 
0.13355751861603121222 1.76467798750133986196 1.54467971988505081704 
0.69570846191397117675 1.64015421692958773825 1.36796586058094860050 
-0.73312969338645228579 1.69064657532898277026 1.40605094065772084910 
0.63839448871639348226 0.05794296279883190404 0.53296067397601321058 
1.13831639948434215626 1.24754861466402333647 -0.01742873668310156859 
0.66521710984910065179 1.55777793584823576190 0.80725006646842478730 
0.44112194712544583464 0.60153556883924941268 0.71628141855197313692 
-0.20126471906669726741 1.10168322239484539615 0.72070227773845296770 
1.03067260621814815735 1.03673860101044312820 1.72908159213666867693 
0.62477112220493602468 0.66281774981199326202 1.02383721738818955771 
0.16495847507084826500 1.88577211606690586798 0.57825246978349165161 
1.00352871541294885738 1.35014970522176191992 0.28567097741755403950 
0.85562455225179911977 1.05760410259157899837 0.42593831780600122094 
0.56066226108612615686 1.58497205768654847446 1.07449455162628670912 
1.13609089909016902631 1.05320976010158662284 0.91661475610062104202 
0.46417848137265621533 0.03988842391836486256 1.85333649276736078804 
0.07471644570663900364 0.32725235332028435042 1.42978364800459623041 
-0.07664401368557659244 0.43598763949742119772 1.33606019109095019992 
-0.74698840427515122986 0.52703019816748863935 1.46656925208163557706 
-0.57316743343138920608 1.47996786464026874874 1.06246903834457318005 
-0.26475579281758504502 0.21572871161487747194 0.92698319372044857278 
0.28322337625170274089 1.87435225085206091933 0.29470363872528004823 
-0.39262832537687936130 1.20678345377108287018 1.74361497915800778280 
-0.23128460361838862336 0.20871713645833092632 0.04035399627359768926 
0.76136360987585938176 0.23878359062271067859 0.90927964865153865226 
-0.45740756434141838227 1.87898137343917182029 0.66525018244497757802 
-0.21933813889495512583 -0.02871164758208095621 1.26248714655106031302 
-0.71015179370190539831 1.65665742522494552347 0.50557664777804633971 
-0.45661632761509851619 1.79967890895017479380 0.97570355673112818540 
-0.51233049260914609313 0.35350010357564537467 0.69832398343948209885 
1.17610452575896085037 1.41351014271716413084 0.91636163022070171724 
-0.68153408950301874736 1.45916224336426902930 0.51546040118664904206 
0.41181490687230792869 -0.07434661759361718691 1.49101291675853842023 
0.67332395035365621982 0.34242134488270381532 1.71779898229834326884 
0.80539903450163141674 -0.04529054563913093717 0.14370257128857630291 
0.60870947191085422734 0.71820748056036798346 1.68986763416363983126 
0.62357692695494693069 1.14358893047404897025 0.23451205784771403384 
0.33609105853270132558 0.23885409787226130618 0.34247559529028059888 
-0.31832121096008481054 0.84095229525721959529 1.23542283157821319861 
0.77570924012119635282 0.92237784714119375185 0.23674655098013347443 
1.19138047271935110238 0.33967617924948184660 1.68601029511664135541 
0.93850579312687099076 0.78033060753310123925 1.02337971691646423267 
0.33123617334438915094 -0.00991144572587540282 0.46956118663401236191 
-0.09025169261835579160 1.13690311476358840714 0.03901556965110122843 
-0.05879527683976970565 1.17020227963746403788 0.96453325342198426018 
-0.46076316556882118691 1.64635089998376904497 -0.01248773226342617809 
0.73285601462253180394 0.55438483151142770033 0.79643958577665485699 
-0.63460919378503155563 0.55850102186619410283 1.33996023119169205273 
1.02329871330083976844 0.98608344825103877440 1.65997489959233779366 
0.25437145742217109889 0.92263385953484933211 -0.09437098338758884153 
1.07822335250608736246 0.38212954058613685104 1.46293889966298773508 
-0.43690026857644947977 0.73472246215755943055 0.75291271010344584802 
-0.49063978081146364385 0.24210817362875938774 1.50794421783228127509 
-0.22143445470914024931 0.61661044887238058987 0.64238739029260849556 
-0.02510357774099522196 0.40242952199714132622 1.60125700638691625954 
0.73549287904135862703 1.41574579529276678436 0.38545101294986777729 
-0.43473184716790025384 1.83032945622325082802 1.63156167562176812602 
-0.07498724747962408343 0.14796874185552222336 0.20613930956234177705 
-0.51510172197501302715 1.35493895485814053181 1.41171366767848094348 
0.53539922397254890996 1.39061204305036900664 1.30521843308172424969 
0.37603898095778454103 1.03968779016397427917 0.02144729348867865926 
-0.64272570006667029130 1.00900688861875775792 0.02456438506199979874 
0.66739645281314341485 1.35561479277279528510 0.66547077371831486747 
-0.56403453880844234281 1.34319809647522947493 0.81910368217463003226 
0.70861148030826381916 0.49309388014226218644 0.21326097574197866447 
0.29246773023084565724 1.65598523223815830008 0.49364320196549454911 
0.24262704989540812006 0.29413013007437571744 1.60017638896918201752 
1.17608855502024822748 1.39870853038295983595 -0.09626143550868589138 
0.02705955681354684644 0.67643452267899484287 0.50760028169235826834 
-0.67782137063306446834 1.64140502061293447333 1.86720732331718775043 
0.70021119476310822449 0.95831373766822247617 0.79071785705766417518 
0.71931146190667227813 1.40855597077235805692 1.54081580511712790127 
0.13650656825862050869 0.66434102291885410718 0.42815071432834056475 
1.01590606242275716120 0.40237768487380393134 1.26103743015460278976 
-0.54209931872649230744 0.64257930047172118204 -0.02036832064394954872 
0.29566536446279517714 -0.00208682351453114753 0.34504659101913848218 
-0.71350850338567628484 1.61864818043870517528 0.17547576356455846236 
1.02913850879855606202 0.63602528179506812034 0.22498615973773294918 
0.80140789576927429216 0.00157239119855156692 0.40433466980364524135 
1.17894649059269074343 0.71605777306957207884 1.04734662812815093602 
0.01425717715904480619 0.50897073807022041869 1.30481537065658059760 
0.68924880932061904915 -0.00439233338657107550 0.55692169543394365316 
0.97581825142161593423 1.80764982200309232141 1.42445926108078602113 
-0.46487550400733040901 0.83032323132321772530 1.73754904332144910484 
0.15165340357139059368 1.36294704241959996338 1.38318523115071578822 
1.11366446945869390639 0.24713326250021919184 0.93578842584116150860 
-0.30594673329553778718 0.00465112368532400160 0.58342439944717661149 
-0.14298992771248114630 1.71602888422410027047 1.31522335462843242837 
-0.14471183691346364841 -0.05608571312191016484 1.57676090922599865252 
-0.50006323233711369447 0.96160527510019699893 0.16329632016648754078 
0.37493821107532671055 0.29241314120082634309 0.25110862640320164019 
-0.21590411121414279649 1.84011290284430772957 0.71918089033212229122 
0.16935802910662642318 0.11907838292077832509 0.28271849884954669552 
0.74643875620995225884 0.42096802729668941767 0.28027514794402308418 
-0.74126869908420633948 0.52534335161693856975 0.50592843651839758401 
-0.20187382943097850752 1.35121899588008131943 1.25237658314696198580 
-0.18723501013767115952 -0.05148827919017751747 1.55304609626924361443 
0.56675033416254305685 1.71943976767948369933 1.24595448473987313598 
0.64953979258603788960 0.22991975097505362724 1.81232490859599582045 
0.85866321397865397191 0.29081597849037199577 0.61550262382807929828 
-0.77941189193706472693 1.80427374215676761260 1.26541374714495824527 
0.26392855619848926141 0.06908850391301370186 0.67383039248313869596 
0.85275092702980626047 0.71853514639006599296 0.04289386723937491791 
-0.05539709857873328924 1.51596383727012140596 0.42261964540903890208 
0.41863367626163783264 0.68029835220231937853 1.46130572641217559848 
0.22789573322404052536 0.03843267114452834921 1.65275333588389639061 
0.74837433276521114767 1.17866584760796744291 0.03575269653432176786 
-0.48866909719813994561 1.75750026980373030838 0.95637247309593087508 
1.15613043489976585754 0.42874412089274854809 0.88235999733333070338 
0.09126632242236885906 1.07827820044462630023 -0.01958842112519620232 
0.42675810713985257161 0.27664288558884320146 1.71941135147132229122 
-0.30650021299335383773 1.89289501856840924887 1.39899689329476206723 
-0.26785022929752883014 1.01127417922923257265 1.77217528539855684322 
-0.67464120962463813846 0.28784244736247882601 0.91202815079924348662 
-0.30273727588933180277 1.27718262365385459844 1.78088349566268666635 
0.54212235263534203078 0.69618711201461946914 0.95487576819570818554 
0.40718093221761048062 1.77007467983086952401 1.41673284498586027347 
1.08730936277556189395 0.82297611908101220290 0.86852956455222585230 
0.92963920243050046643 1.33858574020931198056 0.63859230600225269647 
0.30082016187211296776 0.28575661106906874442 0.94545728636642878406 
-0.20007173397447272634 1.60105171411610691656 1.25946857327614814004 
0.28455777451122421517 1.29722675335304882260 0.30698269790752785724 
-0.57303064620424370990 1.08521900807863747040 0.99090338886826723197 
-0.50364967748757127897 -0.03244254809115787452 0.80823103189782496969 
0.37178589398073813577 -0.04187504961904162798 1.85906930445648566064 
0.72628724166769798032 0.55828157559464131054 1.24964449261888588261 
-0.72741693819483144168 0.85759496920724387348 0.70868215293586411807 
0.16256920118097406558 1.92711782281913812653 0.02867546729799878152 
-0.62692546962006789890 1.19987010768414803508 0.77873049141477213020 
0.23024004499111552779 0.42081145913146028592 0.81593931048469348077 
1.18256029636284476503 1.58860521116051733870 1.10023921098336940894 
1.01634492845068868938 1.73717834960478789696 1.50487924385261240268 
0.41978833105532836756 1.71668178018676265140 0.43970611753863719784 
0.24283870584006347904 0.52513606826568659525 1.39014619158844809910 
-0.23988448760798747328 1.66064186668313573669 0.00877953110602680206 
-0.60109872555388454973 0.21902129797268199418 0.28513189186623366655 
-0.14832363783941290847 0.26427437480475951537 1.16675404832160722890 
-0.63339569907236081825 0.77065254701321717068 1.40167125001534431661 
0.58950536346307780278 1.54918995927318148276 0.82474560067416036180 
0.89743370157945501209 1.11137963860241240077 1.42063696879767853432 
0.69615131247132189252 1.23760010664280617476 1.82199524952341529449 
-0.45068925679061305756 0.81391088532390898358 1.50103400750456050794 
-0.16686126970155376603 1.48627910519413863888 1.03584864402375931292 
0.47774585537684505221 0.30458835044820659066 0.19758565237207109666 
0.32407631241318302084 1.48571945805020888542 0.90135747898188722793 
-0.46620101217864068355 0.76179081519790714516 0.94048564446886295798 
0.37554023451782236886 0.00054696212621797315 1.90024615119353823545 
-0.02783544240860146707 1.43918715872827696067 0.77328266424905134357 
0.50111911168549749807 0.56222814567859280555 1.08793045503344809610 
1.09972771491349807782 0.51981792641749535733 0.93802612614202540708 
0.48001856468323383931 1.78513608712729721084 0.48639193974096872619 
0.52395931635999148934 0.38512186802364278826 0.66500619799194604642 
-0.49566703876582235422 1.73080116580620591016 0.77320486909208696602 
0.63492038493704572311 0.75544582516143921058 0.46369775224041875905 
0.78107595530034779063 0.60297711335810810773 1.62398266361659415757 
0.10143238520468172981 1.23961642670930261012 1.41444966741702105040 
0.45824240358125623018 0.36308565724574370925 1.87917119116381536870 
0.10552554569944819218 1.18102872231426214711 0.47220571986470660786 
0.77621484396326345667 1.47976044729349975881 0.86354982773597288581 
0.34669751986639163466 1.08004591480933731518 0.66985641295341935564 
-0.68948611659838121568 0.51706790735798624503 0.82655895627030107065 
0.43974887348976904322 1.31217434512636232924 0.91840672950109791817 
-0.74037195157543700397 0.55920574462957606254 0.73135414306232848780 
-0.64289269013853933554 1.39893206413460879922 1.08787677357640077958 
0.69347842970894169046 1.58989678501529785315 1.70026839566519338831 
0.48238678625413949907 1.50115686665187975102 1.76420060523360566762 
1.01501775755641787669 -0.04281484247130888654 0.82150770994420385662 
0.45618549698677929305 1.39650086107543502933 1.77737779950857643918 
-0.75968940718457234063 0.44390290318651026702 1.13222622346992785047 
-0.76112272997879237835 1.36962961210796829725 1.73048572450343662865 
1.02909541435544027443 0.32780657703584553664 0.02225125166333159071 
-0.58985491478021478962 1.13452916107747170393 1.67726294944419795918 
0.05663292726288650381 0.43915672040234982054 1.55113536466184886997 
-0.56799156967675046292 0.88453647921836142665 1.49553524139529336878 
0.10708971261591060387 0.37467912041141460122 0.45086573808169860822 
0.35599553099756925389 0.17655258594700015684 0.74271996436416543030 
0.42195686150123640212 0.29635891782144441198 1.52218341677230828424 
-0.26516725780907768328 0.43475452875625059113 0.58104719333318366470 
0.82619126747575932779 1.34658441201276102284 1.84940986954305031098 
0.70522272173129385564 0.47892641851583628299 0.30309809164894246925 
-0.70113455755481202125 0.76307170030787563331 -0.01879446146972356055 
0.29337991365621407525 0.90930884045970061802 0.87440186561519461783 
-0.50508799625915146159 1.44135555550099292432 1.14344594277208222444 
-0.21341896517812297684 1.10206994163881621951 0.34882455955493762989 
-0.58629366419026851531 1.12318266338198280430 0.32148484731594267894 
-0.58957791146212856770 1.12190788233301974586 1.38217381211891687798 
-0.73242231928825551890 1.40715721881074307120 0.77895724314494652063 
1.05473051542742313202 1.15885840314732058154 0.48383949154381722391 
-0.20333037839364997978 0.47388761715540117514 0.76451490359845719613 
1.13509749540031257276 1.75814388473776017641 0.92924258020180472428 
0.51498905916748327627 0.54128544150322321915 0.80601355731432255958 
-0.30410610134902932300 1.13131827592694556017 0.28859887939479300645 
0.85649069429024138334 1.70575566419797164386 0.79490052191997795372 
1.05645592787558983972 1.25956452914315408798 0.44575454913152479097 
0.21666700353353487984 -0.03601095787275507970 0.73748224643187265670 
0.63916136980083593233 0.18071770452230842552 1.90033260774488321765 
-0.22431299520759362398 0.43751637404630955297 0.42471835907692923051 
1.03950783651636102789 1.50452905072713316592 0.25682167980409964514 
-0.21510991363394085796 0.45564566666397549044 0.73372837525110257140 
1.21606767825297334973 0.52893538909406678794 1.22915822458344381474 
-0.47157881153604935820 1.44272954484124760199 1.27816209208486708526 
-0.70027841966033410603 0.82718326631348404465 1.34288968005666919936 
0.24706815046985922124 1.66234271139374079063 1.09356560567731309064 
0.27506728278979702962 1.83979071078178058052 1.72102460207718155338 
-0.17599388038921079391 0.74915827312164118279 0.37725430262134834747 
-0.58407882798682742020 0.88353439742354022979 1.80904846233101146424 
0.45436546073793659950 1.14037771338542492927 0.47761495699825268213 
0.56778570850582310570 0.60901587762233555523 1.11049451399866438983 
0.85749525468084453195 0.59982522564031703904 0.17856635742442605874 
0.48577078777063270598 1.88594771316243203785 1.58419392864063701687 
0.98081830410961456934 0.73530083095426501671 1.18694548156436519015 
1.10886118885749795915 1.30592424079094171496 1.41219258343772890996 
0.00910602790406176560 1.63512502177398322267 0.50332103836181729672 
0.50985004628892238721 1.75128235162052225959 0.77259495642467324039 
0.83508864949231276231 1.86706668721358926000 0.60054644566080950252 
-0.66395242754957095599 1.71998333467215247516 0.65669009331977357125 
-0.68104798700917090759 0.68003614162683223565 1.49978162751376720152 
-0.21015540304994967391 0.41531690658585490583 0.34463558014021783427 
0.81650577367991339361 0.47953926722024364793 0.50503288954302372193 
0.41607403275614002203 1.34221150482190010322 1.48243658823564206095 
0.25436792941962743653 0.04012884653857298756 0.49304637062427575378 
0.09818739015284545790 0.16452374065880770448 1.52713816324294460181 
1.19342275894547666937 0.02535480840580226630 1.80132987175716352546 
0.78851203316562967771 0.48514923578778540447 1.73925376268382070322 
0.45385447253498656384 0.72711945737846284121 1.42438017797516991436 
0.69294545483009273301 0.35712011377653568589 0.74008246989441328623 
-0.19072763880200849229 1.42822921775497557739 1.82635968124261749423 
0.50260440255549143629 1.33485977262439736712 1.66274721103610811923 
1.14061422910995191593 0.02881711520004582097 0.41784914961829944247 
1.01907181051724959886 0.58847095532940851825 0.21527539643547069503 
0.40471207448941060036 1.35402057681048493265 1.14172288784678022111 
0.69536051218689987063 1.63331108399765279060 0.66781502557310989943 
0.71812677699108817819 1.80648622907326172893 1.18242252434010741702 
0.10409334283846799485 1.13216606078595538598 0.59247605174662576477 
0.67187568370063677214 0.08121119515803618127 0.14590310608355283595 
-0.05953435023474496629 1.66701910335401870533 1.19438838504218347580 
-0.35877045237093413421 1.37920672502330754483 0.05745960268939177829 
-0.38183848266723680043 1.64118731344221391311 1.40468683608078581670 
0.17471321463771094518 1.72217613369438060644 0.87355025735970492917 
-0.72222241744784998474 1.29976550380950905961 0.62485003430954655368 
-0.71236806777085048825 1.07859110218932463532 0.73188429054091097559 
0.24545425211778723606 1.01598100232582533309 1.37720148845029699558 
-0.33626424271778571073 1.91437605583396153186 0.94118312400067616341 
0.64285738714229068158 1.39751593267894369532 1.58109215883104736733 
1.10811770169383239093 0.01220469098700158184 0.41034137398895048632 
-0.02532780651518769244 0.47210419024350913642 0.34238732737079258239 
1.14463722661537703473 0.08926913353992858846 0.34062169850046236652 
-0.62685319584274179494 1.31992039511734637891 1.17972286776586110513 
0.47381692373674932917 0.08978779773916581441 0.37933295811171818812 
0.35038758294075550426 0.27983562771108727585 1.83300612794111672521 
1.04670977745492699285 0.62816282251254240698 1.41571409979752238506 
0.65445357911694590491 1.20936162539985470055 1.02909036560586120146 
-0.27045511819019640853 0.40539371781331839939 1.18506165681849151561 
-0.68703220288407762517 1.42377408190803644850 0.62408168255311635697 
-0.42558410448548067428 0.84011720247789389848 -0.01919582202413607636 
0.81570277373475785776 1.80002007608933345395 0.74019221687497238626 
1.17420781443425381596 0.43411843760114660062 1.87617178224410574572 
-0.68354477607746999546 1.64790228164488650187 -0.09178905349521437884 
0.92757331690809208258 0.71240678961581305195 0.53672521860478028533 
-0.50631558155722844461 -0.03707383828162158501 0.30306240518882909818 
0.12592945385480741605 0.75836281330513366505 0.02333200257461365973 
0.05829233397999539212 0.09770558399240450442 0.69895445184544624517 
0.74512653983228804844 -0.03934255823558651527 0.46335088904696747347 
-0.76941545147209988720 0.03426210236504650258 0.67614599496968297299 
0.67953607385499537052 0.24663049167485048829 0.06093282949875261645 
-0.50470173230630521743 1.87895193601027421515 1.58202650149936929758 
0.02731343949464816456 1.16501718005543897227 0.76392414450333578912 
-0.46174203846178946131 0.75494012354786321772 1.74405080026288938910 
-0.09383811391695442983 0.19563114591003072373 0.43496338132779305274 
0.38032194398419144621 0.73830055184264598012 1.17897065972527537170 
0.18116175463302380821 0.45489255719146409751 1.36111474207121752045 
-0.05400973823839882310 0.63111516355292962555 0.18911088820104296482 
0.62472043436283219986 0.00622984977897346557 0.44318665469756779451 
0.94121740722006830282 1.03494035608623180522 1.53533911425986091537 
0.17159053423268683103 1.80455035893416004811 1.57746972151077513580 
0.25607199284047926779 0.43024799641112260185 0.14185145935608478585 
0.21794504365597172635 0.99210423035763595223 0.65156304238373807802 
-0.63489165644037037772 0.91910112943311128575 0.46314579845142411774 
0.45452840238730973788 1.15894002297648479605 0.50032384908471383422 
-0.13800178314763530962 1.27344083919854123010 0.56541327557496157130 
0.02004337683955333821 0.55939163069567432451 1.34293336324955725480 
-0.22330770120384058064 0.92930981915872112875 0.26264571061609148783 
0.81415422556556782396 1.79829842262704020506 1.09246650293220159966 
-0.10147884918278861355 0.36348855296562665451 0.93968512405292992096 
0.95375157654791287154 0.82650126167571413838 1.65990800112778225106 
0.89578000492239950869 1.19989884221440812340 1.70686946511561887796 
1.04143182017910418402 1.60054893289778044085 1.42237705882956588788 
-0.20706917732149954237 0.40845465276293790868 1.30818777834607224975 
-0.63408917120415064783 1.50005993775369628196 -0.01605241098275128966 
-0.19215469498559392680 0.64300256808983302648 0.28516483540544351749 
-0.10540145090583633025 0.67841942540474753365 0.98162847363319605254 
-0.69571151907824135829 -0.07726893938562481856 0.82678299444015213027 
-0.77467834260347845365 0.44426460551713320424 0.95154225824467075778 
0.57125365294130292515 1.59586042545331685538 0.46211785293178014866 
-0.43020182603677881161 -0.07165915592387420152 0.33894347713808892220 
-0.34826537622119196902 1.64097235124448648236 1.02796004544573293948 
-0.70268799070078713509 1.24005796624869990552 0.03139141043704656020 
0.46571076315079512620 0.35528275390419183921 1.16527202030363108420 
1.11809014074156376495 0.62385369695951009561 1.04579297264744974783 
0.82286946308841046882 0.47614139306469072110 1.46251609055935127834 
0.27927026761244266861 1.48869179556274922049 1.70030549803388386643 
1.07644103640971100511 0.73909457851053872446 1.21862708932419439023 
0.84980294348762008827 1.49442198386128000109 1.49484030035054038521 
0.95160220241403614683 1.84106440974536922361 0.94357903460857794897 
0.58459507667651200435 -0.07894545817130189935 0.01378997950647273957 
0.38280994871059814688 1.70399662949883379248 0.70479154667676346957 
-0.49331973123367350853 0.80008179060099682278 0.96946049199920136807 
-0.74609445532022833358 0.04254263499437365564 0.55899243397186226812 
0.86164526458495349637 1.26120191296599082342 0.22748886400080928216 
0.96944345395057074377 0.66619314524927375487 0.98774117644213599299 
0.96309255735930920928 1.27045157551473497648 0.47947384994250097368 
0.93690008579719064041 0.15983757963240527444 1.22147480145689613096 
-0.25915790069176014576 1.51107381215229152893 1.19030162231667713257 
-0.39077371864344467856 0.69069680562799506962 1.71677000090109088681 
0.89822673836799582503 1.07367506846114113550 0.81909830806732508712 
0.77060819931176405273 0.89194182486955730926 0.68006838396356850129 
-0.50940214598960242842 1.35405443033164551991 0.18850836907134185805 
0.27665382152865386489 1.03506744027109975903 1.62183405166138427944 
1.09619403759681444122 0.89366126016399460852 0.49002540871229732788 
0.04869449445294462414 1.35481552498142687746 1.50102941470069795038 
-0.58380373619272418750 1.35555305544362214576 1.47683671436907570929 
0.69609054335483011577 0.99798839065742495080 0.66181460625507071427 
1.14080254778202694332 0.00468129794416060827 0.45267855105221416201 
0.34024683007414252556 0.80072375334223677701 1.69779338061346685151 
-0.07693729246967491442 1.11992271493181561048 1.18286364687416800656 
-0.54338022780651829002 0.87872471283065967107 0.14455128437347947168 
-0.55074442672506995766 0.56227912858863648982 1.31097695699556604509 
-0.50296367127288121868 0.09101189414968841040 0.39890983826895115572 
-0.51137481624114622392 0.15102278626800552663 0.97761685696458333616 
-0.56049449851995480909 1.19759020945579108819 1.50685767524686586860 
0.05730982524738529454 1.09165708712623321652 1.69868432752970632826 
-0.28374969755717566189 0.91140121773866300536 1.75255374595071788946 
-0.50101009391337936183 0.85527054249561318411 0.54329711782674672271 
0.25761588234261578734 1.51575632238379154337 0.70779125525054031876 
0.70467461617117865824 0.63033903317676687195 0.69394645748423211540 
0.46272673128150648703 0.49781892807442829074 1.10535964192510882675 
-0.06949810887609177146 1.07117030607527863317 1.79758868972699437094 
1.02642216910599293200 0.15984064200454664584 -0.01524438832990481808 
-0.50432859382858574726 1.87855428213364228363 1.58199578646384142466 
1.20161095652519822607 0.43917507759226454001 0.91843629531031156787 
0.77696231175260044299 1.18582022843678291935 1.59587142455041108846 
-0.27633111052497566495 1.48435566178588063124 1.03145900643673704700 
-0.19063454969146739759 0.44997539532457303535 1.42732213620229697604 
1.12417149904309598973 1.75372648657454832666 1.83142264154843203983 
0.26662516450464984752 1.49212257559959793340 0.51414173563074860862 
-0.72345977670464733933 0.54091452376422088921 0.74300406725090628601 
-0.42292075892992253561 1.59941498889189226418 1.18329831145173747231 
0.98914510102330566177 0.49986728928994089705 0.81845182209595068734 
0.44183412402578037259 1.24131149350008218590 0.02954334891669546659 
1.03181472646216620959 1.37456053657573185056 0.14244692567759895119 
-0.03754947206541367488 1.89529538153472842943 1.86280967398692487436 
-0.64868926046210595437 0.29102815797590175784 0.96531249029910159987 
-0.62839929673677974442 1.26579500849296922027 1.82809544425018066782 
0.81409426467547707507 1.67988889389347506587 1.02071437706671819257 
0.16214746685106415369 1.23475978680060904935 0.94817284407274571301 
0.50330856279342905957 0.95760353544735687947 0.32423356121062141266 
-0.07360202387063147222 0.96356536264188497043 1.86190028853892597382 
-0.11116195732260926443 0.67780674121418171829 0.97781235924605203191 
0.31049293488217749593 0.13332132504698690489 0.73530295048540306180 
0.64599132551816151881 1.58008722261787659669 0.78304022219858671061 
0.97586244927064502708 1.08050259543605720047 1.05983082711071774362 
0.37543270725251609576 1.56932361085428873082 -0.05714466379007977770 
-0.01134645287151999846 1.33625318503065826370 0.54852513574803596352 
0.65822449571667984713 1.16345723039560078327 0.29037724213857024624 
-0.24868855071755396891 -0.04063113034256576883 0.42403152335686294938 
-0.19023470548413998205 0.98215294016346121886 0.02615480953771166447 
-0.14820819686758179845 0.00345318465564730531 0.94437404758536169780 
-0.25535565874555771204 1.89176590544558997919 1.36154584315270787975 
-0.51325871492984220801 -0.00663361373034618979 1.15790526721807518484 
0.69198058699805486960 0.14716552982636063596 1.59130782517760094308 
1.08824924818221702161 0.33158152946469376943 1.13940025631705910136 
0.53976299271636452026 -0.04698319743082947364 0.69521068465673907522 
-0.27192250383276672654 1.01196711301109143477 1.74407288368909685339 
0.78142002434979429548 0.45453961109294865883 1.47981806015152494993 
-0.45636711346258729272 0.80151868530549863490 0.50057865688723401920 
-0.64940218960734141795 0.12893947364655128363 1.67818455754721385098 
1.11470363452023679685 1.35820520464785388093 0.44934069444104840496 
1.17596835280926281797 1.48057034835658374305 0.09801203901031083077 
0.13645775769467674565 0.07987673544337299536 -0.05627012532645300769 
0.21184129109358976195 0.95116053995985549996 1.87366765315822658700 
0.76599812592334026728 1.54096966371648735894 1.67229526364393477067 
0.70670928031432578287 1.67080261254536233118 -0.03942865309307569399 
1.03140132433450126825 0.38927161667123127975 0.53713557168466619096 
-0.04868591847526138744 0.88768894037844203737 1.23778990404569744221 
-0.73543778309004093074 1.90338872227429023454 0.02751798774608078466 
0.37501473498972448528 0.69841364472097966498 0.66421167178769513484 
-0.21879164563552844225 1.51994360722232890737 1.11684776873607538583 
0.41665296323816297663 1.80688445081797421921 0.46144600766430310390 
-0.13974104743011644958 -0.08035991831572479593 0.06222278702656004051 
-0.42637504662385283805 0.12260410072107251478 1.80938982696685957130 
-0.41858977591629614734 1.27911883168575335468 0.27415325316648053722 
-0.34040953379848126747 0.03989410251173473171 1.05895458334549341650 
0.05707489751559072233 0.27220314761339442500 1.42540827657406388163 
0.95506168461928764302 0.44012248343184628974 1.07700667507555802871 
1.06746899304643250161 1.88454596064179291659 1.41529900258527430168 
0.95811579289485260258 0.58311587795623964769 1.15333793384466853915 
1.00461533260791235911 0.33434781240690225612 0.78246905196373772728 
0.97642285378149329400 1.54264036253500824714 0.69736888830883536627 
-0.66436997114318097069 1.70989810378978424055 1.11192522074391142439 
0.41931099159309620505 1.51773828836399049536 1.02320683619052266167 
-0.26716045963746348768 1.34830916492893893022 1.16138767443798562873 
0.60958177643997368822 1.36610217706594938569 0.64049749127205879429 
1.02836218446230032164 0.33445068186319298897 1.46178077748417956094 
-0.74436093304452921604 1.41003885305919673954 1.07278376195746294464 
-0.60982820998742681695 1.58149857465424981129 1.89877125453586992343 
-0.06595939282475835053 1.27093286004952177315 1.70941248726452443840 
-0.61156339333049425377 0.75893833961271783828 0.18465662629193546618 
-0.18467221994866037105 0.38213936913248020000 1.27733023398077683019 
-0.46466784772807545600 1.44957942912756543308 0.62819996520528664785 
1.02842041424269337035 0.60535315685161139587 1.39150069822195510127 
0.07553051461220916529 0.80035149458552889978 -0.02642328823961481027 
0.89546068587656313387 1.63182636096913924462 1.78157564620489505813 
-0.04351815321621643751 0.10755565449586385052 1.09199147672417251620 
1.01794844361914882391 0.90715812134482420870 0.83811675353144521328 
1.09838020625598287161 0.47991478920061819702 0.89685266408606412192 
-0.46260186246713264069 0.92133437784682914451 1.07823301556192907569 
1.00142872393364701367 0.35848068026405105480 1.02582290042446233613 
-0.09698918225527705661 1.84607640035481024299 1.62543365893661140298 
1.01492653364438667474 1.43762368363324166687 0.29458703507767453056 
-0.53938884411325771495 1.19180109280703550034 1.68030135326781704386 
-0.46681407090367788015 -0.03402206611393676638 0.33678427311934250321 
0.33752757273857347808 1.01690342596751137627 1.04448845404523349423 
0.18914010224883961997 0.84638001415106622893 1.21530065931946529290 
0.31282731595541596326 0.27788401901742804112 0.01628981795416979336 
-0.01018453390538170966 0.04470553057753605397 0.14470104494396734962 
0.64417732304216812622 0.86330373894005141278 1.88267377882109299136 
0.41835908618317263485 0.09382575869887616049 0.64846429416285711334 
0.34412760595884184234 0.76098917926376341558 0.68187866770206706502 
1.02387882368813820655 1.22065884422803327958 1.25909722972067861235 
-0.36187634564650228430 1.41297437282614124499 0.99701793004400196541 
0.61854096399514957305 1.75335430968560568310 0.50555449386779682808 
-0.63059205261568063161 1.75799550897351708478 0.04448753258297784979 
-0.24844172604057956910 0.89543530724147568645 1.23260648700889130502 
0.89438162300105827907 0.55582664671374604204 1.46364786173745242692 
-0.18626306033781789284 0.60029940790299529674 1.59825162300004919302 
-0.62528738820451035263 0.34163892243163196394 0.56134128792413695574 
0.04896985924435014181 0.88413496443157846283 1.71665117451477966526 
-0.30620362725620148270 0.08618120987646496478 0.63442872060786514865 
-0.38297669983392679249 0.19047578549007959658 1.52883972261550105110 
-0.24602129393504509891 0.92845858351225307725 0.52017508033486048458 
-0.23354134167749979190 1.66498344908436290979 0.60159702179686536105 
0.49962846370215152625 0.91433566199396942853 1.10124093760837893363 
-0.48654629077320288300 0.03108631130743282761 0.82439842315209577173 
0.54872841329262311838 0.55596358918727906140 0.55091548618951058369 
0.54182222018956704979 1.50149542520239287491 0.23637645326945708191 
1.17548110808499184365 0.95926159006488076475 -0.00658253242851355308 
0.84722874199391773331 1.47850256368821697528 0.06415946104499156699 
1.20102647129687523098 1.74347114725178231609 0.33827915634831645653 
1.00242404118280892256 1.85439789158468570918 1.86209087069764156475 
0.49611787295512260743 1.85540897078781119589 0.58171351407135318823 
-0.01239590675902814410 0.39475834558808581276 0.30583728221665951175 
-0.26281840940985901067 0.59508176812983770709 0.30769306716341071617 
0.32479221636066724077 0.76468661223704748053 0.09329567659835422133 
0.03950955699976663876 0.38483574182638652372 1.50910324796560124661 
0.48177654006868997349 0.26085418121106013212 0.53522344427194501471 
0.69185758032979316479 0.07127517132882706108 1.11299274487714683346 
-0.75120044927446005811 1.03531744274177550658 0.29684297302456308376 
0.83081762230752842502 0.31697158891420212923 1.86813691208287568912 
0.76579971133207735967 0.65417582012297115224 0.61935295513023680414 
-0.05246259696189583405 1.38901823473568741818 1.63755039314877315348 
-0.16524440513070789982 0.04726948870867456187 1.38923759882367137131 
-0.53409902603158332379 1.39439611954026743135 1.14128270156084776765 
0.71561310953617951469 1.19895072803880231582 0.89612430609628990208 
0.73650731751870457398 0.89734316459667273769 1.72005491135893096022 
0.94901524883599996940 0.39598488657936770085 0.64304706201189187897 
0.35555455528067031468 1.07392184541405510956 0.07738143425354732097 
-0.40535288334446872849 0.04491848273962598809 1.10356541404152852515 
-0.18926890245665123347 0.64151344543198896009 1.58245458476996447850 
0.53947140465727883019 0.85562814730362424243 0.58649565682833271207 
0.66394901559933006130 1.64982104396047124517 1.66316027042988312523 
1.15432200275630614250 0.12924129592742988892 1.86303699630522889841 
1.10165022256353384300 0.24857730499374383615 1.42308955301006023753 
1.12357855201320600003 0.77810762535886501823 0.97485017256390693596 
1.11063395763878092204 0.65719668823971510996 0.44170701789720628883 
-0.71821434538263140279 1.23072120743619839445 1.55453636084380097948 
0.05613713489961683067 1.58579415178255644925 1.23871343472145611919 
1.08603195714486333578 1.69743568551869650207 1.02365471030244403750 
0.23650429092744248982 0.12042813903291264832 1.18250968643725240526 
-0.30162421629459201800 0.22104613035316195147 0.03674001234995114690 
0.30596456281333322957 0.93854653623748685032 0.94528960068170897468 
1.10529254698405887680 1.26607351525825273519 0.17103176210546444658 
-0.51451423946010310662 1.83982501990227520494 1.07234543493103440248 
-0.11621210253047256633 -0.02392281243112017938 -0.04065459380802038947 
0.70359130363665400854 0.72224259092025944184 1.58504909960980877592 
-0.54266226522092575468 1.66450418699011937207 0.93876948621850564436 
-0.74304936472822780136 0.07975843913423776022 1.70634776786633812762 
0.46276797256032936589 1.44270086309136935654 1.34531601527961908182 
0.27636654023140605485 0.99638612024686423752 1.33221394831493533673 
0.97642336448457012210 1.73740468841857964577 0.03938460886197826111 
0.71039424464005773707 1.52483608533798964402 1.81237668853196010055 
0.41311290129833960760 0.73342678299213304172 0.24043699948562977098 
-0.73158300800819564547 1.68691932911190201061 1.54851547402033418166 
0.26004664589350312554 0.14651716651810131609 1.13280906271782533246 
-0.39065983746661209208 0.93391123660277819418 0.38241696408389830308 
-0.57730428188888438523 1.80309987496027801512 0.12354960734244688214 
0.57738009758577779618 0.63832412403605176543 0.44944932179355767676 
1.17054185000222954471 1.50940399764130894766 1.09340544491383062642 
0.61485993219706736035 0.35464610279294334072 0.06030107065288058121 
-0.09463359652188910176 0.60746724420018638479 1.15703849783293022391 
-0.53963467330311210013 0.55852456044097609222 0.73757420576704602055 
-0.57532913298573484795 1.29374455133047328026 -0.04454504138321606355 
0.79608896571936782482 1.59778331791541705620 0.27350576186085900909 
-0.54098375959135502899 1.78546305099245916637 0.25728428378416262623 
0.98191585300676742509 0.64023912378092551201 0.19634015754109612750 
-0.46653181108102464991 1.44965646666712300039 0.28806732703011883601 
0.37778422110323650607 0.03904627199760372924 -0.01763602374888920826 
1.13295634577214787697 1.76587360662925552113 1.54760045569843884827 
0.95764098174931600038 1.64411488806888406167 0.71468449659829502707 
0.25008393738028106279 0.91966862956641071136 0.84018617334156353582 
0.17574047329410130702 0.98777704761854967508 1.89707792865498037216 
-0.54297837000397741747 -0.01294320455560228796 1.82660989901368542299 
-0.40555709236661374728 0.63043391444808327684 1.10909576432389922473 
0.53075159939650040641 1.78475912669796099586 -0.01051748430425405306 
-0.58067451960347715723 0.03847697659890606664 1.89892475230535584529 
-0.57132025289156862513 0.83260449630123356535 0.79155702502231206630 
0.97043825595997790234 1.40818702059712519414 1.08874702136757939286 
0.68934113098044225154 1.11713924043490653304 1.58669035972162641990 
-0.18691648749557990272 0.23885551999954582336 1.10155480014119122600 
1.08706279111845161012 1.79389482889406104427 0.83932357130521284549 
-0.65721818350543015352 1.40725241675551182574 1.06838094153103524420 
0.52244307473563844635 0.34886927166238729248 0.21906045096002213501 
1.18531338507605132904 0.48911131041227229321 1.05832040459516019126 
-0.29982979634257156398 1.45156106756176739303 0.18273775801320985002 
0.05592209298122027827 0.87938990390747029391 1.78195385838260178524 
0.44009499802687690462 1.02131503879126261936 1.88607348155798715261 
0.45442980587842829454 1.53471094737707236533 1.30616699703866734339 
0.94948490990301115389 0.56815071716087439668 1.41696127833718010791 
-0.20741482661265031595 1.56239043529692778201 1.62393911179534078393 
-0.10311251227235171402 0.13945081465937178566 0.44033597263659973731 
-0.54322047483873581175 0.79950996956536835025 0.46023307498594329124 
1.16184383504183563751 0.77178585155903001169 -0.06365555395272540218 
0.14299376531107141353 1.41285327136076332977 0.46468755243633752539 
0.81978724634177924102 1.68409206291612889572 0.55679986246982593467 
-0.02415170427806340517 1.52179041698490147283 0.70104459914457817327 
-0.64220812403155902448 1.48479911156257693428 -0.00993412360458865648 
0.75300688778706192927 1.21019009140378575040 1.06324069866182924216 
0.75388018841855153340 1.63672811336418266848 1.33119531160329596098 
-0.19672413670884394965 0.77335864117439079291 1.46533654884366892901 
0.65531774236419071400 1.41709484240905569941 0.05068809497286295290 
0.05067153966212301075 0.95353013400139985389 1.10969890780704982802 
-0.54282787126940501565 1.84728134138026112154 1.22498788622141630000 
0.04739633206365881368 1.56082321346613461799 0.36517006810546381868 
-0.54225425860460307881 0.72232279343932159765 0.93745714839000582330 
0.74550602328754600467 1.13477586720907774875 0.63715206098716914429 
0.30088509879862102014 1.81474783234342984528 1.33937035254893510583 
0.36933297701777756394 0.74725376473917792808 1.15478506616389164918 
-0.56909500780143573717 1.70828056133149819296 0.94263232125322249377 
-0.27306623536392460316 1.04350338923544017078 1.15655657985137372279 
0.60850867180178491722 1.48607310089611832638 1.50928916842288796119 
0.49604001289505389449 0.55946689612279842940 1.08549355434448679958 
0.03787263570715664746 1.85057153801972940066 1.70122855749754209320 
1.09071691784336355369 0.22201370869188613577 0.23853675851636221839 
0.20533210202363574859 0.27669848084313325431 1.61271283845602853013 
-0.54594361902951571430 0.55839669509485467813 0.71289552597001559775 
0.76750184590522740891 0.77357522731876549038 1.82566635847779901169 
-0.68743209845034647376 1.16190245637585998217 1.78883227735966632288 
-0.27649296489100100294 1.62018521721289299187 1.34421734122224667551 
0.96569405100390071084 0.00113237977961659240 1.82216842739208129132 
0.28330486801315407641 1.71220321779995532374 0.41145341297390475299 
-0.14390823565910720871 0.99974851899869365823 1.46176425502529094835 
-0.08561419543921630626 1.73157898383092789807 0.26529786101983676705 
-0.61105851765825436317 1.45855149668994310552 1.04666533874372302826 
-0.39585719749292613834 1.29882055342501834261 0.40673979389420444885 
0.60363160880825517118 1.21692674772308873088 0.53393284430008625119 
1.00439274765581476601 0.85449763712645288027 1.89902936905214403396 
1.19830657258626382955 1.41656073658500036849 -0.03409422876892630877 
0.82062990508856881178 0.34951948295159901425 1.23305229797087201327 
1.11532083103428525384 1.10609741879627065941 1.27796777234652481070 
-0.63992454214299820947 1.47971949658835688624 1.40261510533498601205 
0.50638115277136108716 1.42460056167673787542 0.18589460761626058760 
-0.36716065361094324393 -0.03642304091736194710 0.00319732353148220912 
-0.72065642920976236141 1.24172747746516098921 -0.05954681297089667313 
0.20218597606264335220 1.15637172226156281774 0.16616311998882110634 
-0.07681905967525812229 1.73737060092031114777 1.69205418040228172671 
0.60279490667702939621 1.23573452979549269770 1.26581863046435438847 
-0.07218728727009668389 1.34951601510947227780 1.30621179751284799408 
-0.22297267049483796009 1.91174043424459427776 1.38084294635376148008 
-0.69993671630997056354 0.84562668312453903585 1.70622774267915766622 
0.14739590916453254588 1.75507300759522943956 -0.03674670615442972299 
0.96730748719579340289 0.42910243796136948724 1.63288045339725007565 
-0.11359228208335918342 1.81575874739761089494 0.67011365645082709985 
0.34881685856306532401 1.28113223086632110892 0.57296991924000595375 
0.85327537871320668916 1.51019021740972769763 1.50987650404613704680 
-0.72493531067881411545 0.83115286851515046695 0.68000953832378507879 
-0.42846923205197495754 1.12875596302556435724 1.50463877636274001581 
-0.42334181435385975778 0.08031519841305694019 1.44299012447447072560 
-0.14464290724934147914 0.18810818529635639496 1.07277401440375252939 
1.08581168624613089158 0.39533286446349474863 0.48718786744538994382 
0.96515780057657507562 1.41071758633982735631 1.08620360051010234059 
0.36303068334708493703 1.42407933725443047734 1.06119516962175985952 
-0.30468138129973093564 1.78851396707885901272 0.86434280524377382626 
0.25570293613201450222 1.49943854662086883955 1.42538976803757910794 
-0.76744374404835546954 1.51262113680516407932 1.60180587665430995692 
0.73324709951917332873 1.08001374955056506089 0.67543923920542858763 
0.73773695435011310551 0.40248511779045914594 1.70365690262535607324 
0.05734223763893788600 0.18526233775583433872 0.73961629127331418587 
-0.51503190089520867190 0.44045635354146306373 0.82637450890301733519 
1.02543491425480914891 1.42175678505299107890 0.18116716160420234805 
0.90244366635087369666 0.26149446655645447457 0.45855174275723209476 
0.44127576122054590346 1.33719360869180570184 1.73027126630690553100 
-0.37625426301991771183 0.35611255605228925303 1.65868113513974480000 
0.28577947438442785622 0.03641315149315090677 0.23056144921934190739 
0.23243615470042977567 0.29648548658333062633 1.60851189618440826301 
0.45970697627843104538 0.01521709405589249595 0.24612580702889713669 
0.84718461394529165354 1.64660312845640133261 0.56735649317679537340 
0.49577923530436074362 0.47994147447582602428 0.65809631467439388963 
-0.29773648890891724061 1.67706632682162193326 0.62418864071289215101 
-0.66932476319125500108 0.36163098351751554738 0.21661113997202285919 
0.49474564380721552936 1.65879388356210100142 0.46157575095124880882 
1.01604402411508898396 0.85597293725941880904 0.18465269532629971505 
0.01791866584216173994 0.24246394112423128031 0.77445268742824846520 
-0.54621884591927372110 0.03545743881051206109 -0.09712306137672088724 
0.71588282026626992582 1.00802962207584068111 1.73205584443667870431 
-0.26791855079219589753 1.65917908680742809402 -0.00656417838918705535 
0.25421846830863620292 0.92245915887466856109 0.14880488566488841995 
0.66370528502106840296 1.88190855477254492811 0.88634796890349487608 
-0.01935443543966114052 0.43710311139246921242 1.09305024943018924688 
-0.01962071406259968676 0.51451605651059406643 1.34345616941960721569 
0.42880538737810897087 0.12724884898828098256 1.27029127884074943822 
0.66403882023710081306 1.03945005571309878611 0.59290753771474391520 
-0.53070277432048851285 0.65094005035105872992 0.75764527748268994944 
1.19609185735139789131 1.03830476742409749669 0.79768725432610021464 
0.34334887234613437057 1.16458870050205742785 1.46167381697178733191 
1.20046614118045269493 1.43884698875367633697 0.26465433197533944076 
0.92381723979568763916 1.04979864409028866845 1.50225337836350703036 
-0.60808683703957344679 0.58184753517309117932 0.94648178149168515905 
-0.18580281901488418517 0.52545358072663239657 0.07588396523212434519 
0.18352024690662452344 1.03674026701236488002 1.82739049013003396205 
0.19175438207224662635 1.61305546402451804866 0.77454531593839159864 
-0.66399896053601492607 -0.00019066791208315157 0.98138141502612896705 
0.44273111555267108397 -0.06979743312919566012 0.54851935487104330758 
-0.44234639877967396604 1.89916260458856167581 0.08591269039793966722 
1.01615893392017575536 0.66935159728175075422 0.02407247943386161063 
0.39567678605609379883 0.64973595542688389326 1.55007770346455786559 
-0.01191786600359392816 0.59620688887738904072 -0.07228212305649198144 
0.15817725168939816838 0.04485739391697129291 1.38306937206047586564 
0.16027976450443412459 1.24516301299071008302 0.67416851747510075921 
0.63176023853015339515 0.93027602667182240914 0.39863609218597217954 
1.21561525598892661293 -0.05526140254619636705 1.07816323827334636931 
1.14019731018798875510 1.48094446367460697012 0.55783964673823105418 
0.48889477969450767514 1.14293000615389694907 0.69023952631273144398 
-0.40279533030824493656 0.63859818917883159894 1.06638268045527206951 
-0.44916253619119228535 0.96719462654748777908 1.34566480384800168935 
-0.31952913725412901425 1.91254619564786398911 1.86682409978598817801 
-0.21822276025576253788 1.06128935627406395525 1.74821374036578913724 
0.53635711295863341963 1.75371614621433291603 1.73767524897660741168 
0.09099612294635293919 0.25998862172262116044 -0.03266715599177043988 
-0.74212798424822146170 0.04032429908594236528 0.49464804349312424536 
1.13970475006288629594 1.47992571018548724204 1.53859862210356124201 
1.14014849613140190066 0.56081612559288296360 0.62185965578739654802 
-0.59713692381106275864 0.99280393858255078232 -0.06108237164873707437 
0.12859411221917019241 0.84364772999428083722 1.54019293270817936303 
0.52224401926288055442 1.43343002617053549841 1.83372291155643241112 
-0.38468059459964137892 0.20088418716880673820 1.78223817308790710712 
-0.72625024252889636145 1.54582670446753245308 0.77956974090079711459 
0.50460544390786277180 0.36304615223273650759 -0.04089075387243552157 
1.04663206006061182407 0.77136905601385952203 1.51244521718684676870 
0.25676128222096517018 0.25735583326419492201 0.58204610100453568755 
-0.67402418225437388255 1.45957861559743218294 -0.03943426789856593895 
0.05094870434366653711 1.57122082680557162426 0.25274973049077686937 
1.12477107461961378654 1.16771333741887350932 1.47031542682371063613 
0.43803292188490561276 1.85406868118142464930 0.81838129353786326359 
0.50734856416466422857 -0.06860120285510942773 1.59432189398733203944 
0.30890774119670272313 0.79654748306035494387 0.68130117883133833878 
-0.63479095642780092312 1.64124207020304369031 0.52020217819456493480 
0.75013502329635772803 1.34183158788350387347 0.78961414296397403056 
0.77338128674880979307 1.75522512852988610277 1.81099489208152553132 
0.21002160382900786351 1.89625298756244697884 0.69014853579988721943 
-0.40839756120465808831 1.77355533972615742044 1.66199291222798617440 
0.86014692684563898162 0.00766310332280810327 0.52690929197794778016 
1.16446319162801104063 -0.07461541986679418037 1.57916997869304509550 
-0.32215517221626543964 1.55766390945248223154 1.35235311307972505546 
-0.52984735462295284858 0.29452355018583248336 0.99276179496413252679 
0.29612523767001763808 0.52122160591777666472 0.78872601786589657813 
0.87417629016099485106 0.77900987974059487939 0.73726381337986668374 
0.21625015856037749229 1.00045397306218020184 1.68343101759665869643 
0.71804224149154660672 0.07908897928906999386 1.16774654664609300880 
-0.42377655799186947361 1.08771525561937720816 1.15225784576350021027 
0.36588165624940588438 1.20878947619626941901 1.28620893674101832715 
0.21274939764390890518 0.89048516943981426142 1.65096528793483576791 
0.57578118527395039106 0.15715474802535286947 0.92724628478280823884 
0.43776896270064230565 1.74839956420387654390 0.77398141835324019144 
0.06126728823741279389 0.67475499504148239716 0.24424562026661289504 
-0.23197791774112297425 1.51022352029240192195 1.10216206231802771320 
0.93744730995470781920 0.40210154672549203170 1.02249512354413263360 
0.89842216015244269478 0.63986220993987097394 -0.09229292517412379659 
-0.03600841045832910842 0.60792104647794742434 1.69855490039594947405 
-0.14053389372838329119 0.16833019445527402924 0.41091553231227861964 
0.62688380539980081974 1.49550897658737214080 0.49283994421580773482 
0.92901062512668053373 1.60686882416640286486 0.19237432174879207092 
0.57717575305229840144 0.44393876185991182348 -0.06250892403421692833 
0.83292153787555822664 1.54226672543798626336 1.57183262133419376916 
-0.49723656881421457454 0.80385683156074194677 1.26834263063406105232 
-0.35775948346835168001 1.78352996431541610534 0.90063714309048525930 
0.96561267938794170806 1.31985898745880358973 1.52198759789739290760 
0.09413192260247119081 1.16699545318295228036 0.92380469204606641132 
-0.18775358734252009518 -0.02147136611964414396 1.47671183350759704922 
-0.64104898199628135291 0.20110766347901604112 1.47585522750357744926 
0.95847744152637848192 0.75562834384840793511 1.50170412184077295414 
0.37734090167503031577 0.49629122122980862120 0.41646388253094202003 
0.06056458314555856343 0.63914033649994128616 1.42671485152978272382 
1.19646889145439505597 0.46043131383463181683 0.98801286179612379801 
0.62058409446022100298 1.00591771555584008624 1.45370288009458570322 
-0.71667634994731788112 1.24736739586440137373 0.93105261545604145468 
-0.50345735159084448185 0.56009534489946655178 1.58175318984178225890 
-0.43183857560014848875 0.19955385440711259637 0.99705794189539309613 
-0.34329174075927465504 1.20511212182994054132 1.52700665180398686971 
-0.74133755214041596737 1.87924384006440292616 0.20664568651803957855 
0.91317207145358936238 0.46446771795929808757 1.06018399344188618549 
-0.46725355328113132858 1.09534073809339371763 0.91139023031686416942 
1.21265390242930681808 0.23154537386081308625 1.55613303892700183262 
1.05467729565735290898 1.33588651252635104427 0.22778365337151801340 
0.57616662281226804776 1.43971301997688061469 1.58123699271272921685 
0.94057718474407459031 0.21013981665098865892 0.25894108803251375539 
-0.07336593234624161353 0.25667454746576001678 0.73811475038934692972 
0.53538543160156804035 1.52292877914442303933 1.14397934758508657005 
0.94261709593677978081 0.43237402561914173305 0.34176694665797435757 
1.02671563497347184679 1.25927841504008442008 -0.01868622875528917066 
-0.76492986464242218592 0.75907177794149582883 0.03028203285805950232 
0.54707227071680775143 0.43602246041083730921 -0.08344765526901488928 
0.17578746171381612329 1.48036045054610498894 0.52391263163711865314 
0.14624424568384686296 -0.02069819125981873370 1.04476767794422742419 
-0.32136988811670585964 1.18173308539732824229 1.00293947983704900828 
-0.26341471913606057109 0.20629456397601059203 1.57620739322469805010 
0.22745064261645694947 0.55014869792653320335 0.23117657444897279917 
1.04135826333711278835 0.73197861755590831745 1.01838621226675307696 
-0.70562112120685194228 1.05138707666407382746 0.17365432548933887325 
-0.59158910148306043109 1.00596880889471829157 -0.05261048763211749468 
0.63419702571018532478 1.38386974737565804361 0.61779741426191558951 
-0.08536747568987261559 0.31245109382568209133 1.67095850490500974495 
0.30922354612956653996 0.27356180094797971636 0.89475266253787322235 
-0.02449456230160489134 0.83974079378092569836 -0.01824423908808283853 
-0.77301812803763003679 0.87709171161330934385 0.67209269367581014887 
0.21568310285898664724 0.87479869423983747101 0.66150563025733200018 
0.35720098621385704130 1.28897771756237999874 0.24463807060832620799 
-0.60646778333472961542 1.35513459767561061931 1.14039061192569546321 
0.72006033426250248830 0.64922161702981784348 1.34179196495276764622 
0.03207257089348125589 1.57893717296436575381 1.65293347175179827779 
0.09265753622581224258 1.23331351987229842493 0.22324994438925579998 
0.47756888378375011994 1.68921446727971402701 0.28254526318787981376 
0.49695540412774358296 0.51337136014917150728 1.12723334728107005276 
1.21040284169424072758 -0.01764986244546928179 1.77139239057338793160 
0.86571874275503157836 1.63029725416143933536 0.23890228597523019416 
0.69455638683344644857 -0.02415318397076019960 1.47623753058611462130 
1.00029704628241811193 0.28119808300113430244 1.75693500467493524120 
-0.77000228168033835185 -0.06406880945886912759 1.13054634846826829175 
-0.08147401310486748760 1.62848739284103283254 -0.02189292012939535181 
-0.64043478597051106682 0.77060346392179202013 0.12854120699586388255 
0.65698238961686716841 0.68256649234222577238 0.41086522195003277735 
-0.08184622626020439384 0.47769013205534099908 1.36826132566737301843 
0.82613780216942456214 0.48664394245354342106 -0.00528911871059558995 
-0.65948917536558582242 1.61232022567185695472 1.21863330972401184837 
0.73562230454302490745 0.76028026361515543829 0.87611190824151585765 
0.02291830839085170352 0.44244254159931378778 1.14236738196983234062 
-0.18623298973373342280 1.27822730605439893736 1.16959066540316358740 
-0.60527937381791918625 1.14035031005504228219 0.34115772493104024043 
-0.35762931029664490890 1.43982152424389742151 0.96298518752980644120 
-0.04793416695597987193 0.56349957445554543778 0.80130505748650149300 
0.20457765212751860551 0.48342259178361857153 0.30805798856816424269 
-0.09475908462007197330 1.51351024389063715248 0.46182901017931665688 
-0.42098452468096020374 0.75141923275827271489 0.26260826316203567110 
0.30294264389737191046 1.87215870529036609859 0.33474245953435310952 
0.37322013614978277740 1.52125167274581163390 0.95414866680899057538 
-0.50144852841566833757 0.43970684555852324049 0.17814383122149893279 
1.18279368367124804173 1.65351013164258131560 1.41774442636670783280 
-0.14972569713833358551 1.85968775086200754920 0.62805823148184991567 
-0.46047306885151928491 1.81181070804047883449 0.99120544895063678048 
0.29594936068163357756 1.88983153918874768884 0.31256125460778944047 
-0.17338596438493336649 1.69047907268824326721 0.34336374283652715267 
0.91359592866059569083 1.77045862990348168431 1.26138661365448623286 
0.13871729778311092662 0.48310458026664665487 0.52793918227005198762 
0.40700154928841869584 0.07055416981581724700 -0.01946401294765441256 
0.70477966420496751532 0.11752248360832105722 0.63798152876674230072 
-0.49603535891579902950 1.58260670809303016782 1.02166357390338946587 
0.31915472761778213018 0.85346777626087366730 0.76580701487103042258 
-0.54520534999405323440 0.15801780065270615294 1.21671427454236402710 
0.01849333317919183220 1.78549800233547273365 -0.01757430605017539643 
0.50551460382506363533 0.95256813460930855886 1.78190629732244731898 
0.12135167899099556788 1.06264218589597891906 -0.04071438792627507519 
0.05782684074945579344 1.74305458373725863375 0.53303839007526165883 
-0.07291000438052379351 0.80441836901499097490 0.68968049186923818805 
1.12499952033730910017 0.20049876891351009478 0.63890687108175647779 
0.73614974994645032691 1.13554668071058961765 1.60977646217329928291 
-0.57425616572767523849 1.09602935367698384184 1.00339618179834499934 
1.22615075364833225890 0.52326065634329488319 0.34381081781734890157 
0.02206681511533056805 0.86768909911869906981 -0.09238695102662021486 
-0.17996386831777486104 0.80534863471751161335 0.10181228338034228886 
0.49415032007744219555 1.62773211707598997044 0.96967324072055904871 
-0.38174775238976804692 1.53491754782315559247 1.44908009740321963577 
-0.74391634867225409078 1.73551736921922783452 1.35782647550455415342 
0.64068744028249380307 1.44605199589349231459 -0.02433958272856933877 
0.01994561941765694152 0.89607225944435164866 0.69702492996458764729 
-0.36885452363334525483 0.16487766700863662472 0.23021258642861200383 
-0.46423290280621132275 0.24153088871442790486 0.70102896533744696317 
0.40944165900581469542 1.32208081194143600712 0.18241571267940279166 
0.53372657153498936911 1.56248060150152290326 1.50580908685758130261 
0.34477379722083928426 0.06750601521518131976 0.61393167668281223293 
-0.15016692572463646860 0.04346401429249029807 0.44157150269526718178 
0.52433173999928339715 0.89145996434212904092 0.62084205615360199548 
0.62010807493831310300 1.14911931631783947871 0.94445048082207450069 
0.18436443060263657534 1.19936908513848705660 0.14139446967841984293 
