0.76005989316400957012 -0.86682512458436766778 1.32958912140197171858 
0.45536831471130057025 -0.88158906484494403699 0.67993540640095151417 
1.49562640401414848057 0.94638361017023375776 2.13499322481436726306 
1.11489831834150665557 1.01958554014740276905 1.05000816697871313110 
1.80873306334134675843 -0.73248003946768347472 0.92553078220995343983 
1.69194673760189195910 -0.21065160430311777318 2.49068792523587578813 
1.45339593236329345238 -0.87059484623352789701 0.68392200959034221697 
1.77270198420969649078 0.11291199224221873387 1.73528801458438852734 
0.08115711428271966954 -0.85936804996397531120 1.64105500177438456966 
1.66479870568658694374 0.97204344796484409841 2.44551451954188348026 
-0.10470457698186402817 0.60705226185852212417 1.53014995690156863084 
0.81940481179473279028 -0.52372746869521435986 2.47321111280522165643 
0.05828248184837348661 -0.84846683889004181900 1.30979871517410773052 
0.57879199954787463600 0.66488578385107544033 1.45809441431850217441 
1.01348237075017522102 0.02084004940669828554 2.14094755810899339821 
0.32685327139744158043 0.46709292736400470636 1.05992398492420858425 
1.81371933494219672589 0.68334520688507016661 1.60129866012720789570 
0.87715553521169764561 0.21245013646752144987 1.97677321926325966217 
0.98415334643565743900 0.07976473729975532001 1.81721966727857608959 
1.33635325352875633520 1.03316589927980007069 0.56318514765100413655 
0.41852827162728195587 -0.35088041544766018776 0.58907757468925625588 
0.77080709206629960395 -0.30170060572167078927 2.35793505553739723979 
0.08371703780988709598 0.57061930374027824975 0.96936808795808915296 
0.05702802668129240693 -0.17233058586829902437 0.53321231630744581054 
0.63412040850993700580 0.39787860699136173848 2.06531639805616107353 
0.25788290608342101518 -0.76705201942168688145 1.89678741406393647217 
0.23994068889758624064 -0.81286758649047630154 1.14345143198677590135 
1.02054510676290832727 -0.00292720028285505234 1.35224149003554683368 
0.42551401529323101824 -0.32079293555697036000 0.95180776757136476007 
0.80693769082429966932 0.90725519336748694510 1.67902122825219590752 
1.45815045772291695947 0.55217274799054061329 2.09176824055693177939 
-0.10618074481748662752 0.44510943429446941932 2.37685353234661000954 
1.79483716909182366983 0.09398263983873703098 1.80438648698606796117 
1.49323194200745468230 0.51804593218558792067 2.33146518280282410984 
0.17579935573302732377 -0.12041505705856986319 2.21298291523840751083 
0.22476807341968099707 0.03025365603816165122 0.62401269786218160895 
0.44222438188101276246 0.26029391565073645154 1.22675968355302611457 
0.45472000420418556832 -0.58714544136627233595 1.75483791473947881023 
1.55210822300048567612 -0.64276807279202952117 2.01082661829041597912 
1.08019285235710849058 0.13291585780391373950 1.31915474995997206165 
0.89539695523456508397 -0.21660656606372724609 0.74639052276010486864 
-0.02579327557208067889 -0.53070689488797495592 1.34140907512854434813 
0.20997345138472636727 0.79021163652325476789 0.59763908989346614664 
1.20810070849601336462 -0.69674594703680459151 0.65887232312105814547 
0.85495093011084066781 0.27891053393936743321 0.93244092550954738030 
1.48391157976673948582 -0.35287334429981631612 0.53169410890880264287 
0.81553182307473115475 1.00494408269099810838 2.03257812762890299751 
0.67300024540839553655 -0.04689127316367759646 1.89897661866900158145 
1.04340182590525554218 -0.89008829867462901930 1.61360552746161944881 
0.66361652672402737796 -0.30770175657215154130 0.70841298109478634260 
1.00986591816305293356 -0.16157121472757821068 0.99057332579090695557 
1.58387873239193854857 0.57065417453111000334 0.53081069554242787945 
1.66794446511486693652 0.22931179991864497625 0.87393474849210939226 
0.13290818483521246729 -0.77638238239607004765 1.21327408762441701917 
1.76195083493998394530 -0.06558473412137115488 0.67194756841855773910 
0.44447012694916732123 0.57051830373118184170 1.06013797247234919929 
1.41264077955685629640 -0.77811300912982961364 1.05603902971171192959 
1.25864210904983142569 0.95012433245501015655 1.16629858816363163321 
1.29453406556467154331 0.71231729590505821204 1.48684494353461760241 
1.80052306725278143951 1.03862480863497408379 2.32758239965833535479 
0.57379328881062940937 0.15169166605484507571 0.53297049410432439931 
0.72577477838341397653 0.22718566395478140274 2.04733215926092704251 
0.72690371622044736011 0.80191905670794072503 2.51032983369708873056 
1.64745438524809872938 0.86348973492159675214 1.29009004615087796708 
1.17895702944756131103 -0.23172382049990894459 0.88434876758348801573 
0.41760440600052434190 0.11416764528055892147 2.01232811884821360948 
0.26120340447061590750 1.06452356260872793570 1.67384984601662600845 
0.48220980513706190873 0.27532861556469168107 2.03627651152246391675 
1.37240773312911557014 -0.00521490799138627122 1.93799472646253789776 
0.68115437865808714513 0.51523868452186361022 1.42406036124029711232 
1.06844821795902111816 -0.50373820389514856188 0.60747687560248908589 
0.21444053781334435071 0.20823278242721776632 1.49584963022073735850 
1.45872133579825891125 -0.75579524910958983952 1.21777063729714640772 
1.63063562783005622236 0.08603010991759361958 2.14390183929725974821 
1.41445065223558863465 -0.88868282752384075707 2.01265548131911309326 
0.40235862772950187205 0.70616018986026574122 2.48863925801846175290 
0.58076450949505986632 -0.14015200712401110206 0.65847505404271811091 
-0.10398370891782693359 0.23787461671917983774 2.44832094380746534412 
0.37834245967568413960 0.63977977610266134612 2.30278491057657763719 
0.88812661579516971599 0.33753962612877852489 2.28463888602214693080 
0.95791865014851607096 -0.16560120260834465533 1.23693923779579706412 
1.72647655821051415614 -0.45056608521377028431 1.23679517681191408762 
0.38462191160826192382 0.32940018953418348513 0.91946010969532143697 
0.45147727001287174531 0.10855643673017222051 1.97339816981467564005 
1.29563576488366782868 0.11235137683284981969 1.73250429583697185265 
0.42326831493504013526 0.63496849739463212536 0.67875773432396768747 
0.32512239813777032982 -0.65262397386739756655 1.25891708617927511327 
1.13798648859511986053 -0.69358921336515688694 0.73442691772121382332 
0.82348827554860948297 0.27412972878003194488 1.61146638836604760847 
1.67806274103618568994 -0.17707014391513187235 2.20890361252119804547 
1.16094206495394547396 0.43928022028528285192 0.88996849672537958753 
1.54876730831406983491 -0.06971964704929806134 1.69325240593645509612 
0.48074051952656454700 0.76731938172464608794 2.28419500212840853592 
1.29885183522836311631 -0.00932893963899001331 1.08080223801474195611 
1.63716118582772129919 0.50908791696474398059 0.53533969848677165349 
0.55752424717656279274 -0.48997831298057914484 0.87552830694052707905 
1.04700103885170681117 0.34730233183900383054 1.04600243034460493874 
1.28562666377051626476 -0.79183305864376607452 1.45817988364047534944 
-0.02652998443629245653 1.03827268203740241681 2.18047093697058080863 
0.32317460489256188971 -0.07923270503636595241 1.85897269380583218812 
0.15378706177319570458 0.30957009094266235705 0.72045118433524368839 
1.81080475143731955967 0.10586436658174154524 0.79875541494635504680 
1.13015762914722395216 0.72325159394663762757 2.32920312963744535750 
-0.10703401936767688307 0.38906767393733260318 1.33201805652873073171 
1.54161593247020056729 -0.88800431687565073435 0.74292736995775632280 
1.11053733279371491527 0.19250611779219714559 0.51290711191287097215 
0.92252314121043188511 0.60173805412176517571 1.16668640343560880979 
0.25530375981263392360 -0.59617563734371181727 1.26379868641448611655 
1.09605149315714744951 0.98292665881512786274 2.10065515743744901656 
-0.14346397187235807036 0.39317096452128480477 2.32971463780127718834 
0.73475679354982115221 -0.30276940970651611273 1.64012790186707713147 
0.80023394264781544383 -0.38991106954968024478 0.64688369647852494992 
1.30048688948322399561 -0.82550741530269888813 0.81097072811018133809 
0.70664080456536337849 0.07106883845885764162 1.14351679440540099364 
1.16373857466464580845 -0.78331430783773803306 1.61473507704371677107 
1.26310400509077935816 0.45517673136096342690 1.82194925087084391713 
0.34058342757609877394 -0.91499945279261318820 2.09562027816569473870 
1.20543224917387159500 0.35527768253554953271 1.36545859688905091289 
0.73506145450071380676 0.23222841954799247621 1.92947684006487718555 
0.34053720857604397043 1.03630398285557823179 1.57268291474828436627 
1.03489381877248942665 -0.14186851134659955731 1.94541646470202356234 
0.51225278651999794910 -0.66595235359242599404 0.49314089994851478815 
-0.09832886385350271541 -0.83092128755338967583 1.05447271770626005427 
-0.12075716796469085357 0.20326517098080162937 1.99608496554868408701 
-0.13535836868629194663 0.15165630254665643517 1.77824036080744929400 
1.15561309607861328885 -0.76845927241210387759 1.17973058072697756238 
0.70304028899461923352 -0.43850083115493337926 0.89253122352996605571 
0.86828686156290513232 -0.67843667397841700417 2.25487887304680922895 
0.71053531561097504898 -0.84309017109527417677 2.30259561536356738287 
0.04005924664804953045 0.53204595705247170745 1.28716699584418159397 
1.45458034363265498179 0.56443640029631536592 0.69191929450434919158 
-0.04669200306469444700 -0.08666475073976985521 1.25329364040360191623 
0.43184697562359852796 0.38455998565294741143 1.17556034171335110905 
0.73673310065167052496 0.55267765931663903611 1.89421329893304735137 
0.60736563168913637600 -0.75249177096898500761 1.77828737163821304357 
1.69508282073984672955 0.53137283445594363229 1.97937174936392157321 
1.46408387186698818461 0.94662621542164204769 1.26280367673409776863 
1.12761504770219778138 0.09552546613606288650 1.95037738849094610671 
0.29918130640640300255 -0.50426356719293008446 1.90056024105195975338 
1.42384800124285670897 0.55977053975073753911 2.05040565361289450763 
0.67282001519724610183 0.48663926973899634953 2.05363793812747674750 
0.11421827710680353130 0.29769926999159096459 2.17585743142454912658 
1.72964075171784448237 0.04477199925683952864 0.79289788401555394426 
1.77796767840603986421 1.02797743882846881469 2.11829434225018564675 
1.21277125369872318394 0.62919228719474740164 0.77141543818424318513 
0.66589033505107952937 0.59331069840459305098 1.39146452347843974096 
0.76385624466188917214 1.04245681064079120937 2.17243268828243429880 
0.65253071014458030596 0.39536350699674871478 1.09084439003500444088 
1.75382061808795919333 0.21263718314094154360 0.96895138552754744854 
1.15505600951476550264 0.19435830769969236753 0.58030914407921563303 
1.33300882055271330273 0.73397516256689498970 1.93358838572132318845 
0.53486675155906049373 0.32313674752691268210 1.69898265966672901151 
1.00945878750693407433 0.91654727661846036035 1.40948588211778491619 
0.58865175637532851649 -0.81843608818226143420 1.21853347789489485642 
0.32220833728465941848 0.42057930547359512197 1.13922849689969440945 
0.24914108630059605964 1.08144183303223795356 1.73625694698850407960 
1.73243802386939194093 -0.25278063778666814976 1.92744021705974111214 
0.57734091432341982930 -0.55255463593102815967 0.63644027080964638010 
1.10913831211433366875 0.49352434744112472220 1.56929572573147235737 
1.25876539711526524989 -0.35382591895064124943 2.17788748762755091093 
1.79672242628433020961 -0.60747468175834640203 1.84662671407167322535 
0.57690808735057053092 -0.52664275795230286459 1.91830593091657375382 
1.52768444744597431395 0.95853284755571632747 2.33795915493550188202 
0.69002614547309426563 0.23264031996498116261 0.89429998957782685931 
1.63585685663282998092 0.99664367327900771354 1.04262501971257082189 
0.49005933293301912057 -0.58692246020568084042 2.41395002885627096845 
0.78491009207903295053 -0.01878342915813540140 1.29550912743027013541 
-0.15393350792087989731 0.16165395003648794225 2.41091360420540157250 
1.42332026696364399854 0.87535160230300956830 2.48374238357451648795 
1.52299873619628711729 -0.53768221871102184206 1.66281039284668463729 
0.68460064564734923742 -0.00065150250829798355 0.95151532878313604957 
0.78387850195730379710 -0.05994681299519770412 1.22870989040462075259 
0.82470758400460175697 -0.23444681489589230816 1.84462896895832662025 
1.25501905362087540219 0.45738260368584349180 0.95204451850653515343 
1.02820184443258821894 0.32914262781055492191 1.00878536661532725027 
-0.06295648136428594333 0.81029434766870900297 1.25151708613897727496 
0.48708453502820320269 0.41260152004537259396 1.41757733958230591753 
0.27925754261765212139 0.42289769842604452155 0.71242703912972371594 
0.29271813337368934871 0.01320104407240257210 2.20849098742764438086 
0.41543311341841593354 0.08361363299731729148 0.98317169719613428658 
-0.09817614828557191808 0.15553875077967183049 1.44734176423201432726 
1.29381845106324688821 0.89873452194731273668 0.78749193626650437761 
0.12946581442180152277 -0.83987712261616465081 2.27707120177232269498 
1.70447499327701645910 0.17489613378383561670 0.61531079178975212063 
0.35426612388121747621 -0.24971015788196720964 1.94890799198088715549 
0.69548258986137745374 0.80682764145358087937 1.17428885050626430342 
0.72604775388727216257 -0.68300527896912410775 1.12326104814902483220 
1.46596274297692152899 0.00275039873932604075 1.63851379957980625157 
1.21548216227925021116 0.29783149535395486707 1.39540744635152980102 
-0.03466285873823583136 -0.12593916533178209360 1.42196673671144990792 
0.51842164865314288580 0.85667756883276613422 1.53873641559154283875 
-0.03519869748132432169 0.83389802939724899655 2.48096628286115938877 
0.23858147542543495234 0.20316197284412224056 2.13065782474859988227 
0.16205160571146165482 0.30071007083291739770 2.01792869712650313474 
0.33856875048816065243 -0.47022358704225697412 0.95829585504063319323 
1.41626788965236305451 0.19478261138230967831 1.05297679661567977760 
0.55065480737619587615 -0.34990004412119274368 1.05119330976327041149 
1.44590474731307261358 0.91100731499361065069 0.54268154864612971888 
1.77447093560106572419 -0.71153175631043141802 0.54523968506518960542 
0.95253533625126429740 -0.58456609530286496312 1.67800925157096547657 
1.61730353643893765003 0.50603238827356167295 1.56080575463038306872 
1.80216026423765263154 0.00951612424682240360 2.37308705553425713930 
0.58463860032156234059 -0.65205962961275076850 1.69720264268260812024 
1.01620292372114584545 0.43463770041087840257 0.60365443906449267608 
-0.12304083938787072072 -0.52226952076325083851 2.41425204903333145978 
0.15020076279939162389 0.68940577259921098641 1.43133693318646848525 
1.56640742573107538682 0.15132165570358399598 1.77254467790332870258 
0.13809540507610668092 0.74738574128834645016 1.05205778122381299333 
1.35925585541644800003 0.22175918264788427314 1.34832565321881636677 
0.41577680269096845000 -0.44912424526636357536 2.05131271214446853079 
1.03113329204086956459 -0.64429635813426222590 1.50285342505835672888 
1.05705533085176694996 -0.23552572722933834415 0.73198660385512626103 
0.92036917352596514519 -0.83769739856594160887 2.20891216789405531173 
0.95639864947121489003 -0.30976164625780500117 2.00651077519784859504 
0.97503488125857662450 -0.04647037539876223977 2.33293389464057732141 
0.21503993769378851320 0.23072518442963840801 2.45155352489698419305 
0.49520289293140062892 -0.37966801383508658185 0.55897181847539734179 
0.91331605766593026985 -0.85116619417371808254 2.10321635888878910592 
-0.06636701958834616277 0.92449390486437921233 0.65367682746887201262 
0.37546542555747863812 0.60618752840372935875 0.94601778581229534204 
1.69751447960540136073 0.39445447804955457993 1.14735594591857270608 
0.83477236755439532256 -0.77325965454724865378 0.96645296107259470730 
0.80220586609935962130 0.51816462754172765148 1.65357632253088882024 
-0.02855380674338274874 0.66873885121752807414 0.72213909852088398189 
0.98273411204197347324 1.03623119736637203658 1.29878234979848850017 
-0.14332431745787677091 -0.51737889577854079270 1.01216283547904750684 
1.64865577301731836002 -0.31291012367971504649 1.41781861609685155834 
0.78630683966802672469 0.28560052733753243936 2.48245599890681623023 
1.09411831586680108330 -0.21568575408443910191 2.23979224151227063189 
1.61533110015800640547 -0.78652343572886040945 1.01681617190680717577 
1.61838530556657200776 0.50789440083869885623 1.92572394292705162400 
0.41094789554611627080 -0.15507574858248360239 2.45448235286124383236 
1.72533038175920783175 -0.24077156363898377656 2.44073353359591704859 
1.36469855315391241923 -0.31168270568729955494 0.92688403387472118045 
0.83755903802493592014 0.52897549459727610799 0.54735578230986792203 
-0.18156672856137739958 -0.55340651547807406807 0.87683773582873292263 
-0.12763298390078001154 0.68265750736306385349 0.91170806026343753636 
0.96541508914131912711 -0.40153868713934415258 1.73071863853055551985 
-0.16972719376026107474 0.79765742176081333437 2.08536058854906825033 
0.71104290597536790042 -0.48598028281290306385 2.17590936198678619462 
0.71333488221528762452 0.48822315124422227539 1.27717834639408045483 
1.47428179541296677790 1.07195884959939236047 2.21903360718653619443 
0.01712835603887979605 0.39288443442195253308 1.08808669835239335555 
0.96923339234887839755 -0.69009998950655460082 2.29716535791781772957 
0.81460386185155786443 -0.32980709766507626535 1.60747710172506641513 
1.44838528005258226905 -0.42035861710886313070 1.33635491964990960057 
1.05654302854701120928 -0.88769559365289907316 0.72875083390143857720 
0.17625179341951943690 -0.16630748368107300950 1.60357047543894637442 
0.33312107215359099133 -0.83281456264076691998 1.76808934751927449014 
0.59028729818120950767 -0.17464837791089629637 1.53651847697879184729 
0.43611712843089051050 0.56961017469005192915 2.05281423882005631398 
0.15307914609364375869 0.78951354572852805447 0.87862085949399770790 
1.24494565548977242919 -0.06188003545193580118 1.78638233132630919187 
1.47525968918701089194 -0.08496888483196851638 1.57471247711230444288 
1.57239073815622076857 0.10921341594257261143 1.16988860755119827850 
0.77106723077377548048 1.03348407901860195324 2.13397325723657171892 
1.24123039477989349777 -0.17533310353475717314 0.63997170101385136842 
1.22132525743792830220 -0.77091785790736155892 1.57558745344231043717 
1.61291431917424410436 -0.68992785897046604582 2.33709487613803190698 
0.12642022849399384143 -0.59847691491802323949 1.44736347062962655841 
1.05912199288988517765 -0.84695805552384773041 1.74071438412612677915 
0.05095352830066876559 -0.88858626372071003452 1.75064121951793927323 
-0.14183820218176881878 0.21761466634662832154 2.14586021811732052811 
0.13934153862861892170 -0.31363379770342963981 2.41286293900314330330 
1.33848808786472517340 0.03234827661134389437 1.56428135343389396184 
1.20010465700779422882 -0.75193904588230842112 1.11723087103379503660 
1.29481658942360700060 0.62365539571335415481 0.85542605217913614268 
0.52836340480691479371 0.10834765201651405664 1.89977465364042785723 
1.28655695221980881371 0.29263049650332850771 2.35368787250421007684 
1.71985705854362591616 -0.29338079836778524490 2.01443948936209338285 
0.49757924854958601735 0.40028525410960996700 1.42142629613383619791 
1.15749257304251584877 0.27758532525529500123 1.12948593981040157352 
1.04439437856892380907 -0.50646300222508333633 1.86757488008930372381 
0.39147927169111312873 0.91275935153804965694 1.85031415860064596401 
1.29539872243247922157 0.79264777923767959500 1.65283079718705483430 
0.74711627546707637393 -0.04944564992342346393 1.37751644547903273619 
0.46042137834555807441 -0.37717664560877511848 1.76496693409996918689 
1.14089089865437731675 -0.65687745874599612339 2.41693103640522588549 
1.43224583535939675727 1.01190183130426913927 1.61908838059156034994 
0.52743048975768980213 0.42775721558093832142 1.67332818426940033163 
1.61548516979861123133 0.63159537555440381507 0.81223848538810261566 
1.76112286839766452040 0.28234675793655489295 2.47207120307548722238 
0.84962022589900965119 -0.55986607167043012101 1.39107591575458555688 
1.00305569744695510792 -0.69758251097673751318 2.28891677216066868894 
1.16854451298638539747 -0.21996655651313154478 2.32346812237957323077 
0.77507695448195301768 0.03271175450642693078 2.04915156001083209603 
1.71986701499428207285 0.04016051901632046450 1.76513398198568705055 
0.47394071579965990626 -0.52126866699114426940 2.15515285770775832930 
0.78206494127987424836 0.23527577249178310836 1.41791263245455478881 
0.73820688915809473674 0.09756737874459636695 0.70893433677550588001 
0.86374224240882468973 0.50396468060637733544 1.05282350657609713451 
0.01575803505387796469 -0.15042204270157349955 0.71256162252266797008 
0.42017062536368171566 -0.63742325455624637698 0.86722281271044676654 
1.76536227625112163153 0.42379037373340289196 1.77156664280866582573 
1.65542424850625624622 -0.64723685556143983888 1.73231275059565437147 
1.80899120422632719851 0.99363144984697382434 1.08855014829255480890 
0.88887957123988081687 -0.92647577790209112436 0.86303768588163431996 
1.69735974906447117938 -0.59917973289998593955 0.69713927644806716888 
1.01438837953995752983 0.15170102300757246083 0.52468620867130888463 
0.37548016509846676714 0.31255527207288630320 0.97135530679877946092 
0.74025186918974894557 0.78902634109883584834 1.54292861892822519287 
0.53303634259220267211 -0.05772810839593496557 1.09481620007449209631 
0.65493502134501913048 0.35647268529942460757 0.72678008903322133261 
1.56721701880681751895 0.84268559993200919944 0.72926689869840100044 
1.09583737885264831391 -0.82879516492312310660 0.94578064630810843028 
1.40593069392192893119 -0.50281928419146393328 2.41319031983046627943 
-0.11730032775509244281 -0.82736505052447462116 1.11654983409171393305 
0.70744541497078083925 -0.00695161712094966890 1.65270342963272898196 
-0.14452378898101683746 -0.73803402169394427546 1.18684185298936961672 
0.44057582037038273137 -0.52617104711959006291 1.13310632989936688197 
1.16383641881622379444 -0.60488460065651572517 2.39390731102559639609 
1.00999174082062226354 -0.20544143165855549560 0.53224244846706647571 
0.51199124091323688912 0.07305984290611126919 2.39974477422645948721 
0.92552970985588678410 -0.71248432262756677957 2.48077298801901191538 
-0.00188522476039937586 0.89617823108198280124 2.42411617752618147037 
1.39899392242214526405 0.73682078507253456756 1.23830510995627096626 
1.70393221329944521969 -0.47617302455497279023 2.26299578871214812636 
1.80643490688437347025 -0.02524260835779471024 1.19166557960503460833 
1.06223071392332824026 -0.14736049979429421963 2.19067693376435990160 
1.36708257225211093910 -0.30837473689596150983 0.92822849113881877869 
1.08385342321010003097 0.69649114641311304919 0.50200555496675502987 
0.54430802715490900212 -0.43866484349602802295 2.24954591598298581090 
0.66206312499950870087 -0.30009138681956171180 1.01892438615057412399 
1.45837871643869299021 -0.61064920289741464465 2.46966790539899205825 
0.88739751796821209062 -0.74494330746630410545 0.71221751841561364849 
1.63114265287325399534 0.30946884194671236967 2.37448001476439918278 
0.28837986438008378354 -0.78527261945812754096 1.44366396406460295587 
1.41587664583519368122 -0.34545063487708377314 1.95957419830829904228 
1.12395909503877855506 -0.20010239738196095027 0.57051684333273533500 
0.18005648241169733281 -0.22626208577873310746 1.57568959974175126781 
1.37469268828526591797 0.99297836413265683220 0.93307294154503506167 
1.41832811315086715354 0.23357717397432661843 1.25661074113141868480 
0.48241695617038077293 0.23122745316953535744 1.53852066655157559971 
1.60217483723631404224 0.18944375302822444307 2.23163653023860941715 
1.48451991335702948582 -0.63884153874190341416 2.48070110621829442721 
1.61108630563916555012 0.30483127863839937222 2.06353488320817701762 
0.65146311536001899611 0.79823578664555283613 2.21166629853884666446 
1.53895709509304023932 1.01228659170301504844 1.73140555609283164351 
1.55233974316393097403 0.02000445877452759758 1.13464782435766253776 
0.06010764804603058176 -0.73565557658642433125 1.45454251941167989060 
1.32108802978357253721 -0.46581806089366173396 2.44211756289813086696 
1.05571075770887334855 -0.57702533204032202541 0.55388752505512151014 
0.78280093674584017016 -0.02518534345703379168 2.44034815003831839775 
1.08851155588189718593 0.23034932193853618898 1.25469617809505118444 
1.19329484921736272973 -0.92652183353353967377 0.84575814494787138198 
1.56474109142482142865 0.34362730597678287081 1.27169205489746661719 
0.45683805827248186171 -0.45409823441145269474 1.71711557064373243620 
1.73803957020153809765 0.55009021738307584126 1.18959943614298091497 
1.30295481404770829847 0.92795340869048059673 1.86332148343327563822 
-0.10451164563311238220 0.23403499122479029526 1.73762142061579627494 
0.57625952983851147504 0.13500756138750144575 1.81906243581613202842 
1.01091237076216655666 -0.79024086402351434444 2.29297268515203755967 
1.37370948769840817150 -0.81806831457651574269 2.45012795332202815146 
0.41873108884851334421 -0.40863113997141531364 1.01156634811640255833 
1.23361618937254191586 0.66899105830556904184 2.14051444317374439663 
-0.18453394296513614403 0.96301018370011981506 1.11813938684268632251 
1.61900104298868119379 0.25644256638455104058 1.29508099236038742852 
1.50203663960106625908 -0.91943656778038118649 0.89534959672269454067 
0.60414554690355382061 -0.38022970650922927049 0.82516772153163520098 
0.98078732654845834915 1.03850622658410141064 1.29638416648037191337 
-0.02883152797400734269 0.87890499116552933678 0.97009311479595350391 
0.28126887267485245481 -0.08281957742400941624 1.81068653453192562885 
0.73009836536798289330 0.08380065003631545495 1.21291169295615519630 
0.78696385975211646802 -0.01402789835747207323 2.30515385324155275271 
-0.09625821592894684420 -0.07788775852044044212 0.99249526782542663028 
0.38637865655737080317 -0.20992103189462266166 1.18137635454311129557 
1.80131158721497097730 0.25129938520567696170 1.12072092925757571535 
1.64215785954290294235 0.93373636085774014415 1.94651473100082816892 
-0.10392392168723914303 -0.13654745783146651772 1.04865576580106401039 
1.07868090378906544835 -0.83282587998488499803 0.71474962025980637303 
0.36611387163403236178 0.87794519955860883531 1.42508246268632055020 
1.19156520146574629315 -0.16791649365439340058 1.29557963935625752860 
1.64407605878763773966 -0.03101801394032934270 1.42253946227000960256 
1.01517356482541498686 1.02312598514474095701 0.67111347544091826123 
0.01166214580798400312 -0.50502318418208380635 2.17645728460057519271 
1.28871639757592171271 -0.31916536821387669898 1.88414210145669636098 
0.19451264541002291630 -0.20241543531587818938 1.97579373230625687796 
1.68895568699656006828 0.06931690151467451155 1.12660744815591340462 
1.57949990359752701075 0.83080510361342230219 1.29557503860141554064 
0.20638261117647982434 0.54095297478243187239 2.20150815685606637828 
0.61871844653848162565 0.19585522123116100301 1.56696173582911058020 
1.44453750404226433091 -0.61033674313143515544 0.76827750185118437454 
1.71537788716813355272 0.77221824814944717286 1.57688698866574505963 
0.43818434191824789936 0.58863189647939762050 1.33635728130435560423 
0.25621768979570475055 -0.28942637686452027390 0.51108812565880512579 
1.33707072266307425146 0.60538043990089807078 1.32372393040498903538 
1.73068820071480633516 -0.89837744784450745961 0.69018128507163245544 
0.19648326892416334566 0.00455774200883119537 1.89726863011236668299 
0.28736064624915963472 -0.59526494451213340930 1.21124478682628367032 
0.71164343642019745051 0.20590315041830387077 0.97012447367459464509 
0.22959064107370055763 0.84558563225414329345 1.31955817388997620476 
0.90659031486750096818 0.22957192064386408581 1.44581111346733282019 
1.36574824084377932643 -0.75104732662968543000 2.31212920334284799395 
1.77286550256441755025 0.54609509313059056979 2.05127975928880834644 
0.18852763470247702049 -0.01404926419056736625 1.59534322080056889526 
1.27574860272654655446 0.70628010314027633854 2.13903319460759222537 
0.52818807739640794008 0.32781585163861093335 2.22116785145859285677 
0.49444952356079691080 -0.08392732702775806963 1.10845435791355551025 
0.65466716966494686858 -0.61594732516483929885 1.09471673769271693466 
0.24958838431956292814 0.87183894320251931198 1.68692109015430724561 
0.97186161848573948685 0.55189344011176022509 2.39483450661547925264 
-0.13201459420123695665 0.29537538656863282505 1.64555446207302114026 
1.36956049278390845636 -0.09061759532367963388 0.84914662976154553498 
1.09117756511057151236 -0.76948157528446470277 1.25241752022910635134 
0.85061987156678187105 -0.56825458876947287923 0.93308984747834367024 
1.44392159485592563861 0.22200283552840624490 1.71962733650952093178 
1.66064724251178841286 0.89408441259971094262 1.89804506709959919242 
1.25178779334244238974 0.70888039065436037056 0.49899871655348243538 
0.13552267640506224233 0.27072533527100467454 1.16844381258831297998 
1.05538226355755893060 0.78575536476642426909 2.21453346001518136532 
1.61189090193351658442 0.32329147077591230408 2.06357627430240908595 
0.23153501407530910350 -0.05656474311618570061 2.11768958250376737595 
1.66554441290695254274 -0.67664377986649526520 1.77700831517308488472 
0.77658435179943330340 -0.52867984734615358633 1.62448925074382510836 
1.58450203299677050417 -0.64112283722208851522 1.36045034067756631657 
-0.18358549740399368599 -0.32685879780704624187 2.29342305876743335347 
1.63454025373271272237 0.64005610231410270394 0.79348255836202119529 
1.52027327816187018961 0.07112399977298571041 1.86211315851950898193 
0.50893774540481351298 -0.60613352395127662042 1.41889172567382448875 
0.74361996771572824727 -0.79269019764335491018 1.37576708299709626893 
0.05666725714113068219 0.83320401133613930522 1.53069132368690397072 
1.09720306977092829648 0.11166443605526951699 2.33135442041368090571 
0.81784672664106927709 0.24476202977144467798 1.63872128510444836635 
0.25979537083678372333 -0.08459396271035862780 2.27564747941902334460 
1.13462687472337786510 0.80409163153011675718 0.57232368569955605064 
0.27412364300871883138 -0.52971333823526878248 1.91234028406372380537 
0.39794859497413359595 -0.49640277806280913575 2.41410234550092184236 
0.06341621421378138002 0.85210289075852907459 1.51812326369734718057 
1.53480732391075291865 0.87250002168051199458 0.57564338093939038110 
0.05343555390867767846 -0.34162830259881254991 1.24852712848320446248 
0.57944954008903382103 -0.30633442331138949211 1.44156270383010687297 
1.09688474134403768367 -0.32848478854161133889 2.45277178868763323649 
-0.04695748631469180701 -0.53485197996168787338 2.10260573674389039667 
0.45166955212309167766 0.19823120105312444506 1.51318886341517022665 
0.21875459234990868307 0.53800216142438372913 1.51099794681655241746 
0.28566825871261292136 -0.42232496371611738528 0.81276580442736623411 
0.85020480406602794154 -0.04849958764475962442 2.04594941808387531523 
0.64304221912502335101 0.71891152320480455895 1.97789609810976929616 
0.33581130594632274677 0.70527229595010276775 2.19481651074815120595 
1.20518282925298336750 0.99253687188585015821 1.70900968223258109546 
0.02039632826767378768 0.38808022301537614673 1.08388094208595231471 
1.55625571469152723658 -0.83222220535334900937 1.97576888470063205538 
1.65396859182555067136 0.63290829294007333594 2.40440298530011586919 
0.71734026582833998464 0.47691074237445013617 2.38550443705731796129 
0.07440336513429544885 0.65634231058423997407 1.69623195279540373015 
0.84091475481656297042 -0.48397603325844024136 2.03940320317562662211 
-0.04660589658266484775 0.02092480701645682215 0.61269787921306750889 
1.05681650927672077245 -0.20082296956939713062 1.01505840683466419527 
1.17567717054920661823 -0.07474860181477517573 0.61860705661624892926 
0.51545281315775681730 -0.37052882588278834852 1.53068627744317353745 
0.81679248824234451654 -0.32713338373541278603 1.29278834003546405640 
0.26999625239172536650 -0.46045986880525280327 1.70022857412415162592 
1.52120278648693596502 0.58218145749842664660 1.82050232313179138899 
0.88514033714809725595 -0.73529092738028689613 0.70229084733292179710 
0.43488121872581281258 -0.35628589720837156030 0.72808809178649347427 
1.26226368641197694842 -0.86070033946308055484 2.16424551614357918439 
1.45234133659476394307 0.04677193162242707092 1.65107324153224510610 
1.65788907124437434604 -0.44133112981576622103 1.42537304797552910607 
0.81860815771688855147 -0.75148402482738063668 0.63377269713610717705 
1.41595269502600151768 0.15104933639435691450 1.31902218729319242740 
1.76337389824724866116 -0.92594152505418836352 1.80297187834744243595 
0.72447433286763884830 0.95561926258939622336 1.44789442289654202156 
0.66528093099941909561 -0.72870209352915182865 1.82812811645021922047 
1.01267604072537009685 -0.56920665796154967797 1.81835282735481795768 
-0.06794287343421603897 -0.19045133202570094233 1.25893074067662302795 
-0.17411429448499426975 -0.70629310091450281384 0.49681490429560382083 
1.10769507618993134912 0.11655545227825837851 1.95891964905516102746 
0.23994153640027465757 -0.43236679199862848577 2.25847957223155981765 
0.00981165418933471062 -0.82987778571530135263 0.50257876642061505290 
1.49090527159215091579 0.46051157421653210466 0.84845656430222149424 
-0.01248480460034608053 -0.61032996754442780940 2.05657630502342358980 
0.26191134917368857904 0.78000296617945963362 1.39703313195883183084 
1.04380345151065356823 -0.58931996659155383433 1.25341717171234323658 
0.14186549044588703250 -0.80743165401887706523 1.92229023711034741062 
0.03803037439514490858 0.62669709496382564051 1.41288378260344127391 
0.82883960161718495119 -0.77377802154475738838 0.96637129017449374668 
0.10567330702053941149 0.83421997827261551439 2.21434709234903825958 
0.65699996885151290549 -0.01356292914563359334 1.46167041609013370618 
0.05573092815051028381 -0.88731188854009201972 1.73229879778054329797 
1.25669237038946013385 0.41592513139697590008 1.73291448651990487306 
0.40384580061737507251 0.26004048998185025354 1.03509387587262025043 
1.20010945916354461183 1.05819977718003643830 0.83340826320579630693 
1.20434563252776727360 -0.86098494368808908828 1.22715318265877559867 
1.59688565441088203833 -0.27997962350237848295 0.97514408580373490576 
0.41664943209180188566 -0.16645702953916702294 2.04755121752372870603 
0.14851567817068139776 0.79227664198949621088 2.29079135883229412229 
1.54604618681613437126 0.10969578591130588197 0.75112648659192338130 
1.49202877780487619397 0.16688609426953576742 1.49525914142958193942 
1.53732307914728427711 0.43524551564232971668 1.33028820358839161564 
0.26131080344388657455 0.94696611118240892058 1.19859319745366188492 
0.74988535331559580399 -0.44812861789180935546 0.85392091927783086991 
0.69805302623406306761 -0.44372121891258470283 2.33198758657984983600 
1.13574505926208702000 0.93123976315405132542 0.54065126470701618810 
1.45974075678210390983 0.67282033565799603814 1.97443700708710312419 
1.70274992830317128956 -0.84384944984758802899 1.29398942508584191557 
1.58034538059209661576 -0.31960295100202329444 1.44850636029903157009 
1.70957226509390713964 -0.66861452530631970692 1.81459709935204882569 
1.14898984185443242545 -0.47103853972045983678 1.57245218200076419812 
1.78670083217443642631 0.02105332382504851441 1.05852867450248422365 
1.08102650919069609436 -0.34646818733329465267 2.31237746976222391382 
0.47186467235920026564 0.38908007076652972867 2.45750524232236688960 
1.43812081926245927121 0.96203552496413946571 0.58558353461647294491 
1.23146154036750732352 -0.60267984719290923490 2.30772182740241538212 
1.25163236576794423272 0.81605489061206115675 2.36272870807570134488 
0.55414765872473559227 -0.14219985946765353879 0.74214661157823680337 
1.37538378365535574055 -0.36677857943495756343 1.93239280247025324577 
0.09754506982443883478 0.17097558504180698780 1.94511818336277952923 
0.09841343559111748185 1.06817314085193149076 1.36295482464299944070 
0.08891546590518077664 -0.06975034700386485709 1.14286685450096126004 
1.45816146901953280768 -0.00965144741682055773 0.62505779805588412845 
0.72015098738224281316 -0.64688533351648103142 2.14445129488085450831 
0.13517597110868806443 0.55018054932499027565 2.01967872060316722127 
1.56478006711799322304 -0.87275779000045217160 0.79126172651256798662 
1.58478339983617777520 -0.72799406305375025106 1.53237649746415427465 
0.92628853028292668093 0.12755155902206047336 2.17412510171896844469 
1.62780351223037067498 0.19962539573764739864 0.85185907617121003899 
0.37684009123830036758 -0.23236560145682802481 1.18839611640318087993 
0.19588897384246750644 -0.72462595249586458923 1.09013643976120233603 
1.47205874783407608675 0.02344969241752542857 1.87251348292542507679 
1.14150118451815729692 -0.78344969493085536705 2.20997863498214552891 
-0.10870783353211006805 -0.76833228800661312885 0.96458060609117957096 
1.77547064252702213594 -0.32729409620510024892 2.33252394531553486345 
1.24720126717242196790 -0.24794146753325221888 1.07911718561847180808 
0.69816647921698615775 0.97893898438215076752 0.51902047564478481778 
1.32294818420874316089 1.03987849109035268569 2.10450522985957722000 
0.39288412125361432681 -0.64896449968209479753 1.20186632627233258575 
1.63641608228360313504 -0.27133867324619576067 1.70612087180131766218 
0.95887235530866199440 0.32485563886427848423 1.51221033319617292889 
1.51248901473431796028 -0.89904277454155556715 0.71164829320369049626 
1.73607800588492633409 0.27252428018184760017 1.54822535313685460956 
0.47211031430380745455 0.73478643874959059801 0.95670673930875282931 
1.70829422243005923931 0.14522925350021512192 2.28717584434301768326 
-0.02930193479960602546 0.44331970288361599586 1.33364643406589378216 
0.38149436769397415681 0.11382022658227911038 1.05284640163957066150 
1.34147938195695992647 0.47259905365712934211 0.53332754121452830010 
1.73400847524989387693 -0.55428296964635592747 1.27539722075918193767 
0.06011635902351396971 -0.69520430628215157398 2.25287836705648558677 
0.51477519831499618519 0.47289717600515318585 1.86298645036347787496 
0.96841003973020522988 -0.23258116669520503828 1.71053174564778864841 
0.09681813460228573531 -0.11246486421298930447 1.52538050361543864319 
1.30061174494631881515 -0.49997468452897636526 1.60283500026816461137 
0.25245475361894187394 0.42006705536676025581 1.23705173035915105828 
1.42811634704226264603 0.47015183311391672838 2.41639097586322293409 
1.43154221824422545062 -0.15344045548318074879 1.22225695411275503410 
1.53548860943921239297 0.92350224869588037890 1.65177600043059347179 
1.52307880082071878114 0.33569691511263649586 2.21809738751710128213 
0.47048654448777316173 0.36404010287713245431 1.72514829459373930653 
0.08228911615867692819 -0.35743953375587200760 1.36186290590019676294 
0.49474006121798574931 -0.39218856692117931573 2.06628442416335200704 
0.77619193946306064280 -0.21040982355281989680 0.50419527017887910691 
-0.11393265589667062043 1.05420490342136918827 1.51141256040932314697 
1.47900534120241311520 -0.02079580790195113479 2.29892557613279358009 
1.45546791272282627361 -0.11079281622942747931 1.25474033502145143615 
1.17584065726505282434 -0.52603297230733303547 1.42045720280923992718 
1.25971264641242064464 0.23294179336411008352 2.09434587727096888088 
1.42373150502242662441 0.43264419411612514699 1.45734133136784782536 
0.68430514067885139795 -0.23757333676892256058 1.61729599921669664475 
-0.06067026168018013754 -0.34062838432214442852 1.95531632025352286597 
-0.04612901416203184224 0.69003935488135348386 0.73575130276387590289 
0.13610285421977119658 0.89783913519757019284 0.56711772714677310958 
1.25544864662084076912 0.90518527442432794583 0.73840404631007394709 
1.59689607092792207332 -0.01291258219514651931 2.07378365014509613573 
0.93562324124094098377 0.86623762046888463928 1.39863249247908028039 
1.57497643949854704282 0.63095128608417050398 2.17582018186305070628 
0.85414493643181232940 -0.48455906720681135580 1.48870694786048463065 
0.87007314788823342244 -0.49912181707260050434 1.44716938125022087647 
1.03918902929867007501 0.45848281808437468809 1.25833403512007069303 
0.21210159847440052117 0.00894906566970064300 1.71405237720780001531 
-0.03262876744177294064 -0.31549305112863273992 0.52829188549782646334 
1.05315768110206620101 -0.08797247706677727153 0.78395383090937686976 
0.35900230670305355307 -0.76042241183961500894 0.80990570932210759203 
1.14315391219715212223 0.51287386352951180868 1.98087621449520456807 
1.52065674093138114564 0.15317560738898208794 0.49904535060631149967 
0.55206357405032779884 0.36717381977764895762 1.41575074263382472139 
1.73175946629816701616 0.95892263970735225342 2.48980014882937794596 
1.58569945105280640796 0.84046954168407084218 1.68728168826218705156 
0.72078272500372986276 0.91037926999374241266 1.81069780454657536239 
0.47865097170000475701 0.54665793794167816255 0.65999724210179111505 
0.18954630912629080730 -0.40949216071650490489 1.67298287522287036921 
1.14652991080121946510 -0.25723412410806151263 1.33232394998702408095 
-0.03309321922238769170 0.71958341364592226519 2.20966566665673491698 
0.30694154207320201166 0.67342580652050232359 1.88936202560483557100 
1.01914784347113074325 0.92007627781459300209 1.41463507692761769619 
1.67915564112108883776 -0.85003864930558203916 2.26071958218217705650 
0.96307085467122166555 0.86582552879575291893 1.23401422737166166499 
1.00034239133978331004 0.49995790088931713058 2.33318248848395493056 
0.72166742153828999928 0.96872441012580745578 0.52272832144078551497 
0.79689707225664518919 -0.56367597698385629723 1.38126501474561136362 
1.21829314987163495054 0.94217562991914560744 0.72200802447156042785 
1.61937524766291485179 0.35565765210055233503 1.70226250829309444512 
1.05050857411591835877 -0.70147143247064325244 1.25999744878499830847 
0.84090408081717649136 0.18055930450050122760 1.41244666497541593309 
0.29769125710802346596 -0.04774740033638443654 1.93311252025553215184 
0.08893299537127898058 0.34713923088629544678 1.09334155856347026159 
0.04005723584931834141 -0.14653669230224722342 1.19294671544048846989 
0.06932657181393644952 0.71643185041487611464 1.04969687447166193373 
1.31314771628338555765 0.67175499836756469296 2.20512218502675461096 
1.30525060672031556486 0.51278941938009303669 0.53326624837007008395 
1.53926453618992353789 -0.50673425697785368094 1.27475638338955810092 
0.93316685833834356334 0.67117270962418706937 0.97291186768050119671 
0.83373981381656236955 -0.20352682274402869589 1.49527039231897451721 
-0.06429529907085823615 -0.61410397915143200009 1.65872598339313248594 
1.50059290118465282760 -0.04406429599385698614 2.13858254915891476955 
0.95450808862788860676 1.00495504386677736441 1.86884737392923439003 
1.53778685036694295896 0.81434184199252956926 0.77257361756266507147 
1.28540000732408410400 -0.43505374516675293650 2.37209872111815744944 
0.79751953115117368842 0.50658214642499155289 0.67873234514870883771 
1.50613127920727896125 0.95699588506893640272 1.13269845994156148627 
-0.08912543318093930911 0.43409938211066634306 2.36050430905866504006 
0.20477941633803450894 0.53963667874505438782 1.54359124145627113478 
0.19675634678772996322 0.78296733131878748502 0.92463717885945684305 
1.54326505846507067155 0.35946783792278674818 2.00275193766673043072 
0.46624692804277506619 0.47536103507336496810 2.37895794869471322031 
0.92874383185926778772 -0.64527889738434152100 0.97272999062526976921 
0.12392425114527985675 -0.25009811003009041475 0.79865827072655670715 
0.43021986306875276140 -0.65352585523601769424 1.93887322057972100176 
0.74796077572728059124 -0.56688865439047264605 2.28552196552875619417 
0.72408268410327158993 -0.47314128746722250440 1.15138425608476224760 
1.49498584656097310841 0.71144716308573696661 1.46745746912963026531 
0.43971322764825276908 -0.16582459468331844921 1.80192603779985849322 
0.65762772724444595873 -0.58523969328884362096 1.09117169741517483494 
1.80142938059202539769 0.22531271962616630788 1.41789118439007322259 
0.73291911269996989908 0.46265393208561650384 1.45446314863121961558 
0.48113500764979000301 -0.63898582331746511809 1.48434146440032610492 
0.74634625837022838812 0.68990343008109122902 2.37093218581102549436 
1.17560700514685567697 0.02435750485444466637 2.46674527590569203639 
0.16383073901418565566 0.61143559863396834686 2.10828954952495406516 
0.26070407438909876108 -0.59119022627684858495 1.71824395411981156734 
1.02733076907652298715 1.07008996148324397879 0.64713187079766909537 
1.03584182569134330976 0.44906735008419945698 1.19095465659707300254 
1.27847586252308809129 -0.43989978108885685604 0.77571833825548996977 
0.46472620203995712584 -0.56304544758340424604 2.41265372245646814164 
0.47530702918517087063 -0.23303253022992215238 1.96449335620464426988 
0.77848287986055642040 0.24270008797309736148 1.93597083917080570181 
1.34909693958578591477 -0.08974888098070701870 1.84028225124444810845 
-0.04084522751352011316 -0.31337540726073137565 1.72787093421591930742 
0.01483737538860816635 0.96723859068134232508 1.69567599807832669612 
1.03224938014107681106 -0.03552933171421423370 0.81348955042365278523 
0.55415280066065208953 -0.57519632048955060544 1.94306938418659069789 
-0.04510665211727414581 0.39235360892866760762 2.03074044242515538983 
0.17666283672028229579 1.03085918956095867749 0.90929791939471948936 
1.57919029752557449342 -0.32097195337269024407 2.45239897012633090156 
0.25560817084409120925 0.59116087295721941874 1.24580337076937963658 
1.54216430254362579788 -0.16245616260296688593 1.52678944882827294371 
0.88160290415320863300 0.17373840472152468628 1.11914329138221635418 
1.61447504145097497918 0.91341953771157091690 0.97398827360881989890 
0.99359251555106475884 0.70805760638365733417 0.53265423360407138098 
-0.01988072784046122921 0.94519209104106194363 0.89049789557730374412 
0.48330876978024828183 -0.02895522587725089456 2.30128815750259008155 
1.41538975920900811367 -0.92709657311139892499 0.97222457557641261960 
1.65602286497287964906 0.47756625097528360158 1.02014899002157100050 
1.27455906234388871567 -0.07090571540094098291 1.29467896718660324673 
-0.16987489466171584729 0.19893030808327019643 1.02034555399991688773 
1.71627394586704795643 -0.73441420017160052858 2.41318691647563143832 
-0.18453502624380865860 -0.24724826287469431341 2.37230237646951724884 
0.09040354067277667216 -0.90407665637870027187 1.99677820339895562007 
0.28286060269233526121 -0.28769169966807206507 2.48565526507680756296 
1.29678832660288723133 -0.49610219747060302353 1.84730764054134688479 
1.68098286186911716200 -0.70247853720664399368 2.08849605182768405243 
0.41626978921070323381 -0.76561447718630382120 0.74176467550469216139 
-0.03053836137789780678 0.43397055965645625619 0.65758327015430562135 
1.80285583022620699012 -0.91905958272715215784 1.84153112675189323255 
1.42033741401707391816 0.78700633073243864146 1.77222149484819158083 
0.01952588753780332836 1.05858535915506957181 1.64768085598287172822 
1.28992908501987812997 0.56135976749623273108 1.39134379375961225733 
0.24769080189638031930 -0.74800000010388156824 0.58503612482459077526 
0.25728087071091521043 -0.44996193932567418727 1.66489314757407447232 
0.41254010920654610173 -0.79296832849743381644 1.05297456601343775162 
0.42003674799377921367 0.24049905032088311763 2.04655176170105779221 
1.40776079744886861711 -0.58816914043208501361 0.49808483075146048336 
0.15953492880052591585 -0.63863995917726801288 1.77504159357332835789 
0.61635943482913224667 0.07264785253459345171 1.13446675310308009443 
0.26604310792521240758 -0.89534109820328000584 0.76340337865263652173 
0.49884562071167060093 0.82790861408527072207 0.49505162711811034892 
0.89786878812588155618 0.21704471959140908544 1.75085959592074513758 
0.64167906467261870418 -0.40934571590006230135 0.84868803521050428795 
0.60670546221482579696 -0.56242223026582172096 0.99026955863427457150 
0.73932428790970250443 -0.21875201743788824649 0.54313010505855818799 
1.54867303299095349089 -0.06839768174161674208 2.06969664709728551344 
0.72941054820984219109 -0.56082455994683999556 1.61958579661955215379 
0.28613861944835844442 0.73355527419030741587 1.58633239306111262223 
1.27776875391784128233 0.94779642532504593255 1.25677715480794804925 
-0.07248438175335171485 -0.92556277717856050291 0.53930058236293776375 
-0.11235649933752041296 -0.56703184827934516310 0.99676411511340123894 
0.57632236951070781039 -0.79205964145096607876 2.01775195650552063853 
1.54979236576789358715 0.04945940248009938339 1.41365173786535636147 
0.87711838961437871287 -0.76001241099769945020 2.19664676927167423770 
-0.15944519054784722645 -0.78302074942914035027 1.42765815673320473067 
0.82288766541700397728 -0.03284570632550769254 2.09244824133921625275 
0.88947003436197147330 0.59516275867396561949 1.15588931780725179266 
1.07377103623716063652 -0.34917295889018745703 0.69216767071974816261 
1.05642720627468000849 0.49087177766061390605 1.87573396566586825251 
0.95971301831098254631 0.45281700887057868554 1.70941457013410658128 
0.53056277951495278700 -0.92681342459553639479 2.17138453146823984241 
-0.02260431409725857307 -0.12929507991885788587 0.69078978215652286909 
1.52666271964923350168 0.45901290048141690781 1.88541573916752014384 
1.06159088841158166794 0.13099873458965866080 1.59904963978047010009 
0.75292685207103715594 0.75238957447837107040 1.57953425156226390236 
1.33352260997639127105 -0.06048766932029207843 2.40719837273351888740 
1.64085851605586174884 0.03307424507228873961 1.50660009580900222659 
1.43615390804633213939 0.15619711665928037725 2.44799209283819951821 
0.51637234659573039153 0.77729133784083581649 2.46464401552515033345 
0.76611599572722965945 -0.11654175137810499074 2.17925800225416699263 
1.40794019348864818397 -0.11395375147594553888 2.47639144399598887247 
1.56575509656377453993 0.32277292124433049070 2.48349107690531178960 
0.05543711560930821014 -0.20714038275620016982 1.21229993910038702509 
1.14734279613701439793 -0.20086193545479857914 1.57607394395572941725 
1.79848067293904345654 0.69485039462407804933 0.60236414008361027772 
1.71097067191332707914 0.51270816275388741978 2.17292051252162954356 
0.93225997780790548219 0.85886082526035434359 1.02000130183707349296 
0.73536210458774908805 -0.11117535848716374181 1.22707194610415459834 
1.09187852467522183986 0.70111027758261856846 2.28681514960048870577 
0.01685351283866879171 1.01636624958619092851 1.67673352434193967397 
1.05651873439978349900 -0.80673626163757350405 1.29231668429494206407 
1.18486512106851615833 1.03365302775335021757 1.45530944100183545764 
-0.06807967390580826894 0.02313590733106499903 1.59206373880556650846 
0.10631386330440438515 0.63081115102105622672 1.04885139441641572766 
1.53329219399658311929 0.53952134162678189178 2.18604230435005231215 
0.24239091901837345189 0.35085426354206250554 1.33759861302889926371 
1.28322342257066535076 -0.02468829821953988715 1.05750346464902089672 
1.12909661002668082475 0.80416134820575668751 2.25843611017292777987 
0.70766237139367904607 0.99729125448749678107 1.70749044430250251914 
0.49725751995344108503 0.90916364620446044054 2.09457333374635457091 
0.93470101442417952153 0.04888127669331791825 0.57253944930255307177 
0.84063087654007773164 0.72773199758782125546 1.86708819858056429553 
0.61890969129934625403 -0.61012081793929229256 1.05081078139104477920 
1.41846871777450722618 0.21635497306864079348 0.73075834527786298622 
1.44280327986878442736 -0.15227163876725310909 1.05278833807027849545 
1.78328829248011189179 -0.46192826463722302943 2.01507966600500942889 
0.99145744803197333184 0.13465462666289448879 0.52935866479702409215 
0.65122475617538200243 -0.20758588772464811600 0.49318346663466267055 
1.25263475068987206740 -0.16537756322390628760 0.65515352889768363465 
0.06784768357049777987 0.50181647807334162081 0.89029090375390718126 
1.57751701797466070687 0.27063472321451592650 1.25341740376761268116 
0.39215383908329126683 -0.64596216153925956061 0.55711241228641350531 
0.28960968564525152447 -0.79007129324328373432 1.45141489843671611659 
-0.18326122476017572827 -0.78041354178795252494 2.09547990682225115933 
1.22244481095474277765 -0.47543234540969270263 2.37803333875349931503 
0.89884671993157894132 0.19006760531557656546 1.01150520421910572466 
0.71851847404777824391 -0.47141091625415226796 2.23715093465954995011 
1.29108834452473808518 0.43205969480073536104 1.12584286074646633402 
-0.01592822975733812138 0.99509522370628644694 2.18946539147652385893 
1.69728953145788685752 0.29463218725354667349 1.45442371415750670849 
0.61819687233901843282 -0.81627081798435618953 1.86149121307500764466 
0.05390747844650974757 -0.53980493224250558626 1.85683173677219359732 
0.80947242553659737307 1.04669756051054330115 1.92904269746618295400 
0.99227955784809473982 0.95195043692132741420 0.87164537164573629990 
0.78630196478655534076 0.51701345755061700604 1.81458521515350068576 
0.76767201342170698908 0.32156199463316503806 1.15650211584391171549 
-0.06460959724171455587 0.47266150110223914549 2.09248484575753845860 
1.09550326040563317243 0.75690469313751562730 0.76642772973103479028 
1.40762026552377261801 -0.25726058592779893486 2.46118489592315148329 
1.01519410140076771221 1.04403483162908661264 1.12232324356508850194 
0.02419450091763462179 -0.91767506593468717302 0.62959848628077053068 
0.13740620604095604707 0.31725063487437038523 0.74688586199172468660 
0.32600062217292391509 -0.73671011183945012135 1.04883124157285267941 
1.31938588498003395166 0.75176955089762942386 1.94264461008512556717 
1.04094012460967744182 0.64547477221492177701 2.44870379587082309669 
1.64610501579274792761 0.16517979756899486832 1.24323451643899063335 
-0.10490411882884995154 0.66440462386501619729 1.90579359674594162044 
0.44831695987815584070 0.28798637433284079989 2.21228834106902638723 
1.09078878068222251407 -0.07895404069882129561 1.48648798521823688468 
1.78457006800661721613 0.68149054109861018080 2.33250107348576829480 
0.72871196630462053978 -0.39976627675665132866 1.75593099842251598730 
1.06990235149175538787 -0.36715391211761239099 2.29257274385207221457 
1.02284451468660031459 0.98455586809396378190 1.70350428877067816558 
0.31155105589835352387 0.67890163029929839755 1.89542339057420172743 
1.33589748546394804229 0.19031802109140597001 2.08757140182459366429 
1.49946266778484527116 -0.03627186605366632122 1.14411731565288321555 
1.45343180039370323264 -0.84708945027286552953 1.69207606798213716637 
0.61340852570730886040 0.02874587904396594049 2.45980391135185882945 
0.93387426359535996578 -0.79056365670499917364 2.25134860306304895872 
1.50051988650385870194 0.14573575272884914389 1.97668536026910368619 
1.41896353777887473946 -0.84979374962897269441 1.31166857563521621621 
0.34760323570864321008 0.02366274886553723991 1.01274328673081237540 
1.12076543982400367305 0.41390886813046168236 1.46328735134303067333 
0.72947223251491188911 0.91816158960682192625 2.29336016403940989861 
0.60370737223977810615 -0.88868618496283846575 2.16952243628660657038 
-0.02543912976189467712 0.02496580280532861851 0.62823466551730633434 
0.34028016554570472696 -0.30673272808482515694 0.91558038887521508986 
1.58398838789237283997 -0.00703059436655271118 2.09225358848412756885 
1.22083465183412287480 0.29302998375112171425 2.01539776516890123403 
0.53517369205710940694 0.57379829704432250281 2.15386474727693189024 
0.06082247149782588763 1.06386775901121533039 2.06200723321539358679 
0.42283569675609555816 0.23818644849907746885 1.24985603758589780554 
0.04568560363051516610 -0.42503309786535620196 2.25358071215631561302 
0.95569192839003280771 0.57981643280734318502 2.16798741974228370566 
1.14360021026249225606 -0.74268163944072174143 1.17128758313776515365 
1.40274355517286353212 -0.24855240750565515961 2.45284387274795445677 
-0.07065209773223792011 -0.46029590651417434666 2.42451246382131913037 
1.69424328618062247642 0.99303186478624438926 1.89122470173113721437 
-0.02594943961596785434 -0.52289625661160943348 0.68677236757552884150 
-0.00512333672666527920 0.17243366461512660281 2.49213244232793007527 
1.69377452030287067863 1.08425041851520620462 1.65447320063345104657 
1.37450376033139498588 -0.69135054267609263867 1.25096870413121452614 
0.66667839748284829504 -0.00262657651821631387 0.99361715692075414097 
1.20655298689959789016 -0.08347680561814768696 1.17260147511742762738 
0.29195328987982288593 0.71898700175954632918 1.13977764645529178189 
0.29217902371324760979 -0.64090545469943693835 2.28282404739130040383 
-0.09579001819933249950 -0.46983565829499440714 2.10991143037290340700 
0.41452759786298226663 0.78534063560472944232 1.44688454645240982543 
1.66523376039703929763 -0.22671332613479586171 0.92957105560281327872 
1.04747215472638610656 -0.87915011285580813016 1.01414878772018868247 
1.08070844818583577940 0.17493173004135520454 1.29341896309699500023 
0.16541197871236204553 0.68345497868696902799 1.09022093730272295886 
0.58070882753890096240 0.82842453193343734696 1.29442362436265967496 
0.85898456031866243787 0.08321057189810311672 1.86105575832264302782 
0.99873113522736600700 0.71454947454574779808 1.53481338430047342669 
0.29681812199528445628 -0.92151425161483513371 1.16945677533275049775 
1.55635333020422872430 -0.86418398217077518897 1.92053490735829734959 
-0.14144296974376951992 0.88539884913757349594 1.68207993587455262308 
1.21449459297016315595 -0.20701667409961860278 1.97276493854683154794 
-0.10325066602173083030 -0.80651834903287145107 1.76669785879521112903 
-0.14801403006429050824 -0.57233378001930834689 0.93267674521660459686 
-0.17389216515923450190 0.26693487993703118866 1.62297579431267546823 
1.29690315881529416586 -0.80528319352459309943 0.83397298506427741671 
0.85067647244228328240 0.92982880255585420581 2.06674901804205335409 
0.55818992461948369055 0.68951593090610419079 1.25284488744158428730 
0.19311798869653795663 0.58799266476322065156 1.65894644377075639596 
0.72137747573463550932 -0.02544500823694046537 1.63401111583091029900 
0.86014542138089633561 0.70856187553678129376 1.28178702527792376387 
0.03265857234657182362 0.93219725874648995401 1.41543417853018937969 
1.30263091722708113096 0.45580624887885623497 1.05911932096201732989 
0.27345473977214768135 -0.27580913227868442128 1.12105654665782217272 
1.19413752207039380870 -0.47610879896421104407 1.14891940402971548529 
-0.00798715813312791609 -0.64059040195009209206 0.53420465445716813768 
0.85749597650873721211 0.90831782637220126464 1.64848446717491414759 
0.27287801426901625579 0.23990060513318217650 1.89300702788017849443 
0.45527553525233094289 0.07167257871636448230 1.25225091008731403974 
1.39389702492868639006 -0.81382045870137864618 2.47455337810035835844 
1.28035259709895199443 0.17357694461994371826 0.82790230387915930699 
1.78863605187536633956 -0.48619907985079580115 0.81540188831738891206 
1.29331871108870455345 0.45120035773827532610 2.06469818905474866710 
0.45806209141252685058 0.50739788366834581712 1.12563567542223830209 
0.84874304817536405654 -0.68346405365652518338 2.23061819789555260130 
0.37548897190296370852 0.76481880363552678936 2.18905694901129699304 
0.54376043535099893855 -0.21075345199459158407 1.28947535119298528627 
1.66597650365535687733 -0.20781595801058885820 0.49678658428963057281 
0.93536084102736860579 -0.00725562809235434040 1.89221702970645710984 
1.45547108023508342534 0.39275951109495571556 1.87622160094679313325 
0.43648786436300157643 -0.47185516920622211368 2.09254263465378942399 
0.16600085878135995010 0.83852980128285936612 2.26080007847618658090 
1.18362508625043827415 -0.22951055723761726313 2.34862355998715743866 
0.15999638926334355804 0.17679115852753454763 1.22932917598972535345 
1.69426964159726067827 -0.53908241867340689346 1.54503010838287768713 
0.11499454164018160784 -0.71236011061936910238 1.98759449010755151477 
0.24593881951707211031 0.26871024810731097832 1.06445141730288206361 
1.04593475757556464423 0.10346985935141726765 1.03460457035586061991 
1.56987725654459753244 -0.12754724700711014829 1.98751907094641255824 
1.68854330144316477913 0.03366185330027109124 0.63684405454036385752 
1.06516566062692885630 -0.38002137307539790578 2.34996799699331271327 
1.05746874176828753455 0.55571614885330322675 1.64893166836655069574 
0.03756156367607216967 -0.74803266842384397162 2.28348722746681698226 
0.09295896092441667535 -0.65680887779814534078 1.15194629157195582714 
0.35427092271571686277 0.93982469265400658820 2.44830408804528110167 
0.63802028125873821995 0.75306955587814838893 2.45100649283522553645 
1.54999627403949613580 0.11953814165797849167 0.89331318246895619062 
1.08697063757125422789 -0.64701024371637005927 1.80711460301652460103 
1.33438572563037660679 -0.47853686990558935710 2.46575493343421348058 
1.00162914917663159464 0.53553321677275778079 2.35164902053897995060 
0.44158334048185471365 0.15564644305444527705 1.01986133978978710246 
1.77824165604908412952 -0.82314600563039308501 2.37539832349335311434 
-0.06399995662007158803 -0.64541637917466931906 0.72903737728818707176 
0.54276845551832453296 0.87056796444478135033 1.57877532383137975103 
1.52280952759129850627 0.83248368472918277128 2.30044189839346246984 
0.74541568846161343487 -0.91774830194519108062 0.74233609473602679696 
0.97219223435191615135 -0.05847433063009470355 1.90186162265695446472 
0.51649433898427965506 0.03964436521975256422 1.37480493129038272571 
-0.02612121988715632864 0.11656768428666264281 1.08332307569482311216 
0.75540521493975121281 -0.62525999662842957072 1.81707445985333526650 
1.70909681465794438537 0.68343838506183152148 1.38625063111396951143 
0.45871576387076606895 1.03530658318424206854 1.64946655581382062294 
1.45646883768530432945 -0.68906178717058330641 0.73168881516114736563 
0.20190680373145369897 0.52102887040814005459 2.47049777693629080133 
0.75772344871992158843 -0.24291030453619627538 1.57302997297697699786 
0.49547593645539567131 0.40804945286443189412 0.90566341395260818725 
0.53193888285290036322 -0.45773063069279579240 1.60878231670063764902 
1.61076376629994699741 0.59473145795720561146 2.47084278148078961834 
0.89119738206615772835 -0.67010108122438449829 0.93754473977292518416 
0.57947161777939915073 0.79127262975982448623 1.73521173109370563381 
0.10499628473731550948 -0.24902046119847742744 0.77476602277968575905 
-0.15710331778202007991 -0.06049562667844346486 0.60993107088708109487 
-0.05056934713783323154 -0.40020236283210086636 1.46648211230961589280 
-0.17948696516033263437 0.07974786594424689012 0.85824195858869134490 
1.10354469050582260081 -0.55321704876216692970 1.52449098470587696141 
0.97801619202584177959 -0.64995907274374542517 1.53201180011257598323 
0.96511565493287254647 0.96006506179276385193 1.30869240274732123730 
-0.17350581297889056120 -0.26318072495195243832 1.34445991932914266087 
0.43432012813805026541 0.23339625811450884219 1.53706369381894702997 
1.62001373821337346648 -0.81088824512036716818 0.97776774774172703353 
0.07166471851043267061 -0.55734913800087970692 1.55685139489256685330 
1.35206568064154630804 -0.84248697110158810020 0.73794317561576339148 
0.72752388798555422955 0.60249702128354443165 2.31286088657423682946 
0.30153051838772976234 0.51081762773890471152 1.85371614279864616037 
0.70551609519075109134 0.00014636337963349656 0.67791939203795037461 
0.94072098267002424166 0.09821810695327200247 0.52769317522378311747 
0.41691655173299524417 -0.80041529715765269426 2.05233582497147937218 
0.14721638221502800215 -0.79679586315464689950 0.50706051768940674229 
0.38593758100178060522 0.67521874167018336443 1.62908399009320037365 
0.62625943197659550421 -0.55924433992512789793 2.01442703383964749619 
0.76730892458343957774 0.82465051670197475620 2.13264517763885841362 
-0.14981108839013962397 0.66540263714337322121 0.58908552197207453283 
1.59964800137958040871 -0.21599518101768486189 2.25423596494408773339 
1.09749160014308899669 0.99015586759048945797 2.42352905616892178031 
0.24409377045417263163 0.27432380186981986103 0.60900405251007594387 
1.18114398866668568466 -0.39648175921811207312 2.12794882373275839882 
1.42904469016529001024 0.37987422913484114595 0.83061804943367534282 
1.51496246808465784284 0.31545418316069362419 2.02395380827108706256 
0.61843017186474213975 1.04603721910696556563 2.10991691278119386510 
0.59109618075582304186 0.35272081094604729179 1.69469911928471295148 
0.98489833170514529126 0.92402043840694580989 0.90671567974366573672 
1.17463230746404434512 0.99731461895732353984 1.52419637661999773925 
1.71054865264001132452 0.48168371136197501992 2.24933705700455544019 
-0.05184363006136637197 -0.72925081516270007231 1.46355993234375070244 
0.60468042667188548478 0.39155700264333476168 2.03300235849911148378 
1.51175819481945539202 0.07301009843659116150 1.39948122766549043483 
1.32931618542515428416 0.96936200066104127870 1.43440466219296891559 
1.00582453060307619452 -0.20509286418786776274 1.53110753609927696672 
1.36971904344810058163 -0.27911143753849110283 1.47547804084765443733 
0.78032980401459539621 -0.25031364894933350040 0.57011101932903229805 
0.79319990153167518887 0.96914079859108803738 1.19701336051414797268 
0.34964682499167887286 0.53343252024353149388 0.97633247461807870504 
-0.13265994877739087365 -0.02637235883893728622 0.98217974168126975787 
0.92621297569603400213 0.30775646857917898780 2.28386228892682696667 
1.79098366463172453678 -0.85213979660048011500 1.70960085497018043910 
0.72316661299125417628 0.10845180371027150767 1.25240458965060885710 
1.69393986702572019176 0.38515132257863637921 2.13815651964365160964 
0.02558386732947829853 1.07203413545237369320 1.64333008520047951784 
1.69514557278669864004 -0.49093376078919553906 2.38152245178417620863 
1.69848581447423407909 0.29460458674280992630 1.47483142663965272057 
1.40629916653200792709 -0.33781250214101204987 1.94280204587608040789 
0.05640708093325885047 0.38832717730100480003 1.13678300256672737412 
1.59422755327678777881 1.01432468078985627002 2.10037695027599413677 
1.25108057474226930239 1.04820484735238550478 0.62049934567499631655 
0.49786883318853125679 -0.07400074308694074010 0.80961111742311508976 
-0.12915746565493213538 -0.36322371914891937728 1.57300890141535942846 
0.57662579187856011220 -0.12573269353867724818 2.32209674962382406349 
0.34635476446549817720 -0.92041293968550441651 1.08554228276344111315 
1.57383830562426396682 0.91657768106403858521 1.02842532393588825812 
1.28478511416065832584 -0.14916679643894778517 2.36049231738734510699 
1.06059149182936107714 0.27147920115250673279 1.26249361058530706892 
0.21041663977026378585 -0.55613701616777977410 0.91194636941148221609 
1.56482846616937854023 -0.79666777524143717049 1.21405587170154238841 
0.03234296148113922215 0.00978262651479863861 2.35764018239945905009 
0.81713616724652837764 0.49804757873341132246 0.53540973500853505929 
1.61523505792885013754 0.83310259663543406727 1.93367076541828364356 
0.37413262720177359322 1.02068238087140161774 0.96623401324490010289 
0.62615537261297060656 -0.44516194086437571587 1.49142374869480609512 
1.18003193216410795507 0.28032851892579374598 2.09812406724605793329 
0.26016927111300819364 -0.69863928913837569645 1.62068294616612984527 
1.00721596402574364859 0.13869052778183935115 2.30207834080312201408 
0.09670539709001065021 0.31188289074256181355 1.01344153971818373705 
1.76823856553761338262 0.23223224579326737227 1.40888935223965638954 
-0.05807364748240337327 -0.01473589248773781238 0.89228750776035381520 
0.78970141593742848585 -0.19174285267044979819 2.10771266619994879221 
1.01963297981701805917 0.81320637149990260273 1.00853546135060323508 
1.65725130386069019472 -0.88572931326761372706 2.18708127212465841538 
-0.16193538110786412365 0.46472452936288016767 2.42847129542431217075 
1.53689020553003863334 0.52300773808277523091 0.85348236243650710264 
1.39980795781159117475 -0.17752661886698467564 2.03390178922882469692 
1.30582240175711783436 0.97712274346335059594 0.99413555900045214031 
0.45194663077032110055 -0.65291148702168688711 1.51557224076118823852 
0.47460473580109119318 -0.75555210690192065037 1.21441427078401886774 
0.53750253401143455179 0.96312017312588238394 2.10826609632239048153 
0.84251927872738407999 -0.75670542346951208401 1.15521886449808963704 
0.92165531124260713369 0.14842825862084577104 1.80856431915693138812 
-0.02168892747065281207 0.44647661133540611500 2.32979277872277190653 
0.81185063341993624064 0.88912744755729300472 1.13197385133828198889 
1.14397628194883060893 -0.20806211748365985303 1.86893070179717546431 
1.28049839814268984206 -0.78129686938558429166 1.86760911235397486507 
0.87186232582578560013 0.35523340659573782174 2.29160099336349354360 
0.17283708580199272364 -0.06900573437090672113 1.12045630791377570645 
0.43188375515186061548 0.15202847275792999437 1.02697821535268518645 
0.16827654389366081267 0.52793594758613704432 1.54449265121344292417 
1.33126514775524129597 -0.48598076915053062264 1.47668413131588804887 
-0.01388353450599111305 -0.47855760932047192169 1.69093118116134522033 
1.09716612295478199712 0.83095124010349041832 1.21114318227232775627 
0.78122645901969833826 0.87336550602641749297 1.77460430633237153941 
1.03830695364401992542 -0.74496722619883770644 1.95826159610675687439 
0.75188492678306995121 -0.28913142436586425355 0.61688051172758617824 
-0.03591648690172694058 0.96910652015338205612 1.65155141261751703396 
0.39744084188404860125 0.17976192112414113300 0.72431354950862936182 
-0.16266747447931056980 -0.66187720115912196395 1.90122396654782255254 
0.57800815825297757744 0.31281033316024642321 1.49231633256039386559 
0.12313301143644098112 1.06458409633606287947 1.98538636161534332025 
0.93845703365163513077 -0.27997407074551661221 1.54769709558243606651 
-0.06452909300717786512 -0.74832631550713668567 1.76668018476530419569 
1.22307121649442906985 -0.69596371787620225913 1.64853479679037562278 
0.46909200373361242820 -0.00203867230389689468 1.29320006328045233879 
1.21865047349442012781 0.26386632566882650686 1.41949791362498678460 
0.63033742504497758397 0.84892878896061330085 1.92270906136846719825 
-0.10455147582016391383 -0.76817991398604146269 2.21471559930387451587 
0.39208793939694769337 -0.61715416702732661669 1.17349004773282583614 
0.82048069500995224335 -0.64874867371104005809 0.88743747112023818602 
0.81830057195179140006 -0.32578553089568768053 2.29252878305398688497 
0.47252620330028438644 1.07196702048049852252 1.22209943163530865284 
1.03730040637662423997 0.74799080580685317621 2.21934232178719792472 
1.76860086852659748047 -0.60675262527083684283 1.81234596522063418078 
1.69512237603690518739 -0.00676755281219167809 1.88648980647515851494 
1.11386867222281615852 -0.78732523702341550287 0.68756737162684322673 
