1.77945547546770188596 -0.51562468445268472284 2.01211919309168774106 
1.87583702242812133676 0.03864411037903035806 1.59823537465884446540 
1.87225940032016113790 0.38480560824917714458 1.63411362308472973837 
1.72251880020505043767 -0.34997033300415758550 2.32580660319122412005 
1.98652070790923729326 1.10365179063402107928 2.35252271404039792202 
1.39195430844894918465 0.41487273287749065753 2.48361139772371153356 
2.51661967056051461000 0.22811426133692400131 2.04260418779904817654 
0.81160269703196075142 0.36217098841031980516 0.90599711337297694769 
2.53799017283364491959 0.68696799728791291262 2.09763808914704430464 
1.29515059491101758304 -0.77200089020150475250 1.36284685764137036834 
1.80824682567245687004 0.72434295831492812034 1.28464726651520089185 
0.70662118560894682240 0.42302722538380843620 1.21753011836480795616 
2.54703104090159060391 0.69229560896681741067 1.08349813359391067280 
1.49984189384513966203 0.60106869957293107554 1.24625069225363671599 
2.04099307320234268914 -0.19327062206675474365 1.84315215420893174780 
2.39233978480971121172 0.78409547167373827570 1.46744884375019801759 
1.58743915243050404129 1.07100851844898259380 1.55071824930077029059 
1.42759612706433847151 -0.17679445731053800017 1.01075057435437520859 
2.18270242404136594061 -0.14590731648084501182 1.69065812804333770458 
0.96116769282268788022 0.43382128764983862723 2.12046914577047207473 
1.27980462572015940559 0.36059315246601397753 1.25853726368345109066 
1.18547048307178237714 -0.19265543632808207475 1.63112861233078865197 
2.07367834690123853392 0.28589806930692923670 1.15153407594114454149 
2.35982399248206808906 -0.73466451593398951481 2.04412077560426608258 
2.43719115511254136308 0.34097267581821577576 1.71008141118071588238 
2.03969647401479825533 0.17057259767907340109 2.60116401764760940551 
0.78496046330086743925 0.25059631682534738717 2.45400652500288574132 
1.97499172287680924143 -0.65542831605159712627 2.06759336826305029078 
1.93881808565895830121 0.20950424696200278807 1.48052426021302085957 
1.92235664628506897067 1.17133964608690277487 2.52380525514061959669 
1.52055775227429168517 0.76974160122712853571 2.27986961290056866503 
2.53589029127231224692 -0.41116547604670306004 2.47384069819347418573 
2.07277995330566433552 1.20735767389947024064 1.24018274650864213093 
2.48166442753946325794 0.15509598091595458436 0.95150479872307147655 
0.62694809508743876147 1.07115327600436294198 1.56111750569211760187 
1.52858387639178650019 -0.34744431002070413905 1.46876971215874418952 
0.61905610697463864245 0.33701482522018755272 1.08828143803402355161 
1.18253703073632543408 0.83152405542135443550 1.63355372789357811136 
1.24230099975032093340 -0.25997135052541597844 1.44547538637722050581 
0.68712412266886679912 0.36641100488466016305 1.14878203966206382525 
1.88168741707810882602 1.08971333405649972725 2.57705749807411343966 
2.19976447246256778811 1.04796356861525974402 1.46088477064087274293 
1.29908612481529206484 0.17736903227124503624 1.77841816793936002838 
1.02020906441449565882 -0.07115154149209221290 1.44855917878009510247 
1.76151648984862885250 -0.03656622670240547435 2.11658662395954344504 
1.73156475161817069441 1.00385887347664537472 1.27974295863909670601 
0.89367381211053731338 1.16347611203709222494 1.09187070055278567793 
2.30186505610404967825 0.83657006547649404027 1.06937290202075852008 
0.80285006085781829288 0.54009474249730970996 1.06284068157295119583 
1.00733647271985771177 -0.62094588424664798332 1.11664700344477529903 
0.82124910442695009394 0.22588552809211112637 1.97469826960314520647 
1.16816633960534965730 0.49120433012595621225 1.27093350272336325091 
1.90398118204254784835 -0.49091442061340662129 1.72421712372126867407 
1.75857169887423148147 1.01737009142133016937 2.04130728916419412755 
0.66175289364733480557 -0.72760530126162359377 2.43232273708503443643 
1.72310102771721296300 -0.47033489061633076966 1.00816705785389726380 
1.37795187652530781719 -0.37256502077415171170 0.69249739974999746650 
2.13408133488621887253 -0.13898929139551138845 1.28431208921469997009 
2.34688441978400552657 0.13777369853898385754 1.38425597245995857243 
0.68094150435716138681 0.04242177956343266138 2.05782294945424260035 
0.86101941128219749988 -0.01667993839703155873 1.95447443643319496154 
0.68065251409604343724 0.13311791848116902304 1.27099517705676734458 
0.98579739586329184764 0.70870563652554507961 1.52723887615179321209 
1.13267581994475796670 0.78964530626100903898 2.34435608322262112324 
0.98241332153468341470 -0.39162559107019034865 1.43213473570256022427 
0.79707013322972231073 0.05766764094089252973 2.40340298690129960946 
1.34652122512176530833 -0.22985326522528570781 2.22149243559754427935 
0.82673777153553018593 -0.15500852355362920720 1.08909396154922832878 
2.13878670678409443795 0.48504205439727260396 2.24803098299514214631 
0.63509588313046749786 0.61958697060028611325 2.42089698083237303550 
2.11986789626423055566 -0.50625593571567584217 1.08313630107214420306 
1.36541297272200545798 0.32127632963005808842 0.79707833705866182328 
0.87848551506118821575 -0.30971763452515654880 2.24141895203301722006 
1.95787839607020908161 0.69008638736653893364 1.51362979377802653325 
0.92050746363945090689 -0.02642970923702326475 0.64484270868623838613 
2.12305709961494448734 0.72015860095600991997 1.45123154299253842581 
2.43793120475228963784 0.51023268206315208761 1.19846740241136395788 
2.24360004128810208712 -0.26732830648240951676 1.15619302046111482873 
1.52034519437776416417 -0.18166455638732975642 0.73584614375479207027 
1.28393934651025731775 -0.51384476620235997046 1.53970313960259908015 
0.61448137403708025239 0.47019651529721639971 2.01385573724752564573 
1.79009853300701848866 -0.19784326952908248831 1.42299080593423510344 
2.41951763020609122989 1.00084614638364088890 1.33617995508410869476 
1.49620524736083537753 1.12227112400035045070 0.88011960154815149782 
0.91617900691878850772 0.88930692598327110154 1.40676310699181894570 
1.45305305454846966917 -0.67232349555699466581 2.51154059649530658760 
1.68884524848471828662 -0.04778692277174375475 1.40647699902945699790 
1.00199157866165711184 0.39264168689087669550 2.28366571092221359862 
0.96356700470466982722 0.96602456072853870594 1.69477769750586793052 
2.48283523885137391574 0.38942518957379040900 1.32323551606219114163 
1.09328736769413348284 -0.74964434374491584201 0.96457402606317876881 
1.20850322832519285754 0.43315387347069034263 1.78302160270508736062 
2.56451012586545035177 0.21892760453700996215 1.88357934728146703129 
2.16755670401119671098 0.91644073389466695900 1.26782691697978044942 
1.72763375783137629327 -0.13634541186696894077 2.15945054115732437694 
0.76806830695549965782 0.87221007464575772694 0.78182450357295585341 
1.67699686101491574064 0.86993036139349710911 2.20301571000394957878 
2.58320370181940450749 0.01235658104103477643 2.55347454681206009752 
2.24108605053988751976 -0.70986221915694491802 1.60288633491564125322 
1.54383695926020081401 -0.21000840817077437439 2.50565926417292184070 
2.17534366635908993359 0.04308265647843155521 2.44524757396393610520 
1.99628519867305853630 0.33148492253350925196 0.80363267730166687564 
0.96386332092023740969 0.29099477504054716004 2.48413970709040965446 
1.16178367092811285488 -0.63493799818572449478 0.75451566065633535185 
2.16208952624204009396 1.20799245004476452081 1.15091427266685641939 
1.87050550690806804965 0.27590411888016452835 2.48506072407686851022 
1.34632759951920455421 -0.51920941378661600307 2.10289276107972300522 
1.59788551236502085473 -0.42224232128013428067 2.43501644754134094484 
1.66895464382277891602 1.08999867691534668701 1.73074512588367013244 
1.32931836989575713481 0.51554953284128701707 1.45039330155486423379 
2.52107908345483577861 -0.26123548466559759484 2.46768839109138315990 
1.16969498863855747572 0.21005497372434542291 2.54367785683241232064 
1.89850855799990325679 0.44812559608267310551 2.35302417335639146856 
1.94591099865113714706 -0.59745060637756997046 1.82497216677625462289 
1.35206138990449642456 1.19507783949083612463 2.48365176212649263476 
0.74728946228836623522 -0.07926102403196899626 2.22519076154874406726 
1.42471972252010470328 -0.40885067324308710379 2.62880722596586879902 
2.56704859600478885184 0.71948992123909571994 1.71400888807807683101 
2.03788722938508692906 -0.71562093371025370381 2.20547232779991464469 
2.49999489183438639017 0.88853703229388625306 1.33141133661586130721 
0.91982067074009010721 -0.39639599831099847638 0.75905427301289629671 
1.64676904147859337613 0.20553924720404884163 1.97108181208420196739 
0.83872361075651535867 0.82890845321301875881 1.42175497436096676118 
0.90618634509526085896 1.14857504546731781225 1.10451212882012117511 
1.99041615913598834986 0.72287631573794786100 0.72139392784059730435 
0.68555713724314015778 1.09628066792362011128 1.68927082491593671953 
0.78791062355594965183 0.72834238153989017128 1.03605643487807341785 
1.72030696165652585705 -0.58989383098577663489 2.32988942581522140429 
1.25023639169513289815 0.41731912084082101178 1.19316974827594557418 
0.91136354817352593916 0.23526360233156290436 1.27377474507860299902 
0.60059489532406373780 0.68679185309058676800 2.13027810532524553011 
1.93393749629462252670 0.51922020873291219178 1.67791815698581237015 
1.68072670065282214757 -0.04030452918551051533 1.57770424014642207666 
2.15819033231023782449 -0.27595740757666109566 0.89247383978461825027 
2.08273254436748977980 0.76005963333590209619 0.84004316642197662812 
2.44273256746784728222 0.89077316269206674448 2.04567107015611204801 
1.96630315419625811835 0.60028821609823923566 0.68090972225570445264 
1.91584457542496688909 0.57383198556355374809 1.18584720730772397168 
0.68545006799805063835 0.13587304456182322521 1.28163271827127211999 
2.19938127450138276586 1.04598713899466511101 2.41484093347263595319 
2.17003543056490766361 -0.37466049402469747687 0.81419111594334303561 
1.75700218522741957727 0.84510225678767103563 1.79881913600364895522 
0.72901586390848094332 0.96567316258723445710 1.36660382208907993373 
1.17806926766630004622 0.43006119880847942794 1.84201503187429294073 
1.61507665037820058451 0.74736275428653897723 1.13937243610470395616 
1.98187855217203945379 0.34945150836542332451 1.49216143786130062132 
2.30019465616395635266 -0.61596870729528241384 1.56331430339452537304 
2.32087322558237207915 0.76735855229448890480 0.74154842958796929331 
2.55913189984942857080 1.19382468760737570079 1.59344611761327126231 
2.46234600589290453243 1.13984306263561130379 0.75504962337499736957 
1.59864290491439708930 0.29514459285450095338 2.40369672966890490784 
1.47364566359967685827 -0.04133791198339309414 1.68143725650940223382 
2.37142607872747390729 0.89728157381248152547 2.12753734836316121815 
0.80844327514555891501 1.02542019468401468529 2.50522475000843369841 
1.18344543679946290204 -0.74013015893014355573 1.96369314671911188164 
1.00124958279159259611 0.65016833564039477888 1.00273498495616553150 
2.41961490133577061812 0.91844493546424688102 1.59945689240306165857 
2.02229436820989816326 0.05923850338047122188 1.04236093121351247603 
2.20415201390457715647 -0.74872077378312751339 0.91889559167325307598 
1.56074833003726487490 -0.71935990462579624261 1.32654567155912905818 
2.38560992922549131023 -0.56124339091651587186 1.17266113668870830544 
2.15675592997379084181 -0.46809030382859889707 1.50416276636140566758 
0.72436212535417066061 -0.56381629036394176335 1.67497462638586336325 
0.68095764802969560581 -0.49230714074619497111 2.08376070942053237545 
0.69970954843821631108 0.36326019844487789090 0.80506669453161416872 
1.77037406716846423826 0.71810512437735418700 1.89577648234122708715 
1.36108415726928533296 0.62842082576395519311 1.98855329823146464996 
1.49051645493374596008 0.40788162743917688591 2.38173489218974854253 
0.76334165370307216492 -0.43094519940189551788 1.16243478144332801349 
1.60503645691660090655 0.08446295243352795745 2.61288132362526326347 
0.87351386373005213137 -0.10975929242461178459 2.04039762739372410039 
0.83985855754888405489 0.77214149060212755593 0.80372406825024556021 
1.13997581423340954565 -0.67914582114582244809 2.41177396982209568677 
1.53888038214932776349 0.10055108246890424872 2.17482833355120241947 
1.91111745791692944074 0.17513926267035095918 0.80526213763208509544 
2.26630133581191373082 1.13231591028664091425 0.69764680684236024533 
1.27436490223823373213 0.07814421564534493325 1.14253745725759037200 
1.52167635357145636377 0.30779925475595265594 2.27860598291991944819 
0.73922849693003056526 0.98020991717392125242 2.43376410594131042942 
1.40084112026501195203 -0.37694779572070408191 2.01861868246489617462 
1.51375461550131684696 0.18859715475501157012 2.00614364058149563519 
1.59123271533419896606 -0.22861419806594590609 2.48606914353169683451 
2.48519027835856487485 -0.06941619599401220586 1.35991990866374323765 
0.92447622943261131834 0.74442744503523960997 2.23120375301110795974 
1.12308146595226854281 0.73064501236025158892 2.39569606731578321757 
2.53637575439526141707 0.83665935334693464220 1.58645239181725528077 
2.02290702861841342752 -0.13411983944143315850 2.55513335652321815772 
0.63646382545916702078 0.80128575621278952390 2.62875885856146496167 
1.08777800641926347680 -0.22416037979855532591 2.29071104528246571874 
0.92689446487781679274 0.20162288642289896701 0.99270947310587298595 
1.53147416070651987141 -0.44145378570110699323 0.86566946610179984489 
2.07107102972360568316 -0.78470102277938658109 0.66219062646795812110 
2.44112931247080666708 0.09312492948385658886 0.72283076988015526609 
1.36641028356636029528 -0.11641546811967133646 1.84176323061523072866 
0.62284156147087943456 -0.12433474685740936172 2.32648822853891434903 
1.64085714363205403821 0.21020732877396949845 1.96344023760709007753 
0.68056360955047012773 -0.50245425194617521214 1.12745466724156684357 
2.32630865219769944474 -0.34540900927001821907 1.59187944435138351018 
1.67506426061846180886 -0.47211429050763931148 2.12283186551662206298 
2.23741777659751139851 0.41040970423850098303 1.18523470919781681587 
2.48801282249122746038 0.61534445544073490542 1.84474159224772926713 
1.69793015452684148414 -0.17931154135967694585 1.14891548686733302453 
1.25517027639493083946 -0.72331015628014783125 2.36587239122650938583 
0.62303472222275679826 -0.44193056420333809431 1.45890165651573822103 
1.94764658025859027646 -0.07688330827819279956 2.19819530692640086045 
2.53348683823507947466 1.05106867498584288789 1.48610798719302583670 
1.25860245937806225491 1.03749857836704095781 1.17969507722933286686 
1.65137381453723075531 -0.00041066991215101510 1.78432866053278682550 
2.26730172411976971247 -0.54347172240569296964 1.08398339811309840641 
0.77502144861319965941 -0.01592981397651472078 2.49063422419056301749 
0.81282337632239698433 -0.03330519183150231627 2.05997508508908122593 
2.23787800970391970168 0.49117288351672544477 1.00535610718988421830 
1.33938513287355198678 0.95334309691701735190 2.51808835888825877092 
0.96166254489966229713 1.09138150743400341725 1.12261140253492275320 
1.88189346357367326412 0.72304795632302631958 2.22831738810913071447 
1.48402134688165387999 0.82786077765715104793 0.78002801554170542175 
2.31191730566918751677 -0.73575079691698241913 1.27122125287162601737 
1.38338435699106887533 0.96511483690981192396 1.87322673158734276377 
1.34097910487520466383 -0.30983284981992365026 1.68130872423333421750 
0.94928615977455155228 0.06492226465654872547 2.62021539218735632915 
2.04104422882225122748 -0.19482569141597014251 2.25349610839522540573 
1.08573881187929255354 -0.58315885830602820494 1.48389679033036325784 
2.12550024839908324736 0.69747934407364409193 2.11993083979116336835 
1.44827252748062851317 1.04806228442538729162 1.19276163285363523414 
0.76497653203413529255 0.74057034671301613660 2.05623097697883627788 
0.69421660878020974295 0.45132661585900551993 1.61659309410919771466 
0.94487784372272531908 0.37585165442233092747 2.32391662521511310757 
2.47508550709032304482 0.88029327661276846051 0.73566210365617401568 
1.51645898043311433412 -0.48920226623529872167 1.60747271352247222964 
1.06957135821081150695 -0.20509154286563474612 0.81585595522175358152 
0.84032716652012773295 0.04885150286290715349 2.50768597946538562837 
1.56068074138089740721 1.19221515049619153359 1.57631183251145623458 
2.13430775280945805861 0.52300998271291387898 2.46187622030155095487 
2.31597069676597033805 -0.77733549828765113876 0.76839658871841431953 
1.75283355250928640778 -0.38395798748594850425 2.64545406554608186767 
1.59840794028433608176 1.00912205828549583764 2.48449744229070423884 
0.81739061981761562681 1.08849456414143275218 1.88454593559009464521 
1.64146381755389225710 0.09087602577090531097 0.65972098140899837482 
2.40281165799670670680 0.97372962336943158501 1.63754090474366509333 
1.76166959896684227616 -0.57034095649790261806 2.41131254064722932995 
0.65005109592399012985 -0.18546767636641534049 2.22444599093193984274 
1.12353945982540626147 0.21356693096433387868 1.49538932931126922199 
2.00752992183524581193 0.20829570411138156882 1.28661895907196410782 
1.47944804092503146009 1.06675105020190708061 1.16969366679842390333 
0.96860864520493161756 0.97791009032443299009 1.69818971994471068498 
0.86899121596425665803 -0.17189841286283927269 1.35120798130609887089 
2.11175582951268259180 0.19539855924545138088 0.91002058975277955177 
0.64422061992912993400 1.01232061215577573421 1.00426564369894610884 
0.74474634697318253806 -0.58292008388410010422 1.32234506759342185234 
1.95389802724532679612 -0.34995235892475218265 2.49339177634103048575 
0.68775767997404990695 -0.32234371225814717477 2.40182492284987469944 
0.89110411819633184027 1.02219564875386526026 1.60774159075600242552 
0.68100588598490729986 -0.49988472716562770692 2.12386547638344946876 
1.38202641980644624908 1.18373943425422267772 2.29031000689161645667 
2.04464902789028801777 -0.12373057047672472719 1.56267202240866698304 
1.01742120798988877617 -0.13455262157769626308 0.75878839659302244058 
1.03735954898384719058 0.17013528643704428633 0.72843021412847264173 
2.57843524496837561699 0.80112784794365654584 1.60860966660725157595 
0.77557710044667127480 0.21487252976056669951 1.99865422506040557593 
1.80089386151194474905 -0.25971953511580392338 0.82681296102124446357 
2.07124583403833817385 0.75350414516265395992 1.33786304466569183624 
1.17578493195813904570 0.77027770617202473424 1.58808661822597740887 
2.50838490807400127380 0.88064419695938322974 2.33471711352818012131 
2.56742057562587921993 1.07788279735280778660 1.11783916034791785954 
0.82648237839175853203 0.22274239101766285520 1.71487244162129282010 
2.28017884740653098419 -0.19251746271530828514 2.43892971844883010846 
2.12979804256986726685 1.12636377936567244618 2.28924988297359899292 
0.74184217005012897950 0.86812262826642239144 2.16965713095145495970 
2.36125337018372372100 0.01014020676727002759 2.64262077454226051998 
1.37709062700769724330 -0.20034723340628010635 1.24256517929584320292 
1.27476883264764029313 0.81099017368387960047 2.04604723843692193341 
0.82835185620769158366 -0.11420006752865816124 0.67744298942213376780 
1.92238648409283152674 -0.30323096677056238235 1.21313602926027819251 
2.19945012300888720347 -0.59540106358588851254 2.22490113768438435571 
1.42699308555989468061 0.31864601483903232104 2.54118436624643884159 
1.02796832142325067494 -0.14184955883505823149 2.20286903055956528874 
1.28740255733384101333 1.16859077700516333920 1.76308515686059186223 
0.80293187500960461200 -0.55137030678579912468 0.91733692378433984160 
1.52097954705816929000 0.60950255927830343516 1.52203761133084580770 
1.51179139234862480734 -0.72481213289196955163 0.72345465435361744344 
0.77088618811005182874 1.05501376146579084470 0.96308994309223494579 
1.74024187622609849413 -0.77259236052059387934 0.63294489359828887132 
1.06991645982441929696 -0.45312488487373087098 1.99197475936136436658 
1.72284507829874100615 0.59234898012496761677 1.70494186388091994999 
1.27300879306469427732 -0.53296111974517801357 1.61339445019570715267 
1.24945409227050152623 0.64430247059326550829 1.87270662111737196120 
1.99979286589223170800 0.04902300261322783959 1.07801910919889021301 
2.25105872094406489481 -0.07354895979686301710 1.88594697679581857486 
1.18591209292873611680 -0.69611501241159856601 2.39602870017561642157 
2.48200159815990772927 0.88315110848345745875 0.71341975292590986690 
0.87574648402853194629 -0.65706185868716693310 0.96003800824046825468 
1.95607372099484111416 0.01685588035561436798 1.35547106780301129803 
1.74031704337710713126 -0.08467832266088230753 1.16681240979090028453 
1.64932847679896155135 0.32300808512312484400 1.83625283089066093645 
1.68818974321948145345 0.78329640689910251528 2.57648071217148277867 
1.27731177516937211003 -0.39907427430857872475 0.88288456415290628154 
0.64205209246351091501 -0.55436023741645601426 1.08280463840396001807 
2.45712091420210221315 0.09910143209119889884 1.88288498177520802201 
1.68462540176308861462 -0.58587230068260276461 0.72604289162518798051 
2.34540644190320168860 0.37108516217876758025 1.88755338553284612857 
1.20472850633656514141 0.05171095464522672269 1.67455296666994346566 
0.91791809831804382913 -0.56963982358290776720 2.08887899058348081027 
1.67370435732476718904 -0.58101932882811491154 1.24766957971189484944 
2.18066759221011441383 -0.14887029762468551031 0.67927427324180800206 
1.37012934215907455915 0.35962839007924257695 1.89286053025807055050 
1.19047454979536881936 0.67702251949662040076 1.84571812448396910256 
2.21632255372270448035 -0.51708108619380799276 0.88959301511141386509 
2.28193180521217264811 0.80914652719860602481 2.14119565691663993334 
1.10039816289770375768 -0.21352924346114782184 2.02605288997346466573 
2.03955192253293260407 1.11493621420632149643 0.97898571053479555015 
0.73316009630138057052 1.10037290128447917681 2.28530076553184979815 
1.35913249938650149140 1.01605326354727254490 0.91942758534525581560 
2.23724936874596780356 -0.29257434323643244367 1.92765394172339021850 
1.67546500760703587218 -0.10948038611637699036 1.24398320888177216226 
1.24690680712885182402 0.99751365340289166461 2.25348492986703652363 
1.19117908715457399005 0.98131653073468272375 0.88001851698731770046 
0.70730129034584765524 -0.77636444794034797923 2.07567723987262686691 
1.68189759673903660442 0.76599619375213678918 1.59409619516980338716 
2.09580320596360758501 -0.73340802797775628274 1.12632646584314732863 
0.80282323369717267791 -0.26516050440650429376 1.57683995754057737493 
2.04286139967037039256 0.97754885521434453644 2.48458406579622126387 
0.69567170672479983207 -0.21171580663427508329 1.54731292290891331298 
1.62748394126869166953 0.25070773991899758526 1.88346701616407385949 
1.32942455538170811735 0.88391041789497348802 2.44885629412817928952 
1.59653074014583262752 0.72568325052179050161 2.14382415928429859164 
2.45079165302805668247 -0.07668312903763452315 2.09033807325862186488 
2.11704824435280070105 0.91488661587631248118 0.64402145652175413204 
0.80643005580940574362 0.01206323809585852468 1.48793969246593360545 
2.51405414764652190840 0.41896298390384989485 2.02231794814711651753 
1.45887609072127810705 0.85773483367797520582 1.52805602710254673227 
1.23570894989669821662 0.25679515767233401791 1.40776589314088984572 
1.39929521048113003623 1.10376914126793401749 1.27895334349490896741 
1.60617209209175770823 -0.13630011238414277419 2.29801048157034504271 
2.22876065343771889715 0.92897602519396516030 1.84984614801117586147 
1.18993960178655089344 -0.63836447577166588463 1.72350098264947804161 
2.13413438475966765751 -0.10825788351884896299 1.23384354423942488310 
1.84600316836521072261 0.82477229534733398353 1.49524892881017978929 
2.20266887429346347460 -0.21097166085932100854 1.01483378452414285675 
2.14805832631021598189 0.10255135238897553074 2.28027527616841529934 
2.47608618841539840361 0.77468129493215942549 1.77858397598576511989 
1.47980557838256188141 1.08039448973445528779 1.41949410376233031705 
0.68151689504418422327 1.09131152983437629267 2.16212162133815555265 
0.73762626602544745236 0.46612422157469018957 1.67513728598346300913 
1.79635509778556268223 -0.78423214859274514854 2.17223000379653852221 
2.59182719601061428705 -0.24591771294383876767 0.94272287022250400579 
0.80559835115768518854 -0.78070034568693080779 0.96874327790125702720 
2.06546520330862648507 0.31311880252544888048 1.12326837495717235527 
0.77809407333827784736 1.00677225796670599678 2.45870098622584576376 
1.16542843564319831273 -0.01135395133115848880 1.69065647414985131824 
1.41653800970887622235 1.07087428593885514161 1.67530954364077167007 
0.87646820460334173841 -0.31598426561051878858 1.57063251550503912846 
0.62633535211899615813 -0.61792286622300529597 0.67940337374709824925 
1.26937106723898973648 -0.37405322550243402802 1.26741842073041044436 
0.80110290874060485766 -0.10724233660152564240 1.12288736871566885434 
1.36325872415118021230 -0.65566769897668952805 2.55842850375315489231 
2.16317015197108419855 -0.54656251912809872273 2.09838450575374846352 
1.05736197873350268317 0.63259409450330794655 2.04762054652942637745 
2.29095644827521205400 1.09153733889633497434 1.04892830119882729534 
2.36284099036940986593 0.42013093315536881311 2.17846797417235915617 
1.76203633477161170084 1.01184647350198342330 1.04014985656779512802 
1.09778531915307997480 0.69632373064280495001 2.47718903429010950390 
2.44535119614936302668 0.87553074507446071451 2.57404736725677096842 
1.26131894104999386919 0.29072308790230494413 1.94143263820826783572 
0.82691610615977473309 0.27312395451526799706 0.66047230508263254922 
0.80104685216569104789 1.04945917212094652626 1.42880030587032269551 
1.03929786563104231689 -0.24704285128559841378 1.75645095600787315426 
0.69038617311385375164 -0.07232219615901386289 2.36897120451177523037 
1.32116815528690567660 1.12777545357491582045 2.08437271251071587486 
2.06224433374430660137 -0.73078558011095684499 0.98295787818264945823 
1.24223576236419575025 0.64011520927341902798 2.23903986566463775176 
2.04202000357660296004 1.19263493619357152653 2.29143982788015865282 
2.12849870961811760139 -0.13545971381470439665 1.27019705098845481217 
1.96430944514746164131 -0.04140542934355197907 1.82998359934276466632 
1.92759678608720408377 1.20610230564401876840 1.99733242041769498698 
1.71962991413858579115 0.65026863967809578337 2.31198601667454539665 
0.62797077218607744165 1.05024162003560239675 1.08665654613803863704 
0.77832430514164829827 0.29603012003729650692 1.16943730184284788720 
1.12165453427116701413 0.48721315801809794710 2.49322188366417663019 
2.37228141756898835979 0.65334699039213428584 2.00629915463090258143 
2.13958075786474610780 -0.32616284055437694267 0.83274769539556170450 
1.72140821924443931934 0.18723398256535256357 0.66585566051637945506 
2.48822797469660894620 -0.13788420233439069307 1.70189539273082401927 
1.24084914039959381959 -0.74977149828961442424 2.40243855001493722412 
2.23232229708005647240 1.08627429833659960856 2.16795672006402861953 
0.98635641126660766886 -0.07819807359677992398 0.87699411162806728548 
1.72298430940449320836 -0.52962739505263378703 0.66861868853494388354 
0.67529879775037648937 0.99702963821043499859 1.54359986560334649930 
2.32213068828950808253 -0.55142755713996538525 1.46802748170604968614 
2.02139139809666268377 0.10508401339324945079 2.00175568681169968599 
1.14371489504062351372 -0.36967129740293813711 1.75583362620765792705 
1.13389410029468562513 -0.24127586905697712139 0.87552114727160401664 
1.49300086789928632136 -0.07029059910841450876 2.35315639819470279193 
1.51391443735977104801 0.97491726066603523471 2.09545581721511720019 
1.68539412586674086647 0.43016009455287951280 0.72531158320351074575 
2.07695992715485200364 0.34036461873971762815 1.76640190883231040786 
1.00114390203096803589 0.95021403773314705443 0.73911588868843880462 
0.88704502588762212945 1.12184547873791196082 1.84836748326266109288 
0.88534595588723785653 0.17685635426802304160 1.46094147934119300558 
1.39376969787188631500 1.17400711825065506844 0.69961059112643286806 
1.48287514122231023350 0.62019631178294065688 2.55643713218809809362 
1.65324019443443925859 -0.31076556427065499255 2.40884565051447863127 
2.30462046721542934691 -0.20958524484098500773 1.75798941255017449059 
2.15013603715420131834 0.75172991497728036681 1.08752475294847172904 
2.10624441514066695902 0.20971456257305085003 2.19425590515245172440 
0.91977074014292481419 -0.50468579487816667140 1.13479919455584510324 
1.21825213244578356431 -0.54684648516016420849 0.99928964301481360000 
2.56466033312136332256 0.81551916876141317125 2.60844285760884142533 
1.42083864498723588810 -0.03022373800100569552 1.19781300030951975977 
2.12934031696895686991 -0.14989358668833985266 2.29880600485277142297 
2.52446237381320370829 0.93044910266052494041 1.99646308704668107303 
2.22728511537421125510 0.37705018874192625100 2.26623026603914379251 
1.76440046109583259515 -0.76297987273301925981 0.95180696670985320829 
2.23824937301341586604 0.29087731437828023839 2.35142607804884429257 
0.76639121047691816102 0.02129425279666452911 1.05391506354469610685 
1.87759442904386708584 0.29904608808892713112 0.96113741109310146804 
2.44709256899227689530 0.35435123957033676234 1.70370667454711166577 
2.15547455842486845867 -0.28382340220807383835 2.11376431031965861251 
1.35801629937702728057 -0.74778699744637522340 2.27063952318204753666 
1.31327368035013170022 0.56745629928053697988 2.40329941052126105916 
1.80534738491509227920 0.62926518904891326489 1.19223971653649241098 
2.45299292446092520592 0.66136268213209037370 0.81323290526739455686 
1.97326775021642020214 0.76784303789772168081 2.23345974129004254394 
1.15409087689498868201 -0.62764369871282565949 1.37335277160472668534 
0.78421528463476009030 0.73081268805672527922 2.04292417621049926524 
0.76180601530353508899 -0.05311160704360741447 2.22637193993688287108 
0.72344524597759396478 -0.55205207772991438109 1.57444471116101802899 
2.12043268248863681080 0.01580081555463547227 0.88417043103429115991 
1.66390836138178488390 0.98976553805935496566 1.62513777194270492288 
1.13138548105938840926 -0.46790285465056635772 2.09746175945746227143 
1.53175861712786565150 0.01034845045924403205 1.11224931167470986182 
1.60015477986618370743 0.80992829074994598937 1.21672496219969605846 
2.14499666874473859934 0.28244347109477413449 1.98344328174988682179 
1.07794193730618959037 0.17312179000343952406 1.60488734558940837616 
2.59567942245026994641 -0.12124804484129440840 1.28963984389179753265 
1.32225799809502642113 0.76930286422682780945 2.19943192164665157762 
0.61357595907633166732 -0.18626728414680385204 2.60583884972152723947 
2.04079856525617797658 0.57479294867679509018 1.00518475229866677267 
0.74396122704229838973 1.04979361952486294207 2.04789632209379446337 
1.66996258344231618409 -0.19244665339691618966 0.88572835186380860506 
1.00224069769989299061 0.39508299993684120599 2.28326532759355371738 
2.06030534082382654759 0.64301508738467905157 0.70488614174820196645 
2.24308567195962860197 0.89298949539330441105 0.78830671276091923705 
1.75523538393007649816 -0.42559125423204569039 1.15370390676859524426 
1.05010272565810036660 1.02556080672389371422 1.40528551852310457093 
0.99097108781472631467 0.37069535050702184797 2.53599822768053284605 
1.01291772695829696005 0.01003227286919622548 1.12795002646545428071 
1.21097310775034650021 0.60114580105679138455 0.77936387619561653395 
0.78532637041456498928 1.10399581182209560737 2.38150601282791285485 
0.98026455722453886832 1.13073580238017568078 2.32368863080493337492 
0.63968647974851899907 0.84704109914517722313 1.24850813166233565177 
1.85475452451882172333 -0.55113225810821198092 1.06823034422843088365 
1.76363049217538070401 -0.02419910684760074454 1.08330476000786624091 
1.95132771854745823426 1.03099116388843015102 1.68987020431238499363 
0.99181110618028145431 0.91269245299247314662 0.90244848807100197519 
1.44556777304168360132 1.11019999884637066145 1.93093317409926856776 
0.82161692787016149531 -0.70832250563767384932 1.94004066124609231281 
1.09306145892262196462 0.45981224212332616474 2.50921977741497803649 
1.25984496811480406464 0.50024768305102562671 0.95279264412880193547 
2.05654126429325057046 -0.23700531702737628881 1.82748877581133273296 
1.33140911231614467169 -0.76436643247474977958 0.80082864860418279118 
2.56523139273708977726 0.73011023165144595115 1.43885100495832651823 
1.36199341531641859859 -0.16538571348624950264 2.19082360209898840964 
1.57629361087504626937 0.85135640651593058603 2.28907439534305234830 
2.47663207489939285466 1.10584668327800605958 1.47453662476845281937 
2.05448211617027709508 -0.30699977218605700724 1.49042856617003960373 
1.93109801573942974073 0.45921515747317820377 2.14763110772894494360 
2.59123536768260009922 0.79191235535410386959 1.48300051848599090398 
2.55297072664108304352 -0.78148001313825510294 1.84984254647150603290 
2.32524295408908798777 -0.32163822396913271939 0.95115245189255592795 
1.25817456988866371859 -0.78354486562698144603 1.41811316472732307226 
1.32426715139414041822 0.30470759233809707744 1.27213934849810805794 
0.66310002815722279834 -0.61306212946315030710 0.70220486649292934711 
0.96097748343437816576 -0.62464820316830904634 2.32038225129090935894 
1.33579925310874392252 0.06147258225101190354 2.02060700114742841649 
2.38245401503297760115 -0.57161741729545856305 1.74454235680704794476 
0.92371721198962597477 -0.04832113944676399292 2.31014935547280275685 
0.82976400831592966867 -0.42899981715095703017 1.14247427679879143270 
0.63844283889811204169 0.00855394037104556179 1.51458160611440573184 
0.60373384329960855244 -0.70892766096009574017 1.35726410113587570017 
1.11539719105681833788 -0.46810145106288136851 2.59888748932666091562 
0.63918078750353757300 0.88999026809715553465 1.30644708052251945496 
2.10493515705312539410 -0.68598583062347373573 1.72386252561345076906 
1.08696917469792553312 0.84592246426328343567 2.24245714922967964711 
1.31392960872768482794 0.23861883810164624675 0.81142781240226447004 
2.29329636132014291761 -0.29682292917089125872 1.24078422554649625553 
2.48104471817297067560 -0.42989521589292939430 2.56288346901824226620 
2.23632857489762360004 1.07194870901881733616 1.60383227053351040681 
2.20571849347815795994 -0.56005704460639171849 0.73587257220034263394 
1.49703493665222464593 0.78700763158567066391 1.29585336552985741498 
2.30689156929262706441 0.99283812717358921329 1.55817377571577453388 
2.16517965730099071209 0.85796599924628835776 1.33718228512954828702 
2.47918778533684891485 -0.47196126240030428223 1.59774195602450896914 
0.77218868434983090054 -0.09003853923116789115 1.68885196073475851719 
1.76176403734414432911 -0.41547236289491340511 1.16804946411421828323 
0.70837734037485045047 0.55341433428861730448 0.95778040633846495133 
1.25051411796139655408 0.79465311052918796708 2.08236310288692738624 
1.39509544328634405019 -0.07094314944895119268 2.57768247013730933404 
1.96153426803602815021 -0.41657124169153342264 0.68208255251013838460 
1.25241225269628198014 0.05208006094429093458 2.20743034490032430384 
2.03396373905700311724 1.20460533099314082150 2.53528304302326201736 
1.22196636532625912963 0.79339380913835122477 1.40680568027377672635 
2.44894971889870438631 0.40241679556223164393 2.40717744015916812472 
2.13780607384729925968 0.03406045994797468612 0.68426933480024287881 
1.96993280286923511113 0.91567547478016275697 1.46298938673905887242 
2.52731694233813986017 0.60206430790565867994 1.85903146796422769071 
1.18177500571102922500 -0.26873444267778490158 1.09224634964250877367 
1.25632986944556801490 0.72938648635353597882 2.59354233854844373752 
2.05378512257522372053 -0.78925200751012014599 1.48289792289618183041 
0.92129362548036530800 0.17037005289672049746 2.27628833032440480721 
1.52319987800333733752 -0.06976810334314736961 1.36216255823487375487 
1.39123537068051517096 -0.35476338202138879563 0.74008122824032596121 
1.54446313185599515272 -0.34730249370891874694 1.10861568651651376527 
2.09762779744665595061 0.86158402908325115721 2.62021442923703951067 
1.92795335464527028968 0.93436199952856813233 1.39917518252029737802 
1.32065791212373784269 0.71097648453795136980 0.64239563227556661928 
1.62408272209506643335 0.22406453369352818950 1.91532331470534167295 
0.73064726276246139136 -0.43255774706423111287 0.76514797339088913564 
1.27215821171833298742 -0.22566871409495226075 2.11662944473771208465 
0.76656851857318863974 -0.49359125937210229784 1.73028008393683596644 
1.95120718704825057976 -0.55191534852367363229 2.16707770724873460821 
1.55670645196952750489 0.53640567648292869496 2.56342637374349990864 
1.26872480255440578389 -0.67020623405476109635 1.62506842260285511159 
1.81497281752496308904 -0.05381574998945761606 2.63573970618104480579 
0.62830658183514476178 -0.06722315948451772216 2.39688749739585205134 
1.36640581727128851419 0.31105672530765698935 2.00945709455891385886 
1.80136068823722594878 0.57321665409787614376 1.55180275219220731309 
2.27899134983547124733 0.92308468262316722974 0.85677203629257336903 
1.57466602608563976951 0.18520873902292916968 2.59218857608896824374 
1.59407553772802912384 0.81798938803298726352 2.54607520975928558471 
1.24154312097455554742 0.87694290300044852593 2.36869170302035314535 
0.64336817775649801643 0.01026563763104276598 1.52851332766907521687 
1.54482067332113048863 0.57071535848629739718 2.53983323828876184081 
0.94362005202303378404 0.20581361751707824559 1.99166756660860366779 
2.25278397985118417068 -0.70577470157562882669 2.31899825439133167038 
1.87928526742229440316 -0.00797423465895947918 0.89308923443522292285 
1.11958633673752272486 0.19943327147296843749 2.59174907139729748806 
1.52139746675356035688 1.13907077246536747595 2.19146109635169938912 
1.92546744350889098563 -0.49305533689651448448 0.83756662769454037765 
1.97948273690760134791 0.38858601242379620100 2.53651569869569826210 
1.60731261877551423467 -0.50632587907137149852 2.52553482591830258386 
0.68035672149709658374 0.97206703606528577222 1.82018766905416851110 
1.83310490255740332621 -0.16732954337823705004 1.42760292441556213561 
1.74844882357697950503 -0.35254985232497160208 1.28700157500794376553 
2.39703435184660751389 0.48249378892767647020 1.83431071613872553883 
1.91759869960073570105 0.36775163699320162491 2.32110596954201842124 
1.16284449422935054486 -0.50893950233060170074 2.14524698310219186226 
2.37697301905482127893 0.49793110439749932450 0.75067301183068024795 
1.09979707522370451223 0.15253264685922915400 1.93717360479036582177 
1.00107707304067505838 0.36998289380935872606 2.52736635422989586175 
2.32871609219433484128 1.22145624417489861990 1.74530567203211872673 
0.92124503523022205353 0.49225655990542444007 1.12427669923136863694 
1.45089701000973847478 -0.04642804722270437584 1.65047573360823340849 
0.95291072334217563622 -0.75554284308300012629 1.80357748068583445544 
0.69673526487146553166 0.71755783934833050619 1.00332566231625186504 
2.01858240955192291821 0.66257891409554980910 1.34499444046174221334 
0.60386528994471855292 0.21091466880715953325 2.58505280530968617470 
1.60545874100826346798 -0.55546769300375431477 2.61077357133423770819 
0.88136049033445273970 0.24555156574577768902 0.96648616544584975419 
1.00795698889479301563 0.03871372689689361185 1.75788587691796571733 
1.60222380607239212047 0.64739825595764011190 1.79208936883207647917 
2.37038830282133750060 0.81193315614009631265 2.27984047855761184920 
0.92807603881388889278 1.00332727929646359222 1.29793032956305842696 
0.69536120723816186029 1.09110033763074021351 1.17755465550316462675 
1.23763957014507330889 0.34885989225466457198 2.32819737731109599466 
2.04602678261670023474 0.23771674658483615827 1.23071445042609473042 
1.94840183970231795030 1.16972330931154022693 0.79114139904820324212 
1.43761051576084697423 1.05387022729370483098 2.35647324205124064633 
0.96511121334830618501 0.57103218085891982447 0.88218554093684986572 
2.39613230687485279091 0.33117154998412512423 0.72274328896367723285 
1.99989293748802854367 0.18149451072383435135 2.30339807711241562060 
0.65946055074854148526 0.01914688579323881382 2.02382098880403793473 
1.18540186988588902572 0.55346105103007692261 2.56806004535466581018 
1.17015002926245470505 -0.49715646860486334413 1.37309319572727206449 
1.66589114547466943250 1.06140563298444523532 1.76726637539367570362 
2.59198592194500720964 -0.22467089150826141664 1.48090323394028788861 
0.68458914934802972407 0.49995881547482134977 1.38177553496442162562 
0.63994280996690355856 0.92726417198941135656 1.36380026071724702597 
1.23236362807956489895 1.15154213926596660222 1.16429717099356655474 
2.43776195171147502805 0.64521502192721524871 1.53108052519575443817 
2.11101996959854343316 0.81729147178920757977 1.32386235018189912793 
1.51970103593917538198 0.07841168837393221180 2.16801473955835755092 
2.29479035897807071009 0.47781764022100947642 1.48849634532233876527 
0.91473396279847163370 -0.80469979280360071083 1.99049418393363408697 
1.16112711408820157288 1.01033564687168331275 0.64616741793053811271 
1.67119860059733871260 0.60710186420162326471 1.31575410135495762809 
0.63808072514514679874 -0.06745197885365544765 1.92704797167852093231 
2.35502463435854414442 0.35773185681920577350 1.94416505277370021965 
2.27872054995527673071 -0.63862957853740132119 1.59497723910518884871 
2.24038505803654297566 0.88778081703997901997 0.77769184611309682964 
2.56094216639441762950 -0.14987345717135477918 1.28269309701723477346 
1.99538895564907070579 1.20611528495241637771 2.51788514441537092381 
1.12926508026080685276 -0.52146001862961233186 2.48797028166964295792 
1.72401132107688881412 0.48315304338394698958 1.70640566805379356730 
1.23883427358191422485 1.16112546992491827424 2.15926378306354660452 
0.99697927628544624756 0.04269655495861406774 0.68480425033893943532 
1.04083312479758371971 0.35261425253994410633 1.21255071040133377558 
2.10486690190413749946 0.51068062757444776523 1.49505101365380443923 
2.45854163884456022870 -0.69104007662446853555 1.24186779385855383673 
2.11775571686496366652 0.02232661946052087384 1.89445189906605082619 
1.93356748532311550903 -0.45696263340776349660 0.69393152848218953022 
1.72107596093148007554 -0.34020339191671139512 1.64323224643356380348 
1.16023995557254533395 0.76792803533884090861 1.57979707869953500676 
1.54865287960078212848 0.81129501897457467763 2.27888363951596151225 
1.91691492978147559612 0.50236263025646832325 1.35668457894757477078 
1.21005773304916708355 0.72938821637554707156 1.47106369293369088069 
2.36674323382118023673 0.12615779441459909482 1.26865291192697449141 
2.01335003293768233235 0.74751533462916064376 0.75042244770069022053 
2.44824485858487950196 0.85268154114970728941 1.53603604883708855233 
1.60416373029746872625 1.20692710935032154751 2.60401670518600036885 
1.07461141591644260274 1.01601899919394411675 2.44228834648169046417 
0.96359920502996621039 -0.57560735307213417578 1.12111948825737983704 
1.36094879799186441183 0.38306443317433225282 2.54609319782353571426 
1.39857894307472330198 -0.16280912337415950897 1.04460636211966795273 
1.86816400708760554927 0.32343730904278245042 1.52303092710411958066 
1.92956708220952033450 -0.49204595736219036706 2.36335822112271509710 
0.88527472976317200803 -0.04136658271280269084 2.64515993846060704087 
2.56611627868463632041 -0.39975540938747866626 1.83986783511161777760 
0.61088187284443340452 0.39988641963533583246 1.07115626939966190889 
2.08458402587054525412 0.00980837771027140252 1.47491838301950872747 
1.31789895860061756494 -0.10907251246353812102 1.84369271833527959004 
1.56453674922075514075 0.20831207448203414856 0.83375459994699274713 
1.09889239064963906145 -0.73137272273404407841 2.17353793712809295613 
1.93574241177583505902 0.02209676972718815913 1.66982225579837684215 
2.19229297773798315063 0.14570873493554359346 1.16410401383791706209 
1.01390463346370496289 -0.10010124405696518846 2.48033350301809818461 
1.12125752334658734810 0.71825847318285340748 1.40362593741944574610 
2.56218569782268312807 0.93637467846043598296 1.93918756188460550405 
1.20321281221522125016 -0.14849248901604400475 0.66949568776243706392 
2.33432312248345397165 -0.06948733462291833973 1.87046604849443598440 
2.33341953823655590128 -0.26093519864250347418 1.25760813662638759602 
2.35918492430832360540 -0.10374456230769181497 1.53300514835942425229 
1.86329737368743830750 -0.66850585039542276267 0.72375889712949359467 
2.13851861523585062841 1.05967567770659942816 0.76545337774951727194 
0.77721148943277373888 -0.62796338316014677083 2.28184013109129768537 
0.66257457167320499281 -0.53303748488005775474 1.10980659394416569796 
0.67996383294585494017 -0.75623169826957070683 2.08372264361215897566 
1.32903794474848835350 -0.29553423015573693222 1.94829648953351286522 
1.44212766440474027263 0.16261911461800043766 1.00472653283298041238 
1.90255408903066536297 -0.40900399562241335216 1.18525148684290981826 
1.31065501167715958708 -0.19567403326548493681 2.08374768828419210109 
1.55637378604737119936 0.44942433697602196530 1.63553281725381260969 
2.07976980064360406075 0.64991078012187175617 0.72435815705894590621 
0.75089979694662234433 1.09214211706400310398 1.30006945571823595564 
0.76517859593888504222 0.90426358064768408429 1.74253832228517779868 
0.69880694729218983952 0.46476868350294614496 2.26841241414002103838 
2.12232844209102955446 0.49145345466380185862 1.03416182175942283905 
0.98369467891305906182 1.19557371855125338378 0.79107690486474946390 
1.71908835529349768301 0.71749619094065619773 1.99881472366778423222 
0.90461880505289227195 0.14758188312308570533 1.08078802937910611881 
2.31997569505575729210 0.68831363251943711301 2.55334919062252385658 
0.75415632766282303390 -0.34836887468620730823 2.32841116072629894518 
1.11891078190604287279 0.95812741999215089717 2.58617262558879845713 
2.21023430006559795657 1.06789821415211583222 1.57914498335046227240 
1.18523319316475195251 -0.56240373722524583666 1.25491566783439956190 
1.30626046550601593310 -0.07853988655935385810 2.44322010808089062905 
0.68840352906569401981 -0.25363937878673636916 1.44394550016189926467 
1.76457749737020574976 -0.50877626232683659246 1.52434803336681867769 
2.04140963481314763328 -0.11716306541142575137 2.56209987160057872657 
1.87354079071524992628 -0.62515954244106497484 0.64751422015992876613 
1.51098014229675814413 0.79164989230303728363 0.76307900928028193910 
2.03213255957499150384 -0.21062891526768529049 0.80293028296852264614 
1.81395133081197346137 0.36755697992815922204 2.31776474114042674302 
2.51104856737527626365 -0.39385167145030269831 1.84302601462331638871 
0.92515105340137215872 -0.46530008929786681460 1.15828856724135342837 
2.56208120289449192697 -0.24692896864072733099 1.46499126045409155950 
1.24580610884310272191 0.26974416811610146816 1.05678310789637053269 
1.35336486430332603170 -0.11924609790736810655 2.48310761993838902129 
2.01619329264053748219 1.19095045911481811629 2.55016086159670241074 
0.72847948634335168983 0.04560782985547756629 1.01626344999563178462 
1.55310527989447222375 1.06849563542204184508 1.48579674258711635915 
0.92107664985668469271 -0.64947604435265982037 0.76022833155904023794 
1.17004653609122311053 -0.49992919976959637740 2.28693927270191110779 
1.73522443532230385976 -0.10490023688721224204 1.16582247858468934787 
0.70750863539880204378 -0.44216017113724681575 1.86413631728031448098 
0.76523100612743988336 1.12405595035026983908 1.34906621136252846682 
1.02788320511170572225 -0.13898306312225039427 0.91809943207060784598 
2.36111333660686328884 -0.38781797050616440004 2.34060355987516777176 
1.54305199410601101562 0.19552427774161434959 1.81562676982736381781 
0.72122945781448044578 -0.46166316101486226664 2.12296019288302639794 
2.19438203975233836474 -0.54658770500549902494 1.94704899037739864731 
2.19729260565947592809 -0.47044473780043111200 1.68697554313682984706 
1.67902553791783892834 0.92600210139617677996 0.78052848900681315314 
1.28183131782600012727 -0.76102340028399739769 0.86594209855135817477 
0.76005773516093100284 -0.52659931968103013133 1.74234351429222078522 
2.07252385334561539665 1.13269900735921535961 1.93139122204445001785 
1.16540283387571097506 1.05334323373337324092 1.80656992110436998011 
0.71647501373794708623 1.05585412881919316064 1.97716107281190933698 
1.46388406803879300710 0.45487813424908274396 1.36302410887098424119 
0.70519438887373431246 -0.45000438842402595840 0.90886039755833325504 
2.40108480258715806244 0.48288306466069413903 1.70890556010743721593 
1.36146006286858378687 0.89083355425880339507 1.48129519171116630361 
2.08026025520509794120 1.00130939116151740365 1.50256402753153905927 
1.30386442538168356720 0.72250361898091264301 2.50709274725705100195 
1.20911419292773225642 -0.40565615230330154262 2.23676352571982928197 
0.79123442362563189967 0.37715084376535701338 2.28348270177486512011 
1.87412383013114047792 1.20734151130325551016 1.00680319606752499695 
0.68147953670035343876 -0.51147117810626741008 2.37979605828477325247 
2.56986023409473851586 -0.29915978523651970411 1.00939515960950898510 
1.88725573130818879974 -0.74308790866052987223 1.47433706753699156344 
2.51140044496355674397 -0.58151420261255071242 2.00208602798903090303 
0.98724082323751327639 -0.65422343073234479061 2.05314065930675937466 
1.92114294474665414647 -0.62981498407051084154 1.80284229343531188228 
1.63275281554880358215 -0.12264849425539210703 1.28178986165215635928 
1.12283185486327896641 1.00786475575531753179 2.51958975838800558478 
0.61437549532176771727 0.90338382022819430084 1.34150238334776306104 
1.08582361435471463906 0.69408178403691767056 2.08411222805281060033 
1.03687558541651547728 0.01015190945736339084 2.40300517403175151188 
1.28267918419362181304 1.08573047425729329873 1.12316048720228955915 
2.35221911144870521326 0.19649550039226865161 1.26715414262580083893 
1.29743335114528934859 -0.25252921718307808074 1.67296074841557262936 
1.49597624100789183821 -0.64911249050870301058 0.69108010243330464384 
1.91707456700284617490 -0.47379159021399075424 1.71247826205850239845 
0.98914505644194228307 1.13265764827404447068 1.59315908222126245697 
2.31593731784020873121 0.54874660392919394347 1.04503246549377903918 
1.64002480191861543801 -0.11842001525813317109 2.28696512890370939886 
2.04160591360420928808 0.41264039783829620234 2.48971176619619738446 
1.40257738383446839414 0.61973900649229807236 0.74787821367889262270 
2.01604019158385039390 0.57218759953755193859 1.97791762314476327056 
2.57396929632140025745 -0.12756696553208346501 0.90147993841827944728 
2.34289905220818539533 0.66970979419182941061 0.71743395301905110717 
1.60389536791194098342 -0.26948833578829306523 0.96571918209783258469 
0.96405510413546657844 -0.16374347285670065588 2.50942804286165843664 
2.23492858158241425315 1.11411825514636952938 1.69544948029375786014 
2.15779641399933597157 -0.46981631653242827973 2.37405914549236207733 
1.60144170408471553380 -0.27051364840073949258 0.68200601022627171943 
2.20825190576828278566 -0.02124601978752932788 2.18881690264783701494 
1.94550114804832707804 0.15407378829096893269 1.53235535644507048225 
0.60854772184495886655 0.88887456854303847908 1.32321939695708157281 
1.97929085664532089517 0.51679533093729912441 0.88521157486334878239 
0.95533867059201926786 1.16548423095209296996 2.04143205560238127916 
0.68210372574757704989 0.01263102661290401753 1.71515939975003228746 
1.24113076095077534688 -0.02990539699152497399 1.23610084563699795801 
0.67225831959980475450 -0.26059587328129218964 1.44166553118066165240 
1.61680829855029517539 0.75502824448306582461 1.45097232340173576404 
2.00804951787084418058 -0.50663408371155138621 1.91059704756060688702 
0.60882963892237162984 0.13456325386874931627 1.20380575071720330449 
1.14693119895289297183 0.29712283792408045180 1.06465487034289063573 
0.80989371885923966410 -0.20300662126624696713 2.50327727424263146716 
2.37204493780887704091 0.44564141955738367784 0.79641637504334039654 
2.22949640771144652618 -0.02261521483972164098 2.01848906667931693448 
2.42023053420228029253 -0.06795704939226399066 2.32730858602287105086 
0.92499086706926814117 -0.49428476097145529478 1.75853254981610707119 
2.02395271750068461714 0.68895302878698616578 2.32234522196857851029 
2.09690499930736562462 0.94335187419786237228 1.13492178457474346409 
1.65033092161552130683 1.01130187626214240737 0.78544257398505035184 
1.84039074220031584339 0.16289292499710283924 2.10074942586740665007 
1.28000157934536784587 -0.00086504132723861163 1.48951110915148365876 
2.28805685147762938314 0.61816537673572113931 1.33797427580997552177 
2.47006671860118043327 0.42814043917673028083 1.95983626744692429611 
0.75786461688275319482 -0.55887445313864347884 0.77927437955453493501 
2.19768399500157585180 1.04770619994307545575 1.43210961231092026580 
0.98081636257592774708 0.09690930885263851491 1.07924769132004683136 
1.68100659969145582728 -0.67029373926067348233 2.16312988645519244102 
1.13361512464784630616 0.26315967256595190760 1.66464718022534863273 
1.32030016601388600073 0.52831564040441414409 1.43780190038517097229 
0.99753319349808355909 -0.58833745655643931993 1.83917126366438066221 
0.70170538479866773063 0.91400790303022905192 1.82306979840161864637 
1.72485334442719495662 0.53083080150508732409 1.92551582342782490187 
0.68990852274870195782 -0.77416744137517234936 0.91358765504373118382 
1.31211738713766679076 0.21980438494841769703 2.53425883664843532017 
2.49350649774110433299 1.19812244494011310714 0.98883183551992348548 
1.62223029392538742322 -0.26422665040723886110 1.44399464172480351820 
0.94113912132639709895 0.52723931123516465380 1.82004089562048965156 
1.19228420385708044904 -0.34294425971772174444 2.15778292043466324301 
2.12031163552010371021 1.02221373549457017482 1.57621364332980840040 
0.87936139729202078552 0.71652146503293012714 2.02396849274691303933 
1.64461333871216108804 -0.50432678338221703651 2.38852768592428121863 
1.68451737065823459183 0.72876998058046482676 1.40257975925237388104 
1.45689966551092497937 0.90686771703050228499 2.32024808150411887553 
1.83582151047516739517 -0.16595122576018031535 1.42768092167824089955 
2.47700832797828063292 -0.40141795505863375748 1.18897273036390371814 
1.64226037381479450517 0.97567147132543230459 1.84287361467658672431 
1.97977965056047766623 -0.06988375307458546959 0.76512581509305133132 
1.75181751234487848023 -0.75033616702462258008 1.94469771713430961135 
2.46053683247728649519 0.05134289802022497240 0.80425847363164426618 
1.97262194957375092130 0.64228567591591001484 0.99946190136379209346 
0.64110194662907071805 0.09269491146252653579 1.16260529159056402726 
2.12392929860598655978 0.61684511150570964233 0.71812101497306268794 
1.35421614117344168982 0.05735475912405505611 0.98032411021123300188 
1.18575779734340969185 0.69165153801264367406 2.14037066045395940606 
1.01321124476777746359 0.25787005959877273842 2.47451459545077634417 
2.42227916033135670659 0.12829666839133799239 0.95592058532244994495 
1.87001751843041041923 -0.55970456159459525125 1.36537739304304017729 
0.61606197438963217206 0.06550021162086334947 1.13268828318435543778 
1.69211304301652876170 0.30251857910466062318 0.88221784619001908379 
2.20399552963183387178 -0.10599514745384970571 1.77222370567363607385 
1.95303318182761653787 -0.01066507752489940196 2.16886761737011601880 
1.11047772713596426541 0.39838615327070975303 1.84073519587284128995 
1.56666943193412788737 0.70871134137213986914 1.76088435365008910694 
1.61066801290317229700 0.05030258634303044069 1.09621936916272599838 
1.05925937473216147389 -0.35013237083261100624 1.38198474875903110082 
2.08836667147987631310 0.80755331614259984185 1.00602487287456487941 
1.64620026955589793261 0.21273723280632667043 1.01296168469894354303 
1.97494072278602139647 -0.23119952870070764606 1.04203168831582937415 
1.19228955757089405409 -0.29340201266666671165 1.48522342353549552385 
2.56533313714227828584 -0.28796209937549421820 1.70911740051631588777 
0.82374146625992328286 0.41311293006091143187 0.92460408492600276720 
0.67977250315629622612 -0.07067054139654938005 1.83840036961402808480 
1.32363368698216632424 0.75304709935897617967 1.69762607195192338772 
2.38952742472511570071 0.10457009120558986848 1.40378492881362659794 
1.48330330455173231563 0.65891531943881309630 0.81150355759066250538 
0.60505012761087906270 0.00826586898791713785 2.08295383808528233871 
2.39686216168363896983 1.00169134538856030581 2.32077235230556677692 
2.35195853198300408593 -0.76663359609877990142 1.24759487202455132682 
1.09141595286306691825 0.05032986345019061641 1.00052977870007997474 
1.06842707017574700679 0.41747499259182868636 1.86067213782747531425 
2.23347423344462647776 0.58738518907270353964 1.36455879179137107293 
2.11386850346159826941 0.22554967767176917204 2.48429257068267927977 
0.72044985524165139346 0.46408793775895218481 1.45666067630245055220 
1.12274141684950645725 0.78821121485026823805 1.03442582302019814300 
2.38566301895947496803 -0.21313117778558310356 0.98483358333343773428 
1.00845651407126246646 0.35305484051398372536 1.81933326450349119874 
1.20968410211043053692 0.42589282427006697196 1.76315929891375677840 
1.25630851855809666517 1.05592624870717588514 1.17806440918457044909 
1.76392270955268637422 1.07808344006610923316 0.90184800006904852765 
0.80258187946110026711 0.16630251220019917624 0.73757377534009349596 
0.82400113217123160947 0.19905237731614114360 2.04820979543286219027 
1.51926205364329081071 0.54043404433949959742 0.87631526992495334394 
2.15955094146672843536 -0.12794764581920087254 1.29895688016886290406 
0.60199024648277088545 0.79476382000182865806 2.24651212890760865193 
0.75684789218005055211 -0.02599814237683394785 2.45172397711380751772 
1.57916280738419811946 0.97148440724208195984 1.41140755599042377888 
2.20476075205739574514 0.29304237392790510874 2.02109283501663661298 
0.64595924267476356739 -0.78819295400062383550 2.04451387652704275055 
1.64105197094795185464 -0.50367126960657648826 2.09858554804687091888 
1.94297088385663596632 0.66682917834622434938 2.22853035211276351291 
0.71789094703600042635 -0.09128365027381808716 0.78879379483261702344 
0.72593159236867266237 0.79754801496377381032 0.89150557090364968005 
0.67490926866341860446 0.20947873692876120555 1.97235609580552706532 
1.78713603485950600636 0.24563831184284473652 1.68638796607375018866 
1.52240201441223477197 0.93072745455187111396 2.36124289909729379033 
2.50162827387025687997 0.48716332877041068627 0.92838280832380248864 
2.16089022322565149636 -0.06426803870776852390 1.16296573685954873767 
0.69300124846952360080 0.34670566881252284919 0.81602038618820504912 
0.63107819657335506580 0.00911908082624442000 2.05160143223714408478 
1.39870874007763990043 -0.47706770795005781771 1.37158324693769362312 
1.08047035116402967425 1.01018114073947073983 1.07970309412706533259 
1.17799075410863363089 0.78083884870517705767 2.39551485981694467498 
0.96100474088509491022 0.57493453292821017353 2.20074839043970627017 
1.85571650547990829594 0.70451700070121781039 2.57172906719929494912 
0.75835570552638864594 0.42493977526652232379 2.33722952000318384691 
2.08097154103322701246 -0.43205094050785147752 1.08429070669109095526 
1.56811482839624805052 -0.26929993627267262424 1.20181706584067371502 
2.28328275587158779913 1.13502111707869723922 2.09383776448347269650 
2.32110112703839233106 1.19296382475763684816 2.34638241460238727853 
1.41944263300177686560 1.17890733708108497169 1.48805317662027025705 
0.84135605765346266338 0.69197846981143484868 0.93638010573850716245 
2.01231946192702570997 -0.26569445738400199186 2.55373104367479841770 
1.54838365791400112137 -0.73089363386108596732 1.06193668827173204328 
1.02638099358584855558 1.06519517726496748544 2.08967219485516109145 
2.14974143177351217915 0.85563746847039734433 1.32470580225885892212 
1.44291919462158180210 -0.28568155984185283902 1.47752935640173777010 
0.61797108748278595236 0.24383254744966595395 2.32411637210026711386 
1.87479769459132161735 0.70439652285743203919 1.55464089444300346265 
2.24101645420713335710 -0.34953533014693372039 2.24404868097356313683 
1.26254775657451911997 0.71558199092615093484 1.51401803083175079401 
1.19810600993377702750 -0.14155910628921705707 1.67676850695361268073 
1.47796194902563260420 0.89026636679562598520 2.04309271036123751841 
1.51507826071426388026 0.33053524272826562136 2.49483168817185196886 
1.97130814857549752084 0.57005677518473762966 0.66789012151843374365 
1.29792748387031453561 0.30705267559868859584 0.92290589519725041434 
1.00600932282608357404 0.12544513632483594856 0.76736071124719806846 
2.24220028669316340242 0.03796214377491881342 2.12648401873866443879 
0.64098162876964592805 -0.55024387288282827768 2.59640482768052160978 
1.34156029571730672778 0.72860405630698454882 2.49495050739418333663 
2.39281906713006931042 0.05106744253351953866 2.35467645059776442551 
2.09213596712176075343 0.56740157556698189723 1.09682666021957286873 
2.05031121193417531501 0.77625510345408943458 2.29607182695987077636 
0.99483380071878457773 0.96412172467323697944 1.17226581721060751917 
2.47654479805173055595 0.31270507867859892448 1.04917397649818422423 
1.16671644571232691057 0.99593761456979057467 1.70035196375528974144 
1.49464663612369830226 0.07930952214187292348 1.76313538546960169029 
2.51339152104083085604 -0.43759781496912630860 1.52463498116898876766 
0.99385348480095347945 -0.70702138258710667262 1.28915345144855009174 
1.76238903873275765122 -0.66976327664304857734 1.23706994477545206834 
1.19429098663633204147 -0.14075163206823826378 2.32485700738374356789 
2.46046921708126076211 -0.07516359017369561579 0.75588186609935126281 
1.64447943541842800386 0.12631820221685974293 1.25648807433841280812 
2.44799461612683932898 0.48705887062647296171 1.88719729234190469747 
2.05503728970418553246 0.41053573474102944552 1.85777695272474829835 
0.83002786430269359652 0.25575726660304221038 0.68324570142166962672 
1.60028012122418816787 -0.65042669754349990985 1.73464655937772538330 
1.44893437899863264384 -0.55920009514352175817 1.87928080366652849875 
1.77013554246536553016 1.10598112922477609388 2.40580472607230211324 
1.87554802116684360414 0.41792047514202251834 2.05115852401144582728 
1.56803312613349388194 0.18813565762933220915 1.24960909178273982256 
1.15634472311964731084 -0.69011669223012828134 1.40242181402343435437 
2.11122447574818261629 -0.29145085248406610301 2.09969775184213736097 
1.15855299328170424644 0.88052108785756411091 1.26512447224930757450 
0.92090378584688270536 0.09185411821590028225 1.16629465959429734490 
1.00634797047578539164 0.80413079442763757410 1.55088330974649757366 
0.64616175445809043154 -0.25918038233552243010 1.96149364712096785368 
1.63376853617353967607 0.93105033545408644180 2.36327838505651799395 
1.99842713694744222863 -0.31060455669371150877 1.05463359863788563864 
1.00719887780072503425 -0.56145749094498165199 1.20191353499584230313 
2.19829814357508013245 1.18753732352113927639 0.83805508452016119758 
0.83664480373342431374 0.33439970945905644895 2.27700026561757074006 
1.76147995515034705427 -0.33566806988445002657 1.29167498357542820386 
1.32266200700414637836 -0.59314688019729555624 1.56225832896256733306 
2.00085536518746076595 1.17868300784662860536 2.56399986152573289289 
1.64239906706536076264 -0.78973174021487890784 1.36490787292526749575 
1.23390106061987436803 -0.03527112155202367927 2.02490298918208377899 
1.82956905574503569945 -0.70525955569129261669 1.27322267800445465546 
0.94774271163962475750 -0.70041417649586634742 2.31359865428757283112 
1.90228371751694957936 -0.06002774197105194276 2.34265873494503740204 
1.72411526503787637665 -0.55196465270924710556 0.76463147459787927929 
2.54139441710377411709 0.19213880105844918789 1.98997991497470860800 
0.71413362071823816013 0.71236258336759483711 1.64336715094432195272 
0.93604259471612494270 0.33020548207675082253 1.51650921490552104132 
1.24706488728022546475 0.53839178795654007992 2.52484403235001542143 
1.47753533911306367266 0.09879305931403545293 1.73717701359770582137 
0.99503200007513881165 -0.12861624288981049480 1.19635897601069185470 
2.50411496618075268827 0.04767441584902844254 1.13448937256011594954 
1.60122857650859096168 0.81123922153723515560 1.52031093338324652109 
0.81161900429928257594 -0.21405432843306429480 1.39883765159463036021 
1.31402684396898261632 0.25424517844599370253 1.56226603919873885395 
2.08083549973301673575 0.28274652307486086711 0.69826532303665689305 
1.86174691239562584144 0.37541669847904540758 1.68712138319158566624 
0.76541641960532880162 -0.74501731488389710822 1.93542760236955868614 
1.52864544958551706877 -0.53435528381921271190 0.92841773202496424844 
0.96079463313128155022 0.18432548430696146791 2.00440767744141723483 
1.25230012951012792399 1.02449099215798189455 2.21084520164851960899 
2.26047349420144172427 0.71983085245266575924 1.50702440417315219889 
1.08368764400263972725 -0.02706306588871174035 2.48295836414256321234 
0.64557110100370651562 0.97102546495876840282 2.43929956132387593115 
2.08124389853272750983 0.56876239990953636472 2.07954385374740846615 
1.12887405195629608734 0.41169791818850925980 0.84350616910569364837 
0.78373718855084351098 0.01782908925080085860 2.40537672447809569576 
2.16245500145107527601 0.78539230151178163197 2.40356994279893676492 
2.29900275996007863455 0.98597770464241485389 1.53873594163313742733 
1.00362068220389621942 0.45839645669142159434 2.20491908448657980557 
2.21267502593182685544 0.48660763733874468073 1.77507299432435949882 
0.99543582869663282953 0.01546735831325478025 1.36138280275698608790 
0.91913026581981449592 0.65332458441421825679 2.20451203071113788212 
0.92295162669873354044 -0.35147151905990103860 0.96444764541781247136 
1.40618504883143846662 0.68616878810411430223 2.52809403944498267691 
1.46853130385350794107 0.62508375884158218216 1.08366489996943382579 
1.04620250869038367014 -0.19457680912716368571 1.79029187802934641738 
1.66179111544269320078 1.03520821488178982328 1.88429501988525038847 
2.49041927878146784892 0.13719626242701879471 0.88194171427624434845 
1.89978262057111813021 0.12931611501595086100 1.27578191539685659173 
1.05057462502994747311 -0.67825279448644160141 2.47280854837076047303 
2.42025578626506820967 -0.02577655287060738251 0.82233733733727520931 
1.90732104233441090990 -0.21710067708399066744 1.71954970513137017640 
2.27057657815447999639 -0.14384896339684682953 1.79351114564117541939 
2.36736106854825445467 0.93085686867711003867 2.22450060595153775722 
1.28262488098365490252 1.04828199642790975687 1.56555069202678720508 
1.01322489283318661890 0.18330028944633511290 1.51372505624274378278 
2.56175070772568380661 1.17330123749125614374 1.59991490188216922697 
1.10821636215093843880 0.98983427082404618069 1.07660061252390359954 
0.75050980230840147467 -0.02957606724868563561 1.36243859727662663950 
1.24697811959988125174 0.10094274223693265602 1.17493275427149490575 
2.45082326060114708000 1.06998083461220239165 1.83662085369165062332 
0.67237853137612790810 0.05930946137076571756 1.10294176257909382066 
1.23761551493402310875 1.09021904341507513969 1.67633373594534318407 
1.87421403984117396213 -0.16604228896235673218 2.27497521501065191885 
1.52001261131083764688 1.10809867336552048123 1.48851907490284074420 
1.51226671417415325926 0.05621781214446200381 1.44251075213361779070 
1.00276743595037820533 0.31360712581785332720 1.28290645771120637164 
2.20065460513427213485 0.43576069666033850902 2.17398912967081381353 
2.54853123175792051214 -0.30820521458085903266 1.13528004568922669115 
0.68043363384397304028 -0.31305621253645182778 0.67301315422892116214 
1.40085421954199129679 0.60598530141391826476 0.73730590123155337334 
2.22407178817608475185 0.49192366066838666416 1.69310552799479818731 
1.32228823377875559508 -0.72879043853021463484 1.85264558227017084313 
2.13980012970711053200 0.53093577243492429130 2.46557194777613863934 
1.28844765132419736275 1.20592503281761054268 0.79888937404979476486 
0.84093884567744259240 -0.34494479811326245189 1.58702652034719005059 
1.51270804389024582370 0.88509883771184971746 0.72375522125487590230 
2.17026990084746040921 0.45010845777641628196 2.20597152781457683801 
2.09281986888929916191 -0.69710909037666768384 1.41996966995526574529 
1.92040481079919600482 0.66186642151526253741 2.50973878064715982816 
1.43117477376808510670 0.96625741849368274039 1.16978012714076951006 
0.80101743706634875863 0.08361422674159760260 1.39557179292185651320 
0.89202256664042911538 -0.35504441704214728670 1.81508290355817480943 
1.40048841117079980734 -0.71052740322063379086 0.74176917969475986148 
1.70503087322283053417 0.05189478364473881083 1.90843258465109877342 
2.56849327799958038199 -0.67104161992327837627 0.75561617570367434205 
2.28398000735787842785 -0.69685364873813082642 1.92711348857644249044 
0.81192653419728022524 0.29393696107206690460 1.61603480022380452397 
1.03353341418996991230 0.47982296110773881015 0.87893094976700358867 
1.20339763477806882541 0.42249342726008404236 0.76321101033314608930 
1.13623938944970448439 1.18758685127886076671 1.22913541438093476543 
1.46312385544657042047 -0.68899920554491878022 2.52370921540518367010 
2.06054600702357237907 0.41376886582963984251 0.85271153197760340969 
1.28510242052450940342 0.92182222210643216531 1.85322419670553428794 
1.16428281781737963385 1.13292657733301682654 0.85800818887676655322 
1.91601709920380702812 0.03877934899256843537 1.63700655530033323259 
2.05855616724958023767 -0.59766800848899848120 1.45930961469957720666 
1.32310354233797244916 -0.11407021018082408315 1.44211580034544728512 
2.01365798366288517585 -0.21115351224150405440 1.56267298888780259425 
0.61038527910708517688 -0.44758808780939213223 0.89223830575989060421 
1.64010766153669473866 -0.77520654901760721600 0.90387691983255480377 
0.98439422134815912635 0.49646134988318113557 1.65687642196067752565 
0.91557638780864203376 0.61733574336342245115 1.48758126334132900759 
1.07436301236053632913 -0.07290117299604852164 1.14256827257304438561 
1.21338094992533340744 -0.63037790075810407053 0.69506377448009593056 
2.00142761718725559206 -0.12050703900341720731 2.52028492260908976164 
2.35101986111146921132 -0.60485955898810006559 1.49036126214837927328 
1.35836106015328006436 -0.22021684514306183456 1.99183979005358646752 
