0.77259759105800207557 0.44537675176655888709 1.21178309799497330168 
1.50737338321229596971 1.62475245486643204984 0.82803339338679005088 
0.61691614203942213290 0.18861514384821539969 1.54676135532478542522 
1.80128184123629497826 0.56855905980350851525 1.47680375622757797949 
2.31992103607530442133 -0.04115887335287287535 1.77856298100866494494 
1.11787949855653612197 0.32791500355849395598 0.87554012788881308005 
2.42155923662807603947 1.72845515515228487224 1.19120190986671325994 
1.43985246671944921992 0.51973536359549887820 1.22335642713025527506 
1.83631332762060250907 0.60827729570620459043 1.39870555263612339481 
2.40444091233468615343 0.80819323618364291573 0.65798719137730399265 
2.18210005251619332256 0.93049867668855656966 1.34044662884221876809 
1.34145289929955269237 1.27229256324999995265 1.91502146350295965327 
0.78324396578138788527 1.63162478083073403390 2.05199274879609916411 
1.83161932698373486339 1.38745284406176194736 0.68809770031720285388 
1.80697839270448312732 1.06111076272993343217 0.66449521075996642594 
2.19923901943610644594 1.18632808972509384837 1.48437146236238426411 
1.16615842575998573949 0.56687011370429485346 1.79385710553136190626 
1.54332717829048338132 1.15576738766899222988 0.62547506106474493048 
2.19885230383653773600 1.42777731556637776933 0.60447121182273433337 
2.21951607850797838495 0.77918577569883251677 1.57534714077900162010 
2.19321119847015166826 0.35816989129196652453 0.88111618034845917702 
1.32152412775028627046 1.82400087585020953540 0.66683825542468366798 
1.83527423232969244538 0.33428940706660276172 1.12247499549139595487 
1.60518930116071478764 1.12946936346745729907 0.81602095245099426357 
1.88760354936902663425 0.77284403118064970428 1.37808844110917072534 
2.19419272613288862672 1.53221865759887454495 0.81821029383654297895 
1.92442235002873740513 1.28282546406186903631 1.15638589831429783317 
1.84160836193880372846 0.05161480071223131794 0.68882382389464191785 
1.86372547054376846987 1.29965301650038034253 2.15394432699952265153 
1.69845239271529679925 0.13363581161766510674 1.39928357292722904681 
1.21568658976355314927 0.12582084606230761747 2.40836520842136492249 
2.51459856993745312082 1.45696114997435799410 2.24540708732321991903 
1.64808691637901350013 0.11091216334052811376 0.83041889757039744069 
1.10066920768530729369 1.14298997671091440154 2.37800642784694549192 
0.87052921010968553617 0.19425255467538971033 1.65604503065485619828 
1.26403793481745729821 1.84092215921661828126 1.36939755614448110954 
1.64818341473126328545 1.84156868362148129492 0.76006489719025172036 
0.76518314082762206585 0.61715808938866234534 1.91579484134027233644 
0.99056179487405093820 0.94594636082883620798 1.73655083413751198940 
1.29514132857607466853 0.17666168751257482761 1.52448577200820967192 
1.60838779722532265737 1.80116631957206752013 0.77250023654683908081 
1.02710501473677884299 0.70501820357173916598 2.33434367929005182063 
2.52510940686851181880 0.44789689427400664057 1.81533459229200433427 
0.95804054651747916349 1.72893586821628275629 1.69989278410870281455 
1.87381771689282938809 1.31550276458080683817 0.83726499800439757593 
1.42256959245636194211 0.25904597065432727332 2.18828693759011727593 
1.07079666857194388818 0.68293824307945916186 1.04437645551516045117 
0.67857288060026055287 1.76139717152186858762 0.49524542150023520559 
1.68364315461721725242 1.36888023975134265342 1.17670787677498456247 
1.93340826994092629398 1.65589425900566045158 1.02093608846932792922 
2.34723062866878429134 0.11911979913076470305 1.16108829999099172348 
0.65423215192198302947 0.08074128075135172944 1.23462855657562897704 
1.46320315319725047232 0.36565945298780994088 1.83532889523808906418 
1.80777165205714873686 0.56010673091692031456 1.21354542396314935004 
1.67149895990216834640 1.79826756993804415252 1.64282155349740777162 
2.05388395919792365873 1.64142293931248572925 2.31305004648761292074 
1.38400759843177589836 1.13734289653005160581 1.85918361152047961760 
0.76413579599358683048 1.74995561229906404499 1.51147556388723547371 
1.85635458318814206002 0.98726286092892356905 1.71682809617573051142 
0.66438617716292269755 0.08286499083045763270 1.75941206513115133703 
2.11793197564021973278 1.61453028143538324102 0.68402434107303533573 
0.67364584854081566156 0.41947216901539069456 1.18754683011420159033 
2.32436887672842873442 -0.04070702073379456332 0.81921890782967277111 
1.12927113732139750013 1.74103581059182976887 1.65577790945253644495 
0.68489671845017452423 0.96469942413903664313 1.19721400778747311122 
1.09973024693046617095 0.34380294668432337390 0.77759093690844727220 
1.16294240529177250743 0.02265625032641616077 1.70838025673905491431 
2.17191515838009285844 0.60284537640666902014 1.41245659516256294452 
2.01777202706635483409 1.14510574783344987182 1.33667633832033838637 
1.04474372016898731097 -0.12799235768024866400 1.33090459464642063558 
1.90271456787083437234 1.27345789461026925871 2.11618259001681563447 
2.52798672531196411128 0.29997782068115608212 1.84574635332943293164 
0.61386004781699354815 1.10371572643851267870 0.78013162765164723034 
1.05816489377403044614 0.32003460641832531808 0.80319764521516090472 
1.45388146715827271116 0.77591264609702026434 1.60284377785492204715 
1.64295011872526530716 0.36668797274459408175 0.85486759306587212226 
1.81750963367583628916 1.52150956785221214140 1.39312140544955465060 
0.65162513199883975723 -0.12310135046801080894 2.18304349553351118018 
1.83614244858693242968 1.32267265656418464559 0.86864951174779903020 
1.57014877186121681873 0.17042575346076871412 2.26026158168762281164 
1.32342898678052778294 1.23647950651001736766 2.10325872256931045712 
0.93361711224808685561 0.65282533937079634256 0.83859877567092966366 
0.71850064846130978768 1.77312998711215263903 0.55599445266126645837 
0.68175052483972120587 0.01434045001035157488 1.20889832952107445507 
1.87979737273148117538 1.61835154833124961193 2.14845096440452731912 
2.21339961131563356389 1.48924654332975303639 0.80129978871382123717 
2.32383595718542990127 1.06873827016277855861 1.12976339670287995176 
2.13484543139515059451 0.78686218768776250432 0.64141106568440431346 
0.92603526936781999090 1.69436749241364048579 2.36666793824107379862 
1.87039497651907415943 -0.11113467992732081746 0.67556020974763941744 
0.79489213637406208601 0.54279740005386645230 1.48324892731038771032 
1.05746448760107103482 1.64766998732784819559 1.94314299916815369507 
0.66375016635842087886 1.15841198457103655706 1.95295099623435164382 
2.22370764581812707661 1.62424214449123294202 1.97562404191184515234 
1.16978603118532098470 1.04595101737436069200 1.69239480611314707659 
1.88471833242363762118 0.77810358658571343593 1.66531005769603646094 
2.31039543398353730552 0.05708045599417824190 0.72167710856648115136 
1.00262420720823697273 -0.13998756530439845913 2.34383711864243471368 
0.64712639222908452385 1.38582857930553782211 0.83599468939366328168 
0.64447442150682610063 -0.10089277979284839992 1.26734057603502248135 
0.70858438974761939200 -0.04889171068375095658 1.03674101835583676312 
1.70398203048852958652 0.96229853104734186520 1.10394868647678223716 
0.66652553002340308996 1.10475575955083549218 1.66102541968718919740 
2.03221351967295982277 0.68841866853570243823 0.97861828721915000706 
2.08434712285058365566 1.21662818371132774864 1.68632656598677499460 
1.22091126738510968863 0.79362799989918098031 1.43987682118426207900 
0.68331159611890257555 1.78338283031802125045 0.97777929449944944729 
2.12591379943281699738 0.61015818032522173286 1.30008733731792025523 
2.12542491379302012078 -0.00026255965245959286 1.32518901774637587465 
1.68749097986367146973 0.92127842585946551068 2.30318635031327367813 
2.26381769308493119297 1.04942358276701130926 1.69106564996150132707 
1.49353820777730494918 0.56543586765864894961 0.80793174849305493535 
1.09932438108659114029 1.26133294050866395786 2.07440513459600861523 
1.50457550262742634217 1.76327322456954371788 0.72199691084443906597 
1.44445601236703935477 0.16984367725852159148 1.34287305310184268414 
1.31384284734042866560 0.57200068748506804894 2.19047830291234779665 
0.65158409034123709880 0.60503442374950888727 2.18346499276142536061 
1.71147564869497137430 0.54154965234701823995 1.85608382846773545261 
1.32938471657321555242 0.16911967352336435000 1.46039297111134569462 
1.36987459234049291368 1.25133341094966521467 2.15591442763028240392 
1.90617882124089188522 1.28919192590761189088 1.72633152034260328733 
2.40630818096183229926 1.28937506705870275070 1.17753033247969951525 
2.10225368020878278230 1.61969347828855481097 1.89503111133854229564 
1.88397768352553773852 0.35337295728538614670 2.25223949946035961744 
1.84197566700602188838 1.56873022331313460853 1.37318789890994907843 
1.68316386932598649473 1.83023072053679669580 1.09883882316800751688 
0.73934221206909100932 0.99110165675972328181 1.71832660739827947083 
1.77602340918583778695 -0.12064240030947680216 1.39249718257415522338 
1.79822559759205602425 0.56892011720293877985 0.52951206920034354919 
1.25985242723518120478 1.30813122795196767889 1.93013074453910826733 
1.27658985084658360698 -0.03045227898710164624 1.72689727288590888499 
1.68428426877713444121 0.89409692831337417296 0.89932243892158580945 
0.76119917575880180483 0.44308578520546404445 2.21778784148098750961 
2.58424337474238763335 1.72550765425924024221 2.19928249557814625703 
1.96917204939345236170 0.23054626443526404778 2.34807846147716592355 
2.10770285488296638121 0.80806070449034861358 0.66433359261606561574 
1.31207401142446200559 0.85998835732473100091 1.96313249903173980826 
2.55764738608298181077 1.20264848176106364797 2.20892225545056275493 
1.99768043122430705161 1.16847316291543190658 1.33795789454071334390 
1.19076546403460414858 0.33650355112144036962 0.91364154358894811292 
2.49459198296118334071 1.74335707873248169086 0.59481056276500365865 
2.08254630838616794364 0.28774910239240297782 1.00571544843133087177 
0.97124424523325647574 0.00971507797679358256 0.72295770321562446981 
1.37028882057050105381 0.60495123720245602694 0.85069423042137770619 
2.12333246141095166593 1.68462285697966396292 1.65192052274803180545 
1.51101936580820783718 1.15481817467528813381 1.38464055406525732295 
1.92365304822624416659 1.64064367254222998049 0.92292981920453365241 
2.30522630125849792293 0.85512936565491060037 1.00454498004278724999 
0.64104189916314413544 0.72510219833539080181 1.12368187802617458537 
2.34409155410465963598 0.38313153820515327697 1.17769098389434812013 
2.45384353938053045852 1.73664266431029923332 1.50877128788118008984 
1.68175292117525976288 -0.00360329137631778748 1.21216061029213406641 
1.42100764441465976518 1.16642969361163673092 1.54953048360375178483 
2.21159269520940160447 1.42819358474537794201 1.54530342566535838777 
0.81346385062986037440 0.09799552215693439761 0.66208616164635447632 
0.84479498895696703009 0.59027393956364848648 1.21878496472326647293 
1.51071064795009779580 1.42665395364564417946 1.81468382046825738030 
0.68312489637947304555 0.25701687501269904201 2.08292573081607512719 
0.69899750495123180727 0.26613268300442621817 2.06724748561840199201 
1.31526017941314665727 0.17462641337644405071 1.01301677374476861715 
1.67882178291968831019 0.05485904310898624681 0.75709031386565461830 
0.81465310798065471154 0.44850304553231473692 1.77823816645275778470 
2.35216874386254115592 0.54841604701916613074 1.19453960913643797426 
2.08481499835839390045 0.64798729163756896288 1.17715375004793521008 
2.51489571198607730906 0.76911740951145901590 2.25125052702060113319 
2.31911731342415272650 1.76452861207676914290 1.54387612252210315589 
2.15070363785055373995 0.30373303155468400760 2.00425781602622299360 
1.39738696804552198216 0.52920668265093251392 0.81641087513300969469 
2.54324099161421157689 1.75295264385924043360 2.25796162398939426197 
1.16606687404243802852 1.53085961491981437099 1.25997841932447873781 
2.47614386510745854153 1.16307424815008197960 1.62114130693287750162 
2.35076737252698286795 -0.09861811008599097317 0.81465854743891097378 
1.01769380800213427030 0.12668430749387626921 2.33996550466574548821 
1.96784199498686085406 1.76824588555385431299 0.69034769135647033877 
2.14356781138913765616 0.01055115997123593982 1.71474893586853793792 
2.05016039142581929511 -0.11430729226309127577 0.70033128530218879959 
1.18453871316432146621 1.29045942350815123767 2.09862101100094289308 
0.91214438940870379291 0.67984217691425352648 2.06086179008917813604 
2.36411211854401726029 0.85995524538340539777 1.78647280448472645098 
1.17747104671589908342 0.54019232697250763042 0.75954500305042327302 
1.92526309520974847622 1.65919555721655975766 1.33354664417047152902 
1.14810144552183124311 0.98040575344225378007 1.33068508267532426004 
1.75713934578949104726 0.06992517479263796187 2.36888105109952284977 
1.01067668930179288544 0.66147330267629234068 1.22273094157337225418 
2.04411417929951655381 0.74071051878048332906 1.70443292487635567056 
1.19480237099366726206 -0.11958284966262387738 1.66184542216168984474 
0.68305405916727235383 0.15820660507732348110 2.06330215554288276536 
1.66997349799306182838 -0.11113295349490755204 2.15039236430756464102 
0.78611543664197802705 1.45117381208441598162 1.50639064266956790306 
0.86488453229946293810 -0.02082000002200182914 0.70021585676949538168 
1.19910924185359912819 1.80806327697406610255 1.64963809243264414306 
1.51874296278332732157 0.56816748382861614886 1.82370952171252809215 
1.47213044397214209980 0.56240466021604940128 2.23488291368975433571 
0.61674796710904067343 0.45976780328018318489 0.81773555843279777111 
0.66873732056952206459 0.87442757218362709981 2.33582715605834456696 
2.24492328363768978150 0.98825222409056800998 1.71897692988592698526 
1.38281908648610718515 0.81040008095417015443 1.19078955681187759197 
1.63698690423412851480 1.81002524441581780223 1.19323434344199208468 
1.82901200892072868243 1.65616294837167643550 1.46382478303135643571 
0.85638763509573245791 0.65371741836056906916 0.93047840931267777886 
1.68664035988814076106 0.96168736994972892074 0.85464863965639537025 
1.77746812254779462670 1.04977119679407926434 1.68362516636096604117 
1.76253866617186227828 0.52860985420020156766 2.21828300803656652818 
2.50746640974406975744 0.73456713812551455156 2.23438671890829132494 
1.65074435103875583053 1.64254167205621270931 2.14693652618519248421 
2.35654532167079633354 1.80617054565520884779 1.35668672520608901699 
2.00713245587601463171 1.11792253838195576598 2.34561473835529454846 
0.79953357541546066223 1.45088206748866466178 1.79240978047823573682 
1.57271654691367057666 1.75609629167144598583 1.41877438053996174361 
0.80712974561806571927 1.49567516276551781829 1.40796269054808598220 
1.76274973570618498364 0.99967836718251046335 1.33779700869478990199 
1.32755454164554675955 0.61517729464670622974 1.88938478907645479588 
1.20138648569581785175 1.54249459332363225705 0.51914185816389246675 
0.65977217658158304747 1.81115931741449109893 1.36350236880592579070 
1.28838691168928654029 -0.02830093535182056155 2.03689261151541600725 
0.91833710596003215176 0.77153716284038098561 1.68403349901785870379 
0.66260069493068529667 1.08710467774384444972 1.70031844878858962034 
2.01703863349061185417 0.28911712267830480538 0.92711380775820206868 
1.67136309323976695040 0.16469166515448230292 0.94393132595513373762 
1.49219095043274108114 0.17876562109088359187 1.34644624555109970743 
1.72709576525019370408 1.32719155991868209554 1.13778963359324780669 
1.43253113308774926438 0.77149078889530420255 0.47904301371208396487 
1.77945851009296740486 0.40797796961827137441 1.19369366625818651428 
0.80661654082059763837 1.55011630193034699587 1.18947586379518566169 
0.63649927508016546085 0.86095013380032747730 2.28016475765763715344 
2.37661566647223709836 -0.15136119418186713692 1.66968463411630363424 
0.93558458058785654021 -0.08544627773404459004 1.32396144180979491445 
0.81342953557040464929 1.22491988985761213193 1.51572618859437224792 
1.21449483745990560735 1.12395276188916781734 1.41952066791356767972 
1.86537999319734115744 1.27727470675044796344 0.95649321515027296847 
2.51536345602273803124 0.76387461425923597336 1.81214153075891504230 
0.89112113309602747346 0.75475427427705854555 0.65121878998581506082 
1.17084085346606925349 0.92921395348432012096 0.68997989569514484032 
1.01812226378051917663 1.25059181930018170625 1.73801650573064869754 
1.32942934588009098462 1.06951404068069577669 2.34650609343786786809 
2.29657464345121642424 0.17069757101738977645 1.47873969834504159770 
2.36800508259575881453 1.14135327580050627283 0.59234834187964269248 
2.13436795821444036392 1.75029700584202974056 2.40581625158082657023 
1.91531636395418214391 0.70815944623173787686 0.67721022890186244325 
1.18901608553999516005 1.35611027336415501665 0.58190429392569709144 
1.65048472361965559152 -0.10914996015591335587 0.83728610701941297290 
1.70731577247839561018 0.01477538223439645720 0.94932960376541275505 
1.95354519124578329681 0.30837706477162890595 1.86315092267318038743 
0.86787436038625309642 1.32972449823974603333 1.72072367659025360354 
1.02761657779911952382 0.11253773053623047917 2.33975004412381437646 
2.25349265732998693679 0.65215584270523618837 2.09234251618198863198 
2.16134755875801021219 1.28819867128805953804 0.93984350851504561142 
0.65270569468657269052 0.09400112362022229606 2.29351465209715499327 
1.89040198584527874281 0.29500867732621166573 0.99079304122490541307 
0.64406934013781103054 1.26982245302791652009 0.88889390986982108611 
0.68052094389669537389 0.25899660235859800483 1.96810988140538989377 
1.86962253580045434376 1.32978736309053968689 0.71271918572282821902 
1.95361472265828362005 0.69681506322157782396 2.33708047508560579075 
2.14335041967231765270 1.35131161657182574665 2.32585884784422125549 
2.05713181026211389124 1.64625971301062690166 1.10000779457115593907 
0.79044425275287522048 1.40613184506874366875 0.51709470858006445493 
1.49553149253275052821 1.14696876227286304051 0.70998946265017304214 
0.61766249234057846174 1.59248574410126653156 1.17754491891864487840 
2.22751709231787797805 0.88004261124925220461 0.66267399580449093399 
0.71929782895917215857 0.34922936645011659618 1.13197201464470209586 
0.70103826642543043413 1.44196329179360849260 1.19930417767438246557 
1.12549325431381386231 0.32874323496919022336 1.89692649376556543572 
1.05531271034424145583 0.67373358655466974998 0.91528439996439869830 
1.81271153355664793594 1.03430902390214329856 2.36554223870496382887 
1.14807210544755200488 0.65679169996785635721 1.08206072520177443153 
1.93776637776984017592 0.80153429498242623197 2.36192161175847026300 
1.11747397275642246228 -0.06016314115330522599 1.71173444398767715668 
0.72888650939507382276 1.50463900842683573345 1.85458651084444903212 
1.36292015055296755754 1.77781020889629082227 2.17207377020948833035 
0.75095490371760942327 1.35891893852893463901 1.16686007974152650135 
1.45766525830672888375 0.76740650767506179974 1.57985153591012883467 
0.88395984536700289436 0.33960162076852923319 0.84244491721310943433 
0.92452996041114121617 1.67775952173208597884 1.69769419492536033367 
1.11866359115332558716 0.82954981728477117375 2.37545591103784570208 
2.09692951029712437716 1.59877610344313203505 1.25923658023005269335 
1.71180026254241757222 0.98496985303727879746 0.98170579839485339058 
1.89418641074096560928 1.11994291023087089165 1.36022515777961450212 
0.70484994851969862140 0.89772840691410016323 1.03181714111348976637 
2.53073259575223508122 1.14780819203595640943 1.34604325891611376065 
1.98067362564017712678 1.25770207783281695590 0.93379094390207129095 
1.38497599170016871817 1.14274092578998032188 2.43723264528204008883 
1.17979932632210271493 1.61171007338837313227 0.92493491121126836241 
1.32327045076856708583 1.01114418936427874485 2.23012893152343316672 
0.90959851295000160309 1.26095220676731889498 1.05207545776429878259 
0.88306699833812385414 1.06415446536841806768 0.68674836824144336322 
0.81315433165816741745 1.45154425382236751396 0.66843933894023832565 
2.14840863320234731759 -0.04845829355158598473 2.35203413160063456999 
2.39987940938708366190 0.16889407483264362586 0.63175851978587793667 
2.11261461081604418055 0.76813490144483398403 1.66368517068595744846 
0.62433735324002559430 1.10050226473669132687 1.22527171495197584328 
2.25383663708597659081 1.51240133634343032476 1.19034742863065967633 
2.28129601947824012242 1.29549103734467263571 1.10644392655266421421 
2.09978316375384288506 0.03039191618370377240 2.33598301970138910733 
1.70659897749929134747 0.91288168882492948253 1.99543082980676733662 
2.20235658105405374130 1.46336608879768026448 1.61028290668500884131 
2.07470990955869449834 1.24651377798860663049 1.33974831835808450009 
1.14819747867509502903 0.13384677115628090815 0.65749079374166541356 
1.97351790382127889600 1.07810619461707069000 1.72011964432256569957 
1.05882638197250855683 0.28938125024711153221 1.96667826361312725325 
2.41141618969717441701 -0.15037133387921761130 1.75582861229807662973 
1.80502978113751288980 0.36878296761195811237 2.17731886695144849497 
2.08505206255187580666 0.27916261242373163753 1.69977999006636149026 
1.40399101411774673842 1.72039437618880386438 0.85427070411948513584 
1.03428101148790752006 0.29849396133663275155 1.14613604819210901375 
2.06948031494705819711 1.77169316814014710104 2.35755249239510833448 
0.89596709933261708958 1.60295329961890087311 2.30027121643018706010 
1.20182697884871703131 1.52988514397480956930 0.54882251306787943612 
1.79480366045811190467 1.38399582664131193255 0.50708302225619528159 
2.51634080509400526182 0.17617955289096765004 2.34352085806910670485 
0.80504899987346756340 0.11792640139223456441 1.38265443026486090083 
1.33446583714872990534 0.25255914508211135816 2.10613640384480449441 
1.92802838667341736034 0.29156080491439956281 2.33886149229715156750 
1.86820026109312831153 0.60770787365829104232 0.80040396898454346797 
1.67981784865411487573 0.76818494103282874974 1.03435048006379282093 
1.11388122217156682048 1.61538857131095259234 0.88191049315805147835 
2.60199379540106656705 0.78379729520623042660 1.45680965265180617507 
0.73769539677591455806 1.12428411618934909200 1.43795203440872776390 
1.50694366155637915483 1.71996737368042351690 1.22671654882898262251 
1.82146200484828124644 1.41471895569824490657 2.31416261983305338035 
2.22637736240934014376 0.43082887673157344022 2.21776304250544775698 
0.80395203249373559107 1.48595062060024796224 0.61511316308214414317 
1.82986860825100561279 0.85715499206763035023 2.38560367582293553212 
2.42302403669326649194 0.63128700883469379690 1.85350523389837773536 
1.32396395066202110513 1.05093418436727592535 2.16591281527214052360 
2.05442877772854970431 0.25588389255625426655 2.35130767836040899255 
1.15015732747834520389 1.55490736933650119944 1.71856767906676344282 
1.44622822400167638790 1.16176849429630468791 0.59420018712442213005 
1.58159917652220349815 1.16078641595203757575 0.57051805800374721933 
2.20716653388281169867 0.38191116760067650437 2.18482362901167403990 
0.75519616385915688817 0.09588859535458850447 0.65787892888211407794 
2.34645072338647331378 1.29619231900299469729 1.89603595354937026762 
2.40341438001338270070 0.34399447832911844714 1.85885933625511778899 
1.72506498574814259861 0.64525237423961157024 1.94011804344356320051 
1.80750640699518760890 1.72039460068555438710 1.56544911406873343829 
0.81889176216276637899 0.68279265684461587504 1.50702910970212911046 
1.65446994101424138535 -0.12030292374531649513 0.86353533532557413821 
2.13702428006295885865 1.75841578487637195671 2.40432675199093415230 
2.12583198742926882119 0.35878886383785535408 1.81452995995399546381 
2.36829760009892087425 1.76509615932010777151 1.44798823075824012463 
1.69315496122509223653 1.53623243661494646162 1.86595953203334463666 
2.33292183628153848574 0.11470251226365375807 2.15445187087725198438 
2.46167831014243354559 0.63533922461528125059 1.84470234366671781423 
1.12609995056651746026 0.96624083806356220183 1.32496880752500900691 
2.11282324502059903892 0.29627593841929200646 2.37905179151088130851 
0.83728009321783514185 1.61834760063701699195 2.11248603231593401475 
1.25062924950529930079 1.49465543169342995888 0.82890333885270650605 
1.54223647869411784050 0.76638581918000203697 1.50558519322503414628 
2.47919630736921847713 0.25860658773064382210 1.20204210508708020377 
1.84537299436073776171 0.21027325693509130167 1.41771881071884919834 
1.49994517261199211688 0.18603004465867292727 2.40052647061790258576 
1.66990253266741972560 0.05845726439941844460 2.22271346633223076950 
1.18888474288800871648 1.38040357910387978535 1.42109089136994848346 
0.81921010684234107924 1.47854602623350350754 2.34878577265409438368 
2.36486898386390853588 1.60492784362697138434 1.16194768093365308204 
1.89408466207732284481 1.22455074393625951146 1.67103813908187848192 
0.62071224729788110341 1.44680728853180884386 1.83108703378339687795 
2.58461787538300624689 1.66585245293127948152 0.85384494876600924851 
1.62163210192108042662 1.51804834938756672003 1.84049936592787544143 
1.62818925534027081348 1.09441528916165631280 0.73328877097769740168 
1.79035589171226994232 1.49417014839711503882 1.49221410268487231221 
2.52854244445080578174 0.77910331750671746320 2.26484505261679647248 
0.80402789802723251267 1.77678294736125130804 2.43484952751976280183 
1.56640020088401876741 0.79210990890294019628 0.63871508254460152010 
0.61564816291745383392 -0.13826219904412920259 1.22551566029303371508 
1.41279153893904640960 1.78716429454229741580 2.28302631337779393661 
2.36465388548476829200 -0.11292759750622539949 1.27882134572529193584 
0.75558490651139653682 0.16917838038966842573 1.45625701407925434161 
2.33506559513993394717 0.08662081012255315460 1.17985626573347435198 
2.17947617382545244524 1.38240807045214775250 1.65669801072114086793 
0.79881308028605590987 1.52961506588780027371 0.45918461370847346581 
1.78656470406150069685 0.35268961664922382493 2.14904253781474530172 
0.81081261815778116198 -0.01370343251514296451 1.70587622975121555591 
1.80537332157070706806 1.55939481609948127350 1.17746198192501450031 
2.57712918345024588618 1.77165553773266881699 0.65879387561014957075 
1.32389816395014592310 -0.07268018243271941181 1.29631597487698502214 
2.12284713341003117293 1.59117583678627516619 0.82647611363311390686 
1.87582884182868947498 0.81393581790058822101 2.38551854618450898116 
1.32080985198057687668 0.83322475776121407431 1.95977132470171322431 
2.35591392400519561434 1.20342946928785843319 0.91025943030688327706 
1.42144019780952701737 0.50490773990187742815 0.80835700499557461285 
2.20262745647677959937 1.52526960834754765628 0.46254536472155538540 
1.83634627061144151128 1.61345772185102176444 2.44354935154127206332 
2.15514116433454994137 -0.08319683387842867484 2.36629352202149201290 
1.99762278603986032088 1.05866878948885712042 1.72649627642477554446 
1.80534829723685330549 1.19283982256602949512 1.55399977709740788612 
0.65063454553439825645 1.81541541380913296067 2.18252053217100083771 
0.66757136101733682843 -0.05604397376865512953 1.79180933385643781364 
2.32267316351893482462 0.62856561335135641144 2.15720420599502782366 
1.58636251166891129039 1.62678131767827793830 1.86301262234401954210 
2.20413835829992166282 1.49238761497689553792 0.57794289050222613646 
1.27909618056857099511 0.13701765569486284990 1.63220634267382513904 
0.64530302703355391092 1.15567326503035627816 1.12913305583030476598 
1.36746163243511942298 1.08610790605817464360 1.81026758929813813559 
0.69475511534565614902 -0.11996792831611789720 0.65050889451383420159 
1.99923364979759954352 1.27038262054046957594 1.15916162752859941421 
0.89801630734468795847 0.89373396692950546338 0.69725793636138877485 
2.19117136083738239805 1.60498591721857453152 1.11414075362790110368 
2.17176224737942469289 1.61861375257013029305 0.93653878185873284945 
0.87603076656856482263 1.22958935973904037731 1.39044670864863872950 
2.14576120085795807313 1.63712124624386379246 2.42215351251795407705 
0.68915942497107163245 0.92982725722531456292 2.29787077617743129565 
0.64306005398053001088 0.72519425313607144279 2.13554511386595491373 
1.83592520959306693129 0.41054098332227761947 1.32300554161144012788 
2.40055866416073415692 1.77388337638878512692 0.81832904105370896097 
0.82257133981417718260 0.60748821630316840459 1.87499710056529678148 
0.61919437267619603649 0.79929483336012785433 1.62149701692592707047 
2.12952341671449030258 0.33866908544506862944 0.86197398802332347856 
1.82792433795796616103 0.58659996595940944175 1.64688612171484183300 
1.08520146496266289837 0.32613566552192052583 2.29922883160598567898 
1.69469713716105907508 1.04358904488173198644 2.11022021844460239137 
1.37946966898397027634 1.27978263431513528126 1.15883697467362667410 
1.67114537148557462665 1.64490206729558896548 2.12953973405376251193 
2.36414276090378594475 0.13042369925468710878 1.70117086629991876023 
1.41454799700999234169 1.77380883605523509416 1.23266983251421091694 
0.71959403273400313061 0.88652177919200980671 1.69342812923900631894 
1.66271567707933987101 0.77625640164087228445 1.09339509677354262962 
2.60166266944931390270 1.77800507202709434651 0.65047118400124703808 
2.29233600524492242556 0.90905309512128384952 2.00219677673483209546 
2.47099929683352215193 1.75361705462275097034 2.41149477714397519890 
1.18257465441628717429 0.79971544077196887734 2.43215778289270190271 
1.36500312937656276269 1.08611099160165225364 1.81804655220097211021 
0.95033806405736298561 1.65775155193734069492 2.05206846252954733245 
1.04407114470543693763 1.64624959036890095021 1.29856775587845207909 
1.39324647649336585964 1.80280515358287196648 1.28230714733277584294 
0.67685676750062018225 1.83210465193730520639 2.13308372628204168109 
2.54235109288875804623 1.14216144441870537385 2.30046272313270883103 
2.56790891268769705391 1.56729475351481339906 2.21849068615212718925 
2.20445578904028449685 0.52709351222088685063 0.57227784350040122874 
1.32776549650934683200 1.08038535670876467698 2.36187818577397035114 
1.25075699383924399122 1.28976885738613655796 2.09868326384944481333 
1.85848060530729375373 0.36855297715092810718 2.34774015558767512601 
1.13191566364462192773 0.68840182698179297471 0.63235471675191901042 
1.43899600742384392582 0.62092390968182398225 1.19863950123345075482 
1.66800566357226154324 0.26021389844743725295 1.95429443908519240303 
1.80703993608776936064 0.31461773498349915323 1.06188226022293408235 
1.85013704910881182641 -0.04740464832062672718 2.35182568784334966594 
1.66029214071337416492 1.75245102504100302987 1.10137275144986590547 
0.71983209840548489922 0.61383395026675768857 1.13904856592113001845 
1.03491698195984427322 1.26678097711272807935 1.28594594503437864574 
1.12082386010286727540 0.66272140274848700958 0.66400104914841728831 
0.84404160304841979734 0.60261525779223679145 2.20956276394874429059 
1.81825610331116882534 0.04839739697461362122 1.69807941773616533077 
0.68392172785050975303 0.30715963452806493983 0.91696155323298367268 
2.44193495531523829811 1.76946548996931185549 1.26801812129232294168 
1.91826019418866700050 1.12195066760034456443 1.69407380140508778688 
1.60900662732127130994 1.80375539423619501989 1.28120599223033915237 
1.01572430349736886335 0.68942094735366055147 1.99475243835042892471 
1.18219525064851427310 1.33702248801867962236 1.44260873375553755338 
1.76632616117443452808 0.13020888361648710885 2.41714219064229274281 
2.31936070552323192473 -0.11432120653706470681 0.66937593123754823843 
0.87896729323194633388 -0.10297245063425139455 1.69682663857749682634 
0.70450502246443358345 0.95774078508125926046 0.92650669800759177797 
0.67880433439037235477 0.15319727101462424224 1.61876822806065878702 
1.76048267825808268938 0.12746364859107051082 0.62882676691680583492 
2.13092372640354499325 0.10425679040134068487 1.69276240005716482884 
0.74129244940998206825 1.05882626657284095728 1.68002413038370179699 
1.59117886293549992693 -0.15225820764923558848 2.27312134958005218621 
1.17269646193303089809 0.37058600358325272106 1.86032401037353656292 
1.80500769792922621804 1.83872475961538550671 0.65780372478984783235 
0.77074060046025316684 1.32118670481848798914 2.14336279590756006996 
1.84645685126746017524 0.26953150141666215589 1.61424208724010465055 
1.81136041239565948047 1.21253873312387017158 0.52000376590365882112 
2.09753413683051626037 0.33773677972903926037 0.74370638069111516533 
1.21417552657553406981 0.09887711364849394169 2.39085099014489133040 
2.00248036928019068625 1.03361612909984335040 1.31149706072429150794 
1.12790950730545636027 1.19613489223094227043 1.39528247605620947525 
1.92594717146188876278 1.23894256160389382160 0.67920985334021488633 
0.69073245283233608571 1.13056141125793629953 1.44677403332242815459 
0.86503575845746982775 1.32950948357268528000 1.71242717549395617738 
1.27949557464106966620 0.16402963031891065748 1.45797489593528450946 
2.32615045082920790520 0.13238784552334140199 1.10183304835003359479 
2.11919167527988072663 1.30010645664877544370 1.34124433166922552019 
1.68570250811325084150 1.00651128080124441233 2.28360293937317360147 
0.81129506377763560554 1.28913321986558071508 2.09080536837135877448 
1.52772901173933850494 1.56930389049714014149 1.83202449496869856915 
1.70671993557696666244 0.05727071156898672077 1.04969306416156360484 
1.48329429974667492687 1.73320502160174805262 1.53756639186284216336 
2.37018150377031933118 0.83514722891143111649 0.68621946379975307106 
1.22153884755713848520 0.39590025546863338857 1.86471554551003348976 
2.08544024932421878660 0.32921213175893015990 0.75910486102107022077 
1.88030689337317857834 -0.14618253407462214466 1.67935486266729983029 
2.15554003922088943668 1.55675027140656863089 1.81747358435404549049 
0.66211150639185512023 0.89788475555725588695 2.25776662653436899220 
1.50084572714576225394 0.53376805501434743118 1.81686916667650688595 
0.93368529025265956101 1.62461826329826508619 2.19357101931146303286 
1.15892970396008054834 0.39491667679027336879 2.25907646877489964865 
1.82774358050508278772 0.63943296880154332218 1.59660269470893956267 
1.58042935521667660126 0.27891896642054542221 1.86784733957088189271 
2.11743710671062235207 1.59791486853377429078 1.72068183175604816348 
1.22825425861247983228 0.32345554418368421823 1.96136080407792690039 
1.15941739581434322126 0.94935008331128178938 0.69388889402399644979 
1.53741243264840066196 1.76054927249809201051 2.38716831858259981303 
2.55134715818443158497 0.27328868633544295408 2.20492466040704915287 
0.72610227778951907940 1.53236995623502658681 0.85290675685387240534 
1.68444006170340765394 0.80442351397591260742 1.01955741845565084347 
0.91854319385948557386 0.64673796402264094318 1.75919532465330075155 
2.36409069537228466729 1.76327665299132729793 1.89558657459591994865 
1.68268482935149266133 0.16840690771342695098 0.99864495373168860048 
2.38422671887464865392 0.16984188956318410635 1.41661583399988044718 
2.37553610259380088010 0.36099211326070246297 0.84982677912015536226 
1.40553864373214043582 0.76948706739099215213 1.85878420878452499387 
0.82546370967375159999 1.51379792845533112100 2.27865478718514502532 
1.18668197172070910561 1.47398431185580047753 2.38492715613508510231 
2.43341045861937654848 1.45452939648703694075 1.22437614058677768369 
2.11813681386155172603 0.77329767330585030827 1.38174096519875999611 
0.85004447536507199423 1.69543656424754218826 1.42354582899352766212 
1.66417970207999954546 0.12720160659271570469 1.36407142452536755961 
1.00784582314768300648 1.72553125335412671504 1.33624286095589117629 
1.39552293774959523809 1.11477075205273523650 1.72074519818543003602 
2.29999549021867055743 1.07439258172877893927 0.99552945263547754084 
1.89016236229441503269 1.28184611781488233540 1.69528208374997402252 
1.35454586327472781271 1.74228045660564045960 1.12035849871739090489 
1.80752936545814901770 1.41101658845748167970 2.42206216585832789789 
1.70187987874115109754 0.46151203199519830189 1.19741619731877424471 
1.25002336908832956119 1.13505424967930323987 1.59060980659311046459 
1.28405276123905309760 1.36859669899999181197 0.85775084517005606433 
1.30017789398705052584 0.90154285347552964858 2.08772037001088062169 
1.18326127847518702829 0.30632204135842600046 1.53991268805507286466 
2.09466437489425416629 1.04185124379037685749 0.70104320976496892204 
2.40452282287057261811 1.36714164602171983631 2.21778643651484363986 
0.98579669079661624842 1.24915852376706970617 1.02825740652491548488 
1.31442317013644949242 1.28298435161845270081 2.13172004760531352829 
2.29851699743672899245 0.95132677304214352532 2.13956946664270564185 
1.63670028753171870051 0.31620650941338657169 1.89105982061303024011 
2.26065313279986268569 0.16142293907602014991 0.58136918148912486437 
2.13955932208347388013 0.07608410076497135188 1.70116027925724089265 
1.61118154057249074462 0.80920742123447053640 1.38509840462418720719 
1.82661240631807486601 1.38336011061797314881 1.36291762550776973661 
0.68923657820438566368 0.88709261163237140835 1.10628884313971598274 
1.87243363996418477058 1.72401037710401894287 0.63450660580498063901 
2.18968095797896022958 1.21215093567267473418 1.49792199222128585845 
2.17663072587755923593 0.44305945752244280111 0.71649079758046241295 
0.67322305282232208778 1.30887583971474130706 1.89828173948440648289 
2.30998218965536050717 0.88889820183693868394 1.93893003128855445638 
0.89556215945433725878 1.59755683368869472183 0.74528503667706536007 
0.82397754149788315914 1.36949150635565075618 2.24114819552825395022 
1.32758679176181737525 0.25881003214289111103 1.08855059461582359681 
2.37191804700992170396 1.37726433689491289947 2.21075853339026773270 
1.44418394929431070928 0.40984568409799249089 1.21684796804125117120 
0.66902823260445509757 0.10064435800284983469 2.16597905611648977597 
0.66485648764830029833 0.69747655250226925361 2.12233701744795544286 
1.87626438123488825660 0.00902173096083347913 1.71923869203768564518 
1.01424793745187180605 1.63056573975125207454 1.21879418468759026517 
0.60803064864721201310 1.13467951109573528257 2.21621600525829043349 
1.56141881033372498244 1.74491704901122890448 1.45442267799582136689 
1.39232784720587554617 1.77228697308399318899 1.19826289124981988365 
1.58188019449037975406 0.23504648141518880156 1.17997161255364169108 
1.00066159660056697156 1.11206570344534405592 1.71414037907658856064 
2.43760078248367628717 0.79733992408312859279 1.78215108152385171003 
0.80114735607490716873 0.75502364219284501257 1.48372608386570070671 
2.18461679887964344005 0.47379528344355509306 0.67906178962378360708 
2.55666968968664809481 1.76703993133767989221 1.25944909985570618893 
0.92564005106517976973 1.28884395027525378019 1.86367925443467163937 
0.79302662035184279254 0.42053921566140639587 1.21010113078003822551 
1.24111823817673116999 -0.01838214734594837904 0.69464162919733274393 
1.61058581305121695237 1.78030400775741370900 1.20530011538877390720 
2.56456575137370679229 0.76526808807681023783 0.81931766158396723831 
1.84530428988556494119 1.17037762671887524135 1.41332169008949382061 
2.25069189344419928744 1.47386575632146787918 0.82390449139118382416 
1.08061408329233010761 0.68342477135799062360 1.01868734999230525773 
2.12948985588356265453 0.05026890889140485374 2.34656819694242413377 
0.83603730152037114554 1.21008270336512313570 2.45616002008965628178 
1.75288172450335832941 1.04444829409572181866 1.68934473331082779524 
0.90655465263291490352 0.23049542818642912434 0.66763475726038556957 
1.80092046173432440703 0.74458524710628748444 0.50155715274024237349 
1.17258238418939209069 -0.14970470847741682019 0.63468652428160776680 
1.80343925635320978529 1.46079484926311486959 2.26771320737742509976 
1.31866655955173417425 -0.02280378487009192962 0.82981805905876571128 
1.54206640829601426823 0.18220426997383787349 2.27198494611726964365 
0.85721855664877544267 1.35502430940153573147 0.75356692537745340044 
1.28089469720966486754 0.67434560356921402491 0.96533759910950767136 
1.68246527365664566567 1.03150173251199794855 0.87765958106092689661 
1.58386820223001789643 1.51130250697976187269 1.82900228786854501806 
2.24768134433187682930 1.63903206451401017851 2.01716055129412197289 
1.33435741596073031978 0.89204017201383989377 1.19291597234324009413 
0.73812712111421197037 0.29518929950625927283 2.04488351096596288059 
1.56482156523723880959 1.17005306954249133078 1.49422335044869214471 
2.25471202914784374371 0.54285433198388466369 0.83895070004036831346 
0.79229033925618408407 1.51051752155633955965 1.49679427591312741441 
0.89875957761640834498 0.00961676794869386481 2.33408746817998125067 
0.84459463613869001364 -0.14779710959836417361 2.39892731704457462527 
1.70691094015046518351 -0.01720811234643700519 1.96360778064665608689 
1.54879789717864935206 0.74064461411833415472 1.19764835073879116756 
1.52626836882014482732 1.49133636951718706598 1.81553803465760799085 
0.84887424300494596086 0.35812348820582246001 1.86203647278269035503 
0.73143410505686790035 0.46360783797712740162 0.82914336552717871065 
0.81851096985738569511 1.65191727175909508496 0.51170059897802178117 
2.21357537046039754003 1.04361176649233211577 1.35579884977400322299 
0.76340837490696100698 0.45893831257823197722 0.82007502009412225341 
2.27383324683119880660 1.65494769665320951013 2.00616855151594597473 
1.07842583365813271534 1.64673969122720009750 0.70090769230073246554 
1.15871789984194695222 1.61435910338778310091 1.62619955613051736520 
2.32386002620555975895 0.89392342875607244679 1.15574284630146006947 
2.49344550320002955601 0.38835045951057900471 0.81212741334510685220 
2.28929716833730800829 1.02680771349225286038 2.33957055790732892930 
1.20016307756409701391 0.52689461207024190781 2.25045476516902764885 
1.84652825747951920832 0.65490151799100759789 1.41434311513578836461 
1.64766576337497072657 0.18313489743769831297 1.53847651943821173148 
2.44679232745719188458 1.14668697744826908469 1.25695988858934604160 
1.56641180809001312468 1.37331302058101245578 0.81626406271204898779 
1.80634057071729769994 1.49661169319648390541 1.41259705093818843658 
1.31770381989055929139 1.68996628601685339177 1.97810636928072791640 
0.68877459321711265172 1.09413011420070716007 1.97750470060046801279 
1.41819214637220669673 1.64890696589049601251 1.17633188071357164262 
2.02153917020393070203 1.62946727502862320769 1.21927096120080280528 
1.64188439896552385022 0.68442580767911453954 1.13448187403212608082 
1.45453045783528511770 1.14201166638340190218 1.75339921220712779970 
1.04973544538854390851 -0.12516362346870990585 1.71237114657436517717 
2.10223398189536370140 1.64685586133857952973 1.03744501997077231970 
1.18658671451849895284 0.46632419576071254541 0.66199398278455523492 
2.46770195770115208234 0.41335018972580406249 0.80796904646262635019 
1.97172288562453967842 0.29517072607221073177 2.14070266375056394992 
1.36407643494413721719 1.78114901937470171411 1.40734128969189287162 
0.95353247580695277286 0.11516080600244926746 1.71500015373716196976 
1.51838230301542131961 0.17586485697039502818 1.73999294251661917876 
1.60755135468053711456 0.18682402235769751675 1.86241880686124638977 
1.76597345239026104480 0.12734322971526909618 1.64321808900627464034 
0.76449770432682606636 0.00223048781703037149 1.33401817115511422962 
2.07438773841501955530 1.65349459205392812500 1.03150229674941185110 
0.80260082965910917174 1.52032595741845977244 1.44687107366055300872 
1.26695094281551035031 -0.03523538873379363640 1.71955760736938834121 
1.32641156983125840796 0.32926235678003101803 1.13697642910215734879 
2.57677700081134197774 0.74510127291769845392 1.18760333151751584779 
1.36314694363521793363 0.81784169207203771812 1.16717805098450266854 
0.63197004598564221478 1.11545413942569315857 1.86159910497486835723 
2.44539309168530527572 1.16668158287328105338 0.56937785274608321284 
2.20416691650763363342 1.38868166398922587845 0.47203267948600785564 
2.56413846875355044830 1.74070778121468361377 1.55677362169579458495 
2.06401865334467515822 0.66703549164736830601 1.91128211300231565239 
1.14710643720948413105 1.60574232220316992503 0.88869146153671496613 
2.05263772332445659785 1.71943585880921889775 2.36049596214331858235 
1.12621026749712482840 0.29810685707788014964 1.03118266376238132409 
0.86762127436315117368 0.62124191879351220447 2.35948745287989325448 
1.45113264409217679329 0.72900582479416597970 2.21111953624259793827 
2.12841065507633375731 1.33362486597297147384 2.30836399924368418368 
2.01451061990075253050 0.00400603824654212955 1.73843360423972503881 
2.19141943416502904540 0.65648987325566543483 1.04714487742686546135 
0.96134723479016614966 1.81041025077485739914 1.33067164753318678549 
1.97142885297812564538 0.73434368119012705112 1.33480958243492597859 
1.59620885034475179509 0.80984408494811477297 1.68182345341016126206 
0.83662875467193975609 1.79249053502096278301 1.65664417500573657449 
1.52415320602249315662 0.76755562540655175585 1.80892187528520853590 
1.34200308920925892586 0.80931599526681108348 1.42838492005209505287 
1.06680583458546585085 1.28992650224030946937 0.82620585801429025086 
0.63977900006803423150 0.18244109107242334478 0.54140030482251666477 
0.75009383899538495388 1.50609458595621470423 1.84778946522824427667 
2.52266958744447755691 0.18411475928719006623 2.40661507067028779261 
2.00779322628745937607 1.63320488055453161280 2.22437022894181390953 
1.24540642379841748344 0.54847771467563100067 1.85541482992651385331 
1.61316831862756648874 1.39284236724361698556 1.83772330610633005676 
1.44938217934377333584 0.48468399373993664714 0.80140651195496870329 
2.12411296580976349802 0.60773610713089853963 1.25783084161637925824 
1.84423033430548954925 0.37891389025067800933 2.37113709443039066826 
0.76346333325204773779 0.66050755133575744793 1.04960000557534449683 
1.92867784349435211766 0.67563847501253571082 1.72541067161208383496 
0.72532253689813408482 1.11417721610387387976 1.42373641874552570030 
1.52615449373899858543 0.73812307310862057541 0.81869338927671497785 
2.28823473658609044534 0.99146853097061282689 1.06411602463998922197 
1.35671520329283934458 1.09334893873445659906 2.20311401163540665493 
1.32271344104890831161 0.79489732737931684259 1.55278918005154631388 
1.59852150147130345204 0.15613371950688770262 1.35530250848397271213 
1.80219154376628920566 0.43532353784731842028 1.43586065324332401438 
0.74713800853687484249 1.26669613734414432393 0.98481703518263408181 
2.31938406318395706762 0.71608199924959003990 1.07017199820058905857 
2.55968421395614109670 1.76950990589988066404 1.35251384206147684530 
1.69576593795540198073 0.04598591505411637331 1.29799708069620489681 
1.59908125175922877226 0.24552345846211687252 0.86441702335905434840 
0.68162144592751405803 1.59815941280701290239 1.90196022851759583006 
1.48621976275292633218 1.75160014167340416513 1.25959277051986995311 
1.75657439572632689817 0.62493206300706094503 2.13546425637863457325 
1.64472889319006565501 0.11742746660052491570 1.19658659452178195437 
1.31362641307462557627 1.10947478524950837731 1.99681015336200906596 
1.42810784313175131999 1.13800883608281844239 1.25194335770734976876 
1.39695601552713655202 0.66279054783681656815 0.86142876225824982495 
1.72175412691540530297 -0.10571359896341304963 0.65430120651754453132 
1.18705717467574078938 1.13232625604255021656 0.61830971975331650015 
0.61993218126216409480 0.12683231573427575234 1.26590993446714961124 
1.76262924946855648045 1.51945082483697224696 1.85239615527197698519 
2.32243088888173732087 1.36835561324670584860 1.17811780964398127303 
0.64451443458055546198 0.11799591373867603095 1.19571413678376559098 
2.28266297483892621756 1.32675161062585944549 0.88990570253059375627 
2.03428002744984715022 1.64732074086360569254 1.93199060165382663357 
2.12241298686442103616 1.63173831290810844585 2.38121469723462375612 
2.20164031419664230071 1.71917612139676778682 1.50000514076207913661 
1.23304785514565851123 1.14270400578517761225 0.57707693995617626026 
1.88865745566466025629 1.63269422353301463247 1.94466041369759801150 
1.44528481473090986142 0.29206149025761057869 0.83919383827432680878 
0.60628142850340727144 1.77010184073390042236 2.42149084361726085746 
1.84384718897583543828 0.57597759631724365637 0.77892107174194269437 
2.18493352765059167808 1.31623129757968992948 1.47378351128320450592 
1.00599924078526070659 1.64794688270038691691 2.13458773683850910885 
2.00573115029449899893 1.12964173929680100628 1.71050293734381209099 
1.76161441722472122962 1.28970530330224741888 2.09184335589581227310 
1.81276239565271102272 0.40838051705339650788 0.61083698146997145173 
1.98842655963987935408 0.69251837311907937789 1.02739699094605319019 
1.81338388495188262972 1.68964106565121974235 1.53302846205821685643 
1.88582028112438204737 0.64730121597729461946 1.90142436561113536975 
1.14157992779837758057 0.64396162670399004213 0.90387138196630023579 
0.70362092175252444193 0.79519284168175419225 0.47938043673795582844 
1.82824352570125392425 1.35034640934969396575 1.39817117239446786492 
1.36542170402155704778 1.13049285120596532117 0.61974910198801202998 
1.25438159432589046993 0.48681820621464494403 0.82164358779301760460 
0.92705879638714661084 1.64819893209137680046 2.09030897816430005776 
1.62997426689894719942 1.77617281847147201468 2.18760367964488100512 
2.01196513101589724570 0.68765063503764689568 0.72852866313952546751 
2.21790720623066972550 0.76735763191259720450 0.52039742434246105685 
1.91708156939145224484 1.62192026712948833556 2.31373680709432782976 
1.14373600417383758376 1.62912076597866906091 1.07780873033107282843 
1.68224235079393169556 1.20528996104121577382 1.04490682949389679379 
1.73355663480147992317 0.83120339344238136636 1.62705754677100689065 
1.61189462673519234848 1.12860160163944867051 1.38033435328160503097 
0.63213737405434933248 0.14337878913149368354 1.86002865722823540473 
1.28989886551191390573 0.93974403067057177275 1.04148243470832890800 
1.27305931824698648214 0.42168370338669286523 1.86233717305519630436 
0.70270741384454438183 1.01748827275479758470 2.10014311359183203365 
1.50573566096580435669 1.27354911507090706735 2.21414675558823548229 
1.08032675828409230334 1.02050600481035513845 2.33433299664034077381 
1.21917130581404298262 0.60809338065389761940 1.14193019489602076710 
1.81005290692612752501 0.55604225407545737614 1.21975951547667760266 
2.20310920742090976532 1.53589201384246343274 1.50484812138480750221 
1.48846166692847003965 1.45019648979869320016 1.81231767810194410728 
0.66523509181941387070 0.08232854642655844379 1.85795706162877904966 
1.62825542754198848705 0.15627739412541499786 0.63404761312313095978 
2.19800066516523173732 0.30893809568446761737 2.01062223418858110335 
1.77576492460948820451 1.12730664830678461996 1.42972020762300200403 
1.44424076300248649396 0.76833310577375790729 1.49638335808023459350 
1.62515116976364293322 1.27976864681632429566 2.17249461031488877438 
1.22573449764259589934 0.64774878571459670873 2.08742374515682893588 
1.05323607618118630924 0.92247613199892808389 1.72987228868517606273 
0.70033567249390271670 -0.08120374622072019932 2.06997470521039961255 
2.17411574816966179924 0.30642685690373183682 2.01300324111015704887 
2.42582456922441380698 1.16892522396473697022 0.50289798518784056824 
1.96765767483208087185 0.69129615375250874632 1.73385998078521397225 
1.14577809146667708440 1.11441948542978952474 1.37562292440398437066 
0.74141505440528487902 0.97924508965210743661 2.33961969245415257745 
1.47500125360568512534 0.21287089784142468329 1.22229161259825147567 
2.05875305690108367784 1.64936324570563397351 2.09956626889434971872 
2.15958178138154233139 0.56655043096340096387 1.31455226314071604854 
1.30769576369841078467 0.87369320949228646001 1.07464528802697256715 
2.33737326329567363103 0.15211895549460119348 1.63215400336885885224 
2.56779375064239445692 1.56976464506029556034 2.21808687476009813722 
2.04169631757145619844 0.68838092501418823854 1.03690785271528396194 
1.26588372895033129950 0.81660103490748781052 1.43899614672223563616 
1.19303029853490039081 1.32009402384816820764 1.13756406593994974230 
1.84073753652168936590 0.06758768814361150457 1.69773493742083059210 
1.63543167509584419506 0.61817645303777857269 1.16996491118852552482 
0.68369139517838395381 1.81218669010703115063 1.07565682856031274994 
1.76935213736473984092 1.60844586911454445755 1.09936114998597589398 
0.89342430941948058898 0.66383860913318692987 1.10187923358845796251 
2.00185345849390161632 0.23144204493382308785 0.69767836699603569262 
2.07452473146691085404 0.05984611427388741162 0.70913596328268790892 
1.96263980613837585310 1.16999855385332374169 1.70168257408242240558 
1.16879944455292772432 1.56750703975433314241 1.19184263075189278425 
1.79131540612149553482 0.52500659622111844893 1.22823987765802855598 
1.32967336638196109710 0.68097720944552442290 1.93266545864193073356 
1.21743294112281885688 1.16743061165620876096 1.55550069568332882675 
1.84763431430499003305 1.61827923287759301019 1.93799456342522335994 
2.20267472804120290064 1.49442001435019533595 0.58466537635342130663 
2.56274039368758632662 0.51716050888281961395 1.22330851258200312692 
2.36402443783918903009 0.85270869279950400887 1.21750774641606063220 
2.04459152119944809201 1.63678820127064494905 0.75213778202230940906 
1.64655793095802205350 0.09725855094601443263 1.25873229940355835232 
2.30776066461397544316 1.76914642128489862927 1.56661439066403551656 
1.74773010717830068472 1.34030368111418218824 1.89409772315035840329 
1.05079275891786760866 1.75379809510462703059 1.69933019915051763959 
2.14909393075191834654 0.60111948881563248559 2.36355506560865835652 
0.77806750701494920008 0.96956590105254836232 1.70948395944404074598 
1.72004220269421326250 0.28611879998133071812 0.99871579998862014538 
0.68840900873989774311 -0.13863982095259544391 2.05779054624941526441 
0.64565137226606561516 -0.10194387196415982677 1.22743699974924669327 
1.67165539224916170902 0.05570517174134589217 0.82031294414198574483 
2.33216069125877600854 0.61410006763138980102 1.88723570365612380861 
1.39320414462481934059 1.74151474985311227606 1.86979172982715313722 
2.34283470104813851265 1.82670549658426439876 2.35215073557486453737 
1.75181901860881894528 1.77232650034344652035 0.57393720286884075676 
1.55784707025165203298 0.59527406865080723097 2.22138880887707568235 
1.18877311008519659374 1.36074048045035023158 2.21140433204541109191 
2.05053474756595255357 0.81185752328342919437 1.70360212230183005744 
0.91752625579941871070 1.13964875655557862366 2.36847984518083221062 
1.71559423170005542758 1.80412463654478716357 1.63395319477623401916 
2.35190219232478092692 0.14537328678587690955 2.40063947081785089566 
2.11632673634654278061 0.27744379024731496974 2.39624254106893319616 
0.75859158123264347484 -0.07518734991328693273 2.37131195770669167544 
2.40578069455692489242 1.76879082146258892472 0.81733578683800378606 
0.64794693126492053370 0.13357484011138115454 2.17887390104635292332 
0.60479052663067822682 0.76614834970384315671 0.85740120349054316229 
1.17534509074589976763 1.45026687693518430144 1.32781019415074119649 
1.40348017997705953874 1.44771010998209681553 1.21810181013156770824 
2.08455453895574471801 0.22764325640275151486 2.37483420861003668989 
1.32384189063402124553 1.81039899448618557543 1.09922944513866904792 
2.11601205788051061063 -0.04334814592913917297 2.34201217647257298182 
1.64459934375215999225 0.68814779587401064820 0.89772805843735636877 
1.41714873391130580238 1.22102045349428056653 0.85380494479840152167 
1.16461435752291375678 1.24864277054702976777 1.45055408651176764856 
1.43375854220655152282 1.19945309754863416174 1.19380348019646986835 
0.80573987764828158831 0.73826412303486355082 1.50786979262019316117 
1.19678768111976374655 0.76584320979206732538 1.46154235575987589968 
2.60235238192741169527 0.56659307789314994341 2.21777523448669366957 
1.53433430440218931956 1.16912528634585832776 1.58581679462445013229 
1.68410108985167150664 1.78312131550898200771 1.04233324624539247516 
1.92808089904855761709 0.67198914313678936860 1.72897928308462822677 
1.84519533906847499338 1.72853215512725744141 1.41901832365221669541 
2.33555047784243230424 0.08960807197657501277 1.30125824241548637694 
0.99695711163940659016 0.26490520801215788893 1.31338370237884927150 
0.81550885412252716034 0.39546520476703350688 2.43609112081932988048 
1.64523293296951744757 0.85045816304539345598 0.69909714539783918141 
2.59292955359414012406 0.29204759520573775333 0.85772921831294823836 
2.09572430900346518001 1.07818407373696678597 2.35463727966138858250 
1.22830414569138168801 0.55863783327682048352 2.21039508633464265586 
1.47110682116060353941 0.76930199799728427035 1.46580976853300515295 
1.10186887661693400098 1.15842690154740801667 0.66010798827136607514 
2.17627011798740532811 0.80222046019600734557 0.62087900629931325192 
1.44243231422988538171 1.75466508399839926646 2.42390301052100065604 
1.79188314862081843337 1.30347591503638704502 0.92739125536759892121 
2.52261844830768877657 1.17561250417312224137 1.54843505980251383569 
1.77538460680261689362 -0.08236952189548042702 2.37706629808414859895 
2.34048713646358219620 0.22984999205205658424 1.09930168953392648490 
1.78308986715488049235 0.30739745035493876157 2.03790993713205148552 
2.59101096082003090615 1.16797514831720206097 0.83934995319339489317 
1.10831648214322031620 1.26500885907603444203 0.98061445564398386221 
1.48655409960815920734 1.61074438637462602486 1.84017267942702011929 
1.44464267499683995943 0.20289169997055939154 1.21733658490297824706 
1.36327126541624776834 1.82980382575460098771 0.75828564279963173167 
2.38980170724899609880 1.29613081665956264565 2.18655321021189719133 
1.34162407039429987243 1.72736318786573961326 1.94696981359053866711 
2.59046012122461721816 1.33150022741238527324 1.85095186305690484474 
1.10930583293209683582 1.58937642864999473247 2.28489975741346418303 
0.62156107892936451886 0.16058372711678470246 1.18565535468265470520 
1.29680111174832668475 1.76881666433403306193 1.56193006706273362916 
2.08783363810164557250 0.09117345543523901197 1.33138889597862508651 
2.15889890678608864505 1.14601007506895813393 1.40202244541893938923 
1.84653341056022823885 1.59174595209624625269 1.88285969740596570432 
1.70265840127738643517 0.50683692754962628158 0.83120770527669862737 
1.81985254726990630658 0.75753726769227636151 1.59542542736436954165 
1.24493942838762605696 1.48138142259590366301 1.83754188866624290633 
1.16742489453444653336 0.76828745063690251360 1.61802986800733616946 
0.76001178571616190283 0.65753498983767166841 1.97914964526469083772 
1.17637714688795513851 1.62435927973934890467 1.07016999507745369513 
0.78457518247268243083 1.16975937225736981162 0.47550973488882614104 
0.76472281236220251976 0.48651638566028942989 0.81427789321369048459 
1.28172053317633150016 1.83214865447526742415 2.39067748634585752754 
1.73341605502687379214 0.30590837049597746633 1.07067774757906586380 
1.14312471145221428159 0.63756604305093722562 1.38340198191683838580 
2.32465990270962796771 0.74918140664679144791 1.97844212265482854995 
2.22501415194524554408 1.49165105451175650231 1.82709284863500776019 
1.35118573785600126769 0.77265592093356905146 0.91549576502961116375 
1.51531238999741790785 0.18689516586718143976 1.26079105272527769444 
0.68165669418001906266 0.26084843532663459786 1.96803187384980970975 
1.03774128794956665978 0.65923161376939454215 2.20360471878355257402 
1.74528959721898258017 1.77042022258716480465 1.58127768531599466328 
2.12163993677748008437 1.81986529295392696071 1.68942367254196734727 
1.70844502379577201090 1.52535743203894669229 1.86205649482650192894 
1.13120649706225440134 0.60987782879822838300 1.22377590882252818005 
0.69409711204870305767 0.07401031564293544807 2.33829015044724064509 
2.15511227777906277936 1.30717684937888378727 1.13826878340703951942 
0.84917122151367696592 1.32510083785511856291 1.86581634851827682375 
0.79408183878753857421 0.54009100075012916875 0.54736518960411773005 
0.75716461271003110411 1.16196703482164398480 1.51326936513433296660 
1.01160540420593014765 1.63107166660611713205 1.81899492271270157850 
0.72004337305201338015 0.94551949322013173482 1.31449478633781136061 
1.40554271045753331748 -0.15119319752589949202 0.69767760098833320193 
0.82552935773816615850 1.55374666919186110725 1.64323471144136812327 
2.00638094874168304571 0.85312903261721184656 1.32367106340219886640 
2.20306986193573717259 1.40454920372990410549 0.57175470564823605013 
1.14482738661181282502 0.76220546149326884322 2.42164694506465805190 
1.57505206246926010571 0.53429850724384075900 1.21802448285739606249 
0.91453304344553421057 -0.11149870083784829689 1.70605834973081793571 
1.33886200292884249841 1.04828466616567306247 1.26093544942094171191 
2.18718684927292672526 0.92760131502375764434 2.35569226762518191265 
0.60443211125827533969 1.39886368615310874297 0.81993879502569610995 
0.68417145659348010955 0.84884894179426029215 0.65558325826546759441 
1.80369793601028116647 0.47612166319809900994 0.77803563750274973287 
2.37250925563892511860 0.84798133109885964753 0.73294045939905105858 
2.18765079682214080847 1.15282751401356309273 2.44311908563673307881 
1.50606656632786317651 0.54856198632372643598 1.22414621679467683357 
0.73260496618608228481 1.78209762507343350002 1.44491019124043429400 
1.66105106544587455275 0.61587026943075406926 0.86901559532377004036 
0.61548520942842821491 1.15323475381838691511 0.85641908557644397249 
1.75933932931230230245 1.33804005807688475294 2.15876040891793907761 
1.45401952761652042412 1.61193676259178175769 1.19731030860186304920 
2.20520868808378533998 1.02387853954588847749 1.69473564455733649581 
1.13168177674510550546 0.35209530623787288484 1.19485166688351274189 
1.24472608957014596598 0.45139497945699824655 0.82495927226571563740 
0.68570651955647299314 1.78300960268428521083 0.59073887612029130079 
1.56700698041127628457 0.50019979660042812597 1.22397516973053654965 
2.36193619993651315880 1.34129517471895720604 0.85123848165257454124 
2.57695160153309776874 1.13112542895533851883 1.79154684662269203521 
1.29327143270520572571 0.17458057375626748198 0.53794464786698947822 
1.68053703646399843485 1.10788905518623881363 0.95047206966376329706 
1.89045090585850883436 0.32651111621676776053 1.88454268788080958608 
2.57219397476282862769 0.52977550693054875630 1.21981257910349261131 
1.33008085121684738183 0.69046211642857879820 0.92454228906925706166 
0.66806510325515477966 -0.10051774727567248935 0.70325942703335420081 
2.12858413029265314265 1.02651446331931284206 1.70993698523673698375 
1.20314300650034566864 0.40487784503624574262 1.50227218857734867719 
0.92435981702863045939 0.31927428381353223363 0.84705032131851665245 
1.85121742057787863622 0.36408686023936520648 1.84340935054904431212 
0.63149732042086148542 -0.14650369247062819400 1.18146509295213397728 
0.97007041494372514556 0.83047811614906164035 0.69749940831233459004 
0.88934763033536079480 1.17278034176316459103 0.65066926923243362246 
2.15262153974899872466 -0.01397413287223833039 0.69675444694748811525 
2.08636642871616739825 1.10185978810301743458 1.69954065881654314829 
2.09722061495291711708 1.61110583379587790631 1.18311253538565641641 
2.55108072349210956986 1.56576423059209801636 1.83542799934214806434 
2.45329749961957910287 0.45327066611572214283 2.24071540086863807417 
1.33052282071457339541 1.67936237290792411692 1.09507509651810308604 
1.64834147794531826747 -0.09394672690546933269 1.25841235732101330846 
1.64960247123815539894 0.13100157091571942858 2.17831358728226032184 
0.91752784661039143987 0.30625716509111489128 2.14049896028002839543 
2.25998892340399137879 1.63878238346461380104 0.97490442668923349423 
0.99217956179506439085 1.82778179804470597425 0.70594269482107374625 
0.82731825739804976116 1.69324796283296152843 1.45747852525696441894 
2.15331699096485085221 1.27206085125464696262 1.01715261821066138559 
2.10106379272534304903 1.31321003699301397383 1.75572539787685699686 
2.55985049726107893875 0.36410692215963064156 2.21807246184384476706 
2.18603717963585264528 1.61557026161882211213 1.53780578866271788741 
0.84259363938316633735 0.64383630529983693069 1.62909469209109913912 
0.94138878878784071347 1.29111838020711355846 1.20566623572075326543 
0.92440618543582120381 1.10202334399362200656 1.34071143866675823730 
2.32550323300323436015 0.73959252523300733628 0.96136985986399137172 
1.96188157884562119904 0.87541369759776033188 2.33595727549516896104 
2.20244100843069201545 0.44451154845618606748 1.81061848920781809369 
1.30111721785642231453 0.10171817500733799922 1.01973508791471445534 
2.18427594375831635176 0.44035246196116600848 1.66854222815098052202 
1.68508857062776784552 0.17298467809591755451 0.47157947093832308649 
2.33683744984912422638 0.51788710144077443331 2.21405855440549714785 
0.78719292908515769991 0.48184788419473234544 1.46798635463751159236 
1.20200162942771959784 0.81498181706339845043 0.61393822407979936617 
1.33545692188230358255 0.87266276269072651228 1.72705957604253867999 
2.36459463912429646015 0.16685095618720879873 0.60118265789026370527 
2.36026610818232818190 1.73588374908079945413 1.12759328703942518501 
2.20728979489391408109 0.80953844868638302756 1.62056367727997208128 
2.30611235658364988055 1.06177704791350313585 0.95615441747780915982 
0.88827401515940052068 1.28899204895902474988 0.89433778053593460111 
2.16090090758088138045 0.56411192962365419579 1.76393133328519868819 
1.69940358550033865370 1.63447795692639319398 2.11822642147624096154 
2.14569444467414482958 1.31783325675590967663 2.18289490287801113411 
1.46644608129848941225 1.73881746728890895781 1.57597790405153603821 
1.22498733352951449938 -0.07661236497142873136 1.68487483797257775464 
1.06505581211908140205 1.26662575170342162068 1.93715540962060073227 
2.21712342035955289887 1.12700558127680472431 1.61943652249886604899 
1.80735102152863214009 0.40806085812361453380 0.58981356417866481756 
0.63128247853143371060 1.09945598926017895636 1.33197550631501049345 
2.21017094394288449166 0.16973347855539078211 2.44983588666821727742 
1.61777482386230220257 1.10402929022257390024 1.80872869289943905002 
1.84628673278662813750 1.65033743104364960530 1.61653780047997530644 
1.73639868892671977996 1.35695345531711386577 2.17755234787859253132 
0.69208137126892455004 -0.00221343236682589387 1.89509606286766074668 
0.91910959195509800423 1.14463007742830780167 0.67420392436107701162 
2.19044970137579664282 0.36710939181883905924 2.17957559614467211162 
1.67178410046857850446 -0.12033198917536733208 1.68025794137784978410 
1.68423297241320035766 0.93696099611001260055 2.27884564759604790751 
1.74829366225608207053 0.32263511805721556414 1.09109028208035208074 
1.35199999648484903148 1.08893770836001180236 2.19675949408552861897 
1.35074380595027854213 1.08906319650126115484 2.19332574139012548287 
0.89854403858678144612 0.30170140537495054867 1.95710231624780917059 
2.44359537675297611159 0.17489644513206381582 1.67591983917413722693 
1.84548902474510256866 0.64784066639240989183 1.93934931501001073251 
1.42132575886400336351 1.13775600503935137020 0.65876678031034718863 
1.34566045275856538410 1.22589789695791684387 1.93172025234177113795 
1.40088904438971106892 0.46484858844766735464 1.21598372548521527214 
1.91939215238550286990 0.28650921686507124786 2.00241900490101754073 
0.62563365728781117348 1.75325158100824629592 0.87417079030891531310 
0.61459913033957713768 -0.14905654349842914486 1.21002808470229195059 
0.63810461953490082987 -0.12320739249254962500 0.70171032888286244411 
1.31038338797517228684 1.07511859743619986318 2.09387066009483602258 
1.30416749117926267232 1.23324117946136069257 2.06895736965209042779 
1.10657514965869507861 0.17552267658280912288 1.67745090002196506340 
1.00041141655222509677 1.16953234740080525000 1.33745934367935936926 
1.75340900148497125244 1.31034964427281863664 2.13016623771420032796 
2.32966010986871951971 -0.07141423125368620561 1.86006595547879438612 
2.41592427124257413951 1.15322620501922146197 0.60026461565436795009 
2.12301219182031708499 1.32927600546387658653 2.30223653281980089602 
1.12360465795496256014 1.67464542152463824465 1.65447968081809881902 
2.32512809970480338606 0.04548638713296585673 1.21171670008737741853 
2.36955435956297799649 -0.11987197093686857707 1.23282985925174859432 
1.20447665310010720852 0.76843597514175965291 1.56959943128662260392 
2.49218372604383864299 0.18105205098489393634 2.30386632600805896232 
1.33037030020511815032 0.81221528502359718882 0.93397953521042464953 
0.63139238933545194232 1.08519769483600869719 0.77961549738753965766 
2.09806097480944320210 0.22766828669011895947 1.67157164388633261431 
2.27741879348255249482 0.56031910439524090783 2.19592302654755622271 
1.28755260179169828127 -0.06686064826377373371 0.69637437017347392221 
1.00457446898251201439 1.71647219110661986008 1.33251678255497019165 
2.57365589024649477068 0.80642447022651697619 1.69847989635115625973 
0.85768197660531508841 0.32935814741244251458 1.65943507881954177563 
2.12511144580483835043 0.27299909775954445124 1.65545148811816766887 
2.01133351309692809394 0.73986035114825932091 0.69621044310043800341 
1.79044411053814989110 1.39913275140013326769 0.81471500568316401747 
1.15845022555169174794 0.58984453001964143315 2.37800308714600427962 
2.19561513575048961044 1.56451505921676692346 0.53683475604546138094 
2.29236071580766687106 -0.05010384243543661992 2.00378564442490603170 
1.32466194912954371432 0.59500660592573295649 1.16517006438877435137 
2.54933085571131412550 1.35621942846225773671 0.81744107004044230802 
0.83235518378758244218 0.42403246645013836780 1.74372547896535201595 
1.00659708116821278168 0.66294220124839742248 1.22826297464036038321 
1.80487873103862783708 1.50874867755738995001 2.24450246496512217931 
2.52011880869448567921 0.65378620173417256733 2.21486581580473007591 
1.98752479728022546368 1.19023191975779396579 1.34380004243049899770 
1.92519713676639692146 -0.02712140946643763761 0.71517712756740370317 
