-0.28522234389159167867 0.31285482437713402204 1.02110985631799788820 
1.30737431826043426497 0.81994669118653162876 0.49625800728365199177 
0.29621012532891771718 1.31448721006086688412 -0.00601832373689599465 
0.03108184371814419131 0.69711037367104999873 0.74878735401951190820 
1.26194667242388702810 1.23717808205450063852 -0.53878407489981761103 
-0.46668458921925987104 0.43184545634771276390 -0.19641131428208852272 
0.32190011648167721203 1.01183940261835148000 1.23205495100161011024 
0.05311713830652603496 0.70240332761083545954 1.09763454329143939070 
-0.08102885138063657677 1.69569710903853243522 1.18486690494017121722 
1.15956683770293822455 0.70195695310980499304 0.90730049584586158762 
1.23885795307893942230 1.34943699237852277051 -0.54047364961776500625 
1.19170392177163875225 0.64061281461163133155 0.29779013858257985525 
0.98836828965346956721 0.72112132495556302558 0.01558411000448611458 
0.22352904570924944649 0.12730643712479006169 -0.36171483523798675375 
0.50149190462644377408 1.58970766606019342504 -0.20307084812518419459 
0.19042114315217548159 1.45088025518028307381 -0.61390259565211136028 
0.71346373208729418902 0.07419464843137285603 0.13686665721251664585 
-0.19537036250321551667 1.48210243103100847151 1.33191708788511053996 
0.32987110483516912662 0.97679176353608820893 1.11494158992917458129 
0.77513162743159580437 -0.04032711511397836512 0.30275971444833438273 
0.90005772325802402278 0.64701497030775612096 0.64506785371619446146 
0.31163750882660479213 1.70029534376898694426 1.07270088800985874400 
0.90801017378401960300 1.33460634771216435368 1.34717083458712427735 
0.35472008092426166037 0.07760641149185903975 1.19635372194313194250 
0.54965261128032472104 0.20252159731126870290 1.37213457136311500761 
0.88264659725473615381 0.60521287482787522460 -0.21679940494000762841 
0.38587148706112456287 0.56866087550524868632 -0.18018813117701976134 
0.71545838080485535393 -0.18113546177762088196 -0.02346436444445038072 
1.27232991783264148822 0.56400288060871139884 0.50232578516765569177 
-0.05986906040238861720 0.30521235059715989824 1.05136746058321528530 
-0.31855378244657794884 0.10646947407345522252 0.94770707640478157874 
0.40027362758465440118 0.59490008795334536895 0.17690529331896215348 
1.25301593390167664843 -0.25037957041870373409 -0.46188219011576786555 
-0.41569407196484176037 0.16364917861618102912 1.31804005140957780640 
-0.09360008993146703982 1.32187802459302372604 0.97944994141667518495 
0.63464778286243594962 1.46877130763712115957 0.79190697816248667440 
-0.32536459622294883198 1.60235851563518361118 0.81760847352932652932 
-0.33883826424502783148 1.65045476298222593137 -0.14247679231193283167 
-0.31660296980470026273 0.06401814395790106360 1.05344590000529292340 
1.18770583454862843631 0.27872434657773015321 -0.36989776425401854620 
-0.11903338854478577591 -0.20147087951259559646 -0.35073591846577484299 
-0.12085089503773084607 -0.03577830836218157812 1.28041576444426197234 
1.15498807433660855004 0.35419729301597852045 -0.19703203289029222467 
0.62963094185491219612 0.65876554197863501638 1.14399524819373743512 
0.56684282039321887137 0.80865972052306289708 0.54395837898737131599 
-0.36786805124188315386 0.15832850758631533683 0.60697970126138445224 
-0.48401162301085876027 -0.20338696943831638397 -0.57577911780884161175 
0.33715947768942244878 0.83850134540016241225 -0.53307508171710016320 
0.15326280980122702902 -0.16996626620336405256 1.33885440046819126358 
0.74544727111172714995 -0.18545779524040109654 -0.49486613828526226921 
1.15064443513003733521 0.32085758623724286442 0.09401440658948533036 
-0.32438189009205736779 0.56557648096436086149 0.81183484976200870342 
-0.10069506652539608749 1.36601554988897166965 0.17102106015828127950 
0.22314790114806845600 0.64005286056856436350 1.10698801851142647479 
0.14193040876839907449 1.14886284001066352189 0.33503098416126098069 
1.34970249610839054810 0.71998513935720676038 -0.02428970464932810047 
0.42830569425716519261 0.19879939907114624331 -0.43530124745091020033 
-0.23019444263611557600 -0.10598113914416498749 -0.35279528211264349347 
0.45424745693334694918 1.28857483775479697563 0.81718097861773064672 
0.90823331466865109274 0.72529869278886271999 0.60461667610329805633 
0.31410010742252786331 -0.03196591213273802107 0.08055254932306614435 
0.69766243443647835143 -0.17131351455076263002 0.40537886877855694445 
0.85612119021443955358 1.68394291085708003308 -0.09988703584133787339 
0.23448306559420484252 0.09338867244943026280 -0.34075431614961565474 
1.14556348203972002686 0.31002331085443030068 1.28982311171552743723 
0.87925890473179890705 0.21596732305996621526 -0.39828391544063757035 
-0.30648756935391430201 0.15304547251362218829 -0.39350100592800169030 
1.29413889581092567127 0.19087407804628780950 -0.54439774482327796257 
-0.14983152748020095446 0.35859711868345478525 1.12176825292536896939 
0.88238999605750401134 0.37857864354083481384 -0.36903034652750166256 
0.06635031838872930410 -0.03068442226275699611 1.26863506113088964078 
0.64290138569462074170 -0.20028982725479696492 0.48245972332172543107 
0.16453419243260347660 1.61145474749923867108 0.70506896529551221775 
-0.40898339307931008690 0.87021042316767993618 0.67908143986128055580 
-0.45311739916166776654 0.84083777624426525588 0.33772333248708102937 
-0.64059916223724766571 0.63697439417833834341 -0.16619640799847143486 
-0.34284270768976243815 1.25253278335875473104 0.05277445076811483615 
-0.43957910723869902947 1.63219677498557058648 -0.18279112268748329284 
-0.63198839177226062702 -0.27269024823880100294 1.12300014180239893236 
0.74132880746848428544 0.67591718902291020310 0.09930764125793671571 
1.15587995815534716471 1.36065391584582617845 0.69276365135786110994 
-0.05877736549315205200 1.32108470104527930822 1.03522334971213747501 
-0.16404989741773401413 1.40352456787777146729 -0.34707724995817268443 
1.34340999078967771041 -0.08881120918513801810 1.30735667232589536368 
0.70212406423720707949 -0.08920889391946007496 1.25694181678809013825 
0.24375961753395478104 0.16505682193075027486 0.57807691088837842575 
-0.32846662363087686387 0.91856448713545735263 1.06013202257045113797 
0.36449195790473143397 -0.16589681855431501201 0.39168457346529045315 
-0.58103923577079807927 0.51501868896116420604 0.77553379546249290311 
-0.33668642116604524661 1.07641703687506562481 -0.25446619729275471444 
0.70516632591218353365 0.74258934365132500677 0.07764465568885434155 
0.67779921436443946181 1.49090330623185907122 -0.18207727585511129798 
0.32482453666266764003 0.15908900409045384494 0.58258548614670269128 
-0.44767409735066970855 0.83139594446145159701 1.35383075284728437992 
0.68024048463317865476 0.15933253096861244025 1.35079205497295795624 
-0.33176687843817320722 0.02733598582629320067 0.73798486877242686077 
0.92975793219232472087 0.68079396356531873824 1.09945349513927870255 
1.31014530766365000503 0.45572990667842266932 1.15538718106284821197 
-0.43486326606645148152 0.33458253990057407190 0.81948423836668571330 
0.75026694808728200403 -0.14086934908839005010 1.36002672447507189091 
-0.63276555254200139711 1.49609991815658815995 0.19365867683279827660 
0.95886586072004931225 1.32256317920431221147 0.00367846527417162519 
1.24913743482668193607 1.49571532685814045927 0.73939784830454602371 
-0.21152192227537156000 1.50483228720575890058 -0.57725791410735161069 
-0.16300069241786210861 1.16303309156606893282 -0.35117869562429765429 
0.19774503684853733665 1.58753354293947834819 0.21578411303187239323 
1.23338275623045401375 1.59905606424282886735 1.31514146950045263118 
-0.59461212298279964017 1.63430687754081938046 1.16678242489360672884 
0.44070867386053708126 1.41664502490748223096 -0.18080318885704824150 
0.27745571345311320632 1.64022722100603690620 0.13649029496581374654 
0.24895270046655493257 0.51072116517083532283 -0.19471586481970970528 
0.43858173791996857283 0.16089311711615469913 0.70230424271202185338 
1.26186750416275073050 1.48523903854351968512 0.57884590898643428769 
0.16451171410740947354 0.97317785977101922690 0.31220085488280041597 
0.89165006359606358011 1.65802513620358449309 0.16438613332447482573 
0.36262998939948476451 0.25919096067591429478 0.08098970095775455402 
0.25874959102154054813 1.21398792298011692914 -0.47049832898668486614 
1.34497706432087116291 1.19658964407859191859 -0.53747754744598175147 
-0.40766890113727399791 1.20489022072788087847 0.40792155842491184536 
1.14320879463287572442 0.28314022415934259058 0.65373578979391522292 
0.64854340128509635477 1.43172248273974078714 0.17482528974817443390 
0.08096004314318737405 0.75734116434589071609 0.32829918736746066532 
0.55107008023029513399 0.59286080385495598666 -0.19943180936372217893 
-0.35485426479197390570 -0.25316918312865177576 -0.07953149847130362715 
0.68169410568718802335 0.78569066197047898736 0.09831502219691456990 
-0.26637504994965932603 0.18248354468270461259 0.54680286973235836534 
0.27334345779995988801 1.57544786520789981132 0.17257325151531446861 
0.33947449360593789924 0.90988933358082657588 0.65964895462153216865 
0.42968784912537716369 0.20239040222811224834 0.52705441968497668270 
0.26696384093440150842 1.37807576982636570406 0.09952444007352251321 
-0.33511249963726491563 0.83956402546046227098 0.53951490030419135824 
0.41877983036278815243 -0.21027507704231032659 -0.15584917334776710041 
0.67913513437949735163 1.43346554471770293304 -0.16533741043446037455 
0.16520798611013751134 1.35039770816512061380 0.58737195415304188639 
0.18823908982157530612 0.88001874053911044449 -0.62192829421335815709 
-0.34169390205361305224 0.88083909094683110474 0.62636938576598655271 
0.70788727979698207182 1.12044044806081610766 1.10525553868251025236 
0.01758848991502912074 1.72064878066714443960 0.13720354219250532890 
-0.37826381694933486344 1.46761269583441045228 0.17829400354628285874 
0.07880623593506941305 1.25177835108323343150 -0.33061195227819911713 
0.59468385246982802261 0.44512213352919755005 1.17752932324297532318 
-0.18806428652618309427 0.68633646025302141869 0.92235493689484271407 
0.56579010745454960674 1.35060154415476652012 -0.17595066085035199199 
0.57410699310023749486 1.26436972872466091289 0.18099976537204512383 
0.86139786544550400738 1.23997975734183030205 -0.55920718209715092328 
1.18969761815454311282 1.03681444775104636413 -0.30226065546328501066 
0.17212043383110250949 0.06738256957576838069 0.66347257354652044992 
-0.41319368197323996794 -0.25151972758893370585 -0.14005367401750679068 
1.21902520268727787567 0.07611483193791100665 0.32095920721952414523 
1.20093006831916548904 -0.05666732978627161965 -0.31166848539755032110 
0.28818892056108896815 0.71318864980273033449 -0.02849468768860793574 
0.67131134792548941004 0.88033543293483229597 0.66001125446720998458 
0.05119246222932173629 0.71233803581729149279 -0.08072197037976491796 
1.25147947970436312914 0.48584275273352661717 -0.35180251189745009865 
0.11588660341599855974 1.00393821308308561768 0.68372091844891380585 
1.14813770067486942139 0.34821897875607132899 -0.25032278838118615649 
1.32178706814009627735 0.17964615991670798700 0.44522732981905449590 
1.33466131745974592171 0.84211577674518423020 -0.43849489830410004476 
-0.55226477785612759774 -0.24014354601148077406 -0.18942452095915171539 
0.48417223834771910829 0.20781293669163508619 0.42561825214009729734 
0.22882317820757652749 1.39342037107996463696 1.09918561428614358633 
-0.30298740556189474038 1.03050704426704564654 1.00631884700779550279 
-0.30677546407012706853 -0.00384020043380515694 0.05926693846539449195 
0.36092572169595610321 1.56465111848895621627 0.18012802295644633754 
0.71271441379661459870 1.68091161656615728504 0.85700412005116721748 
0.33433186825470934123 1.23188938158504801557 0.97157041506769548089 
-0.29670457570347008591 0.15942698097427432380 0.40575482400784357306 
1.30485914090602173054 0.41375793237254804291 -0.15084688913935628829 
0.06514255671149757343 0.17786015756576739610 0.66043121681493199837 
1.34565671201429215564 -0.10164538748403925683 1.31868383341654094032 
0.80590213729392012887 0.32131269746101825957 0.96736885476218859026 
-0.02244070818002421100 -0.11929321730573365368 1.27969525682128693056 
-0.48154502626119621844 0.27840602685696863583 0.80707570383028559569 
-0.17394482231566074648 1.60588816253973698522 -0.25054746223006907346 
-0.61094967063782001926 -0.20467375816549604473 -0.44951338228774995187 
0.05308221145355629389 0.70927705181897449105 0.27677597610524207195 
0.50968300430966340109 0.24270791224660681618 1.17177717813003567926 
1.27527881910680096489 -0.19561892754121029681 0.43035300060805453670 
0.67508097946705702963 1.13003297252222845160 0.76451591586534572986 
0.38899717741426897977 1.14748543234369426713 -0.20268923343824962746 
0.27836579948255329997 -0.08018157983110811571 0.32442822173165641875 
-0.31322756127284490102 0.93961983030124041072 1.01823619388270736330 
1.22592341245697333818 0.68036541506106207322 0.90020510417277554982 
-0.18428367894573022268 1.69083734212537617481 -0.55338620113609660045 
-0.40675177687186775399 1.16914200435936033173 0.77771947371097638335 
-0.10194012444003457130 0.30924505234812560417 -0.04975247722867224415 
-0.33626332259220764742 0.01990882859598743990 0.21827799905036895933 
0.75084887127665300710 1.51500947157850074376 0.17766587526384894358 
0.17444620674459890286 0.34355647358090463106 0.09013441823911874651 
0.91601425754878629260 0.68433691780789118742 0.88265886887168776287 
0.99740842366071569280 1.11814485913989059007 1.27900061261176545280 
-0.35825510647425040656 -0.11152140969067489418 0.83103745265213113669 
1.26876441375876858331 0.34038950917130289531 1.04568837201219855260 
-0.46329067877266838504 1.26594007689379162152 0.17344680655429792204 
0.68995596420718219299 0.92152524219867937294 0.79303673809406616257 
0.31130579818758968846 1.31485249767721623648 0.93379480631356870379 
1.28344135835476791385 1.13068656989870741647 0.62869063823527260304 
0.52763419542821443642 1.23863374342221765900 1.18690325418309705618 
0.19719081315684133804 0.44339615549310057441 -0.60368491561432946479 
1.14193618682351560878 0.68598515941370152849 0.13789810904661653490 
0.55436245654518556680 1.44755917810300549498 1.17973755815890068988 
1.16535316940644517736 1.38264952053043521651 0.25325962210542241060 
0.92606600638617597721 0.77432713621724658104 1.34309080992229601392 
0.35355760116146300875 1.50359278142919960963 -0.17961992385029235120 
0.63903092706121078503 0.85017622391832203821 0.18468961176166806548 
0.69939598144673897906 0.84511163042014880720 0.41517020754767142154 
-0.35121918402045892993 1.24959233861801743970 -0.06701387262435858083 
1.14284347483676995694 0.86906572890512467922 0.65865492760040000864 
1.26205361348276667854 0.45859637704202377284 1.18320286128095664147 
1.23166731881061708442 -0.12004063084926845650 0.34472071098527662381 
-0.25158802985244715922 0.01636575864638830161 -0.30902603368958037056 
0.84697337578717468709 1.71294482242715351283 0.96730988020102581793 
0.37146598351746368261 1.17708444101005982318 1.10671234151529307432 
-0.23539410460974366512 0.44146273754908293974 0.17923997158830806686 
0.60839517240529694675 0.37386373705350084418 1.15475737240465514688 
1.14169834708693107572 0.32596107402273311049 1.10388331654585880592 
-0.19345482156586502054 0.48389942334914970434 0.32448676115483882088 
0.85991341223764372614 0.50195673553771869013 0.27942582356241452146 
0.86822299070498931695 0.46387609238508464848 -0.30380543362168815902 
-0.16683971568477831693 1.44052790196062141526 1.23426847451152221780 
1.03056332727568866758 1.31823073259178591421 -0.06758027334497750116 
1.14936317180053837461 -0.19855223385650450085 0.33755349950567287154 
1.18251083807518742042 0.03171439652091665590 -0.30225680601292864713 
-0.64790745431981899838 1.16252581320070258464 0.20111207480565679306 
0.87960862456958344158 1.46063180778364620771 -0.27169336313666542226 
0.79590035767084021945 -0.16351925912743822678 0.40764239240368133066 
1.26814954507529176198 1.49151500658169222646 0.42556314014505608467 
0.91333048961704532687 0.67771501551189960999 0.86954848784892491143 
1.23309185595040093908 1.00679437060670484705 0.67238879537106299722 
-0.16471706210301909068 1.06135180328774980651 0.31195542195653486184 
0.70919410008822658664 1.09999804609745677197 -0.14174858660900518936 
-0.45129065507338106400 0.24484450277947875096 1.14908050655274873719 
0.30086324102069328390 0.00658106769159884711 -0.00249001224101446164 
1.12436819252754349741 0.07858398022938176131 0.29752279213019455772 
0.34486172867176312362 -0.12175413908170283628 -0.32817341706923253142 
0.18821966514080032407 1.12052186357925132043 0.33760270841294781619 
1.23160547570972322973 0.25271973071425701818 0.55668401326816119301 
0.83239535313454093846 0.50329236598040250072 -0.53989335222950673998 
0.81995436252744802186 0.87925321245299403738 1.35506760667617243143 
0.53042167537812212608 1.58433777239555229066 0.77628867799527123683 
-0.25920969507864033421 1.33503789387237503661 0.00819075355293529678 
0.67127958029903744830 0.88150748333524275857 1.15151051882009691774 
1.14025000102913010025 0.96576976548928794575 -0.29523344050202954270 
1.00940314887369453345 0.29275900234140911360 1.26915563680010334835 
0.71154953904057849368 0.13199198241023199496 0.08682855160857654020 
0.36651819645253441715 -0.09600728155990169432 0.77069994536762798099 
0.34636488293986561482 1.11871659289516944824 0.84825698720517517248 
-0.19783619994748774529 0.65997865046891501795 -0.47521301182618125303 
1.15114039184535865701 0.34757333265333473227 1.24190440861567075181 
0.55057644800908722704 0.72721886465807916711 0.80226287426160902694 
-0.20750082819348331098 1.56511108230240703065 1.37300810271963036335 
-0.34925750895207341440 -0.11038049361956844829 1.10713191887418993531 
0.11311694372700903388 1.26197775827399971682 0.62576539551811660722 
-0.57324830907324741958 1.23287618859496705959 0.20277525108951094390 
0.86774785305734003504 0.50950778149928221961 -0.28306330029381737701 
0.15775741175089547097 0.29981472567580763622 1.37180549301017840058 
0.03586335161332530885 -0.11652124777747234485 -0.30000402739176723621 
0.71520920888331873666 0.92733999854541204755 1.09410439661251479571 
0.19443327141054353446 0.74082058415124307782 0.49023729432631646397 
0.51711864561736642365 0.20077852927227607394 -0.38237132435359999505 
0.15812493333915544902 0.69839022521493354656 0.94842253381294017167 
-0.02331021846922097518 0.69544811075722345883 0.81089922303703321216 
-0.11860714411709943894 1.67668110108970735972 0.69682336886436635481 
-0.05126670576903080701 0.29580830317555956155 0.99946552803046206925 
0.58278239500057782418 1.21089424008827961643 0.22081147793215460950 
0.96071477122385595671 1.72282651042984191747 0.90074896010105276467 
0.27018628141551531696 1.44212734477902659869 1.13524042143776959790 
0.83097232798808806642 1.71553997473404451490 -0.01344691047840924913 
0.53617617583675192261 0.80958958141326664570 -0.41806292700427233333 
-0.05869531472205866823 0.09283214352803834113 0.29700236534983753822 
-0.38807920744198742824 1.22250302685388989588 0.85443743178419129247 
0.86863586688591365448 0.02402976213023460747 -0.31230383657442895018 
0.30931005288838603340 1.04238762371925797190 -0.06577607393717968542 
0.63405354474463448966 0.86999958313676495347 0.73612595238404776588 
-0.51123236453476228469 0.50600605734368753197 0.20869526780875891081 
0.73380584255393199733 0.72471655275557178566 0.05762553302418391143 
-0.44264331187533806355 -0.17009847379807160883 0.65876189341324098425 
1.07960115338015905095 1.23422730357661003531 1.29405191844375222487 
0.11351473157202228437 1.71427603023248464886 -0.32115016866757356562 
1.12936146951932236959 1.36133978352913120879 0.76307204256290939171 
0.14562390441179209888 0.64778194372978581406 -0.16603369538867440713 
-0.57018305831318283339 -0.23650000095388337695 -0.18761131847684353602 
0.55266705941379823397 0.60303676446912957143 1.17706829285907299543 
0.40386425171264112022 0.17622357770367796936 0.16622434022226501016 
1.01505304004510188420 -0.05373450455254288188 1.26629063624760473949 
-0.13273305335753715628 0.68364692206124400009 -0.10315704254301945320 
-0.26296770025317073305 1.52234968220113220383 -0.18841820462961186844 
0.04980816534593690559 1.05727546789458259902 1.26721384918820656473 
0.18516241554699097716 0.32293383838534095442 -0.00597144089450910454 
0.08074495179326546257 -0.15384261369076357440 0.31839421216735963593 
1.22795224990189799641 1.23635938615550911024 1.37964728234216660319 
1.31688187374734089197 0.88544124146783054208 0.37359829375910136307 
1.08338180606738010425 0.30904104555779859931 1.25002851578129359211 
0.56508617598985522168 0.20581746424161342923 -0.41403469287080130190 
1.31095932027847661416 0.88011528807782501982 1.35986797819470894844 
0.65406386957165674190 1.30580905235941657772 0.13027736930326219711 
0.62302901469081761743 1.20057711400526834211 -0.37421099345879976772 
-0.48755114992220349723 -0.21269012361368277997 -0.53837672388449309135 
0.36579732143899340580 0.14894270039418619489 1.33759066731546694129 
0.33056675640248212034 0.73062036033166721793 -0.04859200737085747623 
-0.39769647164294441577 1.14914135225588620592 0.71776769880251956035 
0.72345949240339213482 0.08763514569157053458 0.30022989712073827606 
-0.09567628433183235359 -0.07259470669380288510 -0.30144144338830075602 
0.65294056091005436837 0.19820978397453342668 0.48682754422769464187 
-0.62926458415555597270 0.63667212868327105468 -0.17020457207465972127 
-0.03325358169122137608 1.04079658296592003630 0.69715655782573615618 
1.20217092173068484939 0.64846242487193195281 0.81803802509308254365 
0.87159340664864926040 1.46916779132546482245 1.27927077738208416768 
1.27222758315754225222 1.51494474432867520797 -0.54346863158861080656 
0.50936845410313613680 0.79578004738103080840 0.77499847961874746005 
1.16939483111765341050 0.65936514787130329207 0.69690426941024863350 
0.80183211813102861498 0.86168447265372194455 0.39675849285118214294 
-0.32669875303869844174 0.16740634714601923538 0.41461514831749557430 
-0.16383388662541736869 0.20838017743320533248 -0.38420713805739886704 
0.08802400869439279407 -0.27853626094737127250 1.30775449563065948588 
1.21178829739460347525 0.02932791841614080380 -0.31088685303105129121 
-0.36832011638090150774 0.26568293827228739445 -0.09834301817056202710 
0.20857849651604265517 0.47745837327178181075 0.22433478086263547446 
0.76005362799441544830 -0.03835822313311933185 1.27344309657236531841 
1.06391540776875603846 0.20655052729498663000 -0.31200125927228672396 
0.04923891817389203229 0.28363769917332026793 0.30252478873828519967 
-0.51508703449163117938 0.21572425376283813070 -0.52051608867060594754 
0.15261877387346312052 0.32085127295104881595 0.03674847143852314618 
0.38803309585574835561 -0.12741209397571212625 0.69827832207460993619 
0.11281962016866337040 -0.22148471476297165728 0.34977502489739853431 
1.18302417670338644307 1.67847557749814768613 1.14073808382633856695 
1.10104017127491737860 0.02658137304445687410 0.28517858037014015560 
0.07897959718535109419 0.68987141894075121318 0.13756673445078979046 
0.75029731253153553183 0.04286000354697538234 0.28949812476553699048 
-0.20867402906381549155 1.44416620862139621906 0.18254928683675294976 
0.80286230576291706118 0.40151167249721936292 -0.14293570638721858623 
0.34046520224474341454 0.84137424608010058513 1.02895084472882403226 
0.18255279252619199815 0.26165862207172130294 0.42750523954011138139 
1.23363393380551911171 1.46290080626499929828 1.31033967814223517578 
-0.32649840314322520207 1.11086189630639031733 0.08160146008774944726 
0.69883684023851477818 0.94460678087681271275 0.19392862360043133796 
1.16350870144014084673 1.70346938386531321363 -0.30916362027136828905 
1.23170600214740777467 1.60639474092508227621 1.30905072056519111712 
0.90044942982072317950 0.18689550761855203143 0.36675049912832069499 
-0.38012569776035565194 1.13174942229135400140 0.25669613376946698313 
1.31132748024618650540 0.17605226675616406085 0.42790400663764160960 
-0.33660524798999730267 1.11639824564434242404 0.30440803035821456524 
0.19739994848086198087 1.20212953321734206114 0.58353009072869643781 
-0.33447117316654301211 -0.05307268680255153304 0.14156071882381957017 
0.74362284468497552581 1.16138777582617169770 0.60196683410757056976 
0.36254579455573487934 1.37005105094963663959 0.84977662465303938077 
0.75291647649840875989 0.87822729121590248358 0.37832818008841018198 
0.43172030945145850600 0.84088940540807743940 -0.62009274996023322490 
0.71157829393741844903 0.14226098201748726968 0.07797163296853544534 
0.01555118325406751323 0.71017726404986603050 1.08598386529034596215 
1.11159822134325825260 0.92165463973736172498 1.27893036643643287498 
0.31604835548240178822 1.33138466694072610252 1.05378067534368824454 
0.67194668428530102133 -0.21561004904897018708 1.09407576464998634869 
0.89879747322443592772 1.24437433468436986495 -0.38244112553116704767 
1.25216938444414838116 0.25464181617929970702 -0.51178366999767221923 
0.06512395030536702323 1.31722799736436990692 0.02161058432804968676 
0.88312160197954092666 0.12188884196671417870 0.63847113737717009485 
-0.17085325859686920080 -0.18583930568836304342 -0.60163304936115669097 
0.64135756126613807648 0.87124961827142388682 -0.29177108013847408152 
-0.19259131832777948157 0.50519905642793061507 1.29733148088871397263 
0.35007693402337392019 0.90685387714470977460 -0.12970145609251074181 
0.79995862612533230607 0.93472831603654904509 0.33486513941985412979 
-0.44316304693821090277 0.84341118988102559140 0.21924420977562752988 
0.94693642535047617415 1.34232750339519446570 0.09690621769715963840 
0.09751692175315211653 1.32049687020031059070 0.99999567615974660484 
-0.58870987703385413425 0.44096846850286985919 1.17710352520828376299 
0.88050533953486476157 1.60573548636464247252 0.70894291555237942681 
1.16647448648756424383 0.35049150258800260138 1.14100339375944836995 
1.20281834049951719123 1.08551655363812527000 1.29524379706229098019 
-0.23505816985342817271 0.89085806591359550932 1.34514025428644456994 
0.28864230541382951412 -0.18975124227681033906 0.49285827744692556340 
0.61171382062369161758 1.64467394475020478595 -0.17932418821390830321 
0.83697462592014593152 1.56227975020571774323 0.42221927442864226609 
0.29751559455632520246 1.10186093310540722534 0.66026843213847230540 
0.89325509261580249287 0.62032248091736119644 0.66399658200741784597 
0.34179927570823698257 1.21472377550639842880 0.04821843838702928597 
0.77034844139602109969 -0.08147418128012115512 0.32357770417955150632 
1.17945210470519756818 0.17346922481135645944 0.34506604850297706300 
-0.12518781750372576234 1.39408531121735013159 -0.25729037619405009663 
0.66169867806499738094 0.16130265780265981568 1.33993397338847675115 
-0.56811784153623801075 1.25328513791740769889 0.19156281656083662401 
-0.32674569649219181722 -0.05747494573104661858 0.12229100385162330888 
0.07103867938932238724 1.71811015136676137338 0.70201188467233355261 
-0.65605223480295105087 -0.16505182932068188095 -0.62017662121458516644 
1.24963634072077756088 0.60344522333809913484 0.57918411392410329430 
1.18337263590314112349 1.26219110532687905923 -0.61518495734771605488 
0.11852087953875826976 1.20524666803366442558 0.34601009669896726217 
-0.06594291410237868023 0.30396813328760491357 0.68146794241988772889 
-0.04613346918359793186 0.88153126678636206659 1.28682966959800060280 
0.83315593548175570504 1.58833195235577018245 1.17276235694673292009 
1.28946099206977526919 -0.18931729506802713603 0.54942864863397422592 
1.19660476912951385664 1.20312020805461639128 -0.62044462375020204004 
0.87275057527461996632 0.62551010803822804096 0.37535655970329684372 
-0.37795026115934809985 1.36841120647280267697 0.13934978986330551209 
0.94647742307745619250 0.73331002138592515927 -0.33684093728669833867 
0.12540273770774504336 0.31862002976481357264 -0.06098596641363548954 
1.22421443113940298097 0.64489180758773234636 0.60484949158880008113 
0.38705474538352380165 1.16104146337834723823 0.80454709601552443221 
0.87307827477822874673 1.62899543717780326268 0.62172250301483655832 
0.75752059680292260779 1.35948322768488560897 -0.08706015097249933388 
0.57405635346086569815 0.49831015841244874487 -0.20586796005561580625 
0.42230239066230884637 0.66637581230846176794 0.81945452222886472349 
0.46535489266313956325 -0.18545971066846614339 1.33187355779227623032 
-0.12827104156611660035 0.63984524786529961560 1.21718365813439222123 
-0.63950483112430667187 1.19367624063713484439 0.37143857208177527562 
0.31935587902472112320 0.10999192044343478192 0.96176301870759006718 
1.08734763683292068315 -0.12227057554470910361 1.28185951557346267116 
0.33699946736491681598 0.17645145153011390637 0.93769698050733363281 
0.70735007513436254367 1.15838142861329607136 0.08972894325896471623 
-0.13737916633465890870 0.32084963794861076636 -0.05677129664034727408 
0.77438356240021799515 0.64740210424985378257 1.09554280988944574560 
0.05204779240208373681 0.29928735051757554553 0.04363937064930818732 
-0.59318801200262261109 0.21012112758029041770 0.46607280506578618873 
-0.37155457957208704034 1.43842674954758842354 0.81331319021831049998 
-0.28847313642379868170 -0.08089925414203799625 0.65761255064977197637 
-0.31975086509381556166 1.13588070169747235028 0.02671109780793341770 
0.36062183701933825386 0.91297524820772613108 1.26759981623450901367 
-0.38917586317311048116 0.16543770498195339846 0.61074009370210580183 
1.29582687191385947933 0.91248214382500658637 0.34983913895417434459 
0.74592972769088916607 0.28998516479089120335 -0.02684032553713138966 
0.56358580572826311172 0.83660861538818331873 -0.28108439220240533096 
0.85019213311727381832 1.12599038505603266103 -0.34324809867354361126 
0.34705413463693490783 0.29296054674188737321 -0.08674036823401110041 
-0.05139382416013027477 1.25723805084035666901 0.66392694630473281237 
0.10115277216112901482 1.69068023019305102572 -0.27342159958444089973 
0.61150685060929643733 0.61593263152429322815 0.18259701579319109754 
0.65680670403059926432 1.49560545178251791398 0.79278658354510345152 
0.06356410833290440654 0.04371538879434656161 -0.28885075224051864895 
-0.16848184242507849295 0.88236267828876691066 -0.34954992730817063817 
0.56940960821943154002 0.20094524231015103988 0.58365987578232780830 
0.11059577666818269648 1.38384711572705154659 0.75073819206230874013 
-0.61650675744814753543 0.81224661504494322095 0.48326350607524892755 
1.34564347576791543126 -0.11620589692969833517 1.33201303118184433139 
0.63167894529180579344 1.46576436641241492076 -0.18863276354569302740 
-0.12288596671041568387 0.64955176072448861380 -0.20356846990399646291 
0.91063677893745376135 0.00227020382507995720 -0.30235623084834128971 
0.03739619884780737841 1.34095574543243323262 0.15505707630176474021 
0.66528561595434998477 0.68363774975577606963 0.13759447642232788822 
-0.31061716201897271450 1.18740478478203037582 -0.56033669950485198719 
-0.41206686172872092344 1.30913741386173354542 -0.13969021792135510873 
0.19142059298474536910 1.43657656528623767223 -0.38161343182738799440 
-0.23885614892794390651 1.46520047786602747308 0.17863759325496919583 
-0.33751356956102585016 1.23477711703154713341 0.99408598146615234636 
-0.34933228622818723874 0.16792586852296181865 -0.07762179063036377114 
0.41946152374243944605 0.85782351941987011745 0.20618119644673074675 
1.34960988778006041322 0.83434740508428628658 -0.47169966828256909563 
-0.42469302315956081184 -0.15624887687987254470 -0.30196696009258200410 
-0.29056053585764285430 1.32147171351010994655 -0.01241487566905302362 
0.19431252563482664941 0.55008769720012651305 1.32604122717729455694 
0.90325918891032097591 1.09883693560075013096 -0.31873925769918803885 
0.58854631617804298305 0.18529490111746069192 0.35092141152014122429 
0.72054278930981441320 1.67301733881570235951 -0.12566310370211594694 
0.87321721771039828575 -0.07674764211352196053 0.65587987805055714130 
-0.47662949291350198422 -0.17906927386438190042 1.27649163654444031124 
0.59360044265696154664 0.25339879837442996768 -0.17065059851529873480 
-0.20784642579360965153 1.63465528218064815036 -0.47052989082899610018 
-0.15721013725338214839 1.28419510439022777071 -0.58546045396931545302 
1.00023842139835394960 0.30351364457678814412 0.06921726907297778841 
-0.48767289942521790946 0.67712363022680865932 0.17794638832298723119 
0.88756798563218530784 0.59811125263294973031 -0.22790299902969590740 
0.76141152183508176154 1.52761701336676525287 -0.18194122910319066033 
0.86947563078099709966 0.31099687966355954449 0.54134595219519332510 
0.73043241534314762298 1.11410627888784330430 1.29536418677837583679 
-0.11035007616031108912 1.32779897130918889125 0.95516571133202321509 
1.25574456969539616225 1.40112363951173812815 0.13972721365443571684 
0.20664232888642200536 1.59737089283437905252 0.78114196955947667877 
0.76313190090497484697 0.89600227327801318378 0.62034735198718904403 
0.21956280618083146017 1.11943418137764205689 -0.34298972296171398311 
0.66106498508071720455 0.17181642408890770990 -0.14897736901929878317 
0.63396073670547170575 1.70679785626297952916 1.13313395284891438308 
-0.47769834421979817662 1.55508068510432728715 0.77493927372624915595 
0.82466107426344903431 0.19920507639826601221 0.44099216431632703994 
0.02272876256238807319 0.96954174016413918746 0.69594167719674437933 
0.40801517622012473119 1.17416266160883631109 0.32276001645915364247 
-0.47515075529233219420 1.59738463799257290887 1.17890782649611769450 
0.71831253508733994284 0.04010969818336354575 0.23425721900027324240 
0.49253435234725784220 0.83494498496404290222 0.31671495792058523833 
0.49534641986023481008 0.63432679474439179756 0.79198854563073850521 
0.31359455216698106650 0.34801389409361033200 0.87689378148075491914 
1.27024289286951130862 0.85244758701188416694 -0.39380989651578629518 
0.61181377559354910289 -0.18681463309026261066 1.35846656016204425654 
1.21482319375116865068 1.28961705633978618302 0.57978888967905861662 
0.35836229642297540154 0.52613876658187086477 -0.18202927691280351707 
1.27676184811912141193 1.53310441975070643750 0.48561258339342044943 
0.79108425515572189379 -0.00267605303683193969 -0.30345195781696898685 
-0.21044512451904945349 0.55155386298278130663 -0.57202365436090085726 
0.45713393387887629737 1.20260017227055504563 -0.22021330418397169759 
0.74492383875033174601 1.70610346336243123844 1.06615016246049165716 
-0.41185041424547463862 1.36511481990039951206 1.13443386263924561597 
0.48386927365585269412 -0.18035608923589813157 0.27938051039376232687 
-0.31474504431562838613 1.30553392609392759915 1.02291686406343140803 
1.21069363707503319105 0.66270193398784738026 0.36497089807880866985 
-0.02791467019484821302 1.71949407734775827628 0.24850646552876179407 
0.46694416206948052839 1.60565084940537494695 0.19577390937755834166 
-0.23428740789949353829 0.40074114277502825843 0.83324478754248865187 
0.17603801775509342331 1.34018883012394418586 0.55845024385504238307 
0.87250246202203485257 0.24029434451026557285 0.41828117839854328519 
-0.30151716275894568930 0.17971476558522317402 0.44740097259488914583 
0.19212356111615047638 0.66431810084642606284 0.10156312770065920037 
0.25168852369268135405 0.41051622600417958520 0.82973213819972480021 
-0.07527708006636892046 0.69628750652374282737 0.69976583406850312308 
0.95823858893257196634 1.71805102668375320185 1.07269837422532221538 
-0.18754630564834809392 0.76996862691386247501 -0.43375883052283226160 
0.24987665256780167145 1.59515505531370282988 1.15424686914476293254 
0.32873263139607888927 -0.07259334076624471277 1.08579667412068103793 
1.24709472591868331115 1.60783808646289938515 -0.38065802097073225818 
-0.00981437848396524842 1.32603375667191825116 0.26058289034507048365 
-0.29331876898838060708 0.69385008690395810760 0.06828502844823537699 
-0.54550902060767358925 1.43180606483977901355 1.17641565446452101007 
-0.08744378325825077902 0.67633643384264885423 1.15782605245124337046 
0.53750143877408040893 -0.27863795497576182569 0.18424355207483486541 
-0.36789560555944422759 0.83131201913743224541 -0.45186270555237972868 
0.81614259973900271650 0.47435683083758378720 1.17531069505506846617 
-0.04497465201455326522 0.72384921281247038838 -0.02073080360744265077 
0.54148213227025732142 1.22417549369975353635 -0.57879311074056138953 
0.92425583162549695970 0.32385512897881063576 0.07515626893360306815 
-0.09091880987068219622 1.68810649546801849752 1.19281295689813049421 
0.35334233127391545537 1.14911875912441097114 0.86286214861358789818 
-0.61597451773989997381 -0.20556601084032247173 0.46346390434533307756 
1.23951015985361157057 1.62230390355683939951 -0.60550197365454994092 
0.91279845712592333484 0.87511095352880718945 0.34016577110325096900 
1.31397492001154669872 0.46556756646745267592 0.17781634776451279989 
1.06531320588232336632 0.08741276550175755555 -0.29114200689295383073 
0.88375952370975585648 0.41530122026371568689 1.20391725697787732585 
0.87165098113484040798 0.45338609202239449347 0.27963143874029067204 
-0.29691668115340646983 1.18885640028419414804 0.55298298242326859864 
0.26957145053348713359 0.51481381343544840856 -0.18330170868155948316 
-0.62395627862057545521 0.83101706965292720941 0.19575110446123800134 
0.33691259917457655471 -0.12804259182604618705 -0.08613509054061758985 
0.85403640115584145143 1.62922623607864913708 -0.56405501552629910833 
0.07001296816792160205 1.33480071087328866497 0.87612573621722611428 
0.19410952814814436129 0.44835625116778810018 -0.22037555570743588840 
-0.33744140787509679935 1.15298165648250172666 0.07161619932218121765 
1.08347927147845579654 1.71834633228490840651 0.14147599250507755797 
1.14464564382633104955 0.33916418449541108071 0.71589693479628979667 
1.18117016796120388733 1.33783361283139057285 1.03683931407893381582 
-0.14330111486758714823 0.38801093611437081909 0.76621637027047961865 
-0.05854034339368172080 1.21028484161313754086 0.65997175417819842203 
0.17322318979946260686 1.35628162496439808038 0.07989973888458511142 
0.31887317669402276410 -0.01238934583260198688 1.08722409494097282945 
-0.05537259412723300606 -0.14565240599514384101 1.29120784994712090032 
-0.18206203334837584018 0.32856010298419896509 0.04862872936773188215 
0.92875476155733038830 0.02436216159265797848 0.68160700523554018648 
0.63701462901057726018 1.59834386708322706561 0.79434562917842510554 
0.19216423400196658289 0.34258345210112539636 1.06009558480368393241 
0.85047840211196723548 1.62076600358198796847 0.41703799619531389808 
0.86796101306273343301 0.45952936306219865914 1.28279893201027306304 
0.24730167963828647570 -0.16041656797225695152 0.39994883444709516951 
0.13121456072718640229 0.76317599816241066257 0.61283472744627998097 
0.52664271385858951735 0.35367394005075275532 1.16986576521545693197 
-0.20591090305498674362 1.58358632552133027360 -0.58032985381842805417 
0.43141591182426691775 -0.15928901073998127935 0.29478783128960794890 
0.72026730634238189666 0.75235309472578981715 -0.04899417266113157560 
0.19840967560446448603 1.62668610127752133465 1.15528755277080552588 
0.15533091126142295479 1.37441201998970785603 1.10751029648519994097 
1.16883869575732446400 1.26857952740089374721 -0.35554941655188843086 
0.75879414504880826620 0.42671240869642912408 1.13586441798979365103 
0.01099467292345597015 1.32338391034774782717 0.09015430955096130627 
0.27795231025029315530 -0.07701029374303126895 0.65681765903838862375 
0.86588019456314491151 1.71452492435720138531 -0.53032958947007924344 
0.38792687979676676591 0.56222987598815232779 -0.18270803219164113984 
-0.53677955815304900788 1.59377176397605913039 1.18407890181611152869 
0.31689534622661680308 1.53117524186910514139 0.80203748232911009630 
0.23828723346532626470 0.36125073565473220238 -0.10066043373826383256 
-0.19639862326994428354 1.68383286617663863183 -0.47338465294473430767 
-0.34976554914897467485 1.17351398842233134445 -0.37899633393284859473 
-0.20884353173928124625 0.48117332885007979559 -0.22329089932840986976 
1.21585429721663351721 0.65445965283017160097 0.36803145643741480564 
0.12822669217959534183 0.85402928590001392362 -0.34246490476371010958 
0.81360270576009097176 0.89085142457814703310 -0.36500773851102374934 
0.17338801968505174189 1.10873942060366648121 0.32796406579157744154 
-0.44981033242292361995 1.46614444863365234184 1.17566315405171040176 
-0.37318373552165284845 0.12049278820042925997 0.80445362579576018547 
0.78166779716618783880 0.06013876156116186589 1.29656149244073315430 
0.43877866259939402038 0.17911271188532915111 1.33762827795864391867 
1.19328627072521298302 1.21362432431535149924 -0.61884620453700545095 
0.67620301169486629611 -0.15300980784592757566 -0.14226712223164836302 
0.86918555055309620894 -0.17527277627285287043 -0.37912641674912656020 
0.87890685715135852263 0.32040324767299260822 0.98201439511027754925 
0.78021056271975564034 0.38156110011047061903 0.12113317396876574494 
0.76197225552854130903 1.32646399253598068491 0.93949213690457344939 
0.09665736315568640435 1.37294639083679026470 -0.21204014989750596953 
0.36147657497942903282 -0.09756829191900912024 0.79628878572464401042 
0.11077329763675687613 1.36064221248387218210 -0.14137923729246645865 
-0.62024613610958989618 1.68230174733320581026 1.14562202622316333667 
1.07292898979789619318 0.27241770663723008372 -0.29510082286277183883 
-0.07531497453242062823 0.11285189461559105850 0.67740381466937815702 
0.19030570327523724239 0.72374138580741320670 0.46210303863556317916 
-0.17440240618580965526 1.34004524103329814011 0.56362370127236205430 
1.15224328384255203517 0.68396470089045469098 0.29114368285448050111 
1.15405863656689322561 0.79810951173838562411 0.34423462931794651665 
0.54926370896537246580 -0.18870580812687931527 -0.33089543213268757249 
1.23157002957993433334 0.80866045583136014763 -0.58191469142465290787 
0.04874788237478702713 0.78270163322316632648 -0.31750684352547908773 
0.92155689595736811626 1.35903677420572921442 -0.11812116323274457486 
1.27303672130565659337 0.46569274608290156525 -0.47085894974765540866 
-0.56944154963280779747 0.61517378488898644129 -0.19206929203267938955 
0.75162349733671984797 0.00943519074326128714 0.69760230449982574275 
-0.37001391250848120196 1.12028966958170950186 0.21137973406926863218 
0.30936226467935606932 1.08678580996067486453 0.96465621085503039378 
0.35223889743167496880 0.61228748233691032699 0.15548284890353067378 
1.33127111758420735299 0.48437907385645911917 1.16170153284051891340 
0.83028822050049300163 0.79996079443001610887 0.50321414413470266780 
-0.64601205948472661955 0.36945886407875394575 0.15886122820537343370 
1.17353862033017963817 0.34370906162323644484 -0.13496322531097740272 
-0.21917494591732100684 0.47446371064542808282 -0.44527909013873828714 
-0.25451411386374234169 0.99441942387651505175 1.29051768561867619134 
0.19402196966378873477 0.33848727162237757238 -0.47871837642069586805 
0.82822329173988162854 1.52524043133364095581 0.48062629399288248067 
0.47491080939623531165 0.20443781844305392026 0.20970657544470508449 
1.24229704559788212137 0.33589118617258789667 0.45121532808264613879 
-0.16924561017391651085 0.59901296445298946036 0.30963298069757422271 
0.41940267087945420910 -0.21386818940981053294 1.13642879652576556104 
-0.51629159712505257041 0.82417639006679277447 1.33713179219141142795 
0.04087926455442826568 1.28877566862828407679 0.30392522554680417857 
-0.17086500619973760129 1.25330836299787518051 -0.57645980356295345448 
1.08668383643098231950 0.96521522952409599672 1.26546900124865424608 
-0.21033155554953453237 1.49398937957201849436 0.21646965070558893407 
0.72668294707716007963 0.37500610963026143052 -0.13089108406015087516 
-0.41580971880845263300 0.65309688784124730887 0.81768327135113194615 
-0.36856814682754357460 0.83947556269328726941 -0.42078006640780718506 
1.05494457694636212253 1.34219199940275091265 -0.19525471883089082215 
-0.27102518019023741358 1.36074305410995521903 0.07824208996674994476 
-0.38651568419491699746 -0.12072645720240571254 -0.24364731615390999853 
0.21387665188873636324 0.04349772311468708130 1.29746490640646539028 
-0.03463484020151116199 1.32811366263877794758 0.10282386285780570345 
1.35187072038470423863 0.12634383840298157864 0.61903138948979041789 
0.23052638233892747133 0.82349001227497187205 0.43773494890351771769 
0.95344617374914564234 1.69309668164802307189 -0.27140446017309649562 
0.87370006579634862387 0.68153321354856488679 0.56048533135428069141 
0.06850077136393581401 0.72063401677071492468 0.68086982535536688665 
0.86594864678028693472 1.37372057817563364424 0.42601776992207457395 
1.25812197446013862567 0.59657329942243964016 0.42717061368759562390 
0.62592849117350923827 -0.16850847602358451360 0.33911478958089302793 
0.43169366532037622974 1.19325862563701590169 1.18877129386329305483 
-0.42647753617867806275 0.15977713894303249842 0.30829655314345061345 
1.11445989574693338220 1.35198786283135574671 1.21223161326310924224 
0.09574018553046594049 1.35089393151584702402 -0.12738484237041464153 
-0.20128341043811862066 0.65920485055209576686 0.10415288050254389862 
-0.56289225056136227288 1.25912564827435025094 1.15507789335655353113 
0.45058122480008244715 0.19758479410411000643 -0.19599320802048927903 
-0.20843405967511674515 0.51402017423708379340 -0.22938336884534310522 
0.19941482272884825111 -0.03959268904232118858 1.29564682010701015535 
0.39059992759065204071 1.50942992528878527914 0.78566470617248385100 
0.58496878913071914674 0.75639996559739808291 0.17075691814120794176 
0.69324646024940272948 -0.14574821372172969136 1.33706396827059226240 
-0.04987235516296449622 0.01182739076476155976 0.28405537092041610592 
-0.40850801275461101625 1.16507351134072845156 -0.21848761819224193914 
-0.27908411424521439859 -0.15240053905889477948 -0.58306451898148914381 
1.10925717793185563131 1.14208119452977263641 0.67544823450060109682 
1.21999055300235359489 1.62375344566967427795 0.21798546673172991550 
-0.44890499058696331502 0.61386722907790991499 0.18465484123352696177 
-0.56591590503234301401 1.22245636319332473541 0.57820562811567799422 
0.62485901315985215021 1.19974932685419943823 0.60608338510486292616 
1.32563485382408008384 0.89294979095890181231 -0.61426093740784926123 
-0.21605281465274475683 1.45535568884419119762 -0.50937906822834988496 
0.53565504637628147400 1.31502875409872754808 -0.17788269720847660338 
-0.20078812327386949543 1.48755853379499081157 -0.36984535620185732263 
0.75863365855565356721 0.71960295401771345869 0.98903726711741257738 
0.84710506398945550899 1.48187972642604925966 0.21899805525030513476 
-0.28116048115250868999 0.63321346711995019074 0.12632288414820869171 
0.97692946881699083139 1.69771776362750559386 1.22120030147646319030 
-0.12681523342854489345 1.68096883966225885132 1.13922858937880056018 
-0.57598930674505655070 0.45388696982101345290 0.77946908633892342255 
0.86768224645682090479 0.30102320395655923768 0.53707607429871395688 
-0.15848125136264087920 0.35997056891543638413 -0.13488542550933874109 
0.32133040854296368583 1.32419537209434290403 0.08203839117117683877 
0.26852042965034828015 0.18204083375741383910 0.54000138141953368809 
-0.41933234685097259264 0.15564719976352178743 0.76164623948635201689 
0.38769229779596076080 -0.11599191953030887903 0.23548487260128775356 
0.62256639711391748016 -0.15536833221600113153 1.25865926477696188357 
1.26081065750956300420 0.80904343336875350623 0.43763306459036666052 
0.57082313428028741420 0.18075152955529816268 1.28475072506225385105 
1.13223262389768875025 1.32169738227042032896 -0.30623625428700357309 
-0.61317133491542896717 -0.20427091029581653792 -0.52940640587887144441 
-0.19155527097672142567 0.45205776970173744411 0.62989471006370878481 
0.19682930568560083606 1.34136328781274416500 0.94936436553770708890 
0.87541768254796026305 1.06092906221521166010 1.29477719358045617604 
-0.22539451105886293414 1.39835697938542025121 0.85331076343364853365 
-0.20707908013708334338 0.91809440448591494999 -0.34155173006284983428 
0.91727970345437659372 0.63851830670406162227 0.28492863011373004145 
0.59120261725533895802 1.20074069538306038574 -0.34276227690989413688 
0.29720624583180355049 1.44696222885122449675 1.13513029420821376370 
-0.05754584270495129855 1.20414446128907548506 -0.31976895293186319291 
-0.26064973285092962740 1.62103119547294927116 0.15123643462019142891 
-0.40926689347797212681 0.87509142610023171738 -0.27640592938283764513 
-0.34394526144337478346 0.93853993337474295178 1.12404499205281815932 
0.67828251963481134279 0.82658371680792264158 0.50683626426064554149 
0.11755611672468251061 0.32693870631860766363 1.30961174250050316203 
-0.61169844995393507503 1.40929039512982989812 -0.17895725640773463283 
0.47146387271972539645 0.83758677887954935404 0.72947259046428980511 
0.30106416465346907962 0.95634330895268948591 -0.30204699327537692932 
-0.32513363637689357555 0.03833103637286420368 -0.25831752755067327598 
1.25288876809357607733 0.53815802700500414701 0.61835411572820042636 
0.43340743711060231158 0.16003476872666855257 -0.24948004658897132702 
0.54389028870412725603 0.44134542320644742919 1.18300244100421836357 
0.00247651360590251356 -0.27083608330559627575 1.27525278817199771986 
0.32811402782651688526 0.67814143391780201675 0.87479868381878267414 
0.95437102669384565878 1.16054106828882286351 0.65774773486816062729 
0.69290882763584094040 0.55610678232116206310 0.17781427666206858773 
-0.08015184037809976181 0.71703843009573453582 -0.02521747459626377461 
-0.28275622883938439367 0.36131817980024377723 0.10483878032545043690 
0.29703056781226211402 0.34089373837534775458 0.09282802689823975439 
0.93356949072827766223 -0.01067951856879690957 1.27600345739757337071 
0.73647003533815624809 0.02585428417196436457 1.07294817869842673552 
0.91692404296287433052 -0.00345070590453726463 -0.30116042855059116379 
-0.24345966945642963375 1.44196883893660787734 0.81856127550822421757 
0.03498755426867799362 1.13523889400779620651 0.68095602560491708122 
-0.16806797552833221965 0.64070327297065454708 0.61753958377608653141 
-0.49152159296783021203 0.21457891678059648477 -0.51896564814681822586 
0.42061685507119805916 1.17229360355807066263 -0.30083241918473357934 
-0.40389080659292625475 0.84596707731021658638 0.16730206232895108998 
0.73652397052085416540 1.09864731737515564092 1.03077696405273733227 
-0.08450005925519137040 0.14987954454769916723 1.30055109964165627190 
-0.19950409325075599276 1.56141984082533791245 0.74246238552436294444 
0.93689868544291832198 0.35964631202889402184 1.25857017368924029022 
0.14233320439369012700 0.36183051078795219757 0.15523708694182991596 
-0.09129713112740979464 0.31738883068259754472 -0.30287262531822795042 
-0.33886538232128893267 0.87969348731034069377 -0.62117168065715056002 
-0.13818749970399843430 0.06720527636077208711 1.29193986977550512307 
0.31890149097872100281 1.09725128018437478872 1.04728657241582223669 
-0.36841369438798005076 0.80787349214664705421 0.09741957214746177485 
-0.29851697158282425315 0.32856813083858454894 1.05836594111831283627 
1.23006970178602381694 1.35377816505201309383 -0.56242395259934863105 
1.16359568093142451417 0.69946839367681790112 0.65704111856410096770 
-0.42312542282705650765 0.20823494331600844731 -0.16188288136272649398 
0.83509822947091638667 0.22546703797377107281 -0.48378822318286834880 
-0.34182913482239196679 -0.10158480410198895971 1.28657781882841315557 
-0.00989432765908189286 0.27139284713735761789 0.29473670775046451054 
0.91111785606514605895 0.09212960267295906835 0.32032716492106333428 
1.19556191432205660696 1.64398725636302067699 0.25199453371002239477 
0.59892412353304080863 0.17376653076264639286 1.22520454152635482892 
1.32496338803860402855 0.58632312854623847009 1.14040491588147419044 
0.16769455172121922049 0.42322014633638815884 -0.30111247334086593819 
1.24157621585868893632 0.45995557728816638399 0.73815417386198267646 
-0.63886309615749048429 1.20058925732318466650 -0.59127869230106899767 
0.73276507605085816621 0.09127054606558586414 0.92719024144330774995 
-0.45810676178418313631 0.18817223864146775947 -0.61248538071901059698 
-0.35602071848838473533 0.31253392403454743897 1.08700669914734060484 
0.65751081970881319894 -0.13811854583278257436 0.20851824674838695395 
0.33559503035969756590 0.17866898441303835643 -0.54359645909083798010 
0.08976239075125501399 0.02646478982913660211 0.29257799161218706052 
0.31322639637018545589 0.49743715982359004713 1.15780836701466616212 
0.14104282335378420798 1.30528704617314739167 1.35295014229557253316 
-0.37708613402625046351 1.15891982309986008026 1.30839006783128586342 
1.21203677253479646936 0.34149752330079186091 1.35986375414119775584 
1.13063731389258381732 0.33780215576477190531 0.25600012372545993822 
-0.32960663288568742280 0.73692665285674285869 0.92361593739632941169 
1.28506364486990376506 0.53319013060224340617 0.21069639767380513029 
1.10323159911849155712 1.20241391356568216864 0.66296004244269080008 
0.55435092781762485004 -0.18709925688028616886 0.71704155701954186419 
-0.52551247469611916951 1.36154485956944948377 0.79801434167117313301 
1.06659824153972504490 0.28708048190084284323 -0.28124722313997141399 
0.88902013610096075613 1.23411727592397846287 1.36933958204077366183 
-0.56477334935510670189 0.77888374652272929222 0.79091602050065801244 
0.64281856788333258113 0.72186931933932685368 -0.13886109588105341461 
1.14590859783047815945 1.36870993884837144350 -0.24093730895454112950 
-0.33581814193724335293 0.18787263500119144588 -0.49729099445401303559 
0.72582015926320653243 1.13821759433486380253 0.92925451304905437588 
0.17274457856471961414 0.30532309017191949785 -0.56470989538339066982 
0.85867144274747297938 0.69596099820216117404 0.98721806593222549697 
0.92140655099020318808 0.79613295211497292492 -0.61642711564664343094 
-0.17408745942396827711 0.18177160994445501485 1.35926380672986213405 
-0.11528298332642343549 1.37329504083944997639 0.69006635694086371213 
0.46315668874421539458 0.36598938457655416645 0.17811319356896293531 
0.41694681383712367539 1.16505049618778877552 0.72832347391827600980 
-0.20840864289200855541 0.40068792875676650933 1.13775902348726809521 
0.64456685472228525402 0.71776847196019211150 0.13845109616273035269 
0.43116426179730071855 1.20116146527889888773 -0.37419207766112971836 
-0.60909478062025723677 1.18731523797721982838 1.21866900638279695990 
1.07000678030833107357 0.72470010671626960974 1.26319800146800265139 
0.33128646833991920451 0.24518769941609216967 0.99968348555320885040 
0.78272457328223765671 0.83657144673889638486 0.53853557265702567403 
0.43623505189935313231 0.20090161402676381952 0.54483731161957182909 
-0.42136224125651206007 -0.16515277428819327699 0.33663632647546931631 
0.28589312400173333417 0.60141022374474428780 0.83052693258790677433 
1.20013196740627159365 1.71995233977237305112 0.02605421694166862659 
0.12767097701519436459 0.32237233401160675372 -0.34201117341764758484 
-0.19046614767866770768 0.71982230620183229597 -0.48336922770004719929 
1.25458853392822011763 1.54687279145676193082 0.74249796560107217402 
0.71147054370101980858 -0.10542063611103447140 0.86928735418973546167 
0.86809904027214879196 1.24609157361305245004 0.41357069974302396176 
-0.00743981868870420907 -0.05057826704712642396 0.28410442071501035288 
0.34696470668778733870 0.95696751288870851582 1.19551756371541051394 
1.18800429470023938272 1.65232765284248839244 0.73260932817568247266 
0.55606877536251864136 1.33402909494263011148 0.80335722215024774062 
0.90353170480678168808 0.34070921369734075146 -0.35542617472711429683 
0.36086274209891539000 1.23415296131473728458 1.06512633825413494115 
-0.17011242931790870880 0.62885114905409722486 -0.35480562799969250776 
1.19071354645448423959 0.27016770924186966907 -0.37278346109179399948 
0.97906197970270836262 1.34511187910683305269 0.13513195593679966366 
1.27155398776603112410 0.89230712554704061379 0.61928531138502918019 
-0.33375979344899336931 1.02078921409843670354 0.22095465481438980593 
0.67052032328144117734 0.82460993348126032654 0.48148362428173707706 
0.85750571650116047540 1.43032807730190913986 -0.40123000484419585332 
0.64446362696606696030 0.59984919380572865322 0.17792261873927167626 
0.73923384885721643567 1.12122255200518439189 0.65279737929530323726 
0.56309770035969652913 0.43056271933973483401 0.78230688564489569981 
-0.59081828226505017643 0.36441909620759094235 0.17690845521259929152 
0.55038201131664554744 1.70527714767541604957 0.17966807945161136773 
-0.05493682493597665251 0.30281946519493913028 0.69253242705947637425 
0.47710596064496735291 0.27638112100229444978 0.17233057542571827980 
0.98986067991033155344 0.32513463836430983589 -0.14175084388472652952 
-0.34206983819867931018 1.35130403424017320191 1.09054975299597511906 
-0.32794755166823386094 1.03876809819083448794 -0.14340320856640137448 
0.73913824078968570763 0.62754285743380411322 0.84444151892118102243 
0.86998713869518828901 0.29468799401193906951 0.54089872102870395487 
0.15590329199997191023 0.76434710285408780095 -0.58897935774916543306 
0.67395737059100924160 0.12552252493121937582 0.79601409739628703477 
0.32414502158657326758 0.96588262528126500595 1.25274381747998586611 
0.23699050847407940323 1.67473829509294258600 -0.10252125798622493957 
0.32892086211378673832 0.15155576694234551560 0.96424170095799510705 
1.00484015624158007363 0.94999703449373829045 0.68934147515415955532 
0.11249023305431218867 0.36054298581619642627 0.26383864344944851776 
0.35033579210890442024 -0.12459256790235286039 1.09681922718723035004 
0.71237064083353063282 -0.19848639886100294394 0.94339987736332764356 
-0.56889979803184431706 0.34307525960112134067 0.17846114275204447153 
-0.32183385679350751118 -0.28704013851387000233 1.02678037987485670790 
-0.51960054076347028662 0.78965217427013800755 1.18123114686213925850 
-0.42035062964642233574 1.21003912108893185717 0.41516206951159229099 
0.11543065148628445238 0.70487292293185266345 1.03035789851916859128 
0.47667606344630963910 0.81142670089883295326 -0.55351450647302691266 
-0.12556602296708513355 0.22666264304771624460 0.62086894761611644000 
1.06067305740030981553 0.69596778367276002086 -0.22201028941217273993 
0.53108330784842738836 0.46940584004698787668 -0.20819741464590091340 
0.93679428694095534524 0.35725358050894412409 1.16240362225711857391 
0.15490128698095126381 0.01501294477341701475 0.30598084908175088303 
1.14444456713260578340 0.34513519931686525988 -0.26046781301627208727 
1.25039957840241111597 1.49993604164528115952 1.33149801655331101458 
0.37466923333113255623 1.56387181864193069991 1.16362310567175186726 
0.43193723228974895134 0.16044981976735078755 1.21712223579298717269 
0.74929582053886056858 -0.00805421270042924742 1.26029530532449562941 
0.53423056303406546430 0.28013178001220628843 -0.17855596899925108012 
0.82238226654943369365 1.51010819911967297813 1.18452543573391633203 
0.11638626434115792452 0.66362802012069233015 1.15092937725331623255 
0.41887181968694386924 -0.14569724488163562914 0.74008659026700029937 
-0.04847380320294462225 0.92051005572098665297 0.29736822020916514608 
0.57114047042168647472 -0.20705875756481709193 -0.20661016963962453019 
-0.13042890098355131023 1.04252651326284384581 0.67977377304229469335 
0.95748695016058082974 0.89648202132456278335 -0.31672346434765824563 
-0.51832056877448084986 1.56144403031552014838 1.18855197356539199482 
0.90040633615524845457 -0.21848639561428676026 -0.59993669533606086564 
-0.58057272275992755084 1.21761540223044417708 0.58730449656357808230 
1.19270004978159605002 0.28452535501976033983 0.60659806806031379978 
0.72182150535856659523 -0.16977105170235895493 0.98047587953626791357 
0.42942620844276158110 0.82315633631992823904 -0.56104104940260157708 
0.46404501249299934251 -0.17469905378956196440 0.70075195797711564705 
1.08411708997366718066 -0.15799612568914844779 -0.30951468092236544827 
-0.16601221834734908311 0.32456678747932260487 1.02375268252393514246 
1.25643418421787078643 1.41183775030576108556 -0.52344055956887847181 
1.08607276802885488465 1.11420765544169619865 1.27522073080800790734 
0.71154941630431889354 0.75782330975342282464 0.05924732117906920253 
1.20173065678113877297 1.71421692840359640719 0.37107799637130978176 
-0.49394807311084976131 1.20037363377425676525 0.69796031631391186600 
0.63145499735162380350 0.84032474037187010474 -0.18603146237194512214 
1.14776906268529899080 1.06354422713428986569 0.68451694902008886068 
0.76174309626209513180 1.18100614285440053131 -0.57068308628640396218 
0.84910652395937646908 0.24282969173081714320 -0.46581356081400887570 
-0.62915037043088106739 0.16556433261813918723 0.33430238934288519781 
-0.14020975827176906936 0.85062374533036644308 1.33163399875751009560 
0.22108043678616948191 0.22518981773719176642 0.49820311259151400796 
0.43510098852893580590 -0.19890717197541038508 1.16206609546279482359 
0.83602527425981931763 0.32682503781048594105 1.00504838218806846761 
-0.18427405412549449637 1.57072173048359786662 0.29220203314281756324 
-0.19197361602759011046 0.36737776852194553578 -0.42889422715446900991 
0.30989655225190226862 0.01439872677743043831 0.70628664699645515856 
-0.40846674325196369315 1.56921980012114148373 0.79060675444655903465 
0.55737217129111293890 1.20129690448433557037 -0.30349301692343083614 
-0.64823655750919673135 -0.19855438961632093653 0.47689053121618335540 
0.86225469017709599484 0.68478032120621479262 -0.45526352685508642004 
-0.32904036304679518121 -0.03301472049851222196 0.13778395128037040918 
0.65727135510280787489 0.13817539669706019323 1.17746544085948978697 
1.15050015882320155747 -0.18020214607291773490 0.33321942000452642318 
-0.37206807824766308102 0.79723858065177355403 1.07883095076219914787 
-0.24947683994117944573 0.96109038098816035323 -0.32002492802833809593 
0.68584531086410982503 0.12757054992133837201 1.29785783666698528727 
0.99969933761772755698 0.83633275471603929496 1.29835006758558146878 
-0.60621263504423883450 1.22633434985306255527 0.45945778075702170540 
1.32648780563247914444 1.66089668512288324287 1.09920711060006626170 
0.58955254044868021790 0.84039806981763842675 0.73848377814841181799 
0.19889056432241741801 0.46877865666542267720 0.61690638149191967532 
0.56186855164581228639 1.20024791342829262319 0.30116693900081004109 
0.00306920659560437278 0.72127363725967463814 1.03580383859625424492 
-0.22693015934988156057 -0.07957923716471242137 1.31179287979664027652 
0.87355404449645768228 1.58737271746024943830 0.69232543002912483310 
1.20128372846911157801 1.64225187526996063703 -0.22133585986255202571 
-0.59064332194933877318 -0.19188660999420154019 1.36017698117696039795 
0.55256268155641219408 1.60656313889539448247 0.78040301007671541988 
0.16026354599141828805 0.36081495934383184254 -0.13567182384956893992 
0.41973253546701821959 0.73576066358017222502 -0.14418115884459348219 
0.40540009846571029017 0.51245599109061668042 1.17263572775209778953 
0.36329613558790813110 0.16334160424313118321 -0.10965912041966666135 
1.25250222013613021765 1.36050670612000268456 -0.07581821374483438403 
1.34672672802054771424 1.13726287234171263840 -0.35417613587336804759 
1.15539036887779156260 1.33247366540963740889 1.29839048502954090836 
-0.38113754825800794102 -0.11872986565221302357 0.78808772720354203223 
0.67364556007179698938 1.16662388110160808452 0.34272306685740272503 
0.31153053555153964460 -0.03979154818024902701 0.70092496474634613524 
0.20307670148630571627 1.56791781348528735940 0.37715048126888717217 
0.59552375554673742108 -0.23636056906276056711 0.17414579171955907322 
0.24071934358650332042 0.19619939959681970132 0.53280801541063504967 
1.23844750336879849684 0.63601088322891352611 1.12903625730274970174 
-0.52809086580923125798 1.32113513629194190280 0.80136039944420145442 
-0.30447844824128961205 0.28730172787523511335 0.97100008541331550571 
-0.19055565579868999349 1.64465380603319788477 -0.57601783118978333587 
0.58623138127657292706 0.36227869476250995628 0.17776779039487772271 
0.12211488127786289393 0.33640257850620997049 0.65760799447598650147 
0.88247988844978153544 0.86141311778437834601 0.62008649782226965552 
0.18340221745648829788 0.44587593034851280560 1.22323861669193045820 
-0.33798530427330558679 0.87999949121154352749 0.07092143244255340317 
-0.32736537170893392767 1.15536808692609960225 0.95080855294530952637 
0.79553093044139233658 0.63961245518122855636 0.11884740821402588196 
-0.63165009807642091832 1.54687071998341396650 0.78569119647455798461 
-0.63582392717536706517 1.20176049283000052625 0.39054660888586284484 
-0.42225764807050969463 -0.20280048561231794890 0.50558293747933413798 
0.51771940428109131105 0.19047910363079975649 0.64401696727656443375 
0.21188949231767337245 0.84078944630541119221 0.58081263488068068934 
1.07839939338950530079 1.28407868702043748144 1.28196043475719023697 
-0.37137322705575753767 1.12380048849593427995 0.25456983313098519028 
-0.33741474443532759597 0.59728291230240038168 1.13975410381803721194 
1.30631991706667571762 1.04608603805102862161 1.28944150013581615433 
0.79741927845494520177 0.61163068768821249321 0.14622369961989312159 
0.90856768495820872111 1.18302506572740884216 0.62905485636813163186 
0.84395972114964257216 0.39092498184457052934 0.48565535109841595496 
-0.09308366427064963811 -0.18212986162305247473 0.33183585916414803929 
0.19134011842489631605 0.40077445341405137924 -0.58162590564420646455 
-0.02493840836140225406 0.87145832520281341083 0.67468609656145117626 
-0.22178687178059600105 0.43974209802061020591 0.79225341155526185499 
0.66108472027643305768 0.87528963877546861472 1.16180580614913053772 
0.94000700519845503678 1.68533773066372272176 0.16134605491144696221 
1.18931939334775682582 0.63606693939361169665 0.70369507156197352860 
-0.41143907871233698081 0.19977821765820427680 -0.46222624147960728047 
0.66735708552115924341 0.19471814350996227705 -0.48781398413890619814 
0.76426251897630559373 0.36145843653149495323 0.10677388951887474555 
1.22434311140371976379 0.39400279925146214355 -0.35606799022912344332 
-0.17403279664651286063 1.68164439564684231598 -0.58611979225293364681 
1.25552416628961815981 1.63947832302371443447 1.13971637428742544884 
0.54983748262248166583 -0.21593531865900481015 -0.51632312562035964643 
0.61853597028964346638 -0.17655200458432876442 -0.35700813363963090907 
0.90720287253593168142 -0.03803367350164722771 -0.30614955124264203734 
-0.16849578720268579279 0.68416876325973730033 -0.58370304643798254229 
0.19351347905067947663 0.34429462681827538439 -0.45956731001573269957 
0.82769623630106703427 1.44752768663542275007 -0.17416175540394893129 
0.35145655900999223098 -0.12472334043407640181 0.86123933316406953153 
0.31215490129467859948 0.56330340228332287378 -0.16908893439665953484 
-0.02267054849111288864 -0.17025221756336533785 0.30985820534262226156 
1.01480757478458816223 0.96195116532256552677 1.26626413544306837267 
0.09165914096387958732 1.09238272346945941571 0.30084466855131952734 
1.25677517252950399218 1.48321048206686301185 0.38445277380144421420 
-0.64782907971062375641 0.76121632647446346720 0.13117156138570740254 
0.46083693829215915949 1.70660601062048011833 1.15243594780983071857 
1.15121269972141471172 0.33303083359095936311 1.11075932112613018354 
0.87205767049286231352 1.61947858495143481861 0.77771772720304577220 
-0.36519325376920380721 1.18491744145661614951 -0.11327305253063577051 
-0.61766968696292390284 1.36535707328297273300 -0.16327432318955972801 
1.10801337646996023167 1.09155648042684871868 0.68755563070890557409 
0.58003041466300375717 0.19706294578561270314 -0.59250939360663124056 
-0.31296398544155945576 1.51222502408504877458 0.80228098000517256150 
-0.32679588157870792520 0.04170951681112336495 0.72308969206249218420 
0.31355399919280185772 0.93163912983616403718 -0.02311263481486790228 
-0.35432789234678058188 0.08256131579529284170 -0.18169621644439795660 
0.00676758747192060181 0.72552071352280933514 -0.02674058595826397239 
1.25987162614915804149 0.36076658998412436397 -0.10334922091032525127 
0.19099275442498306332 0.75418013728260990813 0.45374977676099093049 
-0.24756432309297168870 1.71530262787067200314 -0.01286021158266633345 
-0.51621608047329525792 0.70891898861248070496 -0.17564587413832971619 
0.73461021341480603475 -0.11595848273963765829 1.31908422155781246410 
1.02282453962613351095 1.33743119388805609127 1.12522034655187752605 
-0.40569532287048615249 0.42912539608272026737 -0.18001368735648121122 
-0.08716865578434375428 0.71648033788540888001 0.00007645414153438154 
-0.33125442748182476471 0.26376835099544509999 -0.04150809961508831331 
-0.33451063451845042263 0.01607583922772890667 0.80299733732861078295 
0.66404873209527248701 0.37340423098028263649 -0.15340703326374072191 
0.42918848852620911094 0.84127477153464857995 0.61846528511043263876 
-0.15712060974634842192 0.32126140633804683988 0.94287672174362813227 
0.36657110254061792132 1.12543942281136200023 1.25751865683636876447 
0.90247273919871995318 0.34304959545353780337 0.62186058454597981093 
-0.03902039557584727203 0.72031558313127219684 1.02856990756305943790 
0.36036864132238072278 0.13130705104921319704 1.31057876120677407883 
-0.54856853940950367488 0.82542223689446880819 -0.33478517282879644013 
0.63386725078562544677 1.20068153792366416610 -0.38508362012490016113 
0.83475229013166740710 1.50322365806526248022 -0.21251906945661408477 
-0.25347449384528591976 -0.17169107330292956992 -0.55937886989602314536 
0.50994742186693708952 0.20922360504489470601 -0.41444120231994363568 
0.15692028634586005498 1.41916007370495034223 0.30484852890963021199 
0.42504658479898793644 1.44955014253507896704 0.18597681568069446278 
0.21267063383858181291 0.50287468775334154270 0.57822845821070956163 
1.31645220178345123685 1.56131837392374439588 -0.18212951575107530489 
-0.33116159875050538153 0.92735813167490110942 -0.30371902268208900155 
1.18108531132785943285 0.35129892263159429033 0.66285671259710832182 
0.08707149648029116618 0.69893293171344139658 1.07899087561291340265 
0.79087293836200078800 0.82631400109429997691 0.47500231358229977330 
0.70801396487652412670 0.07631517550113753323 -0.26548327783351860498 
0.12486529479648776630 1.07576529067098958237 0.67558356528751051240 
0.17717317670711699162 0.86926380752409848629 -0.62152360857086885737 
0.83002949411400328561 1.48149001290310855516 -0.20101886979045149872 
0.50564188569188728284 0.35057700181338918854 -0.18262352473369075634 
-0.15967146097442724839 1.12445330962952461107 0.33103450294627839723 
1.08288705681057240149 1.00993424165614986698 0.69769520633808679300 
0.86560744777624998303 1.56923039427230492926 -0.28288660308150281875 
