-0.46288759425531633696 1.27254121689975296938 1.17848914279051086851 
-0.34389246942519829942 1.84567257254671401867 1.38324818997157739098 
0.08965598973557867279 0.70044338009437379089 0.96749584463919247046 
0.59083532247328385267 0.77450008021697713811 2.16174112525267769769 
-0.03807562721903413883 1.71069979070607836036 0.99788684414505635090 
0.18708431306143011308 0.64785576881923512271 1.52920911589690966537 
1.00351140740588640199 0.30543674217699834372 2.11940269396141500735 
0.72600073495151418168 0.31801638699325657234 1.93510254538546777603 
-0.18766144782895413656 1.83988163944962157537 0.61356685096991780970 
0.51844681722474406094 0.75287482760905588552 1.18885549441429216877 
-0.64555614453459231328 1.59424263165325674763 1.16879951261832393250 
1.13979274738615843354 0.33796294369664642288 2.11326294771036948816 
0.29518807588167861322 1.35879041914209608422 2.11694271505053777105 
0.77932760477794693621 0.44148443798398767646 1.81223653578282384302 
0.90565893815396802946 0.79556977842385745436 0.65281612239150366150 
0.10557926901479196269 1.69728699985644437831 1.97408773491962330482 
0.10499815565992109967 1.12701920057217486182 2.32917036479919081771 
0.69139914794990853242 1.03598622464224976447 1.12424097684663704122 
-0.53170782267651794939 0.17933542177021488673 1.68951128389650118145 
-0.00280104116176151455 1.23292644832049158587 0.68378582691382494563 
0.82867395915374875148 0.55719445980368942362 0.72297131716023177450 
0.30027027475036988102 1.48431860575122298584 1.81930642809359577328 
-0.21504941672570385136 1.14927305756173403495 0.60859582188567484806 
-0.32988816400248760496 2.08100013401470773644 2.15943513809596687736 
0.27052968435721369556 0.60391151720609070885 1.85682359894907889064 
-0.04086138482979095876 1.80222660544144419603 1.32409127910628221514 
-0.17613071248168796212 0.54244623083428755717 1.29766414216707071105 
-0.30023206131869195623 2.11019610601149887330 1.65735908805478771022 
0.66739972443978534677 0.91708294936906864514 2.16333117675471209296 
-0.14224481134078220679 1.31142048812893774468 0.98206495087096568053 
0.69308419365081375130 1.27949524407973647122 2.05234853669656969188 
-0.26644693256366902556 1.99320263481368153968 1.70122716986651090210 
-0.08165873025515477113 1.18971921580701200938 1.33883221549796549432 
0.80674664565500442404 1.44249953916413109489 0.59949851801947340313 
0.29765383980749837711 2.07016768661632388770 2.04927414798988039024 
0.20512968783855139998 1.79051660167242876476 1.45354319396778075557 
-0.67948145136313986558 2.05607405960907874132 2.25687203638388700355 
0.54588514283961830920 0.82234410062481733128 1.28824299672051290067 
-0.45344927348452801485 1.81837665149801219755 0.65563580379349739591 
0.01273152850177692794 1.81850391570652614170 0.68538334622248731076 
0.31661038683621289813 0.25552030418939158940 1.01869723921404253808 
-0.07385444184166119197 0.32206910207870537155 2.27681072985784593854 
0.90179207456864229897 1.67321000933405605871 1.12732273300029106622 
-0.13666667521650960326 0.67116545055645171480 1.90587732731000070174 
0.03493785222224603942 0.94086754393914884265 2.29291539558578882918 
0.66223375499334502514 0.76590329888608321696 1.92218539923063946873 
0.38606422514365223986 1.19753015092416226217 0.84786844253535276206 
-0.33817463973958716839 1.87191386811384430366 2.12568014952741446422 
-0.42720629365614998241 0.41141214402643705439 1.80756058165615973721 
0.38387537482242012343 1.55400714512348225860 2.19048539809636766407 
-0.81715659099647086627 1.26124953099507752796 0.48294679487015995667 
0.86124261065886176247 0.31045405380115781435 0.37708972960771758309 
0.63938173049074287224 0.87795801955907171177 0.83115176202856666521 
1.05979082695576010131 0.30029463759893898489 1.92541117438568010201 
-0.13046720243616874435 0.27613503699481584119 1.62099935328638378174 
-0.02545611906710503608 0.95689074360948300768 1.29053331352997879833 
0.59397324830386644123 0.16754014605103062507 1.20765900681587812215 
-0.16994359226707750343 0.20235759320769156067 0.40342883753746650033 
0.95259056898932403801 1.18605663453282583752 2.32216431324098637745 
-0.79491764581138013579 0.38132096929136299890 1.14167780109465066829 
0.37649845078176608082 0.31528556466431356675 2.14019514570087787675 
0.32776855962965478763 0.28250148400503749535 1.08624986710368687248 
0.35925674667211915381 1.20747024036230299338 1.11413853723537004115 
-0.71977675062259194316 1.57096408238159535031 1.16491426256745822521 
0.49748406426897884280 1.55769733293251055883 1.79107426435068939341 
0.44409713175749632175 0.80199606945433954408 1.42004659326122983920 
-0.65859870864502456644 0.90858979572366549426 1.81412897190443156425 
-0.34920514478859382423 1.09607995944060299109 1.21971460507839801757 
0.17780511976574245314 0.60808267002049132266 1.60321108435278558701 
-0.13358085239548017631 1.31153460570843294342 1.63045340111467096378 
-0.28752847429654210254 1.17288544004334926996 0.54577420966835332727 
0.81592114326538867086 0.32653683389729043496 2.05627692905231462817 
-0.30238701309507320936 2.10822077191270418339 1.01117730560302931941 
1.16668271704795567523 1.87711119586741048693 1.64775362781218581709 
0.36484943735740599235 2.13479789112990703259 1.67727494863926929192 
-0.73447286701498226691 1.07578056970273983062 0.67170137626556747357 
0.47901867036262252286 0.19640996843113939230 1.60895537480128858476 
-0.30497524252161006819 0.86620807772439634142 0.62636724793890974361 
-0.46843223567403147189 0.79007780786199144352 1.46985978576023934572 
-0.34561489473402479122 0.90572146192950997445 2.23813178895725872763 
-0.66534982900576877807 1.84978553522488464722 0.90864240542281304869 
0.18810586922718045000 0.62590529164268482454 1.14126968139381501643 
0.18039965986491493521 0.23605902910218881652 0.55757660916391171835 
0.65832953992180842651 1.88773198365871475168 0.69149415379908851786 
0.49786385679866523857 1.18277918391146608101 1.69574494437690104220 
1.02813391159234335248 0.31290429803890817961 2.25178549580420339637 
0.66529631878713257898 1.09396268254997619529 1.84229957255460941035 
-0.11243373513642235251 1.33569778630693392074 1.31538176344999913070 
0.98348804371067533037 0.85517177837672608831 2.31051324573586391864 
-0.36573725727135575347 1.21956984281529767777 0.88178421940177542648 
-0.36416915439532054899 1.11350390060384007995 1.76994579999927537095 
-0.13852099826979649699 1.61084313732553119358 1.73243753133486322326 
-0.66721890592009247545 1.37013406614238819614 1.14260223088697387972 
-0.34566129187767952180 2.14929679005828777605 1.87752347547844422593 
0.79511945688289609180 0.43298628639508263127 1.46605891409396726921 
-0.81032595852740363362 0.24326965793524912840 0.47121431661514229239 
0.90521081944080206139 1.22145258889370111888 1.34901709089283761145 
-0.78339030750822868931 0.51178708939356920560 1.21266598932604208194 
-0.10735161026077445767 1.87119936611659731795 1.66891353500447037206 
-0.55624424893211155130 1.59541245845662693625 0.80551397433736238174 
0.61392979925892587900 0.80917977687854369950 0.44544636163680473295 
0.57878797607164245154 1.42795363702073840884 0.80429146854849675741 
-0.34588458879793526624 1.90737617467276976413 1.22892263121243217050 
1.16336942265565590482 1.57158547537312709430 1.28233994083752467219 
0.98524402840866975861 0.91072006740405653247 2.29768878626394634779 
0.31872633646209758140 1.85490992041572488880 1.94138034870830722411 
-0.64835110042897980964 0.42714934237641816184 1.17481258875884342352 
-0.35023155058285643237 0.89717269859040738034 1.19026298695966703534 
-0.13311547550213656543 0.31882079818455805187 0.36596965185564911405 
0.62315455428637911428 0.74873159951242496124 2.12727880461148499691 
-0.15119753662659662918 1.96711102385680702831 1.68507263078873048556 
0.18699141304501831762 1.62166145363097369270 1.44091722030726887560 
0.41015157920951506032 1.24765129345771463854 0.84399420529014890224 
-0.12323666481024390940 1.69413926931561431566 1.01351819112144103663 
0.40739850222537860036 0.20037892609085053430 1.53207915788553972192 
-0.71041346425304308099 1.41463133001019936152 2.15786559888737849988 
-0.42977163804950446746 1.81046688813717149280 0.39602040085449674578 
-0.37332101107856835442 0.35918316905645747417 1.15573483357527173609 
-0.10790461535808211491 1.64481231423156404325 1.72779623495128253907 
-0.33897638153260950533 1.09297647662612207320 2.17117348977754698325 
-0.59846090478851055039 1.84165397660090612852 1.33041532557184405405 
-0.67985360230760027989 1.91572641841596080781 0.70863623681718712621 
0.69223032835292996889 0.28254714691753785027 0.93429560526085475569 
0.81514108548224062378 0.37583636283401827827 1.56647669820842949662 
0.10522077183932379563 1.35550175942729400624 2.21018077678921853746 
-0.09562899946092558168 0.20494982121040411505 2.34701000455542851952 
0.03309196393808853942 1.29049647104815146115 1.03871224154285179964 
0.62250787485629677231 0.63496895959737587045 1.83946202552420401410 
0.55803214267191336706 1.18866621948889994442 1.38324254402949997633 
0.04436686549406167190 0.73658875976637805394 1.31243962424494253760 
0.30805734698572662111 1.04587674122993146142 1.88703017822622443056 
-0.05921573505757804501 0.29201221660472104213 2.01979350053057427061 
-0.80528142762014709444 1.76708620064730359545 0.53582194088268242371 
0.87724663605703301350 1.31268598794624380410 0.94414581502805550173 
0.69510916997177274457 0.26615815743642334823 2.02451207518254339135 
0.77991522109913136163 1.80141596467866849096 1.53751596304787363501 
0.98746757366324955374 1.96858944064668506257 2.28868894315605553302 
-0.54278679386532435736 1.79086903356375337637 1.53107466448014406524 
0.67078545129975619687 1.88402790932283581427 0.66960482090139050726 
0.73744910828428777982 1.15213636589387435905 0.40674420067541666723 
-0.22310170520542932371 1.79630734305653882998 0.47894585256970972909 
0.28822017661001997357 2.04557115013128187897 1.99533353581965133827 
0.72319200327890353908 0.35391127877068662144 2.10859909388002009223 
0.31550717585751120176 0.32968458311959253360 0.89161890004530830467 
0.42275584943058380771 0.31886867424023690454 1.16483386194191607110 
-0.68460782540885756209 2.06662247645150909392 0.71380778606878636516 
0.68091058866771703162 0.77591644331271858448 2.02696522746383900326 
0.38561095103453107980 0.86432629275427808047 2.26279440587492652881 
0.94285230174637035816 1.67186065802953343074 1.79591475383713805591 
-0.10143599441170048081 1.69815662132916678217 1.97257535653438820233 
-0.33707053387280511147 1.22859687793900751451 0.92504167630326394889 
1.15857478589633666743 1.66206407521428722873 1.59939340281844755154 
0.05790680964577913509 1.32535773907545872952 2.17485511644925733066 
0.86198364718442888055 0.96130237011170616146 1.68675913812574562733 
0.14195317732045817372 1.71433400552275094775 1.39169943881187463397 
0.35496014584824053806 1.10138256330133166294 0.77274075755696192136 
-0.18034276480854816160 2.06333450914392324549 1.32888213246667286072 
0.99435459874441212147 0.94208568099848744026 1.71264312131755214175 
0.81205279988144152270 0.44991874408671828078 0.36996951705400427102 
-0.61545451301763176577 0.84273748090064071192 1.65202401344736804489 
1.14736377082618590251 0.66600571157159327296 0.90119048252339728489 
0.69206433483798968087 1.12235654454764266497 2.03231530018906170199 
0.91666579802803394017 1.33965975296799433281 0.80936532404588823475 
0.20660903232109614769 0.51844415162667467634 1.21691364060902196265 
-0.16088875515257974880 1.67285304214197494410 2.07187631018737494770 
-0.33768460771994002201 2.08879790075471927224 1.72587958041880651372 
0.61112774218951082528 0.53836338395736560436 0.80639429889462455048 
0.61992306434228439116 2.13533436551201072362 1.29273894846634340716 
0.10196493102967590927 1.08083608229691985336 0.68683728747394490188 
-0.22923203043620379860 1.86876183118896843638 0.62106961520669945465 
-0.77160243708176823318 0.36043069639647651314 0.88979407586301895172 
-0.37700950986365583395 0.19382250604384593240 1.48409587723163260975 
-0.41940771511008267947 1.83693261162455634405 0.69177457652723839399 
0.29748995517193171922 1.64857985841689247408 2.11442614770328862761 
-0.33789930712286958547 1.66157866438009516052 1.12720956055913168470 
1.07289615237246183099 0.16837686684348113220 1.32908296558689564826 
-0.11669443096548277883 0.67641989811992897508 0.66390579936799731797 
-0.19234574990594935362 0.32432195434260935318 0.95562857677129953160 
-0.66131430292345116939 0.91283370380959794055 1.81675449799268817763 
-0.38296370222523323790 1.19413249078242067469 0.47670273014105751797 
0.16724614053703784622 1.66236919623280998692 1.09226313693801380111 
0.60288834701672555649 0.81780520000753420540 1.82548850681499441606 
0.16772672732158785958 1.39380115433262585789 1.36582882412354500445 
-0.33458330756461673872 1.59013532870767781979 1.16405587115392905595 
-0.68238017914857973523 0.79968876450965475922 1.99946228961157856929 
-0.68889776631019805642 2.14096482262415532816 2.03321636257553839400 
0.29908192146953749280 2.02596829898104413559 2.27437646093123424507 
0.63072156237205800888 1.87898261994768289718 0.73960959217226562856 
-0.14322526284398490182 1.86229545073704416680 1.35058017503397320702 
0.10110007891226796550 0.74764116831774440897 1.64765565084965337483 
0.86779930117901138420 1.62817144675509450913 1.79586472211957692835 
-0.77053040854521714920 0.39789387480113680429 0.84904863817959042027 
0.64515600185049037929 2.10351485436722018818 0.78592779920211830458 
0.86081590612581149191 1.83418754818332230272 2.36191885415294633432 
-0.10555225399251057239 1.65198235364049472729 1.71856869805725520628 
0.18708795319663171219 0.62841135595836594696 2.13790607560973855428 
1.06462201001247458443 0.94055270063918150480 2.29831487782643595352 
1.11127095245868456885 0.33765009352989933111 0.68714354233515284598 
0.67955044727408830951 1.14887306802353439394 0.38640648675593886052 
-0.69913097433808779613 0.95718969569640710571 2.28399015710223629583 
0.20932824160922683387 0.63328389364466264322 1.87620985708225185284 
0.69101661909199718625 0.35015578245177531036 2.11940667651645098246 
0.38572437067289833124 0.76501281496205919552 1.13599005442611389327 
-0.79165158148156566931 1.51565243523684234361 1.43191294182333472840 
-0.38056544340718712061 1.86965054538124975103 1.24813108502575964565 
0.85425804004359173760 1.65557451490903240199 1.87643757436442082387 
0.67850391824075628744 1.90796734962940295333 2.11786179254463213795 
-0.65948152065199394656 0.77289507944297763942 1.08139045555884694139 
0.18455687011691201960 0.62426007160469243473 0.56661661261831341996 
-0.21587308923746600930 1.98644628091211994381 2.31810920090682603956 
-0.29655099734161410874 1.14999266214310069678 0.59865115526423073877 
-0.21954205158857834079 1.19244369693451424119 1.44634336468018176447 
0.94150916441594989514 1.31277311153982600977 2.27540966976664682520 
-0.19368315124150656259 1.16678315539304633397 0.59867639719609744287 
1.09647603762607004363 0.32613569403917391787 1.30221226071073981068 
-0.49394105179260067162 1.35986288948471423232 1.19024521601352950562 
-0.33542565324199524746 0.80610287473252406620 0.92323558746499334582 
0.66987987183667951907 1.48338847497631176608 2.18712092730958351794 
0.64107198716123070525 2.13339926266571033864 0.83550495342620667572 
-0.66777638602745204022 0.67124203773456425637 0.88237756811819578751 
0.67150879005916652709 1.51681241934841981589 1.18434581889143841771 
0.01695528982485527969 1.68398088104730625503 2.16855864858802238615 
0.16654109100172467817 1.20065966048023997637 1.60335768665437994329 
-0.65055496575387139480 0.18702233539015672426 1.89562342033506747718 
-0.13540955247854175036 0.34663463221046092455 0.86228039610427487105 
0.16686532207392881788 0.20271081531949267096 1.39990291435289782029 
0.20088955742900727053 0.34363299967001398327 0.91738750332385754493 
0.58905367965738963942 1.15585653790324505152 0.74510998715313581098 
1.10752253804002420701 1.06874311436658286922 0.68877285109470920421 
-0.65706775777962533880 1.10655212844628758617 1.70480404331918200533 
0.69580038066014948672 2.03444483446325286025 1.72868138935701476377 
0.16097921805532225403 1.70435734022809204369 0.58035806530118760893 
0.28386535341395402465 2.11539505092758295390 0.64285660900389096639 
0.34302628250982292180 1.09270777191790413596 1.19022385830869859014 
0.07403895926170854513 0.23546482422220810227 1.33861294428526611533 
0.53465913274866105898 1.26510740344568950455 2.18136527683497005725 
1.14246522064278255293 1.38579851419004018709 1.78138300259373982826 
0.16277517907374342010 2.02577755048098140378 2.31549182289817423452 
-0.59530202021154432490 1.18584166312846028823 0.81737145965285751270 
1.06593085103092222177 1.26726655665802301343 2.32208811783441504417 
0.17141848946337046034 0.31832807597812240452 1.56276729800599545328 
0.90940929032278605693 0.67547515508199851286 2.29842362551989731756 
0.29853282664882846431 0.71251812400576997053 1.04770466705388920481 
-0.68311955814231417605 1.58322200152249425997 2.15916094919500523019 
0.63064427235671871586 0.83680577951056533959 0.84990538489447731152 
-0.21708350562387571103 1.15234905071559246004 0.60449978693695283205 
0.82464028124181565360 1.74209279357190083282 1.55785239745876413764 
-0.13642369956036989875 0.31588819899349462883 0.37052118600104561041 
0.15382689307376748444 1.59227980537210789258 1.26489921423523488109 
0.71217508765162984563 1.88197190797954561070 1.64104007375628535570 
-0.16362239582298784835 0.39617862863447084187 1.80147161894370833046 
-0.29035358921153048284 1.47799597256570480752 0.82067388730933577001 
0.82230786694778923440 0.18567670943546338291 0.59993714557124189213 
0.67234931697690658581 1.31464559223457566617 0.89592229359938335698 
0.28426693395124913444 1.32203489029107346120 1.92001214263790243031 
0.15049919441565343114 1.65453934352557330278 1.87985261303609840766 
-0.77338653091152009811 1.14269776449683968522 1.39018289582242404734 
0.26395349918579102955 1.30730520378630687972 2.02205689023656987047 
1.17968770765436192782 1.25985867991355582340 0.54106053081982730113 
0.79458764762599576326 0.67386409644595690605 1.05122352276674480009 
0.37322695536623579082 0.35473286523780034329 0.84557449432115416865 
0.82256671884841559006 1.58495365257028963946 0.37198610323243130882 
-0.30589959432058777544 1.59745072325942794045 0.84629674520845832308 
0.30148825675672658031 1.91178214771265353455 1.04724081512551436823 
-0.05126533112582126739 1.67398804538074941206 1.22442155090633697512 
0.14271774183535518299 1.60588768320212715857 2.25281944142647105878 
0.36914419391875907817 2.12698961021672872107 0.71375000221662709965 
0.91649915680416471631 1.88664024776568095554 1.31825803369720140346 
1.05977227753882408123 0.28299139511121074175 1.30615165790829657055 
0.68176583070610674575 1.07555144750920161911 1.28699836716880700038 
-0.37723773866728954607 1.34298705765004955381 0.84855890149300794434 
-0.41368656836452483150 0.51026787001307027936 2.20285697754538167814 
0.06365721515537939301 0.31181932293365088871 1.88590782598751816046 
0.15000459081861242105 0.63169787351236039719 1.64925703545903767910 
0.68484046686481936383 1.16752580696370888980 0.99254792942316516502 
-0.42768975455531554886 1.23494745272965444904 2.17151336436560438159 
0.21739665992045856258 0.65198663324759431603 1.09284666765556814916 
0.35509377765823935125 1.39166690137603321631 0.83704384545782073435 
-0.31181440237143265293 1.31352917464788543356 2.09136244196959220076 
-0.70609587713254795549 2.15239697326990153670 0.40415990564002135521 
0.27839967948945826270 2.12120939845446931926 1.62551487695331520200 
-0.20137124913597229114 0.59339136595461683399 1.49986193042692228516 
1.14558293088397222803 1.14641175232110126281 1.64414646632221184142 
0.76991382321373513786 1.91260755439200291761 0.65674257578994110762 
0.34630754369448429886 0.63694194105596158018 1.85523767910281800475 
1.04934399153669111193 1.30863595235717733445 1.88726010412859368515 
0.87900740535824561928 0.63290739380877936160 1.78044391730360307413 
0.77621452646349675675 1.47458377220147340836 1.79665765463884152808 
0.65328179164744248908 1.87113419339527564667 1.33135442775655143954 
-0.08346185275975340212 0.70364234812005299613 2.00760575251181583312 
-0.41266295639618866264 0.84041347270063671004 0.68159088874616657883 
0.26446202319791761726 0.95264220725261317124 0.68638391655451025386 
0.69214364511037929084 1.28327610980051276535 1.05804590712524260177 
-0.14797381332678741228 2.00643307707786799909 1.68828342024253719167 
0.86935113964882715365 0.35266971115239531542 2.15708667658255626165 
0.05492526049422544882 2.01200773794799481209 1.70927564263351983165 
1.13379187413278259555 0.61983812640079682943 0.71258888021222921427 
-0.68320191883026248902 0.82073638618039390646 0.46671584123867104754 
-0.64391099974694254726 0.79461647199466467484 0.89238433248553683530 
1.00643135545942175035 1.31107233739032191799 1.14483000891215902506 
-0.41404946290619965010 1.19477147653423565465 0.56824814076842977695 
-0.78754886183407324385 1.52767075985064049171 0.48812321758352761325 
0.10230653392221866760 0.87164309957912655680 2.32876452135018352507 
-0.18952990644656173003 0.59275315662961736152 0.41863098522325192796 
-0.61840343509291628710 0.39160082066857304639 2.17271077626768960300 
0.54342759613028768229 0.69342613189706969745 2.17737338769275190486 
0.09927854822686117686 0.34639522537917999401 0.72658932847233181906 
-0.65992890870845299922 0.18847342866652327942 1.91424410114184806453 
-0.69774535889579381021 1.73369437023000561027 1.99196546341392011215 
0.66967251291619078746 0.37268454162164149635 1.85616305258225122721 
1.02336415128840507727 0.75224436958047957713 1.68684089897745748132 
-0.35695145543596323856 1.82340101266966825300 0.57405052491573316242 
0.52967667776206117658 1.58886984032725475657 0.79935316722601845729 
-0.73090458282271986157 0.59481215029751177692 2.15128121304864405872 
-0.36684014185767133132 1.72287951430247532336 0.89059156149194607099 
0.79448005086878725756 0.41672449039947229155 2.18177289043925792811 
1.13665937331792665788 1.63376160236487977251 2.18164281964566830752 
0.05252107263066858878 1.29340472161004549356 1.95787448418934895145 
-0.79407169663647159119 0.35202658808342213170 0.89690292725423947928 
0.11769662952814148593 1.35033710636755244217 1.16740659427845994145 
0.49692084396612429265 0.23254201002892069261 1.19877422598657101815 
0.30095039053109196026 0.97438675400867991172 1.90455109618633633417 
0.87772252520587235036 1.68311043765015977414 2.35108589402297196713 
-0.19406866759904042863 0.58849559901802550588 1.18652258547873556971 
0.41656028199644301591 0.31552168516454048852 1.83774061623213191830 
-0.54121749672962082833 0.78929767856597565778 1.20594974344036298675 
0.00855501668539146096 1.07249296325035947675 1.29440626858619856066 
0.43326453551273741427 0.83488778549871756063 1.72302545236348980673 
-0.45614551877187048401 0.79287586215870686779 1.54385393749515231754 
-0.13488334860464251674 0.31155178887167783719 1.03266148335236440658 
-0.23547247963208739474 0.34737098317907744160 1.09400512041266928520 
-0.17755277687102585804 0.67051944675842467536 0.45085192227598758219 
-0.65759592299678137906 1.17986322932614617898 1.54875215278116695750 
0.86848032312185852177 1.31939425065461279907 1.35966004307897070369 
-0.19621558427995514085 0.59195294976317980318 1.55416764935336293441 
0.78742346936442619842 1.52248746617818442317 0.48903553560620754981 
0.66285426802638058863 2.15156988814270455634 1.61720307835765542137 
-0.55887188471203175233 0.80128199455622051151 0.42651644769255642187 
-0.62772585949420589557 1.45368801854371909599 0.81221366493062507885 
0.82828636246665232612 0.55884037105337802664 1.68624969094293408745 
0.15085036678723440229 0.68407398234780469881 1.60686904242595463010 
0.54192787031588485203 0.82200327884465584916 2.30715622649488683038 
0.37302906130255369943 0.46939150482050678859 1.80886122675792804237 
0.09006059913383458737 0.84033759675768615605 1.66496043122418746485 
1.12879053086214287127 0.35738700001545892215 1.16989570949374255271 
0.33675849545456726375 1.87535319774349562572 0.87361919437670043642 
1.17935499316194558617 0.67239273293581192092 2.05995425291708134097 
0.28984274485997818527 1.83602565867715927794 1.57241707196197344487 
0.31089155528355222335 1.86440269285313720005 0.62861995238364487548 
0.96520849716620371606 1.05682589765413381677 1.29405094248052932038 
-0.68469096455485867203 1.24081807490217643775 1.02537908657009779745 
0.49448787053026671545 1.81256157606834178431 2.34489586865090249290 
-0.18138512324097161299 0.64537021512317283012 0.44197130087861857817 
-0.78741945182866712738 1.91895653963727874647 1.65920745206178277265 
0.54761651967528601759 0.19208546398496298413 1.38739894025601273597 
-0.38262652078211883966 1.83367617563453699780 2.17243717314376993954 
0.82956776701667733764 0.79833032300109918467 0.40390750683262599541 
0.86181873057642510716 1.37353127233570093679 1.31202313458832464654 
0.16430281662177045887 0.66520597413734083858 1.08695900398681200016 
0.17084074093437665032 1.62953819988539772012 2.15082310661864806178 
-0.10669990454276927216 1.64399443504687403639 1.77906654524337937140 
-0.16722135967353127239 0.39252302136192662729 1.63367178405998925150 
-0.74479514501543420124 0.82597648821926339391 1.56005171361605721181 
0.18231051540113873966 0.67228175490958375082 1.52675901144812220522 
-0.59610292389774155453 0.16753847833232954345 2.20419820369719943187 
0.18927506266721100259 0.47225477027506568284 1.74984696919629434397 
0.93584774644038060121 1.31321693971562170056 0.71724687746654391951 
-0.20466342780997817674 0.78344007182923591781 1.53737032664660921988 
-0.71937881018844318515 1.11200762997034408031 1.35383718233946570564 
0.36044956112291659522 1.40031833241738623563 1.16856757318778736732 
0.30480557505702665644 1.69984223997899164260 1.92667656175475032754 
0.35678512889344377035 1.27369347446271130586 0.88981794666477653788 
1.10182278326918936529 0.65071247314209534895 1.82817872590948016231 
0.98503320470633348727 1.71234301433455748942 1.28660122325637304996 
-0.29679236550634813252 2.07878871213235871807 0.97727518247616451674 
0.06568819196452910236 2.11370164064760013289 0.68772059908068028378 
0.14630041338708724141 1.14959310281058124659 0.64208635360872046149 
0.76032344389908956828 1.11635326787796884673 1.36542162761523533376 
-0.61004039523662845212 0.27429477125954182526 2.13886397878518685900 
0.49440031875225415314 1.81461248007853259701 1.33434559495695093112 
-0.14154412085398729304 1.68152477987534587633 2.07062957779116318946 
0.32357441339816528370 1.82327957163875020719 0.55120130701779668225 
-0.79037050118289575718 0.50135097398521699663 0.55903530669983569901 
1.15995713745239625858 1.38509421560939416374 1.35573238668786344441 
-0.34934890369442411773 0.25403195222700647449 1.09906053829437433400 
1.15340344969609720494 0.26864669686502451462 0.41119123763293558005 
0.18216176206278938965 0.47465345880116671662 2.32682104161937308717 
-0.72906747871474208988 1.00637651600016253539 0.70239935689829657850 
0.86877313026767266635 1.63547649036867537298 0.81551177665057017485 
-0.54665214500797432162 1.82969375862842409397 0.71308373800618385374 
0.29225534456591312216 1.03583656510698984832 1.05175643565578025296 
0.74715301628731878303 0.55862398713887595481 1.17494942070327490491 
-0.41721007907155877037 0.64373419778780582856 1.17401143919405637206 
-0.19091411694474000327 0.63472902885029924835 1.86976087821314140847 
1.16313721604170372537 0.42256238882029234505 1.29660199139203680119 
-0.22977340339332807950 2.01032232189261117483 1.31555996938513208860 
0.82019380518751172637 1.31225877495863230138 0.52928970407057340797 
-0.78378628794681093339 1.46321824778737652473 0.79604446237824666444 
-0.70018623663621115671 1.95361532494809853056 1.28426743863451497951 
-0.62255801437047431079 1.19322665661104698742 1.52645593315128413892 
0.60555748933619479857 1.84020425347623262091 1.20003445971586741869 
-0.21950058683943651783 1.51322454753798640859 2.20802640827276697166 
0.26764914821038787718 1.94904044126446707175 1.68620630622584921632 
-0.37520862109518365868 0.19235694471834929864 0.53216005615880135338 
0.63093874324686349819 0.18168644173964154653 1.14110837404818621366 
1.16674027000587332559 1.37494493207943824231 1.15791580902252255747 
0.79252524970895110723 1.57260720741631043751 0.50880120846053322747 
0.85454184998030224829 1.99277331271722424333 0.68965542971330306976 
-0.72742692641290096489 2.13925749863211844826 0.39256494679935577397 
0.30876010521474367421 1.05840665548605206148 1.70786284506306218489 
1.03232848496600948529 1.70923953087346047752 2.28929202498161910029 
-0.62246388945319452990 0.86525747129358410170 1.78204171666017452402 
0.78956213833995203544 1.87547966194505577597 1.36839890132026043013 
0.18655104379858389319 1.95005794764523265883 0.67517142055641188314 
-0.65808226656972523827 1.16257565054815148464 2.10605642016390426363 
-0.56695198364518983869 1.83266335324364271209 0.73514392820861207412 
0.42121941688125885683 1.67348741569709513755 1.16691651076353419825 
0.27632678127757293041 1.88969291378509862689 1.64376750066897958646 
0.13687255302301326587 0.66019866398336923830 2.35229606639078570041 
-0.17788728284596283524 0.72360583688809232417 0.46334449751196893352 
0.18227196741238968491 0.69242772970085153528 0.48389323005500406438 
1.12559644206654008158 1.23381549788162048209 1.37527780886862727172 
1.10030161112019309044 0.34731979417990532788 0.73164753296545514960 
0.55409937522624741479 0.35196058406895863735 1.81904699294575222801 
-0.68330632689960180137 1.14475634960969885334 0.61591931408797873093 
0.52208864341182614766 1.18021943063290324361 0.69902775819866280749 
0.41845035113505441027 1.18411297420467187536 1.39017062394715851248 
-0.10177459684655905392 1.31174994050674675883 1.92177445046085026981 
-0.51786521858322143164 0.18108661624551739000 0.69678817477091270494 
1.04304316708634603472 0.67562528223365725388 0.80846278139616611913 
0.34801730998427382602 1.30988630073871714643 1.88243686668182386157 
0.14523373357857444210 1.27343092248889333540 1.39873502254667503308 
-0.01778665832667996813 1.30715826485225572462 1.12823673955058634277 
0.43299057490232245593 1.20649909901326113371 0.51115212335754167672 
0.35999890882780732904 1.73934342402947206274 2.10936125014913500308 
0.19021223518986990486 1.46286048694505810275 0.62696931732868477205 
0.32526346313227844087 1.16768582390336184140 2.05593833519974067414 
-0.34398228022474230947 2.11629270865261931434 2.31132915570570585118 
1.05155677280883508296 1.69287292459301053071 0.89355683359547433131 
0.57700730128214050563 0.66456224895524829144 2.16981530737609817905 
-0.73766718040817069735 0.56588584278798148564 1.83243274427515534519 
-0.82898581340540677953 0.82397202353410947673 0.60857001148093048393 
0.49401792693900253850 1.23220178493548493392 1.80161870888134778568 
-0.25691306955503184772 0.30901968246895611392 1.01708639775566389574 
0.64140194319066912154 0.23408378947304062101 1.89127340582994296625 
0.05165421524380214152 0.89672690269623478443 0.69462948236292043624 
-0.64724243597379571558 1.59582327751513575187 2.16763136090697461356 
0.26272917935059009187 2.03498066493741536220 2.30940934888587445784 
-0.78105429975056883674 0.49432947979948610451 1.20705030265925050692 
-0.01778872762625120091 0.31880547265740660778 2.20700275562306647004 
0.17917604341064119478 0.72812357556774021106 1.46794251462011970943 
0.20232528138530803119 1.51651114892476868157 1.77211258964266771265 
-0.66318981199920989944 0.80527178982536695706 0.92035151658871694469 
-0.45353002006150855419 0.82505738241643322706 2.29307478841726064545 
0.98588898398828983538 1.78923446716362133380 1.31892199403017751358 
-0.65732243298348069782 1.86986659531985965899 1.13648420843104491773 
-0.52000870176894875563 0.33836241588379717404 0.81510926330293465014 
0.23584434441814697281 0.98214288077307898561 0.68462620920158334670 
-0.62037521425962505184 1.41074595643824785007 1.17846779849563221276 
0.80996094183947708878 1.60995537762055973552 1.56125660084681716633 
0.73939395409457453479 1.69648735235837300195 2.00662959541758834092 
-0.68560578616632750215 0.72950375205948836399 2.05631784310185539155 
-0.29022881473886358306 1.97952613073764793761 1.95717754968700075047 
-0.76965744471831765150 0.85124977080598629442 0.60406847563166954362 
-0.12792101495387964150 1.19871166930656292138 1.36732352163510983978 
-0.69398151124694051894 1.57097648002145207080 1.83481716570624997509 
0.31086665479887903851 0.96983508497328119180 0.86467333100055765449 
-0.08966139729724813268 0.65647666072310340013 0.75393241065867699913 
-0.32425329699795141236 1.04498504298962391346 0.81098929335819924802 
0.20142593043566792144 1.58931335017213526406 1.47552117417595818338 
1.15108955504473797760 1.32001711469882354599 0.39336636751184411720 
0.29769821423494180479 0.97924356167885906466 1.72377158395928575807 
-0.25460653015411854883 0.42725614316075938293 1.16561207857656601306 
0.60882933542622408307 1.48767117061972764525 0.80317067172091627381 
-0.33201722637085417933 0.35525802111034626707 1.86598248507255370932 
0.34725464327822097577 1.10428867517057183179 1.71757659941024276584 
0.22881431109183408834 0.50647435085221770290 0.79758614937134075795 
-0.10242285342497133016 1.35408479123377589737 2.23496956480822328572 
-0.39302272778799784980 0.55209195184428672132 1.80721680732266487546 
0.69467237557155203653 0.96388264333212214652 1.89108663941346466508 
-0.21026840791849665813 1.53040786664757422209 0.47199539865408390860 
-0.47266893988315372699 0.80719777701242312329 1.76416412648142073571 
0.66615117911088439495 2.07432035496644973094 2.24860281177997700652 
-0.00178925824504688616 0.29281918436490639301 1.06414029946598698295 
-0.69778508282540741003 1.90192302884918462702 1.96432488008792116574 
-0.17076681548411237754 1.63078799584706723991 1.60077266482495317312 
0.07883730022293600204 1.90970767881870973071 1.69078359659942667470 
1.19597073021221289579 0.62084867150172129424 0.86339211779828983762 
-0.13543291983077226925 0.31426428363063313443 2.04971191953580644807 
0.20281315286303996936 1.94932215543127407287 1.32563442720188029433 
0.70822539904000725297 1.88899243587236709274 0.64890523534149258111 
0.17974597588586785357 0.75113219042809153958 1.44953945583870824620 
0.24996528350850522049 1.14298643400263677528 1.60710774376623710680 
-0.01788368724629611078 0.29968822246610904436 1.09776490398584170016 
0.81158834797650325488 0.54263399482973795340 1.63076715286444429154 
1.17814799096080613516 0.36195736693187374744 1.57347708463840896265 
-0.66657666110672286752 0.20931896715018827315 2.06983330931842512967 
-0.72884897778358759268 0.97455433960403803351 1.30140731901846673502 
0.81160121705508558865 0.41161773007353175124 0.58629743343974494163 
-0.55665307857377344103 0.17718767042380292875 1.74804072401526400249 
-0.00683163759705191290 1.79389911864152962195 0.68108974384861853402 
0.33404051863622524765 0.24812818175748166394 2.07617230983832268265 
1.08474868435809757017 1.69327175249887007524 1.92428110946520725122 
0.83168359043992079460 0.35667829817968599304 0.40280376245790217027 
0.01466087645981925883 1.71250449780900648733 1.99226450936376697776 
0.57465492699302533897 1.19661758284842156819 0.57486361927064943966 
-0.33839284542693792712 1.26707731233001696936 1.08828532986037918029 
0.59172675919093786767 0.82528432858962652574 2.20220262172964931224 
-0.54974730472053601193 1.68696394298912921705 2.17482834948021030996 
-0.33104572588847408499 0.17667330100398367931 1.55153487328214034768 
0.15679504032727761831 1.60780276176573844182 0.79679915945863932780 
0.83340604788117012003 1.31864800845636698234 1.96219728629419076782 
0.87098779284114269394 0.34987731761216289694 1.15286376908659882190 
0.25786352033559134522 1.43776668218036918212 2.17186564923086677936 
0.71097649129160334081 1.12390596288980071371 2.36619618441912971107 
-0.65554671389839103135 0.51360043247279585366 1.18741136402757363477 
-0.09560461211774795576 1.12823434699673352810 1.32597121646504279013 
0.65806170377528672155 0.78549298149590973672 1.08395270591203507493 
-0.74215272565066181532 1.15197756941488793636 1.40617887801192553709 
-0.48523688767860928550 1.76700458963938711321 1.80153902489500228334 
0.14884951720118233531 1.67104164134223864835 1.91463394522587515567 
0.87472537261431204669 0.62752538870406548988 1.22531595937568305033 
-0.59929749484678518368 0.19458347333414086067 0.55076080371881297459 
0.21022850946716928333 1.49679683991857381820 1.45501018501823264906 
-0.65629496540119869330 1.15644947109103402028 1.88684908811092744152 
-0.19995535179783535673 1.37662039111070755304 1.86306435218688748456 
0.07235997881728892245 1.00823652692656118290 1.29463058646831452592 
0.17177625784271133291 0.72567216141672441498 0.55842575853832765453 
0.82077635567780227177 0.72057341974313093846 0.47058675049332582274 
0.89090901806519251505 1.32686075850377194207 0.67654562659001071800 
-0.68300643035886121623 0.35374558677842316001 1.12629316582681981984 
-0.69684974348960460055 1.11254594763363257037 1.00528168458927980033 
0.60360457721297833267 0.37383450548287927573 2.17215974817992085732 
0.93106143954037423605 2.11631625523452271409 1.68574922077301114776 
-0.79339167699606327755 1.37674361690332958119 1.86628441347813001094 
-0.18265088097544787682 0.43587196959333190938 0.77100726863394131172 
1.15868652806844307790 1.05054890372691001055 0.67822388600423866301 
-0.72246801940180405133 0.46750830555309480507 1.18080818307017576529 
0.77155819355138643978 1.32667698623012597636 1.05503639716411634630 
-0.61905967951960250151 0.27916397490138067372 0.86675757404256126293 
-0.21318567601225904551 1.15325839836355981127 0.60416345680044092337 
-0.80165367488740679747 1.66811223262315677651 0.93145078667179526111 
0.06201198471422683656 1.32756401016975145168 2.24347506078370795279 
0.03357331465632697187 1.86294999609011791009 2.31191763020667018225 
-0.36204821868669834206 0.18336312615050542885 1.12776740819615262090 
-0.01786043674697449998 0.99503000363207438905 1.28647215632971034793 
-0.64651332923468518565 1.11242975973716751170 0.81406286133709915287 
0.69942388052441972768 2.04688679962119435274 2.28697153715593959333 
1.16920145564052235798 0.42332283088762096002 0.66546861872422424788 
0.69299864536792810110 0.94097350077563990389 1.89976588011782876464 
0.16415707706161433710 1.60566983080057856803 1.80703184159240670681 
0.42668443776215103647 1.25396553761533824378 2.16665220224791532644 
0.95315326542672607069 1.70660382234409535585 1.04699301265970889929 
0.24804188038964153362 2.00412785880590371690 0.68991176495618622422 
1.12813423541586721477 1.10495317850101648638 1.32976865266286403688 
0.53685529893458849848 0.80854517852273588563 1.62760731634896549380 
-0.68035352166673523922 0.43388941883802895072 1.17122647228625353932 
1.14232073830675728843 0.74965487953513398889 0.60672150219757736700 
-0.58036218082092017045 1.49648866710638617228 1.20392187818871132521 
0.18172500282586998011 1.71423664768727412877 0.48550010284985239961 
0.33580193867715646405 1.08077304601629742287 2.25481114233816049008 
0.66141218295157833129 2.10185286172057894660 0.70499404279279298535 
-0.02484087472608476760 0.68029950195633115406 2.21453697333131271918 
-0.18468365938648834135 0.41002074901361740267 0.80994480340900931736 
-0.20511841919887702224 1.78451146604998323042 1.53773273710499935873 
-0.63145974636202606423 1.17590763353804539371 1.41390870024255410620 
-0.79211914979636866008 1.44544132195322916346 1.47492560008752593426 
-0.08130687037207064150 1.67253036536190058392 0.85215613853310101522 
0.09943799410142226125 1.35218994240574796883 1.24848543651406784782 
0.40525783911393786774 0.77081190399988130935 1.15564579301396808120 
0.76754993758615774890 0.31656861440961608922 1.97762516531921050955 
1.10206929039845613616 0.31203855368330046804 1.32644478899499129732 
0.42788522142627843925 1.79243514478724441652 2.18805060245272153807 
0.50759935845551018563 1.80855429941061651711 1.24661357344725653995 
0.36965944055427968351 0.66871964627420010796 0.85827797645331438403 
0.67527025193806933245 0.82638543689802790304 2.05434364729119067761 
-0.69292687458852242344 1.87436810455320745916 1.01471364437272160153 
0.58142905009587320109 1.76051595863686416443 1.16507084227552337730 
-0.35477934389326037934 1.87253725315641617044 2.16475898453420478873 
-0.21281359968595511822 0.52452714587141280322 1.79086357489885683592 
1.11821555575674036476 2.02710098819548134585 2.30581598434511070295 
0.82432481361030696121 0.56472663971756664747 0.76521291955575210242 
-0.17547224333730740420 2.14306666374952436982 0.36928604336715736833 
1.08457806636193976324 0.67359804302647530161 2.28895968149986384077 
1.13601011464262335871 0.16204595343101621530 1.35742537265359763943 
-0.69301405984711050845 2.08136788112653148275 1.07931558512546788009 
0.66038577999556680176 0.19159471462474569892 2.08410714107857986122 
0.34971092719931806680 0.43037313159756723779 0.82335363701010733095 
1.13765054626890105283 0.36965593758669584856 1.81575280470003908029 
0.99765366828085422224 2.12248750745268655038 1.30564723397561222029 
0.94817458032763579645 0.32182481576630184161 2.16386252481615182219 
-0.81649911463897306696 1.51705246290801842868 0.73021576330598048088 
-0.42077852400956172740 0.74157083430461978590 2.16203508970703239811 
0.17322777675918074602 1.02974382131181707578 0.68194083124324678113 
0.10224804339961937605 0.30244259504411485917 2.33212415697412067672 
-0.79266580772151307155 0.19471028213745458779 1.56646579387226148050 
0.37394253278807193519 1.63034338012650925620 1.83922421769302979477 
1.04824649197810160217 0.69259648199138268421 1.27387232305347741779 
-0.13128200730798100793 1.63725434779355194514 2.18436429234913109809 
-0.59714324084316816599 0.43851917449286270667 1.80621799030115393059 
0.91960843790830193445 1.31304057380568628410 2.10207895493899199479 
-0.66459916565463073024 1.13935226750060358825 1.63862914146161653406 
0.57500721053211845124 0.33915559116055876698 2.17053912981432528539 
-0.81679596216162908551 1.77814610186509591827 0.56765400272876742616 
0.92610759076760440500 1.69886009462004361481 0.94059358785152602511 
0.89898667077284977189 1.34714702107325901004 1.81296049356425359456 
0.35877120351714136826 2.13312429362709510272 2.16500716159020489826 
0.79499550927416373636 0.55600984314505752515 1.79345872884360346688 
1.16825587477872128161 0.36056609212343954107 0.39881975273855052588 
-0.69867230857787443465 1.83241871756949326056 1.56682391691195066485 
-0.78810967083204219730 0.52339601352719555827 0.52565999147802999758 
0.13289929778116557624 0.66332430553452814692 1.88176920992211971218 
1.18218812197591116586 1.27475161248729884633 0.50820374160017622867 
-0.20654715842144399929 0.33132678162800149879 1.04772574025700038192 
1.10153369903674924757 1.87428435203645116225 2.32756543156765527414 
-0.03335425391958257713 0.75919974662469746907 1.68224272085476944660 
1.14282458291202582146 1.71176404898747702710 0.39271537794367333829 
1.09854353892850364893 0.30717842322556254686 1.32648472646198523073 
-0.50649928754639406137 0.79137539312472937603 1.21944172496462721611 
0.18096738946226312295 0.47355673323783858963 2.27854083353993575045 
-0.32535898871192603377 1.11084017975119131449 0.88934112783353558296 
0.20090406694660586928 0.59110706360551701355 1.52886372068167353255 
-0.81766067848296264398 0.52051320549419954897 2.32679446207945206382 
-0.20388327355941213148 1.77372872565072103868 1.52554209191064638063 
-0.68954810563297552761 1.31810955546169950026 2.09352607024104253597 
-0.60697366727021262456 1.19777156578385146624 0.50131414618242065018 
0.14984491757421497526 1.38025350688556502909 2.33403772429974765146 
0.74203351810467976790 1.63327206330854957095 0.88297624161660437370 
0.37683201574217001228 0.78053000570452191198 0.86645222978388281021 
0.09868689814499059798 0.25790637173623209843 1.34901358017096062447 
0.85447920322205017651 1.73132129947563906391 0.39835848232251130918 
-0.06114194242293553849 0.27379575362587249554 0.68324105014232272559 
0.08113805854316497035 1.30018183385572383415 0.95179875726031015759 
-0.37664585682373918907 1.59153925957999198282 1.82281262449003533810 
0.94101267814152722568 1.85274573722694713140 1.68068962514050368462 
0.39604601659585925155 1.15025984223666832840 1.77644869243915737300 
0.70649665104792724879 0.90298812348426393815 1.33502634809780706959 
-0.71244905237835198797 1.91211256693752806868 2.32741523795473881364 
0.86001184553265075383 1.76338406724890184307 1.61229437540255804429 
0.83115489911430784353 1.98485070502319294050 1.68420997240575753828 
0.29827709687263820326 0.86672500808899544111 0.37567639215645837192 
0.00058871423996811542 0.94650144326613327994 2.29061859586131477684 
-0.33886328935141041274 2.13299064764060108956 0.87598606366453612981 
0.55853430664639525105 0.47936234984317505070 1.20715916274778511941 
-0.29876595915006792792 0.27424122748341811517 2.01544833038459980656 
-0.04233982025172779162 0.18631840021259080120 1.32357180400362350881 
-0.67442891467568832908 0.39013088497232278895 1.84769212222076606444 
-0.64923311492948254653 0.15604926036211319573 0.38036021088995980444 
-0.63160500300725441747 0.73428926151103734998 2.12238737955178757844 
0.11600203478992968109 1.66236794124110498494 0.86111135073367939263 
-0.51675121373639054667 0.62536499642061504911 1.80748339779023670104 
-0.02712056385060652997 1.67579118618900380078 1.78257466877170656083 
0.69814594475562785636 0.97721740024386716250 1.09973909010735204639 
-0.28904101499013629128 0.99630083026867555240 1.04458732789993402612 
-0.29660520491022002165 0.91644663144515881026 1.00885435820871371959 
0.10850773466212086660 0.80348338598760660201 0.64683760696051650907 
0.13378539861052832216 0.77464976011862629601 1.61281623043112709581 
0.14858607392869402353 0.34134214557837461168 2.11343914387434717028 
0.22226059631039221665 0.59825354069480074504 1.84386675980935188512 
-0.25787566822532492772 0.30944379579844177863 0.98083867408071701011 
0.71059185491467202755 0.82314313712478304197 1.53779456477436626827 
-0.81648152597205614356 0.61347998039694595640 0.42010039217384365084 
-0.18048365852000319842 1.31670822726235514644 0.52696113746211148410 
0.40267655388511569559 1.42857851622040921136 0.80949181430064442999 
0.01349813121876615105 0.30480917771666937721 1.25268666198509093235 
-0.58068266003114377138 0.83620627031547667407 1.24208168686582687279 
-0.25824488208431556346 1.32365017902595649701 0.94111094073713974506 
1.10065920635311265130 1.35380056579107632686 0.76443848924728485805 
-0.67273980245477116302 1.90958848916712375932 2.13744729856209358942 
-0.14423988066023488153 1.32292240172967812128 0.92679392165175644713 
-0.35083341360074804527 1.81622164240454697648 2.10634980613772437863 
0.40901114498507396000 1.78946991384184528329 1.83101325580003271298 
-0.54239950204033271497 0.79828707365689821618 0.57893383938094700181 
0.05236179644875632588 1.29071211522159989826 0.97600783274288260838 
0.17431184525991802459 1.20377973767351198475 1.40736609712723748089 
0.82734217534903586877 1.44626685455400227909 1.28705577839520679539 
1.07110219529066674760 0.19077450769227022320 2.33373172734831690889 
-0.10441206613093012567 1.32292034653128287580 2.10980529960358609287 
-0.29758731997884485532 1.99443822440187612521 1.72682012127754913600 
0.57390074925947365259 0.82715640742486773451 0.65705725758598398922 
0.19635266405992005123 0.95912971521588796797 1.32040314777999334694 
0.34939667011710912048 1.31320775892102692417 2.12009271094273055169 
0.19648637317221745446 0.50519592165554483287 0.61449788669828409038 
1.10477883594359949093 1.99757120873427962415 1.30104737520031465969 
0.84537749959829822100 1.68395726153418312521 0.40012217121467097414 
0.64825321597158691578 1.87434943539803700041 1.15986829964849746943 
-0.40072095744844238308 1.56890509622735274675 2.19258574981117915215 
-0.37898224880174896656 0.14863722825848976750 1.67214967934332214838 
1.15996516323312315322 1.77890599954107941905 1.59684440282676409772 
0.29722758997716625107 1.07226141580703937528 0.95762428707039681797 
0.90116721104841801537 0.91866852299388424008 1.68760806841153421232 
0.30039626656194817755 2.03362560370162359646 2.09302685452682801781 
-0.73391839317858920122 1.89379014355110375512 2.35576017015564742607 
0.31576371466923058851 1.99591909202028583437 1.17883124306110209645 
-0.00311067780711247154 1.79937235770463788143 2.31827489426132204997 
1.17195649641967802879 1.43572653100671665527 2.25297952697929826371 
0.02179267931207407721 1.67965354615204831568 2.21968660391368155516 
-0.69413835554868252853 1.10792393459334381767 2.04243246964009639299 
-0.81035911842908281422 1.50214235066255352713 1.25204300203872831432 
-0.40587521731203640707 1.36401518448593095378 2.17230564011421911630 
-0.18177772783888207497 0.53578478207705815262 0.73959624993535211246 
0.57116088973991596678 1.83609254499973051367 1.28909572129577298938 
0.30233469112309474536 0.29317512840724518908 1.94039326815686341554 
-0.20648510966133454270 1.95127207425133475382 2.32534691428340378749 
-0.81225459229053431631 0.45623883289696670618 1.36952042403280005445 
-0.32029826609695588591 0.87729771766158881618 2.34439765040455538880 
-0.14258287835693922441 1.67254509129458694972 1.08697948128773980159 
0.34891060056961903380 2.12346277622634094229 0.67806405298485339372 
1.17369395285064404000 0.44789707958559960010 1.68492594881592627765 
0.31477700432330685265 1.60255646142157770484 1.84683766199987231538 
-0.70333454587697541438 1.81882668821160975448 0.51818323216395101305 
0.78434570673270975760 2.13193672620084351266 1.62294890747940434572 
0.36857264760532121306 1.15179441500433310530 1.83557461771207885981 
-0.16237769733515253212 1.11049445071785868322 0.65543271777387779320 
-0.67421188263652642725 2.05522560508414953162 1.23919117825772406860 
0.67559965910792429966 1.60437942792709886675 0.84510170875611689834 
-0.15632611074697963516 1.21743088381524167119 1.60392938560391273839 
0.25926774683281528233 0.99854515328768456150 2.30489454748719735377 
-0.09376526081402093704 1.99504956028198332518 2.29829015028305727597 
-0.49054700557699881802 1.43383008926641086767 1.20681145507308906772 
-0.03121467462848890803 1.71108146578475994737 1.98890757480822744085 
0.32447525645891384105 1.05530681259932790361 0.82968965675982486729 
-0.21765567408509706171 0.79274202100209478772 0.51236923879327234133 
-0.32188784625193112010 0.81633367155606673116 1.04332136019642507385 
0.02255735912225730402 2.07700155661183227807 2.29557987649537764696 
-0.52599187479039954951 1.79075163414302429565 1.54118762855028879066 
0.79171671291029643847 0.54855929041815099101 1.53330398411762258704 
0.30225964687122830465 1.99862585992172503424 0.89247363998888051828 
-0.81714135840693802315 1.39288434489563983654 1.17200712517747684949 
-0.10839385951241541084 1.34822167743118948025 1.70981580700907564996 
-0.47838644372228406043 0.67579954636242511867 1.18216773368779448639 
1.14182902079029480191 0.27262094625437727213 0.60665774235356639821 
-0.24674838919455344133 0.43305226522437795245 2.17337401296586518740 
-0.30242445777792709150 1.94906061261367091753 1.28510735705357892478 
1.16233088774680970445 0.68254785216814950477 1.96246325486246053771 
-0.17583541553741999230 1.28108625610034421172 0.45668908535539032290 
0.68880263126189267275 1.58450099288664492114 2.16099002022678199353 
0.07697627460497305507 1.68814629165531626676 2.09911085491262250358 
-0.18253967729991199542 0.66037140179499953518 1.46518003051880629783 
0.25475785306571818722 1.44985279509910003348 0.82257177655362279101 
-0.39067821929130963632 2.14195123302146450683 0.70912645219995429358 
0.17872159311108545832 1.74699003816523701360 0.45112649798380105581 
0.93524945334381426321 1.31325563675292267263 1.71661500004171352352 
-0.65758243822103656928 0.90218146958656897372 1.27926901218528232818 
0.42754287828697651319 0.83476599219684410880 0.69765649699432019659 
0.18229763013864525023 1.51055290204844139268 1.28760677563303405080 
0.65380198413746704045 1.81689132584856327668 1.90346022307460072120 
0.81531673607121524228 1.60905405118152011745 1.16405353818382040210 
-0.53778635627837367839 1.35679762383672963821 2.18679033383397625201 
0.37657270383752994292 0.82778765467982129422 0.84282676520876342874 
0.54229717967522139688 0.39163753334724771271 0.80562779622735325447 
-0.74459264734475227865 1.31522951612834049229 2.04136623644519143994 
0.14168842521271590718 1.65973701621075275803 1.11701205920774770952 
0.17791446487037790303 0.31860139492293049202 0.53949190062783736188 
-0.17740254578808981045 0.64640883924923453474 2.11608488238828718053 
0.33590668736656337234 0.20234733881265326572 1.92305474020776001609 
0.86023098548530896323 2.00743850027708203854 0.68968997236780815729 
-0.15643249384826990456 0.60415381850320026835 2.33318217868367527856 
-0.33515187437538729309 0.85547367130228735288 1.89514364495184750581 
-0.78448956077916798257 0.39320638407282409998 1.84841058552851822405 
0.88195151733575005704 1.07590666382452737615 0.68343345502050878437 
1.10583861818739093152 0.31122908179434910503 1.92999607017445118373 
0.75223210154768582747 1.93962469759468913999 1.32671176873938745366 
0.10787382993399768916 1.67991633319910760314 2.32657329071250051911 
0.31209297894607440638 1.91422483695857947872 2.30446242060629113979 
-0.26450354985888102632 1.16151711140978775028 0.42031748062400614563 
0.17993070144339856631 1.45832750643278252767 0.74300946059962102996 
-0.69350680555752830525 0.88263587518838704238 0.96616562324152921448 
0.86825562582761850461 1.33482207335787705915 2.34671639638650253445 
-0.58752420032483210210 1.55273850545971825454 0.80225044861595773416 
0.34157238667489425721 1.11427480429081038338 1.68717147651617671578 
0.99114851108941426361 0.29238068376263426362 2.06214395693530860854 
0.10218982687808467191 1.29523096963848916019 2.33612430731616571578 
0.02920195175548990357 2.07162196836697853897 0.70491791392984504139 
0.35217397080387441433 1.56908045927200756608 1.82359516422536271918 
0.87391840175327462070 0.32246783490245162218 2.08743712129070857486 
-0.81463220761920174251 2.11195740599389258918 0.64713463934078263584 
-0.65794160898488018852 0.90860261967318323162 0.73769609445709405371 
-0.80255468928977302667 0.40636767651197147622 0.82500386874468401022 
-0.64191470841742082065 0.72552868331442421646 0.88646692287438277891 
-0.42993418615915529601 1.60359985202134569526 1.81063863738332719855 
0.21823394136207799332 1.88962106819188235818 1.36003277442246295337 
-0.77438690438313750874 1.11041074186733079721 2.36031542050755449580 
-0.69999647170510137517 1.94673968368714556121 1.92256926720230558736 
0.38084405760754524994 0.19083118076880348224 0.54250287877794278746 
0.41507662121016825063 1.17207816753746651983 2.35282919667209844405 
1.06551558670521151484 0.30603265694464321101 0.70832078494644268307 
-0.63279494778146128109 1.17845950719370273774 1.86354082517325037038 
-0.65816450295831918638 1.14554955551928983049 1.63186595629931630036 
-0.30936029149210086953 1.98064508812858064424 2.13368115482875042588 
0.70113261663738424279 1.95353780850531411062 2.28683264260125351797 
-0.48554839093382762272 0.20023057645173267249 1.23116883072315297376 
1.05836491005092736550 0.19088021635156823819 1.32888523305072614455 
1.18188830675737976961 2.11039053609948856760 0.64862426165972308922 
-0.71036438737283358336 1.31318056604292698886 1.07003576477308870452 
0.62337044351984449708 0.15880286181779670884 2.36164123183171259512 
-0.13423065346936111086 1.65797581824788387017 0.65484980708448226050 
0.18202370143296953131 0.49041808345278803394 1.31021028950181728234 
-0.20716123897877344873 1.64138558778506249425 0.88792162885214465096 
-0.56357014740634003847 0.44833194517904068066 1.79633305580475099994 
-0.13413068873541253434 1.97552883511034416131 1.30990162708177959594 
0.18292445392856568342 0.67517987372008536617 0.48226037269968036192 
0.62172410760753404890 1.18347545702884837659 0.84797997810556735576 
0.41878081603369232688 1.28639624643223537959 2.16061749576930450800 
-0.13766460592547907771 1.67796548174434678735 1.63225787913335640411 
0.86857985917645375018 0.16438234084573163929 0.64460174760766286717 
-0.65756263311183682507 1.75210040874105388298 1.08642773427896588423 
-0.32533453275690010775 0.45876677952545719119 0.82144982869146498938 
-0.47457963449944062795 0.57331457530487339724 1.79572248134301748479 
0.21299180092400066266 0.49366687892009386562 1.48312049169672799387 
-0.20357204812108134484 0.78620940188764620871 0.45807215853988780818 
-0.24458604404203301841 1.42832222673482234221 2.17047155051947715521 
-0.65543455195516775458 1.15255510479030953697 0.37880525790238739337 
-0.79712142397965157770 1.58662483882379823363 1.49790629237776351523 
0.36404908135370872557 0.19042926135332841064 0.51617521412797684466 
-0.44105189612136547206 0.51492937908425717719 1.79174648067458908152 
-0.53656434282362208688 0.23211631668818677454 1.80768572308810360205 
1.07709459808263940950 1.73768225262546582854 2.33318609164328583105 
0.43935190788425548813 0.76886874225708745634 1.18283817565677362715 
1.14768780636018874475 1.30775582969098569386 1.60793595834117075682 
0.05994234374537771304 0.31889720588986569805 0.85642358598498613542 
0.42899100580762300483 0.42907571234427149820 0.80243782308191535790 
-0.30034212915893071516 0.27246685564156636339 1.01625368612281552494 
1.17367923926165174109 0.42913138246050697155 2.33999889687826234663 
0.06321795897143467347 0.72495635755585596804 2.31436359121811241479 
-0.75368238571673240589 1.12007415828734036012 0.63142455716853318481 
-0.25890290387111980497 2.03071962051719223652 0.69008259409985706068 
-0.79916558754820221644 1.43750315358186608883 0.56660410114196757547 
-0.28617868048656008861 1.60615908941449858638 0.85550902069395162730 
1.14312174011761169545 1.90711166577763302499 1.33045519944947643332 
0.88723512931923409486 1.82829029423081323991 1.34983443671695746424 
-0.28841938575454101334 0.71216122627928390987 1.97655846918274025192 
-0.02271753874776917537 0.71224077674554397976 0.99392464969350735604 
0.30235161237729468731 2.02317537409573899865 1.72846032654730175082 
0.53035031572919766329 0.37132194607129487274 1.80948087355032249945 
0.62651302263637287382 0.83102505821975969358 0.61025189013313663189 
-0.80740100666968273035 0.49117873946036860744 0.62828149985931847077 
-0.16534479876060925729 0.63627729332739069168 0.85608277156701029220 
-0.32924379739193709860 1.90192693610253327208 1.13464407350673712749 
-0.79151987710601223736 1.80130363358439704591 1.44061444688392192859 
0.90214788990851391137 0.34964859856536145699 1.78501364456428679439 
0.84976479157414119836 0.35146172346619397597 2.13170779276715016692 
-0.76643474064878025498 0.38619691505281922295 0.86179028326628914769 
-0.05447110474715241568 0.70478866405030915487 2.05312994577925156392 
-0.19720689823592801870 0.47411761792778878144 0.39267212994069705667 
-0.13265216675995500362 1.79225999042602301969 1.62475858310897680603 
0.34213528672339299508 0.89482033695959972697 0.83538403239502356801 
0.49206752110036383607 0.64056773897017105224 1.81061735461593120711 
0.96809635748999611771 0.99259689018060570653 2.28824950238855739926 
0.86284394125100305484 0.79284389899205687247 0.37848307729116864584 
-0.03271914598957470499 1.29677419490221601528 1.07734317034279802883 
0.78080888694433447927 1.83223744092540896666 1.41355635869336238031 
-0.57143886318986492068 1.79475028521723722896 0.51077758834627717821 
-0.50706419572687844166 0.79637061264811814798 1.58088828987273055660 
0.41875469331809589413 1.28325065779708236136 1.84026161648163988360 
1.06525093690280292513 2.02791814939382541993 2.29397685208413193436 
-0.31948138815855170458 0.48151087788345731111 2.18271929185347657310 
0.35420358842567273294 1.19815527230618013022 1.89403935459355721171 
-0.26549424171068658485 1.15239235137397377784 0.40690391128573383250 
0.16897372961626463961 1.66922827904814519151 1.57586036193203415934 
-0.72427328273809454817 1.07933805041215302722 1.32787595562847982045 
-0.29110352993249788423 0.31764555783396103417 1.07875499686797637899 
0.95498159540896254693 1.31236824122621409394 0.86899818333969836015 
0.82929083293979155567 1.40532777039676171071 1.36156933677012070838 
0.19318111732164247596 1.13070311595474781718 0.36675123497820510954 
0.02868677159982190028 0.68991901925834520082 2.13364125295365658630 
-0.80242020421275239705 0.48730340521754444971 0.60779639923731809681 
0.46154312522888751857 0.53432579077051844951 2.20918060490253198580 
-0.46479772527705848217 1.36186783088568885702 1.18930722484765194480 
-0.33910258586942726433 1.88157375138708804485 1.14128370071197204894 
-0.34748856065287220263 1.90561135540940362887 0.78501091907348086174 
-0.72545351270367919305 0.63326915660428473309 1.88237406377004723446 
-0.13530386665408628000 0.62672627042315798285 1.19900154808001691009 
-0.17252062671260415261 1.56215021845259416367 2.32635365261418236571 
-0.30555083892910239740 1.11588741441747352212 0.65217308605052481951 
0.80039004002291780360 2.16062570608421378182 1.60747188376624450257 
-0.69282783502657707686 1.09907077849724155172 1.06058746670577774829 
-0.66345522026782799418 1.92340090582134393138 0.76027006314727718639 
-0.02000163610031944345 0.31659965234502945863 1.82515135893116609012 
-0.62069039134987791240 2.13433056543313703912 2.28980341755215599520 
-0.35726127945024455101 0.87794817999242102946 1.69949947566635239937 
0.83124448104463666276 0.66113074154670570248 0.58257905395139242266 
0.82098730409406106556 1.46742491502568839223 0.67477265324561697124 
-0.52403044784685615110 1.69268956968260320117 0.81957387370780232505 
0.43300958580981380175 0.19461752550417427132 1.41072204329571260217 
0.94829168214705306106 1.25491246164342884484 2.31821692080454022644 
-0.19793221683771852759 1.02402402532607395003 1.32088531053438074103 
0.75586244375441991039 1.89142759593254550232 0.64120302594089795267 
-0.18373721080066349187 1.33272654717418648218 2.07292946215330742277 
0.33673316933990049549 2.14583978739830083526 1.62833841908025878098 
-0.43759504954610789484 1.74698351510282834376 1.82782638122101293021 
0.06223723186766407650 2.12086131260094301609 1.68682078920916445064 
0.73817023944453385997 1.69319302014371242393 1.96867718966130977876 
-0.31889199898507075703 1.53934564668061946158 0.81904362550996667736 
0.96735958278996170279 1.79585560684405920462 1.32239442230320602967 
0.64025831246531750285 2.11009919167227799619 1.25263167783762119356 
-0.40389423385314671133 0.82118522338009236616 1.61211357162851998126 
0.37047371108402449291 1.85147371374337388339 0.65411093938401088099 
0.33684199663948671821 1.07620306700433188141 1.22166812809870006795 
0.17304849915538841887 1.36186768753150255762 0.58692479339466341326 
0.82432536498146058435 0.55097752264269539424 0.73434609758861546513 
0.31392191839599531411 0.39525021244191643754 1.84866034896785214059 
-0.71248506381115050967 1.96351041386225899643 1.00073441753782899077 
-0.37766376476287027986 1.81983126604415468286 0.58227589518958622339 
0.86222475101676521181 0.91152606565228544433 2.32672412222403313109 
0.22896185203275201681 0.53805117210705599717 2.19846198886319443844 
0.69515029085099533379 0.73998668428696234844 2.01289770610297891196 
0.69608574734539296891 0.59677610879750153661 0.84650648433064723530 
-0.01684286477364070264 0.31771884870696548431 2.21374414798919838532 
0.66634813695123240596 1.09755349994528295099 2.29665303716591795435 
0.64200010214910785411 1.45696877230201526920 1.81525368471545167637 
0.50402109541025896799 1.19236055608197766276 0.36739713578160659857 
0.30234989317400834397 2.08610794874423088885 1.05267634103635376874 
0.56728555556075144217 1.79194539875546787755 0.80997159244327376904 
-0.36186599742841474292 1.84706494736460014039 1.63370795362640452986 
-0.70990097635742710480 0.59370314139195767833 0.84656846904434646106 
-0.30593795112731803076 0.87366057220621184953 1.01122356153796544298 
0.82091593564231135627 1.18018343089940058732 1.39722978121058050149 
0.14802191438004544399 0.19780443704729441801 1.38308785420047763992 
-0.80139539121099512275 1.22686098025939616107 1.53243838856247061031 
0.41818252795455412851 0.16823570361047995858 1.23343815194893569043 
-0.10239977196771002377 1.35087749758914310583 0.79820657754039026077 
-0.37785896298987498021 1.86576244898402743289 1.70864515880918643731 
0.91366993817407082812 0.91272816222561470312 1.68947346464676573241 
0.62459555118813248065 0.15555883810603354789 1.82568343854386694325 
0.70669985747837305023 0.35199559966146004575 1.88628971042219162335 
0.69501886283877012396 1.05431869571371650274 2.09534409009960231884 
-0.10607558648124149059 0.65384831980075441837 0.82395562531087518376 
0.33786837837475602875 1.38648863841021774412 1.84578377339043409044 
0.37590685572166898654 0.69647377797697695989 1.13557465159858850257 
-0.21654559619141666715 1.47044253720008977204 1.20585436690576264240 
0.78554631468431090902 1.65775474636448638677 2.08346943378280746728 
0.86636509280472295824 0.35837155672404996665 0.67332889222908920424 
0.62428913658069407067 0.35159315666131957245 1.84597894645109938949 
0.14305018639158920135 1.33546155539340705154 1.36706361394148978583 
0.97490540868446562417 0.67980453496182213780 1.21079302076860328974 
0.67481907837804855355 1.80182834555889881401 1.04924820727322498648 
-0.29807358090659469285 1.71231822885733730999 1.04659084758983245145 
0.50550766205998765024 0.19138772574295875861 1.25051794432381391253 
-0.28558913008859099225 1.35744721778183752292 0.88361403353529321958 
0.80671964994038125596 0.19251429593418312169 0.42010198771852219624 
-0.37737188965446477606 1.24251460248809064701 1.12902374203120570151 
0.61842406095463564597 0.85535047660455199026 2.31681220413642563472 
1.02681008849120170012 1.71217415665672167968 1.01014088707931093403 
0.79746424596274367858 1.31914560383438894675 0.98373111685533110027 
-0.13505327217900287007 2.08187099636263406310 2.32383293762123699366 
0.22866530123616335413 2.10309056367949276378 0.64259445472427279000 
0.76275345061199562036 1.95733087765031132932 1.68115147563006472886 
0.34774436139798992063 0.48140980688235229801 0.81341971750194808077 
0.94467791615622664914 0.67191022712903025749 2.21417500710860304380 
1.14139972474276207848 1.38160157197595934164 1.69166205679784686922 
0.01795661137528084192 1.05442141362313157593 2.29175304094093945650 
0.30397004007243111356 0.94013239023877137601 0.91356432228339234936 
0.25481511602642525904 0.94892549232554657124 1.31851563539175042905 
-0.38686307377677092711 2.13829378488996368901 1.27689402183760991605 
-0.22999290168543182200 1.19272828706575650948 1.53832505602080304996 
0.30088636392349127346 0.90806621975203016817 1.96313291325341054971 
0.41981131386112430226 0.83993638340578558044 1.27647238896247428031 
-0.30175635515111964846 0.27386518855385749704 2.01971885946526930056 
0.82327627194215691198 0.54914901259156934099 1.32560786356293136556 
0.75732997300435556109 1.46729976986086052548 1.81046817948221638872 
-0.61234034415602078827 0.53370083537212531510 0.80615928508535017460 
-0.33489685245519351664 0.65640823027639561005 1.87173082910797083933 
0.64462394451402660334 0.88493706608022970617 1.29215386033617951611 
0.94531189822530525824 1.76049732170370742956 2.32505773954745942333 
-0.19024340103714351691 1.49722363458420448801 1.36103422311399224753 
0.30621797452899135461 1.09897254194495874735 2.05622792762321981996 
0.14249233886245615821 1.66101652891626550002 0.88592145993926296743 
-0.34498401351484392352 2.08927803747838858328 1.23725444317583566090 
-0.30451322969087302184 1.26497686371627304780 0.97981858213624195564 
0.66638355743233312900 1.86703223200079193589 1.64789778561107347343 
-0.77798688497729961977 1.51753742809315750328 1.20412220467387065526 
-0.65706674979134549464 1.91242270264278202418 2.24841674856087880841 
-0.56162920951563000127 1.83203468008314973581 1.28895763221446291169 
-0.65346637632134085827 2.11987536329076053931 2.14661783061884081647 
-0.79112932810983960241 1.46700173545066236969 1.78214969894995500788 
0.78591716450855109155 0.53303305536321832214 0.48700206397529960389 
1.17294068327675771179 1.32411562412278049905 0.56143312190684935281 
0.83635196140351286687 1.98669655978797909945 0.68544320202184849666 
-0.65643441206939945332 0.57119087142220204001 1.17358122107671913881 
0.05405026106226576421 1.24320323087857143030 0.67972212790122310544 
-0.01390767932671428155 1.31781248576323184452 0.81273390547426493935 
-0.53437110290167622040 1.56694284760548985247 1.79446600447286930269 
0.83231035727572721949 0.35365761798647987746 2.12428325797611483594 
0.82905393188384990388 1.98926208026101769555 0.68440105737464151936 
0.14191727462750663991 1.39231393855998564213 0.72291243492205858878 
0.32328540852802645222 1.25958727856518404309 0.93831354947113265741 
-0.18666647211387840666 0.47252304382403631511 1.74156499178158963304 
-0.44128029968786108839 0.17458565107163256935 2.24978420428605208059 
0.34327412475386165358 0.91269263780932341490 1.24680897547626456934 
-0.68749475445213370506 1.91266171144981411700 0.69417703031285737936 
0.79479099830572608187 1.79436033501452452121 0.44783266215277434119 
-0.53158419202948137272 0.53807709268137082770 1.79025034020470075191 
0.82541791456869606503 1.38686879088146608474 1.17171911202090894832 
1.10481551085397233791 1.31475280621739520903 0.91669455094074969725 
1.12581919632342031257 1.06233350004778692721 0.68495661217081249550 
1.09582848707961866275 1.99380126394155143821 1.70123718505182841554 
-0.00830016770606089097 1.87460365436757392388 2.30499983441609579415 
0.66934519740256115394 0.93767406508112094432 1.80084026302778510420 
-0.65538098359424601380 1.71575201648529374054 2.10100784127741313512 
