1.14388945468557112761 1.48093370317861983132 0.49996651328824953664 
0.98616386069100525624 1.57620379967928969656 0.88015092603961087026 
1.47835951675750476575 2.33048885131559613271 1.16709762170411290860 
1.01027757871579804139 1.58649277918438835755 1.65890554543500989837 
1.61442381590720995810 1.92858199572484023676 1.99131025366181413361 
1.68443047537453027829 2.43432387807945849190 0.66651354304738597012 
1.74741926855548945774 2.14282779034892101322 1.06957402027187864491 
1.26920341084045662505 0.74529042579825754977 1.59488825845189352570 
2.33789877203961626861 0.85137809994596391761 1.66569977966472904107 
1.52645633151854820397 2.07447066618393050064 0.66255289500215741594 
1.38512945338030379894 1.53221202135992529136 1.37573551746736888468 
0.85767635955708243500 0.49457392368640146207 0.94221941006337051050 
1.11377055110636158375 1.11426519411351998556 1.65727262759406368531 
0.74495579203180484207 1.85696590360466107228 1.83339916661949398069 
0.82459193127416052782 2.25867989564510551759 0.88023337243089272430 
2.09894699800844719562 0.76816544282425136547 0.31808768433436263035 
1.87363872048861668240 2.08995293459005893055 0.35279743775479405210 
1.35809554242693186765 2.05058911174596003590 1.60685089557315641251 
2.10073847730936025258 1.14499082802245610857 1.56516271955210051203 
1.69717229292349935932 0.76355512444154027829 0.63400662495569415356 
2.30537976911373299060 1.35021663861511931337 1.02844607217669592458 
1.55546079854876206916 0.95655474937175344330 0.12820707798366165475 
0.70261818966801181663 1.87959423556101201669 0.67148169614887898149 
1.14011394384131059532 1.68291218389416208367 0.39978117621159975359 
1.51995826965786662299 0.66323225529502305431 1.87299911575504185457 
1.22000068481968826362 1.10862727944875372188 0.80738614640318007165 
1.25311517682222128833 1.19420516475215565677 0.87347532926071858039 
0.40367033288847820049 0.84271044026078845146 2.00214423327329438251 
1.77485720481880027144 0.90174477019677545808 0.77057622816218374062 
1.44830786459516702713 2.46523555366717506132 0.64502949111371410407 
2.21140973606536039853 0.59996687247168711821 0.69860268573153805338 
1.80586127624922321289 1.58529055015869713152 0.86711590249486969473 
1.32210399089178465282 1.36058633003107609660 0.77228787586859115599 
0.37701581042638598884 0.59761480497461594297 0.74979545563567984168 
0.37854724611703949311 2.44124794658144139703 0.46907197873129707899 
1.89502544142720430465 0.82675635630333454973 0.80208055054640803316 
2.02273200131267483215 1.79664881517861863003 0.08344436104518609953 
2.24347139897189462587 0.88133067432396139385 0.91200580802554309656 
1.12491600206682451635 1.01637622745871070151 1.88398068728096390601 
1.45946402666673091808 1.88457200322154827532 0.81638312718976913107 
1.34225227755860121448 2.37329753071670523923 0.98656828332962576145 
2.11119044932326449526 1.71052813137283221678 1.07976003290969679860 
0.64208276031493227709 2.39087545068557139061 1.77156715306836076707 
1.67091121112566387552 1.39092959723353981616 1.48637185872331323289 
2.05853094618348553269 1.31182582759418697727 0.76940233285883363745 
1.27861706155663079620 2.24320516572827077795 1.08699467764872603759 
2.15595257211832214139 0.82503534665341615728 1.76024049896332690501 
0.53457787398258149736 1.67806495729307791898 0.92370458837068780689 
2.12583764042702849650 1.72561351072803792484 0.66037626653018888234 
1.45122100437495094027 1.40211885439101835438 1.62780266551538077557 
1.00467256696411966210 0.86005584653347189050 1.15232922778314050838 
0.39691768949952327405 0.97446713527013972822 1.11355016266174966511 
2.23256335641704017902 1.16623495654039821545 1.15577525654878621175 
1.61289333103717780205 0.49217019701525477338 0.62274026814937910590 
1.50239830080985159455 2.32244448462401553712 1.55951020061232359382 
0.78463703642939608418 0.89040279263918375996 0.33127867235870561702 
0.63808050993929743555 0.87021220420908984572 1.52011614558547281106 
0.78682869862742976785 1.61666904116577869743 1.25658092631084583601 
2.29356117190411579188 0.59947272856020938914 0.31981693672680555629 
0.69481560966161337589 1.08730732116698547429 1.75281790145037863482 
1.97887089073310495912 1.32184312530317593648 1.45651930447148991732 
1.78650348332990338562 1.92371903436907953910 1.64487783199351578212 
0.65985019718994186722 2.03967586115415855375 1.06092567712085239506 
0.87528004243293888731 1.59809534684258469639 1.83431951741769716513 
2.29216706279918946976 0.58463393070549063424 0.71640333600891781263 
1.67053042576525689888 0.83477106590609351233 0.80980639485136063360 
1.12161599429474811984 2.21308530664684433020 0.31471954268423263379 
1.17949818695639940813 0.61941879316317094428 1.70808273069558658186 
1.66954738718579220880 1.40085734171419007410 0.47690254892331873648 
0.35725484704058813046 1.97193469115602848518 0.07612034302574552380 
0.95100834814008849971 0.49367842019491375849 0.64526355684162972626 
0.34401582271408043256 2.28802164008736008682 1.79925207360305638993 
1.85139772214887199375 2.20510866363521085276 0.73629741301216267146 
0.67589383387974777406 2.34448952187472681175 0.19996024047992436157 
1.35535649581533812480 1.89199100392914876245 1.72350000418108706413 
0.85999451407921312374 2.16211300811176165837 1.08195973099798581352 
0.42197250982099210326 1.38225059799804972371 1.52255838522558595294 
2.10350219601100540956 0.64114751529719793410 1.40169413842062295927 
1.12253935957267825252 0.68717072418984703752 1.67416845831152061308 
0.80559665539528446665 1.12350441966829062146 0.04978046587248301930 
0.43956339863825283354 1.37537857295821819292 1.59031649448591250184 
0.54411477974439392824 0.77828137249902551442 0.29751898238205082281 
2.18314284930101987214 1.42426665220491943664 0.78931352123051901071 
1.33606477304083104407 1.76999111730794078667 1.36630968284411791203 
0.52763825166245437170 2.17837552193861982985 1.56420267972160353942 
0.89856597370666035918 0.92420081903862272288 1.08099976699269806346 
1.86480098402398453139 1.14974910672310914883 2.01408004724940337127 
1.35560772822390851466 0.51531676492424449698 0.04791128562770601701 
1.62404631831055246138 1.64656647712374937242 0.83920254002686389683 
2.30285227763814281943 0.64252679419302505259 0.56006433474789041327 
2.10581674341843383402 1.03215590333566398229 1.87155926548715889624 
0.98041141952115640201 2.38345032154527203261 0.06324006476520462050 
1.10753427299285345242 1.88909038136326490331 0.24663902653951852439 
1.23003379199016316115 2.34900980914425172585 1.33501802131946223362 
0.49079162336247006415 0.56259166992486964176 0.12251758309128252256 
2.18136588545218357282 2.16364085678713014005 1.56796026881966277244 
1.40070902376992112437 0.66686064945503698009 1.45911710286092777267 
0.86730597039616763588 1.59744257034949832530 0.75241957491009714420 
1.22246270901001441445 0.91862815086710303270 1.12740460807352693706 
1.21938296259904466190 1.16096500588956996758 0.86859048298049335024 
1.56382673961547924435 1.64331581142882399149 1.46571153169519030612 
0.88082676195755893467 0.94175365716853320919 1.97074766503414822161 
2.34089897067957020127 1.22869579573310883092 1.79624827469993086915 
0.55611176587630539725 1.37205962703841088945 1.09276560048607485065 
1.65721822990633382844 2.24923772406845756677 1.29864571625449265468 
2.15531792151306555994 1.34801255595498425954 0.66089887987079420917 
0.85190742257235130275 1.08540253836424271938 1.21593941085245282885 
1.18972858956115845608 1.70001552561346835901 0.58547938531114351868 
0.82249874133593692260 2.08275932230723626049 0.91722797309833015156 
0.82626442423132373527 1.12477417744183827431 1.00021714769802794187 
1.82291602254333229283 2.12221690140790109069 0.99967767714887367791 
1.81553827733510142473 1.40444948427885218933 1.49842496652198686746 
1.02943285447146770650 1.96233117079936780769 0.65304692658260865556 
1.79808454048146404425 1.25217020049421234873 1.63382621700952324062 
1.66238842812107390223 1.94830858761806147150 1.36201773692850292008 
0.98286367047431055788 0.64016183670468607136 1.48340322269380897602 
1.58509393511721130565 0.66202355638928789272 0.42992119136305184668 
1.37006858367590678149 1.18676373414379154880 1.59985779420538132278 
0.95674814370920735485 1.85307238540910956814 0.08021042848023807181 
1.94849614830205464244 0.66602728985933756789 1.55117728776011620795 
2.28474785177771888556 0.64419664238584761762 0.85633213422721177199 
0.40988547729695912203 1.54531640621604515751 0.85991795412623062145 
1.65864456644364399729 1.24260606525763317443 1.12028833789910708951 
1.17763774764738915479 1.25954176150236030196 0.61083747858751813453 
0.62722879502417339115 0.96152469360444559054 0.94146354539732746147 
0.36748707932757546102 1.20762432579990619530 0.37496203214011197824 
1.31368457149689321639 1.80944816259674445824 0.95431952722074209206 
1.79042133063629371748 1.60289239553643514391 0.91460965254746007247 
1.48124989309088839207 0.92796953489796973891 0.83329297142941394227 
1.93133652934610378082 2.14143797195135832112 0.46334114826867150994 
1.29836595958407419182 2.29792536079655684844 0.87864830822525508136 
1.80221032779099066268 0.84445701894900082607 0.53246606717872246861 
0.38210164963292020390 0.96128127784338757156 0.41628184200364454215 
2.16158349260332505182 2.28630251368589565431 0.62955792814650302081 
0.98887649527317544873 1.57308530354511488802 1.15954437189640846562 
1.34376289088442812947 1.26225562046720418685 1.79979932302561818069 
1.50763292109476676472 1.06931635454836926336 1.38282055816465132558 
1.35917685735158344507 0.64166957456496009904 1.31665148950297816732 
0.81226741362059451390 1.90470230836129439389 0.76839263847765137960 
1.62523681397235564283 1.04551693714572535576 0.59912420127266230452 
0.66499198581964358290 2.14215708665043358394 1.62282088157203863155 
1.62920777387428539207 1.09296541630850407856 1.63951583967445957413 
1.13519105299955325172 1.21635110432432824723 1.25784604034858582544 
2.14282234110746649947 1.50878219006788949486 1.05058627297196394146 
2.04459268050084830293 1.86320865772625299250 1.60179709069304121449 
2.29470801393606604890 1.41622073054434705064 1.23275079636226192470 
1.41435395933420182679 1.78018452908661717338 1.94043969640801972076 
1.62372690019255250249 1.55436237797863019416 1.50806493257633222882 
0.86780853057088180869 2.20723717698614985139 0.87988658929539742548 
0.39193756545219404774 0.58450008227583094556 0.63673708068833090312 
2.24101304928254796422 2.13459045206725628319 1.82957379447868095923 
1.90033473251913465063 1.48184007780444937374 1.11880074581545119194 
1.34888384863793420188 0.72918089598152091568 1.92273366438674786494 
1.92003256712098679948 2.14294236293175011099 1.26764006137219076287 
1.89769976994741718102 1.59503101118798595870 0.86286630511501904994 
1.09300753715955822898 1.84867200079202254059 0.99132288062986939625 
1.25943343482281600032 1.67894041067015664659 0.14096331130029657319 
1.47593474539065416806 0.67259971135530249864 0.38837147179755288073 
1.96618580513141760768 0.76130600458249253482 0.68156238791874812488 
1.75921195300836830100 1.22898807998875336800 0.39726573818358079659 
0.67179902829190141222 0.71670789072191298796 0.68712429296472099516 
1.12763633205608848620 0.92631738890004677867 0.20746660908606537332 
0.46238330271603717003 1.24522814821608251989 1.18130329048205506837 
2.05230383431589347154 1.30787156721489061795 1.95319039124804216812 
1.69589227444817480794 1.91799774538659595358 0.27376448074085335538 
0.70732504982588784159 2.38600863403463181456 0.30336825157503494177 
1.16770543908819202095 0.74211152599723861911 0.39085666090651094429 
1.82159558806906995976 2.28979882128477951753 1.65465946285515941305 
1.09879689928663393239 1.78617743507261450553 1.31199397233927173012 
1.18077309739844826808 1.08440069162577557016 1.60066443314706186030 
1.88645368516658828995 0.87120495435959244279 1.46493910870657262357 
1.09265483527448048484 0.91876048914624330877 0.44019367459941477483 
0.47200068176824033772 0.67031642774255939532 0.38760039850899330460 
0.45804527907537623266 1.71173582524223832912 1.80841115464224455600 
1.37013744176433416300 1.01696304845467033751 1.08807477255029794172 
0.60172576353548457018 1.55099849094168473762 0.86474769425560782388 
1.72576316644055127725 2.37100469987941719907 0.39458097216530019224 
1.10494970892429322795 0.95779014369215276226 1.40543792532596922840 
1.16372872607933075528 1.09486338915781900027 1.78606760886294169133 
2.00798326071670940607 1.09460754876454502416 1.09264829772574501021 
0.97000761239894917054 0.73109314183567541967 0.65445204650481203501 
2.11753682661755204819 0.92014720873372568555 0.20856369384232659181 
1.90217011112904299530 0.64241020078403077154 1.92034360421084127069 
1.60222026504434467142 1.86960172301801419437 1.24010440434597968284 
2.00970580811546950528 1.81797819331866383763 1.14599948800865059084 
1.97907877728106496029 0.85860159574973637930 1.12603567342040489230 
1.51090218681037380399 2.15694888645603022326 1.13490078685060269414 
0.58773653449047347230 1.33935876330856018512 0.76693808320489897934 
0.66510287275879131919 0.80323558836862052335 0.68084720781203900142 
0.91288915742276632859 1.05636178852320505861 1.35258604462152320913 
2.09503546295558340518 0.64711723968061696244 0.07272565296930169620 
2.07070574399288886980 1.10616189428481148660 0.82509864943082711353 
0.93272642527749605179 2.28632951478300627812 1.24363439185067647941 
1.72210054617262042775 2.38580276539737212715 1.36103928878692004290 
1.07701889909046943927 1.07570146625454787781 1.83863188512137076813 
1.19166918919469422278 2.27216497282627605259 0.37936007242420194396 
1.48216284221345384609 2.41102887242851338101 1.39899429784812046051 
0.69228775353609139920 1.36273386350549907675 0.21358289423193627110 
0.48756954519174100504 1.14492720354951749151 1.15073664219437121758 
1.22115052854195904608 0.76084174481633393139 0.07820520993006932486 
1.86554616029768882690 2.46459731045388208415 1.97856005283197422528 
1.97726964341598221431 1.52083832748960912085 0.35657019981928961272 
0.61683538526099845889 1.03975990464664325152 1.61136363242158919817 
0.76493227261549823215 1.90240030168707563440 1.28350092990140218774 
2.11759355984101338422 1.57025964027252662447 0.12378722551608434266 
1.09723906117142799843 2.03181054717420428446 1.36472749367038370671 
1.66945580908088198058 1.33118857348489649794 1.52905609972254130646 
1.64401378082587235063 0.88418052768853683254 0.53276448208981597165 
2.30194100270897061833 1.24148733739443861701 1.07985358350129545535 
0.37990717076486302251 1.44112810976736915869 1.55518153904154066147 
1.70565937683593915608 0.78339076040158706071 0.11394911753014372313 
2.34141925333589018265 0.84573401082589150235 0.98733625139678926619 
1.82430711449911830968 1.72199213166764764082 0.32250843050095023834 
0.58707830340182720619 0.85149167190959695883 0.24308014824030832468 
2.14701627508622561180 1.19654502683077712533 0.39814505530814237044 
1.32038260611019064861 2.44024122505910812109 1.00656000828336433806 
0.93577803396346947995 1.35455286480998116083 0.27966793067051992638 
0.37114501329518562178 1.23892952760529917455 0.72515528031645248852 
0.62475835020455583457 0.68702139513230520151 1.12033838785307238162 
0.66424791686795159329 0.76168168454398776923 0.68277221480329086667 
1.30482587241465441963 2.32381812122621278505 1.04170981759614256212 
1.98785500375815971097 0.89591086606750114374 0.15084269584793361108 
1.67617963677200432215 2.20403328805916887134 1.31211363824406279655 
1.21756392375220379165 1.60400690686576696820 0.72751757727464305692 
2.03863576063567553120 1.97289291694125301646 0.36010176617672590149 
0.38482362692120830605 1.59575085653514259221 0.81539992974662967029 
1.68590635943246214268 1.77846624550699994316 1.64469182645817491029 
0.75220829397179778120 2.11531992175696625935 1.91522431140859317189 
1.76625011095442263631 1.39623543012496487137 1.74970046745892027218 
2.18429665225399283202 1.93289050268200113258 2.03056972756618181464 
0.68392527263261138071 1.09064187011612068190 0.08504494462735380511 
0.67412133018721409616 2.32572521906381668444 0.17368612871083416449 
1.73890353690449095403 1.36105682575861641759 1.17284750769611978427 
0.81053050593878306351 0.77404401447700343919 1.35755532679812462860 
0.69206769647582455640 1.32433890004383059136 0.15508715672567136012 
1.18283148281899364029 0.64987494744373686117 0.12251371967570115484 
1.71904959085630237858 1.39538321013485733246 1.78416306738051844150 
1.41360742915025427990 1.96986573469980985607 0.84703004686094651721 
1.37125301537577271027 1.70695822214035897169 0.28819558466932543306 
1.93503030951542509541 1.66592694664890950129 1.11786168018370157817 
0.94704904444009441189 2.16156985990034833378 0.30552594676083338898 
1.68607138006997181456 2.36005007366337515862 0.51851607366040564084 
1.11878886976260072394 1.20745142100525870710 1.38009441195876192410 
1.95228854721234501568 1.98322829769308861536 0.35863588461297613019 
1.45866933659972541903 2.36746372057500087394 1.18614071333103598960 
1.35195711899432957637 0.64838676170307885105 0.29862446644457174560 
2.14142218258974637024 1.59404810897259174851 0.22806854373590088048 
2.14277417916751167226 1.52248743533356734048 1.03942401569428555241 
1.74091541137948913054 1.34981909337605832100 0.56135429285685634060 
1.56777460571535298683 0.90170881844350958545 0.08253370620289360304 
0.81591965291966894736 2.12741326753740445099 0.95253935260392286200 
0.58593825924762421575 2.38238063814195832890 0.44024768771341232787 
1.13616069231838645592 1.03431520031207124788 1.60495952983153133964 
1.23810610173506119303 1.14013271447514785706 0.18037898350263334435 
1.82581117436874418303 2.31502863507035883117 0.84129419548350303781 
1.82329003637492181866 1.34855177190246577901 1.68997303494470263452 
0.40683683350141192081 0.57972459307314760935 2.03421469148226696788 
1.19323908465403749624 0.69974104604021691856 0.82971040662090866924 
1.24854819464713084898 2.29374157713884985199 1.92005191564164134910 
1.17822936776188780250 2.15549082767718402920 0.88297316745493614754 
2.14314421210176853094 1.98622337402515269922 0.08946902679679238912 
1.82502579330499714594 1.23051445122780300778 0.67584727107692388337 
2.23514654342762675299 2.24958102679622884423 0.59681325860187461885 
1.53647345160095638583 2.22243691583311342441 1.67993995029691456367 
0.37284223994414300574 1.25690415422471590823 1.68182998630926450190 
0.50696259614763061752 1.05353380890252679158 1.15966013494190001154 
0.69121361465742670038 2.26631441934785149428 1.56754366819490864593 
0.60503914042871709267 0.94622770683077817022 1.07963922418722657603 
1.46651332745760254461 1.68599254166633616414 1.84438964479366207527 
1.66264974622149663830 2.46774045572816147498 0.48473148312776809243 
1.18548698525490836531 1.43856631174282645347 0.88379502908812535011 
2.29459303390126789779 1.92269733747803472923 1.92261456559544030576 
1.40373539868289931576 0.90662913690210389372 1.79591574050461222356 
1.85410009505199546709 1.81808471315947683955 1.21388931307005565330 
2.14845059819746841967 1.68300982691237943634 0.40629301614006302357 
0.93586647084568075350 2.15791505974662500833 1.28384889692962067542 
0.73375889655606607587 0.72352138753880068656 0.91298363498243617631 
0.79783133994912402986 2.26925726261735194456 0.88506757402069469176 
0.36721293785508379859 2.00388481332861445594 0.58909678569708467943 
1.71178024407493833969 2.38828335266556068817 1.30686333352187800116 
0.47764450619414910992 0.59945082322139719988 1.60169176964729431667 
2.26428731564809782029 1.59017866022634501988 0.64567085131347390359 
2.05101044364929974151 1.79005687182583184125 1.05586218016794441965 
1.96415260416622317052 0.65463764936720636456 0.98914252734198415684 
2.04249092762474848683 0.96272780229182808309 0.36457748754201241281 
0.92892622755292275638 0.90686627081835191611 1.11040429875199775367 
1.94332074505496632533 0.89847807687299097168 1.93002261403625419156 
2.34451382901512950241 0.80189891657576750639 1.20491826122866418913 
0.40231447041370138606 1.93123683465724949038 0.40685008904379088568 
1.16653627111722180132 0.72017491499462882310 1.08295659020976708931 
1.42764765742174382090 1.08109104316307491622 0.93769556523475172671 
1.04721974853632238123 1.04912468608977738072 0.64012409204254339112 
0.75131802474732822805 0.60019717670878980353 1.73884372193049485666 
2.11182463483418736416 2.29248994842821796070 1.95109051831468827132 
1.80529442409787921342 0.91899979353324312559 0.52781765497228871897 
1.54868720091952538631 0.58375109972903038713 1.12455928298485896555 
1.44332698493616939928 0.94108118322154599156 1.12222452268265771025 
1.57839588775773354001 0.92375554025207784470 0.31130186232116857648 
1.62731614177549821498 1.71242980818695311740 1.12275619210628430089 
0.55366406524126277056 0.91668739557542344709 0.86698208442882207514 
1.87176816617200580950 0.74073011753157935733 1.15915349220090968529 
1.75018378154775544608 1.90875971911661568292 0.28142932050000507571 
1.40032116012810403660 0.68529043071396378295 0.91735115861678939719 
1.61334381363293122291 1.74499472075434902685 0.15613576620755856283 
0.73383423822204763010 0.59688256202677814066 1.77926085088386076727 
1.68598884552801919767 0.70935929198061786760 0.90673215883198055032 
1.63028144721617374024 2.28118265097631756078 1.85137406192002540450 
1.64096560679675951278 1.15871129860375021714 0.59948885512465666103 
1.82249997599702684425 1.60229036881563158268 0.67961760350573963141 
1.32599937927853916975 2.23918912590176821809 1.40187337172322856738 
1.77695007233541768521 1.08773081796871462501 0.23150823139917428573 
1.57458745473875927345 2.16393229868715408770 0.12264335037571361120 
0.85816896563085587335 2.29292694031538779598 0.75293531291268167571 
0.89214820744624956372 1.35223797513419130567 1.51381690120205769645 
1.42484178629851276909 0.64740599028432155304 1.77133585871640275577 
0.54406181343429349528 2.20521553141292292466 1.69194677399955795138 
2.02388804909225727968 1.97363557045696835779 1.85685010977591780090 
1.14388754179326390670 0.51169086996765367203 1.96385568527426457308 
0.81178798060148316118 2.20841417804653605828 0.08664532608581383688 
1.80624833476592283610 1.22492562861684084474 0.09066524616582330443 
0.50613687768013115864 1.99290888400685495263 1.84617966170615677157 
1.30703959999772978406 1.73949895288621991796 0.39688488102763602727 
0.41869495658552491335 1.08319424656545071350 0.16489547248653749212 
0.38625915706385688386 1.44513175246952174646 1.43749248193438061705 
0.90260604217922713044 1.40751053802501924217 0.94887794190979202202 
0.70414214250745399415 2.19992807192877659617 0.08241265724446820984 
2.28342052658646910146 1.40442587889081460517 0.06051059815404215975 
0.50738135234618164660 1.04906308121688840451 0.86462072413022073025 
0.85066920582690863650 0.79955544071835449316 1.85825457806997618171 
0.35418296822345679553 1.21412356127010734319 1.08159704368376297090 
1.59984724036839165429 0.64769141532141605300 1.18131489867446681785 
1.79484156982639087019 1.88319561431489157499 1.32596977055737741402 
0.54074514149825081422 2.04137623688441038894 1.15568117906604683753 
1.60283436070397278250 1.65251267210811936259 0.16368009178850442820 
0.87416398040449982965 0.50680931443360444089 0.41277346504710893393 
0.89117858616967116081 0.64570565415173297730 1.92631756147083876840 
1.42129406275919900615 2.46960118430619823826 1.63119820385083236225 
2.22249949527211176914 0.88280410864459679665 1.87968481237189233291 
1.66152151159037098083 1.32539787642262640865 1.29185504725129929326 
2.33139047339627003552 1.96516394997430032809 0.94699296882829098188 
1.42494416203400464660 1.13388480942852543087 0.64239916366691962590 
1.41078168178988927473 1.92352597361677490895 0.57303531607024948968 
0.42229752155912214651 1.52070744418746861548 1.63996061218950250904 
0.82152022416833181406 1.64448310317076740183 0.62511373929576230513 
1.18104482456826387349 1.10874921492059375083 1.83043859675019171540 
0.56423874587345712595 0.67960628258770139354 1.42113913683250703279 
0.85661571147666393244 0.97681673969269655622 1.00211207865858575872 
0.95275804793779172996 1.12591337930486834473 1.51586386905250303236 
1.46490578356393297277 1.49213183823529260685 1.65133912982475794529 
0.47676119670225142189 0.56878577555815323930 1.11219871927303715076 
1.34189792909675498223 2.08947511111786132787 1.26441422094809641230 
0.65692589350470520504 0.60687681940923998702 1.85538815711083504567 
1.26980787619241297648 1.08688389717877531560 0.32885406149946189158 
0.34753489292952338685 1.12194333459479822501 0.12929555319040944572 
1.42337641762316469141 2.26208058216344465308 0.27804942550249328592 
0.78346237997502021777 0.90777823557083225925 1.76126249524506994781 
0.57213377298488765632 1.27247946691537205943 1.76869368531785386978 
1.00162415592881970383 1.67961993223125705121 1.07070714755523455075 
2.27763540114226925581 1.62131982733129165197 1.41613287690999412050 
0.44802288229042608325 0.71817738216070825530 0.77865960626170849235 
2.31405958760983798683 0.86029967511179994410 0.18094533194583001245 
2.05808081900190176228 1.24322533630465481558 1.90880793176911600639 
0.70708489031603893871 1.41400411887696053626 1.56304433197585823656 
1.93540721860915954089 1.00963352574102005477 0.35428449018587654384 
1.98569960913477028264 1.84320263874671330662 0.12259195467926539691 
2.18320939233487498754 1.64612668959522201462 0.44110172565782407306 
0.45772303903759220534 1.92702683529101048698 0.35722891946480045400 
0.57662250614463439469 1.91258455856861053768 0.88808128340387026967 
1.69838602334241794978 2.36633354940551754453 0.35130480595458546400 
1.56672261412351976340 2.37958328252581940987 0.99727086865840108842 
0.81133943630240901168 0.61792836521580130071 0.66425462141291369278 
2.18908110914206011088 1.42611925363148617230 0.80251270888914016943 
0.78028418836478541376 1.11509199912178424974 0.32080547971106487815 
1.17802843841909776756 1.11692701241013225832 0.84775836780052149511 
1.17518604932258186047 2.21658058618516928817 1.91425672484497133574 
2.30940820273967073462 1.32398830104711606737 0.65502713687922664576 
1.38065740020625615792 0.95819797176323051602 0.84484289115351529631 
1.87192389326570629571 2.04851244850767466588 1.87794185970361549032 
2.09732767223195315509 1.88965006203743768332 1.23495513508785026424 
1.42157325732174610877 2.01640923575703645554 0.64156596880255079007 
1.71701016044935439453 1.31879465159611330982 1.55304928927068552902 
1.05288891401835704720 0.75365383467054747335 1.08911025877045020138 
0.58838494462056833978 2.04255583741140256393 0.40711856561924114617 
1.84832042610690971962 0.83483648221945361279 1.84095043434181149244 
0.76161937759643150159 0.63671313587175903947 1.66469452387355554279 
0.62639332269016489985 2.05869656995742555949 1.57314899422806320217 
1.66186067057033337591 1.31245114062705514613 1.30265659800541366842 
0.62578118229270685013 1.76566455304720260067 0.14672758657525047932 
0.82147114145891864112 2.07495175330298708971 0.95629419170888640966 
1.89500685568862481389 0.56518000321936912034 1.13912334560764350044 
0.70762611111035378375 1.72269331012660531499 1.64030456015532521974 
0.46872182957844676920 1.11958954048386538638 0.95713318176071737753 
1.04039813140029191452 0.76689026605936716496 0.20014423137433781652 
0.68090616417661831150 1.08862725853095021478 0.74508604829830749061 
1.31425830778184526970 1.40184016861168014856 1.00097079825329893232 
1.51795262705777811441 2.15827647301122116374 2.00519170487970876948 
1.59216238036826296387 0.83108304184988668339 0.48796477005331478916 
0.77127985009198563038 1.61008033082504198319 1.26193399226218905262 
0.58496068679775414800 1.25275419100262008776 1.79631193164635449833 
0.98242081498247613158 1.35393226627384000160 1.87277073505421842725 
1.66589456048164752389 2.06358809182693914153 1.08137015927333335341 
0.78350922799245970030 1.86377673609012473044 0.38465104247275078153 
0.90280467255814833560 2.35545442777531599532 1.52082846733570220543 
0.65225591527026216543 1.66987999663622099789 0.75941504505132984004 
0.85321476727564093956 0.77634514670729681818 0.86648540484694469566 
1.34436915646022314696 2.20271868129768444433 0.59974239059928480255 
1.29308979903122001076 2.24724737063813773119 1.08056780477583913580 
1.40945226659478706210 0.66515777135320586222 0.47409794495471896392 
1.76469854082098875914 1.20051891122269638323 1.92201014668478986636 
1.46218752214083824725 1.25296570794108941271 0.18219966131534554021 
1.71269171532780761780 1.60057921510249312469 1.09324362007270847741 
1.93860046814090458689 2.37673746561195198268 1.91212899374060230073 
1.08086459031646331397 1.90255269901314827408 1.45071902744505365490 
0.82549155732486234616 1.39056769177717365338 1.20442720976061679039 
0.74750763917500406830 0.77577733058694187118 1.89086041645398217348 
0.93375537902281591229 2.33302861136125727626 0.26715400471949107830 
1.86392238356069417371 1.66400803396752272612 0.05618879745605975112 
0.82327616680744242217 1.18445072980619237057 1.70185718795641349743 
0.97909543328044834620 1.69207803361133790609 1.63034479409420773877 
2.31124287253846460999 2.37027080516738086757 0.79190091362170700329 
1.00283498842050344813 2.37309669977862824908 1.54900423426317357389 
1.93062306446766962509 1.71712338769119621240 0.76303496062045450543 
2.19105227655849432722 1.68252222061473832859 0.81667209683566110989 
1.94257376312660956508 0.68132320177973804132 0.71568178845722596471 
1.92869208232588462693 2.25097167244760765215 0.23226315318751081240 
1.62287053655914070838 1.53545052665857051366 1.39463723059157129747 
1.07606397455912339289 2.09253887414155403945 1.04017238150648028139 
0.90450073311634726636 1.82949231521345878626 0.78741243111897962770 
2.02485437873741425108 1.84083518601731377373 1.59738956126002817903 
1.78295416376646298495 0.65872518137346536271 0.06735783823199706366 
0.74583404407666442637 2.39917313082862326823 0.60127713473736787986 
1.10678667778012096434 1.93287890957395980251 0.90382985356851885950 
0.42362048848872352336 0.72151671729084321250 1.71992246154713157580 
0.44610980875347888697 1.02473197104011704006 0.35844466567306065841 
0.55020487706857845733 1.36147253088508368712 0.08514038224497955110 
2.01578945411280496813 2.45846908302541944380 1.83426548309478709697 
1.14313213978939143267 2.04000461773012231603 1.60018037595075890422 
0.63521759884291539855 2.23112693401537143245 0.14763307408185927239 
0.85533882934710936397 1.28868777664334843713 1.82304169825275819150 
1.56708557462769704216 2.21402137069737525721 0.75670787942610029386 
1.78270187542181979268 1.92248670294973234007 1.67020260767234729471 
1.52637178181371813146 2.03273956806668110175 1.65815727083518260621 
0.75194735269388623955 1.77972508700078413391 0.88873629916004770468 
0.58058255104016032178 1.02547453859993265013 0.64366522091526734428 
0.66582032625863107889 1.77201277107425414492 1.67917520958651911300 
1.33683102851528246013 1.02767426831583907898 1.47503839498926692109 
1.04042657012070494105 0.52677099790019954462 1.35491133652175754776 
0.82156435033343744312 0.58372764908741114898 1.89616546219138704110 
1.42339205966725246277 2.24349497484693261029 0.07910134809248342558 
1.86088099358730074684 2.32762957227546607442 1.16129572150174098510 
0.81735196526386655336 2.09265594656178377519 0.99685327671927681514 
2.29495915255707405578 0.60080103926627770328 1.39925761195862818909 
2.31553270447283798816 2.11075617467422382845 1.53844612546925629815 
0.98580611225694769750 1.92302933885957871851 1.15524836203499092768 
0.79456962298187794325 1.13087651377771969408 0.34800797988871523536 
1.29028671322403720723 1.59867664327524439116 0.31929429234884620925 
2.12220514096039902796 1.60085241079103535178 1.09537552355694289830 
0.81131793781042982339 1.18994298329923275936 1.39885356949429540130 
1.33598681260124929615 0.80543715894005407652 0.95767322529620912963 
1.50754398947107293161 1.68416108289708743584 0.39467566265811665494 
1.91850145483717438033 0.84238737560636511859 0.49668237698475364850 
1.52905866627366693322 2.36451161499111783826 1.12437033607510405986 
2.30327991536846798937 1.92363547071729357185 1.94848749229526774229 
1.09248210085771901845 1.56313386402653331508 1.64644066650136911001 
1.89282814830302004161 2.44662689744025074745 1.07976518951389843792 
0.96608106575339902644 2.36846724371592198821 1.87801198749669295829 
1.93960055771552242199 1.68311478569149808315 0.72537692433672096293 
1.34322975576937131414 1.01470231608041006055 0.46583716631526511653 
0.51421710756645988560 1.38299914255294176257 0.93758956961190698109 
2.14415643327165472698 2.28992364500336309519 1.23752099309044849562 
2.29307131795578156286 1.38620681738281503748 1.80020795869756411456 
1.89965848029641826145 0.60267698908513356315 0.52333461910711587262 
2.11082655798787000023 2.09843009492324483745 0.95447955643594384334 
0.39696431029036188809 2.00297803221256343065 1.88004821975336722240 
2.20415657932482256243 1.09595496239379452952 1.39211255895321750486 
1.73231986798969983532 0.63739834718416543691 0.68193953183024480502 
0.46316052612061603400 0.92652331382730468423 0.82599491943973202268 
0.65942493265887747178 1.68653970824592303046 0.40552815839390954356 
2.23493573363497377571 1.28113233531777281904 0.92376757493517736020 
1.45841290122273381513 1.76913510864847367543 1.90959454950577822707 
1.83914373118393359441 1.17300702516060861846 1.08039598496422351026 
1.02297536711428582734 2.27733180459764517067 0.87540422283044727614 
0.82800404228375401594 0.82852101333547079065 0.32306935364500788399 
1.42244677258352814064 1.23592760563832015919 0.07973815547164712914 
1.64030962927438195287 0.48326734818441596797 0.60123136344933081343 
1.79991418717234585856 2.42288930270502245179 1.41953434375542952850 
0.47712828205224278033 0.92211459924649685771 1.11257400960043484339 
1.49174277118211007220 1.55499029626370366408 1.63372161631657908387 
1.21311577255246394458 2.41537132224623629639 0.91820088191080939666 
1.10019907653987525364 2.08052464756646360300 1.64018375332194277227 
1.42173427558360732093 1.19804847771137001899 0.27945960342251002784 
2.03881599791387868592 1.46458633636061463790 1.63582892103429888842 
1.44671998799681444936 1.83493603015342743312 0.78699745943217813693 
0.52320550978922331087 1.85901638867162111168 2.02951456549135178520 
1.48697391968784708993 2.40224539182806395843 0.90595013578438154944 
2.10338624659968242980 1.77745794550623936736 1.32203131257387807018 
1.61156483842096598380 1.17467280014564168233 0.84688217281563848982 
0.82684794378491721645 2.25331811904921330836 1.67009189488186993167 
1.21873949924218072383 1.86507182866576171065 1.04365443455200579415 
0.50235671616533605910 0.65340167986237174258 0.49940020471828644455 
1.08778579189537039085 2.03272398458074565752 1.63698980233742696910 
2.23636726625849568961 2.25268965618258931727 1.91021627678903049841 
1.52826391249727877586 0.84475223370745544660 1.95356649449165420407 
1.25977646693806932809 0.90613130911787187483 0.20946340940877195003 
1.33422494216892517649 2.36921840755987478389 1.32025769228790856857 
0.64974395167995491196 1.54216230683464083917 1.10373668011558079272 
1.39193174477227699093 1.80386500439000196927 1.95943021295499431034 
1.45779124955502714656 1.26096651006647419990 1.20101979852883755662 
0.97974178601590211635 1.93092769732238012104 1.66780470000600167246 
1.90495045860346023936 2.40153588170222365150 0.96406570945918246274 
1.25783607963486288028 0.59892524340921204917 1.25198017367836023084 
1.14453210776009273175 0.70683111024737643735 1.60936157840855509349 
0.93689124669225842812 0.87246782825472801726 0.08145473215451282112 
2.08524710206428087744 0.66047163985212731241 1.07688988360392379207 
0.85307700637137129362 1.01503779819472139678 1.49151692170602978571 
0.40129655648810336199 1.17140757622332003507 1.58047164188419420050 
1.73683049715619697295 2.11869553513821795576 1.29088795358743513297 
1.03580348986884618334 0.88273013492771978949 0.18200456632731021323 
0.42264544810311960310 1.52263309524762524561 1.12194913802478435372 
1.13354899129173958272 0.68050787287826397520 0.70852568336951937678 
2.09385980893494583199 2.25700681128846580847 1.93044026110837774191 
1.55577721424681492124 1.65046638286362035153 1.30416930628580662876 
1.18121956830355778756 2.31622959548742057834 1.96126359019525375871 
2.06312882834043120894 1.04199492545417427003 0.11462379113403357855 
0.41854748675204295205 1.90252919626413175003 1.08286292770677627928 
1.36009831677791992455 1.48590465765289603262 1.55667158505894409615 
1.82193307624832212532 1.44870736491703322457 1.45232223803673510254 
0.79509610337386538159 1.74688687718049973085 1.36623475695595075763 
1.80419241422479892378 0.87714555928227799786 1.28221200016049730053 
2.10061088472225288015 0.66681455613802864679 0.08061931642786573926 
0.77924802926626823840 2.39549303426157900176 0.73366446043193567217 
1.34355636632418673493 2.33073590624701543206 1.76613843730218023076 
2.33144558388726030884 2.33184162968808061933 1.80536900604385697200 
2.18288890588375306123 1.43152394853408937436 0.97113604579562007313 
1.95057908830320791971 2.27307305992780461779 1.28037999570942329086 
1.10923627220013543138 2.38458514117171649360 0.05247238077731426753 
0.56221424073011072586 1.10697858740916976750 1.46875249889569370332 
2.26313071391475695293 1.32233509141804295162 1.92027393882521013602 
0.58121334581084527215 1.12510750212200449916 1.71039749701825782857 
2.30931521393965200062 2.36016974694933567847 1.84523654851949747702 
1.86076141838087849578 1.42316343487832153158 1.28902370509879427019 
2.33610418416229093097 1.60206817797699718753 0.82911562173070585402 
1.82147897787224222199 1.80736792919631694687 1.34657836215697956916 
0.54608929372787851086 0.86036074719487032336 0.98308664244167576207 
1.32350450119988827247 1.64251573963035935044 1.54323599579617809496 
1.66131820074217073646 2.32914822656410969159 0.28505238687054657021 
0.77682510665333559530 1.84081236764120581562 0.40802752308832929140 
1.22726589579821054876 2.39213355277290817824 1.93421069950322910280 
1.66187881017100091974 0.64220873413462198354 1.04041934188042084486 
2.22289815541311552849 2.20989622395330842508 1.57945619233554701566 
0.98828465437727375242 1.07133854228372160655 1.12282333773894449358 
1.90896002473406323219 1.42702360461726063257 0.59927162323982929859 
0.94199348714798725180 1.88937469823430359561 0.42573190852278985918 
1.10488090682483086624 1.49909435214908692835 0.87793789855302761804 
0.58783468970224317385 1.39860794734570226261 1.06889294971048554039 
1.58084121387912945877 0.66031064061769284557 1.23848126877121855749 
1.56861184704400669077 2.08936497501247098185 0.66560047428067448116 
2.11188666873981700789 2.19568198864515551350 1.91477635663004530642 
0.94214496455802287933 0.74332903400949312811 0.58727379967984361109 
2.03940700828688248336 1.67290490532005442503 1.60441575902554123267 
0.58346667359474624348 2.04259743284164230204 1.40084501743111022876 
1.90382806906526202972 2.13017045880695521376 1.44309768104251290310 
1.18166161897636046163 1.36105234586521106621 0.26545323788068980742 
0.75772203828893891497 1.59281008237845833619 0.20781050562606437349 
1.74752774363165763738 0.64424267936271839563 0.06480255300537705876 
1.04187886048769495773 2.17200366628036123373 0.39187659712261790901 
1.59290126155044764467 0.65089082968390110651 1.05014953869590477176 
1.48988098781699584983 1.65092951502349394310 0.99863773706315983603 
1.97191445478055271678 1.11888158725488628953 1.54538911146344060121 
0.79250248849292082021 1.61874929085907881543 1.92438691887890134247 
2.18328947574191811754 1.86687484337175368942 1.76111711536758619445 
0.81352896900009563641 2.08467020698618332730 1.15826302243335743647 
0.97232967292145489058 1.85343122176546581947 1.67700492763267972052 
2.02476175491439525089 2.17649344345888229313 0.84989837768307952004 
1.90075251575960302297 1.90628189205606779488 1.03583525890966554606 
2.32068329452652966083 2.13251467901186142484 1.45349298005251426069 
2.01938122738802494638 2.44251966719553381679 0.12862036166114484970 
0.86249104227533179845 2.05966154908650533883 0.12042186797339071713 
0.70743623659764387490 1.73996247389835989594 0.09426596771294262767 
0.92565829191472304149 1.18408848684169143439 0.42861689828052590423 
1.72626241985697692627 1.39602161967157867295 1.27192344733337869833 
2.10911065667626873577 2.28470747192478862431 1.94645042296952408556 
0.54860338429985389119 0.76312767378730739232 1.40969105778615388935 
0.66288182924016814113 1.52251339497870952222 1.99988616535267449414 
2.15150155355476213614 0.89679262968090600605 0.96538615880477041120 
1.98946319943695937305 1.39438528399591477047 1.08282326993111976954 
1.72474163411872627449 2.20331428885295155240 1.08073140436299519607 
1.16026507328033412492 0.64792330657112418013 1.53609290971183742869 
1.98094032153354304704 1.92859009041413376195 0.15371759484960079156 
0.70301054827943121328 0.80206611459722132462 0.86722251250533466393 
1.73641051673554414059 0.60715396343511729427 1.73817095686822975509 
1.74005431234862006917 1.85676513376036744774 1.58008375655769661705 
1.21945050275465916023 1.19110442131724614256 0.14771316305544499037 
1.11486036689762890717 1.98256030043954778463 1.39881830167702481127 
1.13953889946450503956 1.47531009643112431817 0.47080612058719917279 
1.06548100248924115796 2.33093427239492800851 0.76593205794687646559 
0.83153196912676419217 0.70443011334018967862 1.59000244070150165143 
0.90115295622766200534 2.12310770221936406799 0.24376625729191672698 
1.94096271682948606774 0.66242453702025871909 1.00278462603304863165 
0.69279001421068020505 2.28636281578394973124 0.36604313130441590296 
0.63492239159615515565 1.72573230333758864674 0.85885758346343410441 
0.40641962800219855190 2.11273279240327571671 0.20007144166765922222 
0.36591540757867907496 0.77959380424062829640 1.28085530648793222142 
0.71262935555103990026 1.32581259705471343757 1.86350355315555149538 
2.01839007625663802159 0.86230836718118908379 0.96281572474449117482 
1.34103684228260333633 1.51538515061809553330 1.48381385411512245476 
0.85848455719365390770 2.40205199450882878054 0.24349384846829089102 
0.87259154200182198480 1.76149010817764239967 1.85553651749867776211 
0.52287128105802371802 1.95560290436768546840 1.84480905245589021924 
0.90902599531166872193 2.17963520270965416259 0.19412578974014521593 
1.28859802944530832391 1.41579522973509974726 0.22915051000154501581 
1.69582622546568773103 2.25613646711454052252 0.89650550158707964510 
1.62803619364894380794 1.65741601062373344888 0.08293572649990824108 
1.64093753293291144679 1.47471574791123716253 2.01382938895179641747 
2.06519911665889122077 1.68861096116027065150 1.07975197860136673533 
2.18269790175337430327 1.24265152670531930923 1.15893968192192420297 
1.95334885826947068921 1.12666110911135919359 1.51486812174646079399 
0.62462396405608133776 0.56364442144067650187 1.48109034849164089565 
2.28955047839558067935 1.60972497114094093007 1.81373904080265679895 
1.11079390004601674669 1.58863226098390430963 0.14046142916091017283 
2.13610320571909939602 1.18298330834146225854 1.28593512942183463288 
1.01059916057649190613 1.00677758420935403727 0.15091427164656787130 
0.92327088100482668231 1.34879840027159580984 0.51405625268024524033 
2.02259171952184635401 2.04386986669047798770 1.64085587369690166781 
1.59803197628842474920 1.27454340592584358660 1.56085373013545880561 
1.27837028282655995604 1.85910052232319222831 1.66561233223584004293 
0.54192320424819295788 1.85248176789026453015 1.96216949488427405690 
2.07682326201188827142 0.86125628275996468641 1.23061775122877747890 
0.67067516729565312961 0.68178550497160816946 0.08107042259903121662 
1.89084876382865707534 0.89961722813848798985 0.43225742144165191228 
2.14230149459801433309 1.99614208152499927884 0.93415021273909448762 
0.42633575091039915828 2.39497959124037329559 1.20680366538922889674 
1.41929879064020969537 1.53098749040690540468 0.85504857921336052673 
1.57635840151449579949 0.66654561566524384020 1.88152619074315241576 
0.73757757085104025396 1.32306507222710489913 1.56208356350234134347 
1.94274593286016505900 2.44206683329797202830 1.12078175165339111174 
1.78063023667987518905 1.14478129983340770615 1.35536085089996749531 
2.22365067751512590633 1.32554920429629508050 1.35668815333837300408 
0.43612035031993573453 2.19448732218530695448 0.24108043719480776179 
2.02644411461571705146 1.04221039260764070100 1.83993360123520965921 
1.05994602894742406818 0.64558214961713944469 0.19859432975500224128 
1.73958819101203254753 2.39146426994541805300 0.38240780408022800874 
1.44948904618887497442 0.66723403486823651409 0.80542614432464310070 
0.83186267548825343354 2.21884981500258504639 1.69437026241115273884 
1.09073202348914910509 1.12220968520937303126 1.96155259315814212151 
2.23107099265408548305 1.89859827169086048393 0.76029207967274259339 
0.50038675774633045723 1.12178656528987774621 1.43881181594092955045 
1.65879263777302798921 2.46282803609616474105 1.60480316630915353926 
1.46316082443278849823 1.64129882359576662054 1.99841301043716779162 
0.38181030154098738461 2.40139282439786505563 0.23888986807553957981 
0.86764536624120858210 0.97598744690168481863 1.62466623171582313923 
0.96165122339425035403 0.57796198070153526061 0.40661451411592708372 
1.34091062891224832576 1.64230904588399839739 1.49199267727895756863 
2.21035007274441497316 2.17590437235947620209 0.57136556350278255856 
1.02485617782810201071 2.18375377814048521330 1.92626127582605888300 
1.04198176823914057110 1.12190744206045178721 1.35212065275140225218 
2.23298417554749484282 1.34165490205838544568 0.34289557441924756187 
2.29916717071596110600 2.36251746511810711837 2.02619941076478005115 
2.07027242277687006933 1.20470597289110670225 1.91373367328192034442 
0.93294048344939861650 1.25117733683690013358 0.41777366407633365064 
2.14262573451539495295 2.28254133961744098968 1.23786778973283095873 
1.09361645302320309447 0.88655745981888611773 1.93386288054948662918 
1.94814126377303975524 1.06512103855163009491 1.59952417365977406227 
1.39535516564268724515 2.19568181478347179691 1.33999547174345789990 
0.70483180897795782993 1.23390461133229778490 0.90804955862254399523 
1.58302077320240663916 0.68698196335918104705 0.21165841341693752975 
1.32339819019808691003 1.28916941045173150115 1.84175853291227342723 
1.34474951336620085485 1.58975572139144527561 0.73194681094878188965 
0.92468324623091935344 1.00044697491122747124 0.86233030679403266383 
1.32564974318670802944 2.06041830575894424626 0.53625124542915658665 
1.88027277277176541048 1.09661884434749024031 0.31898367874244648590 
2.06294126091293472669 1.71704485347259505623 1.08786359968276435950 
0.82584089280804262589 0.77198986080488196659 0.88308277712899840850 
0.72623393912572764552 1.12582055137618097795 0.29148115955215025963 
0.72796647409149517483 0.87774764872052746245 0.60597490147992083553 
0.94721567736004130822 0.56113205620479988944 1.39714743850161604577 
1.84050118987487931754 2.24052485256273392622 0.88151080222882682857 
2.32540700677066203284 0.75031892027895652486 1.60912238129286633281 
2.28685008284696555947 0.81617275629785823732 1.36012025846875284074 
0.85922370405189973930 1.99116238510530196848 1.05457296244372944471 
0.73136662042858524568 0.69031939620804816382 0.63845421974152050115 
0.43311357791746857293 1.37678773222266670473 0.94493760848338703706 
1.72578709496313353888 2.10363998777816529895 1.06947014088553915556 
0.63767590827636078110 1.27487006993637108643 0.55926459218054891398 
0.94334963180067465949 0.96375283076628226464 0.86584497298357820938 
1.22326015944087185261 2.12371370631734635026 1.21397434269958170994 
1.89496933059466465821 1.53455257386385990337 1.13353455702649097425 
1.74520114484389310405 0.88401455163725795039 1.19850920304997909938 
0.78284052873481668744 1.80161448834950976838 1.55981918263354879528 
0.82214978316167397487 1.43477188889292062157 0.49394623121205566418 
0.46346433938822223508 1.72536165376987882247 1.88840731698058617027 
0.83912461855770348329 0.83270572474482207337 0.26307033337527480077 
1.17100263394420434082 2.16162705081548889297 1.22638449071736466145 
0.58155690475372112669 2.14976750084265555429 0.95916565268481668305 
1.37091560087391095557 1.73355576581558801230 0.27827623649935157024 
1.04921133714908543233 0.95319489789841593819 1.37306093993851963120 
2.15345503141261263025 1.08744568299781296794 1.67448726799976910229 
1.48778346803862482339 1.04256106991126773487 1.15996145633650260542 
2.05630135985101336615 0.64556616561037794000 0.63486525083688782889 
0.98786502934164122092 1.03269018705806336911 1.63940693774961476770 
1.30495766868376450454 2.32160388455936939067 1.65124579230728429913 
1.61946413326609461869 0.69766605416147686736 1.83976537512459681345 
1.86281613324005657084 1.23666356722840675708 0.75268964153183737231 
1.70486126011877181519 2.16638790497337696550 1.62102982863130340441 
1.24343129129693474866 0.81515406808938839500 1.62834164411457904542 
2.01528653304485816378 0.83221119297108392399 1.60848236997704452378 
1.54280870530885483305 0.85546162355278576594 0.91380667273072335721 
1.11975375052826597866 2.20587035242714968319 0.35811815689945197816 
1.02921700103728830378 2.03839453046985896734 1.34277417489757944224 
1.78419615876231674179 1.84060815832676616388 1.40078308235869108955 
1.05334064018252404615 2.38340825006408296716 0.38687141635087768377 
0.82799360835482482823 1.94737090570149873336 0.62848396910141746119 
0.77897616634506372524 0.60680715609053903492 1.69949488401916481983 
0.81665456695914429019 1.08274014063535473085 2.00136365147130623754 
0.38490331865354138197 2.11210118764601828545 0.18018081672037283836 
0.50052060154998745389 0.84014925280240670968 0.48475463897856135853 
1.02227721957699024813 2.15011832553455084494 1.52012993262594764410 
2.02129385450294174476 1.44662306733355028321 0.63133453479784484852 
1.86438110825095870737 2.23810376831749469062 0.85807821369038972392 
1.18018096106087000408 1.57957440279860494847 0.51434288786424520179 
2.09734661137466060765 1.28258177387780381018 1.94282787036759208021 
1.18245226043366846724 0.63439794728499010468 0.74768206888702515300 
0.72467829284259865918 1.90784333839982123138 0.23030456822447967213 
0.99528716781044035411 0.85479833356618095674 0.65413501467947221535 
0.69185630991230384623 1.11481586149361544535 1.21897509992896679876 
0.59518485250484065574 2.15143268118247599219 1.79547639181300033862 
1.41345707906124062880 0.95706560798208728524 1.37995861602614833252 
1.34250932680120849128 1.97859997727727754402 1.01954861076536351661 
2.21155356908019085083 1.23621139417706715768 1.40373054836794608491 
1.90950282533045401223 1.47615603790777472071 0.87572753822347315644 
2.33982772523573911982 0.64232168715323023633 0.48537559104895433570 
1.40764918457132992557 1.22242080497243632564 1.31642750900611371634 
1.89276462999980488178 2.41976946247785962285 0.98563029785874645139 
2.26279031795114571324 1.12256052088283420076 1.79967882798040279546 
1.84481320372311263789 1.00675464682390347626 1.97648197284828075482 
0.94964549048532109765 1.08428745086518585339 0.58029992914610595278 
2.20072315658653794301 0.79229884780458637028 1.38043781479086158370 
0.59384230420907535564 0.66497291814695591583 1.97320128670908756519 
1.74561533886453257303 2.40848747017333320031 0.29471276385198286185 
0.94373541501090463246 2.36253988240573242763 0.95988253290812697305 
1.96120989575679427475 1.81727087845712698133 0.69108241481231102998 
0.84134471135838406752 1.24129777882309322301 1.88050524113591022157 
0.89239027434981144093 1.61295137386299081150 1.74480057142555522454 
0.55153032055103656806 2.28807918661802611737 1.56896982365681503246 
1.99454079953617791077 1.84628083119880059826 0.63671969233624203799 
1.08723285070939601482 2.46615410872351148441 1.84283107831661174814 
0.36944552334564045859 1.26406758158072363152 0.67971605434351556330 
1.30954439265357236444 0.92061297351998960803 0.96609701971043726587 
1.80990722875273246650 0.85654758724569102224 1.20154226539444541899 
1.41185390967858270805 2.15239420088804456199 0.63686982442516526515 
2.17831019247117030346 0.65712714270541527917 0.11609278179416882004 
2.24516318738353071183 2.34563840911666288136 1.34177158174027799653 
1.30334773142794357881 2.36737763422059410701 1.71363379639619828332 
1.14769369335942639232 2.01133666029860602720 1.00687288831233834330 
0.49160692108456688354 1.08310574338540255290 1.65974857136298914462 
0.68847656259226863718 2.32209456345726339421 0.86210331619210256449 
1.63061286340715549947 1.05105330794193330135 1.54040539927986319668 
1.96114970530102761259 1.64374228653068521488 1.96011128961415104222 
1.53266722120719034450 0.83758657174613115881 0.49267736856669375189 
1.50163388245420770239 0.57133051140395907375 1.83930177762945645803 
1.70539374793094156146 2.27673394060448597287 1.11731167372527262494 
1.80487739762571930413 0.91972832264436088501 0.72083682329305165393 
0.69588815131405012959 0.60632206068299776547 0.80880132891555767127 
2.24438101061583461515 1.13776503262984118869 1.83094488540852462499 
0.70698680533809954429 1.84674482268530315565 1.15176470029267830064 
1.90579400360999384745 0.48426652645476964132 0.35836672727060786547 
0.36866600956950656975 2.04651362439294981499 1.00816972450759623214 
1.68933828126313034801 2.12277876117109709497 0.23663650236168815022 
1.89832484313700122769 1.53231915067862178859 0.13445561317630361220 
0.82686938913492280534 1.05767796528707869186 2.01902814872869740270 
0.82407538401130331351 0.64600028257631714190 0.25466121346349501753 
0.36979171536888139071 2.23469915701057519897 1.07464457896911480539 
1.25802634420855197206 1.59846584728015672638 0.25403686920169665786 
2.00461844155106039267 1.60508781626251328944 0.41260715956985971609 
2.10683986950758539436 0.95540637594590915871 1.41224243574179220140 
0.37868283871455382661 1.01949332667136549624 1.92010044898011766890 
0.74921343045235777591 2.16497429613840575158 0.06573942168622182169 
0.45926037693277627083 1.09213983735834330169 1.92373679371302719332 
0.34468332302055915140 2.15121121781435631348 1.72321180983161670319 
1.61822368280890294123 0.52384027527815768543 1.11830098280917655806 
1.10289042150707961021 0.84630684657767563106 1.28834167219235640189 
2.32413302676144750691 2.34246290080791164101 1.02007618881465678129 
0.35663154704410771068 1.17304062939229458706 1.72328275693479104902 
1.78158372458145453088 1.12222373325277402500 1.72078337675490899983 
0.56575079380619952563 1.30283188331348531719 1.74800172888601657029 
1.78277746751486132482 0.92246783240341378995 0.67563726962086489980 
0.99327549566802109116 1.42428997348935681977 1.11434225209683801516 
1.67609129086892716387 1.44219144279165290001 0.63038376927081618550 
1.14517322344549743462 0.96735481914483956167 1.12021482678146155898 
1.94574089393836646700 1.64138383474885629632 1.51916141556594941342 
0.54393612444910777182 1.68072685789649733934 1.42381453160197768426 
1.01902480053705501994 1.32089717323435440477 1.84310290933232745481 
0.34426270783484719251 1.97737404361976509826 1.92550633621403899376 
2.16194539985958167350 1.47812888129730035658 1.00661671461511881276 
2.13911457416806349840 2.09378484313282298146 0.72267185247423881833 
2.11173926663830879846 1.42679406163415167796 0.50969247592669675306 
1.08703842498285663254 1.90792846088003309468 0.20093657448188917414 
1.72021068679260458190 0.80096083587032396167 1.12219575138447491547 
1.46788444270780105150 0.88283064677418421340 0.55900608289684472485 
0.44440651575807305074 1.60832993762359333090 1.03823074631426992553 
1.38983810345164759958 1.83189261949766946103 1.98914466806086043249 
0.37329367204549351866 1.52534885052489710411 1.05838292469083961045 
0.37293135458198389820 1.92279600581427634332 1.79400133579350717916 
0.54097158322481342374 1.40552955754370789698 0.67964900395480598583 
1.02156248579981423497 0.79293963830568070517 0.09177073439183001946 
1.93589489921627389002 1.33269721527884543733 1.27015503225738002335 
1.05912388402190904557 0.89048564370884353281 0.19678186038303763228 
1.86811374853032674537 1.48962602535255972391 0.91752718459701898546 
2.22221369501403120950 0.63602593620147351849 1.57190107582448579393 
2.14767911164469671448 1.39467278687404294679 0.04124010716272548394 
1.02746093714529984631 0.84293692496006922266 1.55041687868589339594 
0.90179168663774678105 0.65932508472329498517 1.99959574989162791603 
1.03771908255109024388 0.67802867662330823517 1.57855336679911051334 
0.91633511413007617818 2.14111133735985914583 0.06403605889766086912 
1.61021914794083897959 0.67634934249042744092 1.85338231641847972497 
1.23702891691242911065 2.40460555725268632088 0.22340394948218139648 
2.30268322451107776416 1.24068091714494066480 0.07998492250579472551 
1.66410698762338937762 1.81940295303360732859 0.82299129949774640913 
0.80088696917787738361 1.33955034140936302123 1.83190283754432181595 
1.02504655154578760978 0.49999750013146981864 0.84848034936532179540 
1.34958786254513385394 2.15007404435515514507 0.44734926944255914982 
2.34229337079627608631 2.07158581636702754381 0.60520503653394308596 
1.73135369933612670579 1.39952584050906470026 1.77078165069736104265 
2.25282851013883256286 0.73700992655533825726 0.58892215093719746388 
2.21360705884022834766 2.17695359256706355566 1.88348335553655421570 
1.26402246804281648274 1.62409019336206839057 1.58158706392112602401 
2.13980176017212242456 1.11544267033832200653 1.88168450698861144943 
2.13241737734826042328 0.98080950918316200937 1.58340540488094827509 
1.44081381486478199427 2.44964444183344909334 0.63879440622124128435 
1.71531718162391433324 1.21240965968016389809 0.08591515918727743450 
2.16716844651280959866 0.84774659339198266128 1.72136974677866350092 
1.13503407071047335286 1.98433400754920397091 0.56636590822266641432 
1.60092587002624120451 1.86792026235805042056 1.24029246508654833470 
0.63539955332459807646 0.78473042249475954968 1.14645707818368780551 
1.55526071269992494095 1.12230751948323370648 0.48604152553605062259 
0.62667289761515376778 1.23565269678778522078 0.17853105192591620098 
2.13497711806554990588 2.23069673701894899409 1.25512678914801756314 
0.41303847613592198362 2.02436507834209677981 0.88993138163972829169 
0.36116932429030845775 2.15001417347757861620 1.10426176917799834243 
1.38433495251363791745 1.97185814941480463958 1.40356024274183521783 
0.85144707929898444387 0.49198869367693254251 0.55715999601794075069 
2.12233762727642139012 0.95239140482933448695 1.16152922798199154109 
0.70896702944147049763 1.34763674325128945952 0.84791699934422615215 
1.20523945626162598543 1.26848632329697652565 1.38533204811209764706 
0.66269784687425647984 1.17486188498529831037 0.26628874754496278943 
0.55822817406013047759 0.97164876324465609958 1.34061414064483352959 
1.18944164060292845164 1.10317965065247980405 0.43168454240168729896 
1.25225187730750797677 1.40665188214329006655 1.13226502794517536188 
1.07981683124293770248 2.40774957740162731668 0.39856279388156728993 
1.32298543414104385896 2.11095172334924230384 1.66093014865291666027 
1.86313938186946437270 1.78632910118198573457 0.20549395969845338228 
0.61007137498145069809 1.09004097530888444112 0.53375260720299688710 
1.42281206085940103989 2.35335719150171307490 0.24141764032171506016 
1.86011994173810357722 2.10627801923942303830 0.36354873737354514995 
0.89065238001862245820 1.67726212099812910239 0.12418244403840431045 
1.41733653531421466276 2.14361074618306712836 1.05003601252697609247 
0.91478265469643915697 1.84414896628160662750 0.76193118464864328931 
1.54312077702717243000 1.72158801424099094923 1.39976124005562407859 
1.14488003750684264048 1.09784168945600746348 1.36379158134800149149 
1.38492662679692757344 1.10606948973151730797 0.05823652655756699631 
2.05828164025969995166 1.78164207413116781886 1.23721161861458828213 
1.32673349057563894071 1.72771014388925658878 0.92257346339558909953 
2.26841069777291259868 0.90546549538930320988 1.89827877369927167095 
0.92182830902554546704 1.56696918101676829771 0.42719092879489783954 
0.70760000073989171021 1.27588110326167769593 0.56751331070374555487 
1.59973367490944284874 2.42104429350622840644 1.95730531943290286812 
1.74866881043502209181 0.69501290484928601732 1.62625035449869748128 
1.65615235796653093026 1.07525364527349065469 0.11341979489095255218 
0.84353061377860061310 1.82044759697520586172 0.26504534866594603448 
2.19396461949356424981 0.93359165887798389871 0.07966209308114735599 
0.98199540471683932630 1.31993107041632184995 1.45178415749356592990 
0.94798381901814843253 0.92194659750900009865 0.89536427007741581363 
1.62610515032074598452 1.40035593635920219135 1.43638370421200844973 
1.29353331382934211291 0.89956451630204403713 1.71803169203460859293 
1.92842210314300177565 1.62792981773913547627 0.52013001268597669480 
1.28686678719071911914 0.88092430095645946064 1.13759205960980147587 
2.27067952104366099775 0.90819493779391657906 0.74558270537904702824 
1.65297919392143244366 2.11145619566118902810 0.63902244823142240193 
1.24809161903170706687 1.35722148514114127060 1.93649715887306905771 
1.52498113031021031993 1.84959545764839372595 0.51412882684902605490 
0.75783990915324916937 1.91192708791418697345 0.69645583183766424096 
1.50400160281068995261 1.44253058974740078213 0.66287908130883133051 
1.69451388739197872368 2.39636798005060480676 0.51977441108537447700 
0.73322333125028704703 0.69994591267582040306 0.63342504069174554449 
0.62335893131739650297 0.49437990482193872044 0.60888956055970933079 
1.09835302410218460523 1.63089463082523411508 1.27635440028188829054 
0.66997929742027206856 1.78589191439726935329 0.85918493842784882109 
1.38057056186233206851 2.10012827444112426534 0.09050832847945264326 
1.51731418189065569990 1.02944839268735210958 1.36019157668245282977 
2.06431292193623505682 2.47946762050513092035 1.35828027243367577270 
0.70375354815262358699 1.69501667413578926968 0.66025380355837004487 
1.10229681205613139205 1.03833821905144363384 1.08352637124739592522 
0.79242398733737751115 1.87717478701630624549 1.35298627114126945870 
1.96146656431095367523 1.16413577792771194552 0.87654764170840049342 
1.07920589664669841490 1.97882650710016472217 0.87020461655203773521 
0.70600647722278686569 2.38202255192019318741 0.81031860534132860163 
0.67377391524133090073 0.62406721574678936104 1.04105224562486964324 
0.78359849362878664092 0.84301826248016331622 1.40284561940524810097 
0.78429695757553485880 1.83155775200703740957 0.39967333348316619324 
2.06877424065763904082 0.88187823161171596809 0.58372848008252675722 
0.51470058973465648844 2.18002367390610007902 1.64182000655484516827 
1.73957699784934005649 1.32378082926564411004 0.56509178756900191321 
2.18300634684060756996 1.40412123442971115139 1.00027395712902245073 
1.09427860394759357554 1.03401790098502610604 0.09544257477627098030 
0.93179049721979967380 0.88100646443016994436 1.43730252391729851347 
2.12827974282844323284 1.53938489924719124069 0.98323668678541453758 
1.14948307020309781201 2.47789382964913373897 0.90886955594469664987 
1.37669592024063547342 1.57133464035592029795 1.96113904108283598759 
2.05711339237544477143 1.15731398046688616077 1.51007954884242479032 
0.89506308339601226010 0.56289609962321429659 0.63918167779867507416 
2.18005094677188848706 2.33051465741743646376 1.96973365127415678266 
1.14597215492816184579 0.63690578994310931282 0.11241215612854515982 
1.41966001946954523127 1.43872723600904262042 0.39377597612567721841 
1.97672145314568448171 0.83824187913112346848 0.06190735274884039130 
0.37146619457495083649 0.62857494664013469077 1.90741058313474076691 
1.34557455379573354115 1.46362616984587767810 1.11323182626766836734 
2.01151384974577540632 1.16421145369348089105 0.96615060162354693407 
1.23959207546117089471 1.77463463259564924179 1.08223466374125321110 
1.85980060270769054220 0.97519357489696212316 1.01890312822752449051 
0.84970256870388760628 1.70349648033335410169 0.26180466886310149732 
1.90692678063344733808 2.00117043041464581776 1.62839829363740284940 
0.47490857599718827586 1.70634451276899157257 1.90235871397247380266 
2.07387167271954275805 1.48497025669255755531 0.13405610968069792133 
1.59144486422647468693 0.62582378348375522492 0.45789167050730400499 
0.72480096661203130548 1.60285698821567579309 1.09319472326701316867 
0.80292241430567412586 2.29031100637305184975 1.11998215865225825283 
1.27374367699982227187 1.40557449697616076989 0.08182945078974389330 
1.67994143938719298070 1.57856652571313005318 2.02629408706945479679 
1.64587630264313422579 1.80922072586693616358 1.79991689206460470096 
1.08681795582779527898 2.28531733018567084770 1.70765212588007053718 
1.82421689721348001534 0.70165527119611437179 1.30945149941370564406 
1.54072238675688999443 1.85049749510895433779 1.30944612669983495579 
2.13002233630555570798 1.71827939028387888243 0.63424071790311231656 
1.11975683237138579074 2.02887297417524381515 0.06530327554549365809 
1.19323853245778011001 2.26683891532029413440 0.60941011437909275994 
0.80769696913935229432 0.72350274850284790329 0.90849280824125400180 
1.41553657756251149991 1.96395147461845498427 0.84002821805436234115 
1.82260080798505663680 1.08174150490954845694 0.91970937078751313631 
2.34280995752060894333 1.51686711051807154860 1.46711846165760562144 
1.67267519552889143419 1.63519102611424571592 0.05031232429261920519 
2.28052707640455087912 2.39546396508543057990 1.84343691967261058551 
1.62773252566931758700 1.02653834312620118041 1.44792599054172210771 
1.44837103501669273165 2.05939543246743461680 0.36523712845822298156 
1.35117814179612505399 1.80181773904822661869 0.32449965164003657936 
0.54977699769378618466 2.12377691991058270560 1.48164419328868746106 
1.90972011946905051438 1.61996349875963852050 1.88023639556550836716 
2.02687956722363971096 0.77562216883862944439 1.13598030232156954611 
1.01520220119763160405 1.77734978308903257549 0.10102135933042416527 
0.93826043843783091258 0.64136150275871428583 1.52886861863951972751 
1.17268195879855618990 1.87642486335404123921 1.31216682715484567190 
1.37143798244871595315 1.09963901117807849594 1.18962548841390147736 
0.82344037576514383936 0.58198428549967540224 1.84512314457632586873 
1.31587360517262386139 2.37047598243055634981 1.77610439306146838945 
2.11785410549124542001 0.96408684584807469165 1.14580804541901271065 
1.21122225958625850950 1.67921200275741822061 1.83594782579192661309 
0.62286472724375985255 1.70063332957356605490 0.86756066245177887453 
0.40095303472640686504 1.90180914074614948461 1.07403344183039939352 
0.74216565942875367679 2.40261190540317493003 1.36313289564050488245 
0.60774826449344865331 1.89247236568850785154 1.56213034691459617953 
0.82898606547590270033 1.93891296296754256367 1.48169115286078412197 
0.68045989156988639923 2.36320481744675880975 1.28034549073483372439 
1.10375069848256268656 1.49281323208100991096 1.12044301617572528151 
1.12287519074745523184 0.98691398009911679434 0.40864631449736910085 
0.58142992845670049551 0.79492513181079216267 0.45018456521356953193 
1.34182075684246893132 1.27619298271871151051 1.64093602472319832764 
1.33156680063730825658 0.96091012745085280233 2.00725855139634168367 
1.38507188984475493321 2.00286929466158492019 1.11240103903810982899 
1.02466209792741169693 2.27922048515313280248 1.85758660106772466314 
1.90301677075606257006 0.52480807679410024225 0.39489856825613167679 
0.91504320490812574018 1.26842182276796111573 0.20724190156062943791 
1.63964259620459373856 1.46274866083752241863 0.43047374100357360671 
1.18587196498979352555 0.70249543637529987539 1.58634140507384224783 
1.87748530471483165982 0.60365710504499070499 0.14372187903479405335 
0.63363821733333569597 2.01656507951835806125 0.90322975997687160454 
1.51154359756007661275 0.84013644724544855880 1.87652452217870613360 
1.50042413711007327493 2.31674400172073902127 0.57099164244022859727 
1.97877892072092476106 0.78024779713349112775 1.64315278966330158283 
0.90376734315339246617 2.05978047119413920640 0.85868627980150069590 
0.93733524108869881175 1.87519121146141931611 1.08647284708063374126 
1.34412223405101283191 1.59658714724663486351 0.81212552612973898380 
1.55250055604667447362 2.06388462321988619408 1.40007730725290491236 
0.65627898627789027497 0.55184270288763670465 0.08548122873176625114 
0.46689458874658218424 0.94927090700173011317 0.12954869890517081710 
1.10878767762717345136 0.80438453124639575087 0.31996532834467955597 
0.93578004216768628787 0.67234614700493744444 0.05025458107062798913 
0.50287791488697564102 1.92251563621189158759 1.84010227895164657497 
0.46934828916291571055 1.85152948482791446239 1.48212552869924252263 
0.46139669672143629464 1.92416213234162580825 1.11301493083899361025 
1.59066198208195586083 1.03745578987150222083 0.40378371596812573374 
0.91901077973723666048 2.11416958919384967430 0.49291314455022600116 
1.41734026239361599053 2.30449875952573357552 0.03843017643065481381 
1.58402290861044203751 0.50766465073612898617 1.62904538917482555327 
2.28517208817432448953 2.36960164455749255907 0.88081873400147248088 
1.12082532415250879509 1.44991963729285022744 1.43304647237990789854 
1.67001434210321564322 2.45399168258998345848 0.60217802171321377358 
2.23824589080955282938 1.88578557402157231948 0.89709517828698381869 
1.26586221346203697813 1.37353207228523932493 1.69136305446363399696 
0.36776713874318345265 1.67591683295430859957 1.60460255113771088631 
1.73961009389387544211 1.80889284814564299531 0.12530521381370587908 
0.45646270749805578637 0.73747385811748822348 0.79846885230123909594 
