0.40318894860504228550 0.38796912919572040801 0.52861277880469614843 
0.35782383330112865760 1.01926435937269954657 0.07615071548435844995 
0.38774000833739197258 0.01370390030917966254 1.96972057500454300616 
0.77781995224858280213 -0.40881088426553052750 1.92981468855762683390 
0.51228409434374744258 0.78432690326565202010 1.47404541495705410092 
0.94974928464403984840 -0.34726254901446063084 0.52859913850959239223 
1.11986803174100746361 -0.81276973434717014744 0.44162257804282778473 
-0.08444404064313489056 0.94560817767579141702 1.96703741389993536082 
0.82810121156922233965 -0.50363580513198902278 0.45187334162986342312 
0.21428727501648212050 0.61058628014434679354 1.22580584160990424536 
0.63097020779832369008 0.20757263440477460859 0.11358454147547011881 
0.44369777534942139718 0.05861975888014259173 1.21065893034184068888 
-0.04129308266714792203 -0.86830132203636156696 0.55417873453941524087 
-0.34393139932811678250 0.09184737462518471895 0.81540587183999757581 
0.42848060319824293751 -0.62051612670528477622 1.65176354948153036872 
0.83320271230159137499 0.87684198370810229051 1.52659750883482048245 
1.52549684820738207236 -0.39969053915220686957 0.34031844482622608528 
0.11396968870941097396 -0.52899714745593151566 0.43308543642043645372 
-0.30155006304391551719 0.66409742846680630546 1.11919860279090088717 
1.56020564425408259090 0.92807009002432283573 0.33380055802885538752 
1.55836834465698337304 -0.86581233914618771497 1.94512270578613999383 
-0.35377137037412897946 0.37242017381408804022 1.52921181027997654667 
-0.39015855429831125534 0.12999792739375684580 0.90453694856807798086 
0.19668703176041835157 0.60444608418300527219 1.22602826776264706155 
0.39472373476785493907 -0.86863783014271822580 0.24210194786898692199 
1.27878371856582506716 -0.65588609045700474454 1.07487272287827484440 
0.66903520323103793377 -0.41205555064849325175 0.21218886313034462932 
1.40575837906813450040 0.37479521931079878838 0.62711005767288319213 
0.50851391044953997422 -0.86878968341400475417 0.96326120509352441967 
1.20623215583088527758 -0.58759726233380871196 0.18435550770837300094 
1.36148738834169225065 0.16782834131540222411 1.69307943302202312807 
1.41663548318983356644 -0.08665664255332643229 0.85860647350336516404 
1.31693546234079095214 0.77250827124574850124 0.22920189163406426425 
-0.28655940166964993798 -0.40586585016450699159 0.14048917873962954439 
0.82624463496628408610 0.14891476173411988260 0.41078631298421353080 
0.67137800018932280999 -0.38629467610538731348 1.09580827471984609822 
0.43481067898377551151 -0.33995613541096703081 1.88384451159183474722 
-0.12354457043689581752 0.52178691391320830562 1.50858824989090400948 
0.63845651852662776982 -0.86670375685362333051 0.18156703626433928767 
1.46746660900274150663 -0.49930174827576256913 0.15912656373523062503 
-0.06095928371178337829 0.70983249175263130049 0.61170530654811861027 
1.27512278256430744428 -0.06639243589410478985 1.91715408945408172237 
0.32161675848507970121 -0.75531883780279873708 1.45611231391816664527 
0.39344622054765787666 0.29252357931805228475 0.31822544526606449944 
-0.12343040712287818572 -0.46954137518771627002 0.45662758143814147216 
0.76060946941586937697 -0.78137743413729665587 1.12708608900274187548 
0.97700073843503765225 0.88930902952771817560 1.46885515354350304484 
0.44339956900423077579 -0.63235641985349200223 1.66112715090950913144 
0.87648040603035448637 0.21616804298491928971 0.43820196236743247376 
0.35493297649059857291 0.17675491542342275375 0.61219950953275603656 
0.15870707626338098617 0.05657659519174899204 0.60695085646028779092 
0.36373703060805284704 0.09412744667761711870 1.19578495316467647847 
0.48447751044118458896 0.83597014423862081589 1.93162942223639477746 
1.01852146864049930564 -0.71961144203825666565 0.82502302341172395472 
1.31692689433003540245 -0.34716274243242234432 0.93079616904046991177 
1.10659476649516097524 -0.52755901910721414438 1.55383651306721737306 
0.13415540216703100707 0.08834574223105307045 1.87039513155508618780 
0.28129683984681708164 0.74499985866698281711 0.12871510016805504106 
-0.09566362148772346308 -0.49319587039038281784 1.17427907613722903868 
1.28157633174947349630 -0.06251874290508145637 0.99979460758617844096 
0.97459190002385664986 0.10241740966938044088 1.65693177583459316793 
0.99028202360411288208 -0.18669030123223293027 0.07689109379856165494 
1.55350270336073470467 0.23537124098024869712 1.89413938519996527532 
-0.27521969719270450438 -0.57827997606517944629 1.81123028122681861696 
0.39876185070748348949 0.45547130482934611306 0.64710196990444646126 
0.27649909262276328725 -0.86738886296613926241 1.85099664700150823293 
-0.33442716188840804215 1.07627485117160182071 0.80772739118571090788 
0.75041825556784103046 0.85195614668343300213 1.91009002400217475781 
0.15559611805712958432 0.72829494284476015142 0.07690241497191795117 
0.00845133669191339837 0.61529346932939255055 0.98859206508894248433 
-0.36047776217141297428 0.48546152419152810431 1.13338210027149810522 
1.54956532009259873028 0.44316825610357724052 1.97281797212600951141 
-0.08374904864383589387 -0.00273763736522756717 0.66306620319833220467 
0.54932026211098039514 -0.26812044484208069628 1.30254934138739653093 
0.56037791247517809712 0.25294215118315305224 1.85252862935955242563 
1.34503741523526221258 -0.10115359888034512748 1.10659492125398739581 
1.11109865349739589391 -0.02947675473069910970 1.16962786400079821192 
1.58433547073613056888 0.04159026579029114629 0.61637825183177807897 
1.51441978680437183691 -0.46095023373812765710 1.19266001690741840768 
0.55573834148701617419 0.76603456787389834215 1.28971709644677123840 
0.47965513425016115256 -0.82268103549510307460 0.55220344875380511507 
1.21899589202857461245 -0.16974020222284899595 1.42078136427549073240 
0.35523968260490773607 -0.55155348783452562422 0.96067866911693355902 
-0.31365313562939001191 0.56408706208093195578 0.97981637848869418406 
0.65477411395368589897 -0.14492044083740879268 0.76546077189108141514 
1.08166905287032766303 0.41602577273155971760 1.58430190910990842390 
-0.04212732178730132365 -0.08526134229194658187 1.98412354884818342704 
-0.33309876510789016013 -0.65857470453859967563 0.29194689253877531554 
1.50832817477866787392 -0.41690997594878048682 0.35163381947261562743 
0.34855798068451643301 0.88704863883028595151 1.81144939800773330241 
1.30656213132221066253 -0.81788614166872841693 0.58928675523591511620 
-0.02310576975977070985 0.68606489263600123341 0.64107060051350350793 
1.28970476713247705902 0.88310848936802199827 1.04933018394473243085 
0.47646236680421694132 0.12133656570793237284 0.16307197627906902526 
1.18985548834720167299 0.58697342697347432150 1.72535233046220848330 
1.46589736387084790259 0.16158441287568381384 0.13859302554130353835 
0.86063869375374135728 -0.34310370869992651288 1.02971060529858826627 
0.76384557667544461523 0.36626618749077055615 1.68640791297433012552 
0.39364224978191758586 0.84470912983452428602 1.06490209820438752608 
-0.26931950776291269101 0.28761647756928032660 0.12661757501076009724 
1.20215327674687144643 -0.36304413677217756140 0.84335592663883585107 
1.16098700692654688282 -0.79332399162790567804 0.60572713190740334888 
1.57677877275134181723 -0.88333556238656463222 1.65719420293203456573 
0.96744472607077880433 0.88550849849188550955 0.69085851931864861175 
1.02283948654697876002 0.41508434224269263879 0.11211958898301968568 
1.38017811339852469743 -0.82753369258918785256 1.11728625747429499704 
0.00269102512484365418 0.65416087909426468006 1.06602806768871238852 
1.31494721088185073654 0.69209264655563684787 1.99470897868478891368 
1.48566255343526165689 -0.65099958200842289457 1.10990703156015491082 
1.49859081751131539839 0.65100428008327326790 0.91119867271380639018 
0.60638098055185840618 0.38759619386377208716 1.84587143191118308039 
-0.04278274381261813059 0.32647914883596657054 0.31503035319028155348 
0.52549429900195965271 0.00647158639762755207 1.72133221943121528241 
0.87627699570074457647 0.44681895138145560908 1.97659870132277282195 
1.30379982148672923792 -0.80481683581223661950 1.84923396159159358909 
0.64334679072807532396 -0.11479802815729381327 1.59329349641675688254 
1.55072968391463783533 0.54048279982961489054 0.37091617732083670411 
1.19695204814897548928 0.78192003199209569875 1.68941490198685118074 
0.35501083667539595767 -0.60603801583292482569 1.33534174243385872494 
1.31677389012726542283 -0.48796952005412930209 1.02024269026697722573 
0.50830238759775514534 0.29289701090612707546 0.61506333138517077508 
0.93093864400458781194 -0.46692782881988886823 0.89146604549619568036 
1.55578736357791602707 0.37285420693993809316 1.82316873244673427479 
1.25395205207447180129 0.29274907901038327296 1.43885825259250488273 
0.71622980973419170247 -0.38803303243190423455 1.80906973481044763830 
1.11507275223923385532 0.47738491031225804839 0.50988727003323330855 
0.56861777351272180248 0.97510825302328507647 1.94921107443616414834 
0.48767181681972110452 0.65468778085572598702 1.54260177888989602479 
1.08919858398744073824 -0.58861963534013994614 1.84176585397413439260 
1.40558179110122094535 -0.17100959063469825527 1.02544320356596041499 
0.32382343634435334367 -0.66867971369610867960 0.85235187332505957247 
1.04049536529397013140 1.08254558021620628239 1.69211420523196065524 
-0.35080125165878078830 0.69277649128183460547 0.79002055081459687802 
0.37786765929787441420 -0.84121547220227810282 0.40502037598730084023 
-0.16571256978562581841 0.60969197886839732181 0.19175326483247040477 
-0.34985895816747952791 0.85220066892453016916 1.23959653829900795508 
1.38371114688382834679 -0.62968560790165906127 1.00525770533244518390 
-0.27329825196790896724 -0.40525062743484707717 1.18943722303452759093 
1.22877212594271156831 -0.73591118987574533072 0.62538311033483906520 
-0.21189598462805761536 0.74498583442401189458 0.10785765239614683586 
0.02521032756455147267 0.02135980817649642607 0.14899598046479151092 
0.61634173664972335960 -0.24040715990067521024 1.18953052701759043330 
1.26768474583504398012 0.85084051463104559687 0.31005648736246965713 
0.16436329124891885245 0.56803436225476233723 0.61792465905639282209 
1.03709211859440908476 0.01739397203314163934 1.41087785936584131363 
1.02351376773339164394 -0.87263603872972161923 1.07417120560092427262 
1.02126569751932794183 0.41869415561261758008 1.67437048784297171089 
0.63701269150985240231 1.08349280012491111513 1.75388389982738712725 
0.43583260166542575620 -0.01530850253913044849 0.36901444458856130781 
1.51247386086138901895 0.87889754145797305274 1.96103881847424221796 
0.11606855979956902380 -0.38597535322557463555 1.13182492094244091518 
-0.40328434896313547497 -0.23636928224827710721 0.21124667854156195523 
1.08827578634736998886 1.00499537035350927638 1.44183703727478751411 
1.47724829504725785334 -0.62733394634058015082 1.01040197609979243154 
1.01297880125829786735 1.02579160682377112934 0.87886435051642108895 
-0.30404429402920801762 -0.28905327100503974691 0.09118012419833951276 
-0.35767191175001328274 0.25017461471962681996 0.16748145987080031993 
1.36251170853385183968 0.61374835741406630341 1.81112928441846277039 
-0.40361919704666698872 -0.14960146414510153146 1.57775552093995097280 
-0.24921646319522824942 -0.39423713880475780291 0.27753354041825911702 
1.28796987877639979025 -0.57675025866214468806 0.24920593464346268986 
0.79557467304260054419 -0.14271191327180998698 0.34019340596473873761 
-0.19620349142619483707 0.91466105216337745265 0.60892549357063974202 
0.82966380492001001734 -0.49353049930987585858 1.09130012161216871647 
0.56084581312017711685 0.83000880817087407948 0.26412051037057082681 
0.10491900966038174292 -0.50123383945591615252 1.44587109636761246279 
-0.08260084652156185481 -0.18289016713549691162 0.81186575134825511579 
0.97449796696131363305 0.09406287468211910197 1.66470156695180038220 
0.24011680381117903038 0.19316320885981436151 1.64238716527172168291 
0.64119117899748045986 0.67963337794090583621 1.13657437190417587303 
0.63068147121992024218 0.94275791383280749258 1.63299643696744989363 
0.63561234892003781738 -0.86767045077811999487 1.21819860472243202132 
0.46229520316965805327 0.43352375590778657877 0.17207341191666267188 
1.12574906264430785185 0.12592546243148772245 0.91095373171376214927 
0.70118352717826881726 0.38877375718566292706 0.29370874580389649822 
0.67572827199762208750 -0.79905470231394937208 0.33965074944803280710 
1.45636988143192924738 0.06607529499242892346 1.73063535114340538712 
0.12175311832531593437 0.68501605951411537188 0.71031082019252733684 
1.38310696758703599585 -0.41203200046574789406 1.09430425013682164348 
0.25300622897605484773 -0.77505735975815737149 1.48052917714183362996 
1.04480419330928908650 -0.07829787165855960074 0.93312816861667113866 
1.12166223927435293461 0.17613490994636180065 0.61373584398994551758 
1.17635153875937170653 -0.88405255812896832435 1.35703793288873919565 
-0.07189259641002435086 -0.55490194772506384879 0.10902719025958987342 
1.48291464385837845619 -0.51003608972602343385 0.68529898079589157689 
1.30856648491684990354 -0.86040022435532459433 1.17289844509664953343 
0.55443386003313988031 -0.66219981975478969805 0.77438161137933370082 
0.59662052303576618151 0.44686648409236345847 1.13509697432430223252 
-0.30274260615600212532 -0.89661599779617939809 0.06254273047346702030 
0.23488886153054971961 -0.60434155999295968709 1.12425546414873034351 
0.42428381414101007385 0.62129609773222671532 0.37249152145038999517 
1.15861637686718998985 -0.30436891223772061243 1.64991567637043123895 
0.35476622073327995777 -0.77860322076469679065 0.40017258163947799776 
0.88324683239217982589 0.45529282944619547946 1.15454611795587802625 
1.12413887029577508336 -0.86667566707750365307 0.34113265249537150225 
1.40478530811971435988 -0.66439705780044577832 1.06412122299148048654 
0.80883640674450296704 -0.45501744370770530468 0.03932424326562564826 
1.45915752447451207985 1.00410995370859668085 0.88895689167541869224 
0.15269806402154303959 0.01744451345871119233 0.56125514504258644521 
0.04632739585597658860 -0.07185906341647758933 0.92347013617552964337 
1.31169335473854364871 0.62821282647024501156 0.31839257853119912189 
-0.14041914672211078252 -0.66704939097601467779 0.49324081057457747068 
-0.36141208188969342618 0.45414561824486571195 0.05410082347793630786 
-0.32296148360910231778 0.78766358179221784841 0.13602704943877791388 
0.37770783198425045279 -0.47226474393282086295 1.69163893297033562924 
0.39353610173201636346 -0.37850383789593294859 0.81106390916633341881 
-0.13953920636472619266 0.62163132515969943270 1.68181989714534263491 
1.04672910129861485018 -0.60559895721323508955 0.44176504506145997109 
0.98885115138012902314 0.61941038085325628160 1.20552772771401572882 
0.31838620819533064443 1.05138952554947295859 1.51096727577550993260 
0.95962601072275466318 -0.19058328454608566838 1.64595678462501893158 
1.09810395757340240053 -0.27494104586325551765 0.38272380837002306642 
1.35288280936179328151 -0.07078413352172198414 1.51374012997344387088 
0.98357669212503640033 0.84945471119756954526 0.66907610058488709015 
-0.28327439725335246123 0.82622175390344043677 1.92553278455146248405 
1.21256064282254305553 -0.58171801923613275509 0.82418703978664586973 
0.28097233306473784475 0.83309325775077847087 1.72135557484633605618 
1.10633124465931409475 -0.49095028004571800162 1.65278712584319520396 
0.95147145352548467834 0.82889299249660031155 0.04794754378795997724 
1.30819075587245992054 -0.58822438913596997168 1.31526144701067138065 
1.07020780233580081742 -0.90096729898899252653 0.37058547012677650612 
1.31723784501440532857 -0.64021105214729856492 0.34154910612817551696 
0.02925237939973002882 0.65270725293469988859 0.52948695954469104930 
0.77470065940767396384 0.21963981645220354011 0.94709088789188222712 
-0.33658866182822883006 -0.42206603942884379777 1.94968999074033955132 
1.44253738453477575732 -0.20386781727915009865 1.93235597057099295348 
1.12485618560414124545 0.79115081300856215929 1.73045257344500114094 
0.83669969069551708429 0.53352608476735863263 0.93567736282137836668 
-0.08062396900241833309 -0.89570354241092298153 0.88944965313849766453 
1.21950220323587465998 0.08908692095657866350 1.73744259544244794569 
0.32569128939332264716 -0.84306391239489963940 0.76574719899408727475 
0.48745224266601283603 -0.33282486377264058897 1.53895026208341811902 
-0.13348412586794772272 0.32164143793178784358 1.21307148248689689041 
0.65286052137498806758 -0.58638976139160348122 1.53792944275125953446 
0.40010812210910262632 1.01362171681044843652 1.97169641623194391578 
-0.08975312512969582657 -0.82892894834489971867 1.03813644121975956480 
0.59482055931983524033 -0.82728606328766451927 1.94750329970770885701 
0.20098644925248343451 -0.38959986074570757131 0.61737425156805902926 
-0.36682535925775033858 -0.06379303404092748209 1.65680566571656662234 
0.32927404648647290442 0.60703458465952642165 0.34684774947410745849 
0.72356994702457033686 0.66310495556276694007 1.11329308784818925560 
0.25684351408392436245 0.39567008690461258347 1.32066065404638366410 
0.93911873152807046061 0.82762082677436699107 1.76234541577356829123 
1.24125191677557955572 -0.38559683951639250887 1.88089458150600763453 
0.62323272572460008956 0.25508430372919965734 1.94662590188984419015 
1.37719453052868279208 0.64990017195724292254 1.42528123406838336251 
0.16446856046081756442 -0.15030443720508199212 0.79092037311912544162 
0.71506551439101406764 0.73661943149302888667 1.47122298391044248334 
0.59668285264574483229 0.65458364415263192715 1.47364133570684763264 
0.10474907989832564492 0.61077072424295353326 0.29855676641517375769 
0.31940629595536335072 0.43078567010083890221 0.17256471706836207236 
1.34527087945303480687 0.15071955135789397162 1.52147014769052280059 
0.27855755159781608876 1.07178135251131734229 0.35212145856712745440 
1.08118979189932762353 0.00695146010716002610 1.43936556443180596609 
-0.17103851531818392573 -0.18661210666772948263 1.60914081436532674374 
0.18240228118132123525 0.23868795606405074361 0.41012756207444428513 
1.19772682412129283236 0.15066555662992450748 0.89378960342709290465 
0.39617782764877573776 -0.64601319840044479914 1.03441814703234014061 
1.40528616738804501551 -0.69614333474226153253 0.06201431001392967990 
1.12447814238401333498 0.37334704733402784838 1.76881589580755238522 
0.49947339508643862072 -0.36159718889917363827 1.09203712743868752710 
0.96017745394061815301 -0.33022220588771533656 1.17474607736330582952 
0.56711509669800819200 -0.01594203124160733370 1.41092698787622539136 
1.01086329202718272491 -0.43501783107471031498 1.21085128181123824476 
0.72298950948050233478 0.89546907895793514953 0.26498731844934292345 
0.68571481322241656375 -0.11444551767985627899 1.81758567620955169275 
0.44626823732523235311 -0.81116016113153599498 1.64371951126291260259 
-0.08497139849946715173 0.72147983372961277393 0.83737468538093307036 
1.57411029046476058646 0.07083741560158918205 0.52835844287938915631 
1.36482130718181271511 0.15228244635333448853 0.07791171794722819011 
-0.36348999029577505615 0.69151578682950354260 1.17128665260544950755 
1.57191369249620982451 1.08025396249296079532 1.93644573487286897340 
0.11540016589689451598 -0.49991782932548994856 1.67234199451281928539 
1.03656419283354384042 1.05668957211748071323 0.36329867394748271980 
0.84051659267815670429 0.77985097139799208765 1.26064680134054429850 
1.19137761671581565714 -0.62554445762292443245 0.99709091602701616086 
0.63544201092952634635 0.68418250080667519786 0.76869643672089904562 
1.11388697393920943490 -0.70442441180329440353 0.24750224436180379151 
-0.29475496441693088689 -0.86446031308823712003 1.72335902028592813373 
0.49262627014840837392 0.84369731761209609822 0.54865596865666566018 
1.16431507326369687583 0.57983369220082237039 0.26357007991065334318 
0.45578023737014589090 -0.66712062046587983222 0.03613741421100137574 
0.82344373065921649957 -0.82350718239507447738 0.97363833814670863731 
-0.02035429288015501090 -0.21305485327174955579 1.72068967562657593184 
1.31999239541127355579 -0.86752671687383731136 0.69142273956358657472 
0.93233848597489088483 0.35970113282464344362 1.60724385760121402100 
0.03975964965233168280 0.80799745760566499264 1.24604922413238550227 
1.46809465483927858998 0.57270913085332120218 1.67802276339613243294 
0.65973506891767919047 -0.83707991029546902073 1.31841209388369207112 
1.23179116323664628041 -0.58665108564333334762 0.26130619404392890770 
1.07886070203181971827 0.52026150164347950700 0.65448407840640254740 
0.39174754768920366788 0.83084314665063996319 1.79244598057822934756 
1.24608493539137432649 -0.30619811633723448274 0.15527685317340927940 
1.50141514854250091027 -0.14698428008778660625 0.97885583085293603745 
0.25127205597510993140 -0.31296809247447571201 1.95107450483684963238 
-0.40155808128768200049 0.14265403268678156223 0.14217059791542063785 
0.28995980613686805905 -0.16309936465988206233 1.39604772334474547257 
0.24116109856445877568 0.32966032701994013587 1.41305894562466116682 
0.60242845264365640912 -0.50890178684266718090 0.65293273766155879301 
-0.30655999544008455393 -0.18684118176459477145 0.47484787361292929431 
-0.34502974099850453049 0.10072480211538641093 1.73687899027357706139 
-0.00753891810780740572 0.62913771891659697744 1.72000369180163814598 
1.36120659974137780956 -0.82190081165000639096 0.57477570538347377838 
0.78746210679667116850 -0.39224993455699097566 0.16186269112130022285 
1.55284523563904275356 0.13116592670132362630 0.79874534634425409241 
-0.25557467630823771376 0.13325964860587558025 0.69433509780968050151 
0.90258300343204289629 -0.81655706180566778318 0.93030393061123306531 
0.83668698269167773862 -0.30705469477489311103 1.14490836309122379078 
0.04482625501346815255 -0.64034596917844599506 1.88060220196413308003 
-0.32259685446419106292 0.21343734694815566511 1.36481917856598022887 
1.50521765504999516239 0.16679753771191022094 1.10457816917519235922 
0.47044891344611750039 0.35650522695803787965 1.54073534903677367147 
1.36276956505653656926 1.00742096861932406426 1.42919535395120123056 
-0.07847350134105310349 -0.83456047630825391792 0.25662804786568799154 
-0.39837274385343657279 0.66671371114674715663 1.96871055391180393990 
1.57968663098540895717 0.63567864910994908989 1.47719902426067695167 
1.10935903588043416335 0.70250887657519034413 0.40028164529489829171 
0.99600667788539198888 0.77436027188229061835 0.12017535768276890740 
1.33325264938934062720 0.22802555304851326867 0.38492825931503904524 
0.36828166916191795721 0.72091603062378006861 0.33857656293473203934 
-0.02074921067381090695 0.36960917532198123148 0.04862155341973289913 
1.34449752830276070270 -0.32163766335719634615 1.38701741239647780013 
0.60304800648585610290 1.09155600522015960863 0.73956011099861884706 
-0.10654285272166670595 -0.87589216110816670025 1.26483522206085852169 
1.17740180902813995623 -0.07713399763562012179 0.21126786227119834227 
1.29056955160886266398 0.57790933012702039306 1.72082701504818880167 
0.67738216654699079378 0.20620351444561677012 1.13510380486567630243 
0.79494543256039640333 0.43128639127023027378 0.37134629553769538113 
0.71622827891819018653 -0.38979462765173478189 0.77056081302654311216 
1.13399578224122388193 -0.65321142456801017939 0.24209111614374237420 
1.59320630710966382182 0.30196716726978994894 0.88197511080222612545 
-0.28371946538250536474 -0.63158234585562289531 1.59972640251863507110 
0.27762475348399956454 0.32512963949599366087 1.09524838314396366634 
-0.02478597500801892409 0.58812113451913028417 0.43794293695833963476 
0.11067958169930164347 0.08802378668861006450 1.00327571366671097763 
-0.33231249938676166167 -0.90902729889082944936 1.93311533279107594652 
0.76142652731994964199 0.11935087943208173844 0.34200896792083651521 
0.60060318633918663433 -0.32166006690384585376 0.87540635863148219542 
0.23645457341246978178 -0.78921967507264267905 0.13079124762837321394 
0.71508155601898093501 0.20736057090041248863 1.67619375736893405637 
0.83716126250775879658 -0.00847697100163318819 0.98582035213295882148 
0.24222749255017594905 -0.78300453177825390938 0.92001814290223105086 
0.63136471067246990874 0.24183566203699366493 0.91675164800923092390 
0.85096919546353455566 0.55382097668788754508 0.91695651443432746319 
0.50803841729092669155 0.65407261572924757509 0.48408828303117396041 
0.07658192052306185549 -0.79570140669355227114 0.95811981120590627992 
0.91273486139119131000 -0.62188635117673718433 1.34637590848253219100 
0.67782876646096457129 -0.58908174968674575922 1.85038681017242945259 
0.56092208479973837409 -0.42153486333030787403 1.93057235290074813427 
0.34820946543478809021 0.40478738521101831349 1.29183822073550946818 
-0.16319971571175098668 -0.75921001737521809360 0.10665182390278815650 
1.15928980657991531622 0.89253898272617471221 1.32507124575440426995 
0.41136124115332217688 -0.07557338359584564458 0.84973664810086702026 
0.11552135943526449513 0.29033747863048364746 0.69235266245747406622 
1.28733372499809384237 0.32795591001583224156 0.87296596346061849925 
0.87244955480318164831 -0.68355968754018159306 1.23944452751748634967 
1.11763247013173261379 -0.18531455795282703036 0.77189947785975698835 
1.21118102291816231997 0.89787338257771664995 1.18193766085006690680 
0.53048002996938081743 0.01982116376311550063 1.93428485591246746012 
1.30985617218949967899 -0.52936175432532561747 0.11714935024855391288 
1.44466854580716308476 -0.10176921417464798725 0.60984241200345645773 
1.10694331304751014677 1.00003238388470272469 1.65333554513218272675 
0.15717978256268738679 0.21700280524557746809 0.21094361080337412084 
1.57193455569579887410 -0.70722960883114449615 1.90912016459912603494 
0.06517406586956868420 -0.08250985451658401915 1.69164639921557014013 
0.10052871592056714101 -0.56230660156315737108 0.09688658351000398183 
-0.02725040173225700899 -0.20939942112653617268 1.67114899624116963750 
0.67589858243283551520 -0.22803489063208012833 0.45199008077262475824 
0.57947956180887361111 -0.57214837774812288274 0.09359454383832994939 
-0.01997728559899146494 0.17296175449398357160 0.92646594012608973756 
0.71080410824307149742 -0.20582217741631805841 0.62049767576953529513 
1.04239527322074065907 -0.78530651205667456605 1.81466398111857518671 
0.78507065166803624567 1.08716907628455472512 1.36457900334725534819 
1.35537060461723712912 0.59804915076947662289 0.81358057460352173340 
0.18173429954086919857 -0.24817836696616105141 1.12040605387025471451 
1.20361421074428243116 0.58200059890680178043 0.28121300946271371446 
1.37731972279334646814 -0.34840520224761623025 0.98431163997621973216 
-0.36164262487376230837 0.76821570717274201279 0.14490796295995575504 
1.14978470801145116198 0.84973249309278686692 0.78682532976253449775 
-0.38500309692902651149 -0.90268900037184773844 1.73160088864714523105 
0.15819350457127168141 -0.67209328648519806038 0.20633961790845228856 
-0.05429162500091867793 0.42476816177030468635 1.68368537365857018351 
1.18414755754753642236 -0.39892954332096269843 0.69141167566799921484 
0.30964205192281829548 0.26857353110146237052 1.69391599940182135953 
-0.17813538675333895345 0.93279646550072026212 0.56468820604512470762 
1.54805821022934941844 0.16572415800900933136 1.87376332118179633746 
0.59787366406705533262 0.96718983723132323505 1.97821521463910454663 
-0.25062040435993732101 -0.18003204349245188753 0.13803334778525941373 
-0.00672757392633699207 -0.80217540085687422113 1.46132930775123370815 
0.02274095275128171223 -0.83586205000581148550 1.02498587875169344663 
0.51317525785147788397 -0.80898258914599219249 1.71395256273073770537 
-0.12398513892030088579 -0.38689985459109421662 1.67718885686181029548 
1.09918282227864927414 1.00029828676429621837 0.94241177700301892450 
0.39965853595957961941 0.39670131302230621229 1.63446183516168641603 
0.29998995467921796276 -0.41550633881532661462 0.70012219945234765994 
0.68637152219988162294 -0.39394256274252303918 1.90536691112098077738 
1.23580858049786401764 0.61569940317515869932 0.21178591092461124257 
1.02779225709385779730 0.89479041989470287088 1.98723693974541570917 
1.41197886289504914714 -0.57196851812460991482 0.66098895285922132370 
-0.10273752929598510553 0.49310337075605681356 0.12426471914253819917 
0.68525497686352621063 0.28615753518650610676 0.39449631089970121911 
1.50837025123961665507 -0.13536898145543152516 1.04809219768406114426 
0.84050063067898050928 0.23879228143195108114 0.89562997230793095493 
-0.36385951503018454378 0.58435336974540896815 0.37991612917860156928 
1.38684115527961271397 0.45312631564391786521 0.17114513443803955339 
0.52165748226589103709 0.16467303359554738562 1.16673704335817296496 
0.80391452600811075246 -0.86210823878289311040 1.86184438684138275910 
-0.20045432507141414114 0.77768488603641294787 1.17133311518230143200 
0.66954881925275533394 0.85339878093346432930 1.75383595432796202118 
0.33654027993576435263 -0.00307355279578333529 0.51447373257463457907 
-0.37185075910763876195 -0.88311793239947011802 0.86134336912122855257 
0.84317005451608384448 0.77624310952022590460 0.21202330887465153930 
-0.32334089415586025895 -0.06677493640804425812 0.32971384144635645930 
0.24024655372665790209 0.82387604358313359931 1.41385075206467569764 
1.41727598416904920775 0.28032932295430018632 0.22059731750827074603 
0.83614180162152162978 -0.10961134197336340479 0.81816785010699233371 
-0.28496973994540336639 0.85295006901658798615 1.69066651263491918300 
0.03745525968182181198 -0.80681785433523600659 1.90777706056819140734 
-0.11406449510572576334 -0.76109931109089934420 0.15475466757903458270 
0.79437440966372774298 0.59205828036157415184 0.04592326350863196183 
1.00276388628924317814 -0.86547224333355599057 1.64198855452040382019 
-0.20014419809547415174 -0.78476556826809851231 1.12729847801918703354 
0.84535906284478434802 0.71768807254135358331 0.15378239245315258876 
0.14522576539337733736 0.27926541899547496772 1.39827482502404865095 
0.03232780904526501298 -0.27996453151757594302 1.15637303691606563305 
1.39651808094300111662 -0.12466053017944263293 0.44712373739338140410 
1.18905766716088878709 -0.35600155239224218207 1.49355657476775927073 
0.45786267814081893501 0.10190632537071295238 0.41620026473296972691 
-0.00289544577356635677 -0.11975778122439063866 2.01927608709566586143 
0.30620594526645750211 -0.18761270969062612823 0.36912518113549896981 
0.75413719413864133134 -0.82144410642770659958 1.11153320628578589080 
-0.22302425005168871608 0.09253077606370861685 0.85616405576216003670 
0.08718855060328806195 -0.50195120850615015939 0.65547001033114549173 
-0.15225994193635622453 0.08567379983687289924 0.17113224339388588557 
0.74613237402947851784 0.08799933604620101268 1.28491309448826873663 
-0.32362457344958944772 -0.67693647189490702143 1.21297339968869977156 
0.52892873953704722112 0.62803445593280493586 1.10493799999835951020 
1.46936125209942147762 0.50864923209652090907 1.92282517694159493793 
0.35598670530800374801 0.15184007573222227383 1.75592785079799051928 
1.29193357019359877924 0.08938729867749312108 1.28064998784965577983 
-0.32655365004030034726 -0.02957312033094576173 1.57137324694818159010 
0.26972389963928927736 0.33804449923059037841 0.36554877793243878425 
0.18168851814446254633 0.36251268107022038834 1.29457139170211399382 
-0.31220674690616279090 0.83836516431886676237 0.49787208117084386094 
-0.06156864624499884531 1.01017280878554593926 0.65367561132528140266 
-0.36944761648695856326 0.99091504515203210346 1.97371699306372927474 
-0.14888196080678062216 0.17365132797432580869 0.78190914150463652899 
1.31063242338316388036 0.21713817734838467000 0.41016844615365360971 
0.04675188397002787155 0.16704122042474303655 1.53290862269386196637 
0.82119613268484548119 -0.42474548613388551921 1.97183415973901676743 
0.79650783000565805736 0.08948686190548681141 0.95649770200101136286 
-0.35736364041892565435 -0.44464971100557154626 0.12486750251651003440 
0.16093973011769582837 0.77270429640300930529 1.71149911883514360689 
1.07804749380949815851 -0.82871027235263883259 1.55206498138646353802 
-0.39012516893915277771 -0.32983795588154429801 1.00296785575807279045 
0.07782711529380152704 -0.60442549300145909097 0.06976936316004703209 
-0.31132791700393086520 0.39207438427531615677 1.86588811386089226119 
0.84888361646093624113 0.41143739917188487665 1.33194528423912306181 
0.61719670694093287100 -0.00025154956761865282 0.61167911327864421533 
0.06806353007011595180 -0.06448801307583555686 1.45217690532191823216 
0.18962673843414981634 0.14215239115729177977 1.25985143988041503604 
1.23930364392972913734 -0.16054864718964506620 1.13468117589283634672 
1.00184897199040889859 0.74090202090749646135 1.19481416419770414272 
-0.41689687951547077516 0.82457794364655678798 1.55968211640284204478 
1.46694380955265257782 0.12741100655773271444 0.47392025349986688365 
1.38209648247070382432 -0.58426398192533468556 0.62233404247727419634 
0.78945502853789328856 1.08768293830922302412 0.06540068270321110211 
1.25361021902185720833 -0.67408667596706117742 0.93414711328629673748 
0.36050848339971142131 0.73503218591975805207 0.96914809171409332933 
1.25598876300239381543 -0.40542668676975956998 1.83029646068274942650 
1.42042589405101526978 -0.72427924129213305804 0.21287457049143032606 
0.56465431147252709287 -0.68997570315003453612 0.80641074247582877899 
1.35461599388251574538 0.64576277050133534807 0.62473653261120132285 
0.22422432413517728866 -0.20393983546173141685 1.98626730618718450039 
0.94763910918631821811 -0.51439844825376801474 0.67174299632613898581 
1.03189605181184740346 -0.18854858031542004460 0.04387289493465972023 
-0.37891959533632396662 -0.60016492413779887194 1.50253101736787764153 
-0.13925837574429128507 0.60800276272167486091 1.69957027334756771708 
1.25105990187972304639 0.28615064492427683129 0.06708843815437966207 
0.82911196153287070043 0.80678684897460861691 1.29168134537716006172 
0.55948510089954550661 -0.83982705343941421727 0.57304003739923381477 
1.50771500938140068371 0.77445801731260255352 0.29850372925536849955 
0.41156577532655447271 0.93219526482228320940 1.16328353948650020655 
-0.15797550752881661662 -0.84618090010006574708 1.85280281433594140594 
-0.32361003881904432111 0.39354680557824328613 1.54262136272790573166 
0.42248047193478166506 -0.08590436095513859227 1.44121264416513539253 
0.45544163595387360255 0.70452899119195133704 1.97375350421535267209 
0.58728935310389573932 -0.33195717914075745236 1.01407200849116074792 
-0.00718621007564674945 -0.84719259378969347107 1.93326519291985832183 
-0.12616697292188852608 0.20421945767748633793 1.86001368384059850847 
0.80987920288357295728 -0.80626647650612370821 1.45973603799729900743 
1.09446682379731874413 -0.27078956555036781673 1.41933485504907941355 
1.02703886239865416208 -0.61699949374218976406 0.83567972684902935843 
-0.03786622128004481225 0.37857181671320377925 1.63610529203942811627 
1.31396798846708695585 0.92529675682483703003 1.90084810181624530578 
0.66179183553199649737 -0.73199410441806567196 1.96944595370893527075 
1.50466634305278423867 0.28533881320007487004 1.78029577035430808252 
1.11775358361103438476 -0.74754932683819186323 2.01102998570277602397 
-0.11787419145973634937 1.08645062739992681600 1.33877803774490988786 
1.51157069953382938721 -0.65718099136621754841 1.57171476986800806586 
0.02736091673107927946 0.77334726948264453927 0.17518844924512244621 
0.92558828328904341198 0.77093120595259279071 0.60107153147833480844 
-0.17885174292341857183 0.57334057911066060864 0.05309817946937357008 
0.64667505349056364494 -0.04184101894557413354 1.45787348054570364830 
1.52838260082616850255 0.37716227561167342541 0.09416292588103936101 
0.49870468371825787957 0.45954371357594081537 0.37556569920148613617 
0.15121079576271059808 -0.66255518373499266982 1.30970457049805899530 
0.67123395523103712712 0.40189722986940823457 0.53325843284336071903 
1.00143905848006165016 -0.76612812155146259308 0.89499779349497188274 
1.51890473673951786893 0.08921561938217942300 0.45380196656438892555 
-0.06886964813476356695 -0.37794678264401365686 0.93146616315409958009 
0.16944992808480913160 -0.41994268812024915238 0.44041406162927465573 
1.43941701407352629083 -0.71060289129759734994 1.16450781173071726826 
0.90038626589738868233 0.87026906153391969667 1.08667383858042709832 
-0.23412497051234729128 -0.60881144005216181192 1.24745762820567374085 
1.52559818982641481888 -0.45868065651233069779 1.93046333932209002171 
0.79681251701432431744 -0.75433875074060596777 0.69115012628376926163 
0.15525824839878618611 0.81219379896419097165 1.41158635174079827301 
0.94388706786148324213 0.96929971322359220753 1.41347727470563566676 
1.31667081382429129732 -0.34803399026460890564 0.56574160483716506853 
-0.09180930554145400047 0.66685091176242927702 0.13744765857827928590 
0.59188438637045337476 0.89282020497355629729 1.33025436725662937754 
0.23434680833221521734 -0.86852294069252600206 0.20967836885841384387 
-0.12692925636966753689 0.64900704824011368199 1.22852096041501557266 
0.16237453735471849003 -0.30039556990977456241 1.13904627623496668143 
1.11034579330252936025 -0.71790035366798543581 0.98248396859243192214 
1.39920288820242633143 0.07682578937802583829 1.42665818841958325081 
1.40569245179842861049 0.85613469103190731335 1.48486203163934593618 
-0.24806756045144207068 -0.35334256069159980518 0.35023844292174954873 
0.78622904475460708706 1.07015224112508322563 1.24483667929437991084 
0.17572270522953384320 -0.76388780059544414414 1.66575951837540725542 
0.76384331490124046660 -0.22909463724245954230 0.93240921200886417441 
1.52087969185574145570 -0.62186439393443826429 1.12501584277093091835 
0.06855046291601671338 -0.59464528245236869530 0.41118091448074473027 
0.52223812602285180073 0.75985749596471507950 0.38011187610999036535 
1.39946201257815228125 -0.82731434722851060481 0.65031944126716656474 
-0.07128668314153022156 -0.64439003973963537852 1.31738102856479266656 
0.92009682260061309567 -0.50721733224612453039 0.89113854242542223094 
-0.16728483570049945683 0.09047727515533603160 0.29623125688834461844 
-0.15493218382684206813 0.29158448181259855048 0.14048726653444704171 
0.47939125428574130838 0.38984147187055456785 1.21233101607806048605 
-0.04336486290242036468 0.99591953244768260944 0.36007337652120896543 
-0.37930517511730321711 0.05747546167014543073 1.52568608947110995189 
1.35648467722962551285 0.01267706897445564432 0.65087017963854232327 
1.30629757624857423259 0.51378350649459803012 0.55200154299130910207 
0.84279993253912921514 0.59009042669670697112 0.73716952907732613554 
0.51482407989424538997 -0.51172118354758422409 1.72869393502615498193 
1.31693574268762314539 -0.25432002431635597484 1.27419018606247780312 
0.93582099271710494914 -0.33887660053593782195 1.03701536429002127981 
-0.34408567964698399955 0.92380722993616981586 0.34508125599285000007 
0.82252243899831878338 0.23203670886247690364 0.73752230859699918764 
1.12399430939163158527 -0.30590576219633552890 0.42265505362647287635 
0.71336678737191550059 0.41168679049463668962 0.67976776627228585603 
1.59802415452956281250 0.99176695210167131744 0.45543499964496669818 
1.31040219464833840313 -0.21975852156926997671 0.65598704666478580005 
0.35608203032823521061 -0.86491589790835077256 0.68386809023409422803 
-0.32280892065406230351 0.53302353658442758189 1.02763694318527010196 
1.23197230988633643634 0.18049036987556482670 0.44680012559597320765 
1.31640743618287014982 0.53099280337302467991 0.61367321803438856787 
1.10875859696157763601 0.33087057687599980005 1.03188447544709949177 
1.53563335728515792944 0.33155773449745368220 1.56997780160727584686 
0.95956051443622514263 -0.82907650617146988470 1.40891228697097181666 
0.75615871496510489447 -0.18560173874024549212 0.42560084047341023572 
0.47548133576919787702 0.00190766308271436008 1.92710431470454746083 
0.27371012195578059423 0.60602400368037889766 1.64651278666065925549 
0.34780001188037079629 -0.01667280595397396814 0.48546730626346912274 
1.35147606421200916493 0.73308974803721405067 2.01009649739181206485 
0.91594937846190271902 -0.49144714985889503822 1.19387380884250982049 
0.05403915977996781583 -0.74703752120810373860 0.79862985814508780091 
0.99811539666527238079 0.01574594805260391694 1.92207348803982247532 
-0.16512953061541485456 0.08442249734863589705 0.93011113943868839460 
0.11596254258367437451 0.51978129388759208851 0.11506328219347994324 
1.44433798925738110519 0.17850611395622328903 0.62279613230282382386 
-0.35887618019936856628 -0.37556362034644796832 1.92084665528360409859 
0.92672790283470107831 -0.41273672947686057544 0.43281090320289006268 
-0.23107381190628809020 -0.89349043805775607563 1.94411843065959377697 
-0.08066216817393113969 0.23766406164305964310 0.21633725615035265255 
0.62077117470980469616 0.92413147803904216460 0.33253719177036067389 
-0.39222805746622663170 -0.20515567665413853016 1.24503712775652530809 
-0.04040654811127894486 0.65938779381335010932 0.02495102224893459841 
1.03966406668467303831 0.89725879633739724639 1.24392550094093046198 
0.92133468860110734333 -0.44473117660201422208 0.40375404576547518909 
1.51718578173219054150 -0.74497050539937192948 1.80979537978074134230 
0.33605184599222803765 -0.19970199902410434856 0.21497694685009671733 
1.10233793377354327703 0.59373594403025664601 1.32707999639406692971 
0.06098278640529972150 0.65331959617641510718 1.56876294920505743313 
0.80279689425346223430 0.84480325681096801738 0.29237558722221013152 
1.44470721815709901570 0.65288130018435552859 0.38538141858342489510 
0.07785038762453139194 -0.87703372637250265331 1.68650930499201479051 
0.82922036917408104006 0.26832480708203493291 0.88730978264815218992 
0.07693127156322807081 0.11253490385832941312 0.36987203542850932703 
0.18564306554752282863 1.09644302411149308085 1.33651059212687028932 
1.11603799377725931841 -0.22455865960332035969 0.68115288476784174865 
0.50883979435214876652 -0.16469315283617874668 0.50763799500002126930 
-0.36733275540496035383 0.24864558925680746437 1.93453373255499250227 
-0.01563728062989276982 -0.07855680554708921459 1.20297033522378371551 
0.06560529555667517221 0.90018809873846905578 1.24512747112194888111 
0.79895590455232268212 0.09431895826314182218 0.30814106621156367449 
1.10068023547549054264 0.40810130898362023677 1.85373897952558119862 
1.42608744603914305848 0.72002522685655834245 1.89546855508209244334 
0.23815344392570936272 -0.58828573608464018729 0.14639494828002980187 
-0.08018178697325899218 -0.50650535005308838787 1.41279663388108844835 
1.52831385675561848281 0.35488951707940424862 0.48876924317508380069 
0.12284318505927166454 0.36393966768949098656 0.02794499189346751414 
-0.22834616268436480624 0.21403588410158952415 0.41161250229576135107 
1.28206789222583683596 0.29155310558597141712 0.89359035453638424595 
0.66169027772712118995 1.05558110328659315869 1.01100067624916967191 
1.21307390427506422981 0.39345542778335579337 0.93332268760468029001 
1.51240690585920378730 -0.82836110440866006499 0.13051648044421554351 
0.12135173487103384504 -0.26879419408076160591 0.69539255569843627658 
0.94786521052108307916 0.97954630722780000607 1.40917086124208346121 
1.52208692124256428357 0.60453203254926068944 0.54610583833294013001 
0.30706456323146474885 -0.18805425449994811471 0.36891062151690112714 
1.30678509276107179815 0.55061800692182771844 0.42761643079003636148 
-0.00724097473971112467 -0.10102323718738018266 0.69084409378714428662 
0.79347598049827794409 0.34111369888364195813 1.89436913539856166544 
0.56142711962562907857 0.88717514867468838524 0.94358297975258365042 
0.44401971213912849734 -0.79529945982593563958 1.13374726701047312538 
1.42093703336742871457 0.45481339783669716414 1.94558172794303740893 
1.51520914668565165329 0.38422931687343236939 0.98570808423567446432 
0.72278462264728637887 -0.63221613756630612446 0.17558882383185739351 
1.02993380633591002926 0.43593977700548453003 0.37904268502378107852 
1.02739046678476753094 0.33132262037364135221 1.03501268383936029238 
1.02631719244190877660 -0.06203336544553010590 0.18341988258816335766 
1.31334554397385083746 0.80783015586443185363 1.29093801406136643450 
1.48699335765631723838 -0.06706583439577222527 0.64657328574119554698 
-0.14144505910860513676 -0.19957761536562079741 1.93461951551098199076 
-0.13579840231829928832 0.04969260649282958298 0.11299337066524779705 
1.39384859164044638824 0.97583431838085177290 0.66562368577979447171 
-0.35774846271322274793 0.09694360864742319894 0.79611560135889714029 
0.97193135709473521544 0.55836149951171099026 1.95580701997472772291 
0.69927110723067298359 -0.80010509573875243650 1.68165417103970904478 
0.05571195857995182854 0.49768071474833019963 1.93714626921462107489 
0.47388145550073029755 -0.62745261334584845336 0.48754118960688697104 
1.03548897209299406441 -0.07546392223083671358 1.69883400236340165179 
1.06756660710627437894 -0.86723276294437978695 1.81303954176974446710 
-0.16427503781315086484 0.07646037358936375039 0.94261332883435677843 
0.31684063140854601404 -0.73772713005383561136 0.86756282659072891938 
1.52119387178748177725 -0.29674345473447943933 1.47449241004535047672 
1.35721754600001465185 0.62480491105558821907 0.67917105465507621176 
1.23814952668801758762 0.63304580086682016304 0.59218641768405133607 
-0.10938495482017956961 -0.88137081839547248840 1.20436302466110300990 
1.50986333498650249219 0.57228279777415047569 0.61074193677224464238 
0.39822781704907506128 -0.06597941231144255347 0.85093979693839394418 
-0.08468598308956128140 -0.51282498201302151308 0.13182842408953007740 
1.45345847960143759181 0.82585834295659887871 1.53050150369904147674 
0.97071800911252437150 0.50555429141449859110 1.92989356032172287847 
0.61799625646435962789 0.43926023757931481617 1.74367858766374572710 
1.20263542062047101844 -0.57591877997829843405 1.90476912433823364346 
-0.25960837399174246931 0.88348889535678953866 0.78694535064005455283 
1.43921370061543085761 -0.12409615655124733857 1.42677152245324312396 
0.30714121585016279647 -0.39918905559602546607 0.38645027612792748339 
0.58447060517440407867 0.10964500207143372534 1.60923468339670194815 
0.06825817080858150032 -0.41130130864879432817 0.38911857453342507673 
1.34626976735793113527 0.18308971268674892330 1.13054541346197101603 
1.07788677801779364529 -0.39112922021634788372 1.25779054162588832533 
-0.16424480899409046875 -0.33336726626056056855 1.31773559556194963527 
0.37323273757276664853 1.03190723233903169920 1.15360064936576178773 
-0.36790288439066592963 -0.03858266485443487270 1.10960234062042140124 
-0.05784899016754933843 -0.04892438045008910136 0.91647635095760093815 
0.20150447860045889170 0.65997603935908388806 0.59204032310733889499 
1.38619883890821204986 -0.90511715275183246554 0.67612934114143108388 
0.25829002948399404360 0.70030268638629100675 0.13233595599799835574 
1.32748047523423773342 0.52858473116143911419 0.97971188050816448989 
1.21426116602533573641 -0.61146662137765550593 0.09237958478821389763 
1.51298014034184102883 -0.49962486023577978855 1.41286304731791889644 
0.73357462913539595029 0.28965857464121147480 1.96137966202950764227 
0.02701960697950546789 -0.63804541449394391872 0.40157297627362475989 
0.27860728329111955626 0.62370707177807394039 0.22058016735819996335 
-0.31925018923025100248 0.88797333006054657289 0.53870580142742630070 
0.46006188946499770864 -0.12313656647387104248 0.38813292929323295333 
0.50250857349852251499 0.29292799397448460175 1.69906960720577782098 
-0.28152658596059365603 -0.10462148233517490348 0.21756131604860257100 
-0.31630880431677377285 0.61229170212542860519 1.87243027627676750235 
1.12854380255875352823 0.10634233695629972949 0.87711597939077756703 
0.32200782080898021631 -0.53524402583422492352 1.02875875675933325937 
0.11691676120060340294 0.47733807916534604088 0.42146665526114401867 
1.02166456685545758987 0.65684667822646281010 1.69100563364339961936 
0.87655532622943177490 0.12487519248114174741 0.46199977252807100658 
-0.21579569427510003621 0.19607469437781627208 1.45033203173152824839 
0.66057721442509376164 0.84968951099106249103 0.77934789485501521078 
0.71418028680033085465 -0.24160573328370990587 1.14553028629013087247 
1.02839193629551739484 -0.11647738246944602802 1.24546970694184189199 
0.37666796061676088847 0.58128955796080727936 1.71827883280204041228 
-0.38956645568856768103 0.14642661054831324074 1.90705392390213002152 
0.67077846582295097555 -0.82272929783006609750 0.31109586013402518168 
0.39823926977051488096 0.37302621002786134907 0.25120291251441950742 
1.55560926957948875149 -0.06746732542542648037 0.08207252833721719043 
0.81433275085257894599 0.80578575654622441871 0.32217957299310695518 
-0.00084905629161758506 0.05885629470028557603 0.13345065053055729654 
1.33515457488663158436 0.45108534559708596268 1.53286880418475979226 
-0.29227774991396920923 -0.78722952349593544596 0.08756868144468611670 
0.76427198064871049166 0.88001292371607287013 0.32115401704683538275 
0.28881458608848309400 1.08439813784358940474 1.26335861362849422029 
0.01608306971253601128 0.90588266143329410074 0.92978387434235032494 
1.51104369165639385031 -0.82799026614994930551 0.57430954595147976072 
0.46048399677945761610 1.00080180052577727423 0.89132833968072078257 
0.81417946194565826712 0.33804567043557554040 1.84666363248116915940 
-0.25851232811191143801 0.27238483446063826987 1.15266580771817150897 
-0.29584207508495519168 -0.61478098471616182685 0.85231462341674113503 
0.13538352689901042569 0.63452925917053970561 0.69850563168505486189 
0.55721002335212121981 -0.30493758179603641656 0.25029731614499378667 
0.83293101841307415345 0.25385196350401839638 0.89426790550978096928 
0.67046530414815430632 0.70218400225769772582 1.73973509130653170018 
1.33223478118392368863 0.88659237484665431861 0.77736272365101710680 
1.26923616430878882788 -0.56272534706673349447 0.17345536138182438002 
-0.32365955231978882356 0.65279178051005559702 1.81046632020127473695 
1.10764271815036718927 0.99224630343150277412 0.07548507354054012630 
0.75665479494411069794 0.84365271460496793487 1.61381924995788894606 
0.37725829710935698813 -0.82607155563772449725 0.55746781875045425814 
1.19258221189611557378 -0.85837384397690197346 0.21124723874441320159 
1.09489082161036099805 0.22264381191032614482 1.40184262078191523848 
0.37814809552654926605 0.84952841312995797107 1.06636717266982561370 
-0.12463044610149894009 -0.30008568572292665388 0.20845061853480165159 
-0.36586053536357654448 0.54773474847659675557 1.56818310093598034527 
0.22662452505496583077 0.79235650201731788744 1.11225401718886462987 
-0.39908963184303219984 0.45030017660734095175 1.97046742319836543089 
0.82909711782765005417 -0.57468594742856005109 0.57593289306110995174 
0.18520911483990210034 -0.78339328737469460240 0.61126816987312238005 
-0.08559898365650916996 0.63930876279056658706 0.81352999058568364887 
-0.18052382573329314730 0.80175538851039807042 1.41356193718644207458 
0.63824036131823069784 -0.02720005342751672522 1.61320732335247662981 
-0.16243429918878801721 0.95288321633434436286 0.49261418124687877951 
0.29009649967722295205 -0.39617254696260700841 0.62466458632672972051 
-0.03013408406278973717 0.30079193017826366674 0.33298994490444477901 
1.58719989956650175955 0.58477005946979043749 1.44393138482802907419 
1.49094901710952520979 -0.15228557614105436846 1.97511881175595971349 
0.24470078003532674815 0.78687836646411835062 1.12529561764718688543 
-0.00326980100559839688 0.00009035227609639415 0.36164787380148694096 
1.16990072575375192443 -0.19519250561958645385 1.43419515656137175341 
1.32253558581518215753 -0.19099168711865185943 1.34552454114794128870 
1.35070952866051818830 0.57358514964818863024 1.93698322796792909983 
-0.04099834028354065046 0.28959366150462195755 0.31368716854523825965 
0.59457585996894435354 -0.36059438334063415033 1.18421012340882514380 
-0.27137990829496161371 0.17555677900035093764 1.40096395694030051438 
0.89810305242728505348 -0.83883080516477270816 1.07712029679762899548 
1.38343099317880580124 0.88498303693589253083 1.61439447605727748325 
0.43996994963492230823 0.85453952488807827237 0.41890378699948149777 
0.72589852518619757404 0.10069821080122114132 0.27561678303576936377 
-0.34736843125274885491 0.19629675843711136274 0.61057777276410951650 
-0.05973950620565930680 0.12427016499627822899 1.13298587099693137681 
1.14656778553571370161 0.08131368800850863332 1.48299863557291322635 
0.47541560497897544790 0.84756809146305001068 0.54239280755023833169 
1.44578195556116995135 0.60776573277681245067 1.10435794892193772654 
0.95055371753576356486 0.26423796939205940193 1.41104516322778517079 
-0.19117647532188683512 -0.57815152393774116302 0.48974124872430058186 
-0.33061705921815204290 0.04387098519686631615 0.07132813666064635738 
0.56391028144187704818 -0.83841311725874212435 1.62938352871381164633 
0.20341747815357766327 0.26047594810135354937 0.40642172040699320323 
0.59343276255236421246 -0.05532957607018872126 0.33788810865574508968 
1.05286295951916342162 0.90832515451726691946 1.48288122723458792862 
1.36095175348872721166 -0.87281075107190875251 1.29890363731026514671 
0.03479186495132550322 -0.74534136753428692490 1.97205811066203828830 
0.10816191363906181577 0.37350899905631734788 1.80889742474664405592 
0.10863120726761912871 -0.02704703848707613184 0.41900125144932637289 
0.30764263525648127828 -0.57695330263045874197 1.04677885886181831765 
1.30744178130075416888 -0.48199505960803584736 0.52307491754337054335 
1.23300724436045472387 -0.78550546239725238529 1.48310305447079393559 
-0.18083337156431472659 0.57654608612775737342 1.92313845351759260538 
1.10592562807576744177 -0.46869772195839043416 0.62453316873939623832 
0.23067648792572106875 -0.57750078930261816712 0.87498615175672811439 
1.26592244639140738549 1.08891843150178591060 1.48500956734226519096 
0.81453297099231203315 0.79578933163936260708 1.21197964412807879242 
1.42872823617312305622 -0.28527854798894486388 0.87093359756830057705 
0.63534488608629935413 -0.90575111469265168207 1.17046196319449302692 
-0.32361734896412835960 -0.14995229264250573009 0.50681158895867894909 
1.08244048582659724289 -0.80953725721210390009 1.41727534164324509014 
1.07669290544980245095 0.01346877665550639917 0.91256150386790868545 
1.51923848103708269974 -0.62745215144632005000 1.09079050893148910006 
1.54894394593544659777 -0.36341098338597738193 0.27345303308479851356 
1.47306264180630308580 -0.20159216231129498120 0.40295720659021155852 
0.51580331532092926761 0.12233796746164225799 0.69192251686190764381 
-0.15473133754251863770 0.91628272297892376930 1.51814147666843601847 
0.07555138524859728033 -0.06874220523969319652 0.64672140621124729609 
1.01962174868797350591 0.59578446790796368848 1.45107811336452274809 
0.39734329516252031578 0.11308964388829849390 0.02596822419904092766 
1.21606422083961795977 -0.36836817736691568337 1.23814138271597418139 
0.63991723669660827145 -0.63032088212475601008 1.56078336972696241070 
-0.15860813138168688985 -0.22674869261280458654 1.18144471359255565091 
1.16536407345903758603 -0.56474054151907926435 0.97477515533754566235 
1.32337671393784406249 -0.09093549096287643907 1.83238480529516389872 
1.07027540058859815808 0.61322896490185851981 1.30128714697541036927 
1.06803686460773805678 0.38650713476489001463 1.11192971537058227227 
-0.28501693295170876796 -0.82983615414393896437 0.33033444367871372949 
1.51940634191746992698 0.25011107296479301310 0.77415290323302898834 
0.38179386548580268590 0.11978838046708747966 0.27295193242230825215 
0.31230155656270358611 -0.66150851681377220714 1.41410499009823853456 
1.31239734752474879187 0.14311544099846920663 0.53854274599098894694 
0.71141355111811832579 0.19251791809320339954 1.41966460453182241608 
-0.16268375642377230772 -0.82767234107246367980 0.76943033747716704784 
0.63444619544020919299 -0.05577788516978807870 0.34046486247827900673 
-0.13241756775725002648 -0.76223510788448078923 0.13039924424381207912 
1.53051510644342081413 0.59283806356434509688 0.12998101420868987677 
0.56628890171646562024 0.48142226262048060104 0.38404432496089663251 
1.11640034286593103907 0.88109430354120932272 1.33299007069824670957 
0.41969502306079825571 0.79586515833732052183 1.00240094074776253663 
1.36856705723977301048 0.38612313640680534510 1.28000745999436715827 
1.15780945624242415093 -0.13642351173441855106 0.86076983107895832514 
0.79722514029846835992 -0.31815159123913400174 2.00675245042001471063 
-0.19649920290269523582 -0.32197693660194243170 0.33528084015922132721 
0.58480024573518540887 0.91870517209839896999 1.99601891870454628553 
0.95269281641086123180 0.63923251435494010675 1.01672820208727898716 
1.49660986918547878055 0.68632655562148459083 0.42094351281086322958 
-0.18785261469898539843 -0.86565953234375558889 0.36133020654541414540 
0.86599666560667210025 -0.32581382307063694315 1.11988869315377148617 
-0.12119066121003893577 -0.34718385062206197356 0.62077580586247260719 
1.43532096273867848524 0.75108195025862456440 1.95887654896525797987 
0.52461727073652864028 0.17483083529728996042 0.09610461216072331558 
1.34095708988510731174 -0.29092095786387234257 0.31782711423126774886 
-0.29123515047134729272 0.73663299286189465320 0.93484169285897278368 
0.11703489777563422236 0.41513429379603566938 0.82548831787155263484 
0.11211573285606860062 0.67643973564030601686 1.42752122364936551158 
0.31997370757969478827 -0.84536548609299932977 0.12719090451074568926 
1.18281721677059525888 -0.83956429274609589708 0.45761693170613820802 
-0.30754833018228000530 -0.40383894754837962315 1.03255369984549272289 
-0.16355129119945802096 -0.06732296801771642247 0.49015870300908381818 
0.43207496971622766369 -0.42186635538742162099 0.09241805724845000847 
0.88471503357502567777 -0.04695304944100283512 1.73641716910987065070 
1.56181354142849304623 -0.51783868149495926314 0.40049484615171832003 
0.74963752017640028491 -0.86803823654624967521 1.78522906156276839340 
0.64311272441697608926 -0.24019759580664304388 0.90788926228261535023 
0.19044053766789487137 -0.87104903832191071800 0.46752307399963721757 
0.38716985110401497261 1.09034915220973727124 1.24082881175637282922 
0.90838970766354787401 -0.79879955931551271942 1.48187144982369622959 
1.53499728224696840861 -0.30242379895381038546 0.43313588201350400331 
1.14856380993971574078 1.09379382433053651269 0.33688988615494780410 
1.36433742569334159889 0.15095210148449336729 0.49160510973596521778 
0.91825711494780470900 0.24633153831093490549 0.27279372279544411573 
0.74730558308519667854 -0.81172381077939625982 1.11491048069986775637 
1.51547584670921287042 -0.65119766949440627268 0.74440100886898608046 
0.41922339544403908196 -0.85435401674342059675 0.02812448275239697038 
1.13847109057019779677 0.93378848117111945548 0.13716964079263907483 
-0.23605893172946262881 -0.08710154052287497062 0.68039817661314128117 
-0.08147118853561351182 -0.34137848142803656204 1.84005217635949991362 
-0.13945377159035768355 -0.81812261690956999960 0.81197136041412643070 
1.03760522556821244144 -0.18108050969843306199 1.29413508072985838915 
0.21528635247182636991 -0.85836635178431563986 1.49313939866507139342 
1.37433947305497805580 0.29190794608735876059 0.05106222074575088310 
0.06320005659176695934 0.61846422474296502969 1.23975207494763561833 
1.18621871539908263493 0.37355617784831574024 0.12776929309007439839 
0.38211849050985741139 1.05183045658610452300 1.70646489371383580647 
0.76308837188453304545 0.36976225263299611346 0.64122936193421131712 
1.23797615362047253029 -0.35910688515973210322 1.63739404310879232973 
1.34774084970388408067 0.51165830551544599913 0.09155097565367281698 
0.98282620806422471560 -0.08804138611434282613 0.41609649124930481179 
1.56898105841716839493 0.28205675651455502928 0.86293213280283198596 
0.64238612423951890751 -0.17976563500895839653 1.52798926260649281517 
0.28324121428897797159 1.08488895478794322713 1.74619815465339756066 
0.59395164779616649309 -0.38460574130555152950 1.31494804286768207646 
0.16022441208016996450 0.33536070264071121683 0.23704949474250555652 
1.04625041839458776671 -0.87890080783634594308 1.68557163058805992151 
0.18668775046349334046 0.59969162670801900994 1.76701209268168835109 
1.06299688516997892229 -0.10587830466750040859 1.27758082114672344431 
1.21006741980255760893 -0.62508688991010941116 1.74361687536869225390 
-0.24760778404082287030 0.61274483163831006127 1.76875082412782114183 
0.15986015419327234688 0.46683638736766974731 0.99849138928681735461 
0.51750267769410107643 0.47690889110243800397 0.68491143838443035996 
0.14946933169224269067 0.25765802662376230403 0.97605290764939944825 
-0.14785124999958970671 0.01646672905065505246 1.10353702341112169805 
0.98751237927872603795 0.13651683971972122800 0.56271288970126887019 
0.83658282902134961656 -0.65823646811683111935 0.16883386724006280155 
1.46661636007962581374 -0.45888702946154774631 1.71137595267433750834 
1.36094309321373874155 0.41098162240811281221 0.95116786516253315487 
0.82871659892232774069 0.01601723207867965237 0.07982211780605766305 
1.07707451975469381544 0.63039054480339362652 1.11902073004904312192 
0.52262998849981923133 0.53477120489117679902 1.92179496892536483266 
-0.12562028854831847058 -0.74821296937671011307 1.85704330082608559671 
0.93688608418127850008 0.09357266131870341230 0.11873996061070986319 
0.58562401071864167434 -0.82427074673763089940 1.07674209384244545795 
0.52372634451131383493 0.17301886280516146077 1.11169102027926425258 
1.57098707402739345973 1.08121155918851452604 0.57232505710212977501 
-0.08351277650841111566 0.56965196628154912695 1.73180598102358240808 
-0.25284994446374881027 0.89270606718465006502 0.74864810502995859931 
0.27505826411251710351 0.37200316595263871466 1.96111380483324793111 
1.58650823852260502989 1.08562659612562550926 1.69412333182438246126 
0.35678243823079780483 -0.70828423683315200332 0.37081457327217642872 
0.25868642739751973592 0.13679134708440532364 1.20982462497249509958 
1.56271907146986333004 -0.00274126969176974322 1.69030803684793484720 
-0.10009452865308256231 -0.82450462320739559274 1.00748241611660005468 
0.17090494479496889935 0.05824741099322622295 1.58949714896330140945 
-0.32139258220799138410 1.09005904124122587895 1.20240160159614384305 
1.08241264218113530937 -0.34283942090497954158 0.48836075887487911951 
0.08238471178560326236 -0.88421302491043562988 0.36999887769116490688 
1.55269171902617397762 0.40037974087127709000 0.06825538723694202226 
-0.08639660185342197540 0.62696220135751856706 2.02499164999435077306 
0.28323478857205020010 -0.60146059973053278558 1.87092875684587722773 
0.92478414233172379078 -0.81734652464872270539 1.97048554854808366521 
1.01989365481986493656 0.33503239298593495699 0.83187335378697579991 
0.48155286467435026720 -0.41870649867465398186 1.39727359726618383107 
1.42464703417216909109 -0.22784725574410696902 1.98032906780112916145 
0.58734122473788397123 -0.86649701861808925418 0.80419935479070259188 
1.09408818777011740409 -0.55097675094896059189 1.90670818971404543163 
1.47876475229591597405 0.54883220056190207270 0.13924329526654677380 
0.69316080959469017486 0.26110078480860143824 0.93267179249752818482 
0.47450334892445200641 0.37011332596430629449 0.98244937153391886930 
0.78415441533945828834 0.35408710788070479891 1.53377866360922809896 
-0.15174559668420167791 -0.57203614967586757789 1.61204411613375264700 
0.97497680907350403601 0.51548135818244111839 0.89133566301055910941 
0.72502165080640434969 0.14379308136440016597 1.11278747069957617555 
0.91040220114823311448 1.08647443488050265969 0.56193488102280386709 
0.18693591224300934450 0.11059717339664670854 0.31202792401327333893 
1.09155340205932005482 -0.05795011592043965848 0.49306195697511889797 
0.83360707984010884442 -0.50692487514318795849 0.43201349706734443190 
1.15653777910113708671 -0.06697702050409427843 0.03522907589327235744 
1.11295751625269701002 0.35953102947099430109 0.01449173471994562833 
-0.38586657965410797733 0.10780847602961000919 1.61952026706907581399 
0.18193702834362335263 0.10548201804974614848 0.35519265287036022594 
-0.17705206959391514565 0.57642796257648654112 1.90678666258930618049 
0.35019552580572971268 0.05049022990000526928 1.44771843105489783632 
-0.02560664852451995793 0.34206355172994284963 1.01198700484873271854 
0.79506618274845064498 -0.06717962761095899737 0.69903424473606801115 
-0.32361836065312910016 -0.43048325965088846123 0.96434043176463446478 
1.01371662889543978636 -0.75560363253555618002 0.93391817809312038801 
1.55603141734841887711 0.83954066384675674062 0.53587920343762762698 
0.15632175273269413585 0.64617600150469156617 1.50210439654175420543 
1.31161352191559510416 0.93280514792710045313 1.10088858032346026405 
0.87668871034593631730 0.57289527245155058566 1.72810541412956708562 
1.06974746598025372002 -0.03688303825807082159 0.16141611703945166201 
1.35667546753995948983 0.49269746235744416030 1.68814462818024813018 
0.35952387673033431303 -0.13799025967988884367 0.01486958122351481754 
-0.17471398303540261465 0.13310503892711589291 1.09111625062634254313 
1.36181920862777050552 0.99784834719906745359 0.39018930392170603216 
1.43451359654991295045 -0.84165767120120626998 0.16660541265256592625 
-0.26195363543909777615 -0.60524887847141251029 0.83260426518540109342 
0.98896139510791869487 0.30020267270910139246 0.95733234878678630242 
0.51488587929012519240 -0.40568755240054305000 0.88048085284640709158 
0.38589722166041134921 -0.08455378507640205765 0.52587784592926756222 
-0.16272199855821029013 1.05334456846122015428 0.08879078240325102844 
1.55465447213928964487 0.47645288202194652216 0.66967554682080210338 
1.32742637039199595783 0.47098342267073195488 1.61350087245425433125 
0.73490330403163095507 -0.18919364797290108560 0.43975969152288169051 
0.77531188705420250873 0.85895879589959256428 0.38032097300987394162 
0.59462575425256447570 -0.54488181215914832656 0.09195469063934486043 
1.55842583075115870272 -0.01612350360488154152 1.69022808050919248757 
0.16052794290586597237 0.53262714527663423958 0.57498934006592805623 
1.41645069358783315394 -0.26315077724822971694 0.82335105267996755440 
0.66263930842709428681 0.30406326029599484162 0.35873074198294663262 
0.78928646868920115942 0.36780859075323762974 0.73622602596763531135 
0.40787422447531307412 0.13257682606838913641 1.28177947159565075452 
-0.09677053751844744145 1.05268800025375730556 1.41235053821345002412 
0.00336503170411558495 -0.50419660879196348535 1.40202948004610505883 
1.55416377126450377943 -0.33606279226872937116 0.20197929863502578351 
0.80537571141469654901 0.19345299565651905005 0.42039073224614104118 
0.53162328028675409630 0.00543340213631591552 1.19752941898330123038 
1.11298937498293537551 -0.86063476605785038664 1.96604792942278994161 
0.21316718259955516612 0.41000427595684452164 1.98602241310830063270 
0.35499418729518888993 0.37386135306121470734 1.00594011164929963975 
0.85407499039496359572 0.78367772487457165731 0.87360019580735814859 
1.46935415466163465936 -0.80036588338072689464 1.68446421687700031988 
0.15168427348608209959 -0.22432292796195893447 1.71296888149670456514 
-0.08346497521902904171 0.21228608422733127870 1.25035165467400166683 
0.19504562339970796248 0.12305053124337875237 1.29164947683496933450 
-0.23008269529989103241 0.59818026373653232497 1.31059308131723550872 
0.61582343582346865674 -0.44140530862601951023 0.47256153651719740028 
1.49921178552624212443 -0.10589092367243344017 0.33186682076174645051 
-0.19941345407400778988 -0.09369961492555922700 1.60932634508216731994 
1.07295722296425788400 0.05991178183289906645 0.66258975100388295409 
0.94958194519680005907 0.57000925630796883681 1.73374840665974661036 
-0.11905176321526404759 0.47602395406894437713 0.94950985055021008829 
0.99775580727958135263 0.66668728706434121634 0.57402533522377474640 
-0.07940505983575692206 0.10962467542264753284 0.12034014336571710602 
-0.25041703856231162240 0.89324080370331249146 1.30750275132591409211 
0.71763799116816739954 0.21646442661340989377 0.95638793088744866733 
0.10226954066370229357 0.94425813968114746810 1.21113244274404663336 
0.23706496295588921908 -0.61877115751432110180 1.37127305606267380078 
0.56453448668671091237 -0.34723901421250202848 1.08966941639850634083 
0.91180043808552169171 0.94010927782289910315 1.18612606714920243434 
1.04677305104945905789 0.91190818845999777054 0.19736817793793154374 
-0.38768633640015309760 0.60964514804622593758 1.31108460395122228270 
1.48218518731268611432 -0.70478749204816293350 1.70638416595219410965 
1.56079560642353531996 -0.34734894730430271315 1.21560961012144974625 
1.49915944111764121160 -0.09477862762582955902 0.61741115884562169924 
0.35727184618613105904 -0.74394808429738212840 0.76775104171462438263 
-0.16317161857640177791 0.21261534689831412814 0.72339308347093023155 
-0.20860455634541730241 -0.21504018410054182020 1.63340172393943938722 
1.44148424295772370485 -0.16663997909285360732 0.44429338506363214023 
-0.38415879596910096350 1.05005056244508243601 0.48129326107758424458 
1.40402100190006384750 -0.89850143155780681781 0.39223649695741663601 
0.43609018569187574244 -0.55333338647727126069 1.22446826439988631918 
-0.36812965384687296178 0.69500185957046256569 1.89218459431745200661 
0.56966223226090761944 0.66758472790773315531 0.22420429325981849900 
-0.04547898507859714917 -0.61953857942672307946 0.32509960490188227755 
0.28274516814928640773 -0.69784779936890894980 0.65246684376565655672 
0.19094179354304194329 0.37337280736636369038 1.27820948857683203137 
-0.11776436230861009324 1.09165315793166239899 0.21701401519611537849 
1.31394279844948980163 -0.34762506812942256529 0.92889126785195053060 
0.16462539049013871773 0.43107983348998879514 1.90333623258150441693 
1.17374884908093912728 -0.29029622025877338531 0.10281148943907954252 
1.10029074504434754012 0.05876365300360959776 0.96930406917892897312 
1.16469569833504160705 0.77353388626488917001 0.65122045603631295574 
-0.37876530677615394271 1.06590148042328625166 1.58025116177462110478 
0.36027530782549815891 0.84721322289722145182 0.01318454180767843556 
0.71428473895888133782 0.27124436060755507949 1.97269096870865623394 
0.66208341735670173112 0.25281432345201670930 1.97163842870730743329 
-0.12704639355652350141 0.33512932401584394349 1.22630763622640048816 
-0.15495713132699379111 -0.70529666252148881522 0.89090847629889691195 
0.65183875858478446119 0.15084506416218082525 0.97392938550878249693 
0.88839221662912437605 -0.03938153809208481265 0.69043987328390976632 
1.01209511164132526240 0.13983004587352770853 1.42082969325420593876 
1.52183051185942219696 0.36639707506100321899 1.05318707453998472445 
