0.48002543182325629889 0.13483592522977841388 -0.20420839442388880047 
0.15759299819622149541 0.77793607223647076587 0.64480058219291946919 
0.44827253962553470501 -0.10340744476365462678 1.28280814006326959742 
-0.42988978264685800967 -0.23704215902207806388 0.09341605928439825068 
-0.59635188050671894544 0.01165582523290719687 0.75127645609705029361 
-0.74730343928106124363 0.15398804742223992648 0.36877422978010870880 
-0.43424127152149344377 1.19264551118314776623 0.90043965093994426940 
0.34153351093527317683 0.79072942551613978335 -0.21491904356559377032 
0.14531597106293214772 0.40431052328901417869 0.82525544522956850724 
0.73205355879673683628 -0.43523671459980595166 1.07072243028014479904 
-0.39503763507832245772 -0.26964558916349945505 -0.06045799874262261508 
0.36279602287216794476 0.73237193502434017045 0.92588545139886002655 
0.73618812379893183717 -0.03942021057661268535 0.46629779007692084836 
-0.37383235707232992384 0.28835829472401786067 0.03826190448695534346 
-0.24152148649463436869 0.95168009510351114777 -0.50977259078668801795 
0.32934878180786597568 -0.21925930887622438470 1.25449740183758962075 
0.17558632257644990471 -0.35470542216348688314 1.27716858259726917524 
0.03807341532398887674 -0.25151840872627923007 -0.46693153109843860138 
-0.19135028605650880595 -0.56151273143083058059 -0.16062901657438502512 
-0.15080087250227633411 0.18806018930960463620 0.58456372450698912413 
0.64400445428894104172 0.31719956938993393303 1.04834259343816649235 
-0.25245025706337381743 0.60527517317193235691 0.10441425508527027444 
-0.28689064482553927604 0.62536324759823402886 0.06158318591102791145 
0.25341589218493620894 1.21029505621218635980 0.28705666788344275098 
0.25219931723904709386 0.74156390726224385990 1.30002425770194030008 
0.16895085359323960827 0.79887128063124168698 0.42055597436968217284 
-0.32524516098437394884 1.11054089421571156038 0.30764548818701653587 
-0.31144012448616181787 0.29314000476648943705 0.91043874809368274814 
-0.76345376313971002880 -0.23498489657453972002 -0.29951248824006621030 
0.43980433265873086768 0.13363599406118381596 1.26374287200759893857 
0.71141126734187953851 1.21189379522158890978 1.30828757765757264231 
0.74032123095649293720 0.45266542432231449133 1.09314617356874288490 
0.22781825937514488256 0.21506446953206512229 0.72935409163825637435 
0.61820731429630337850 -0.27850472845348805961 0.07258381772393772413 
1.12784691102350720371 0.76434852052692014990 -0.64169856073153430653 
-0.39260540408587535355 1.16342968437838889528 0.84078337370924549621 
-0.44273001819975471571 0.89720420449796656204 0.24097620200860761508 
0.54260353540596550914 -0.11423085229805249319 1.27553652476290779738 
0.63046972642456822200 -0.25239475157676233286 -0.13915529991650477104 
0.26841115407547422311 -0.24425555662572939752 0.24329465759159962790 
0.80183206526532158076 0.83942926732628331266 -0.46532804991900150737 
0.41058252061319483461 0.09476950925772024970 0.25480397214308930787 
-0.74801272565368692735 0.45642413889393773641 1.11233301411791374314 
0.86684782189461340174 0.77657443904378076205 0.45292429811571760512 
0.80019358884072910865 -0.18440154249782053641 -0.64130273743387233853 
-0.30759591297812272082 1.28364101481531367455 -0.14514760332302731327 
0.45099273528765720931 0.94409001227008804147 -0.25883577857045231285 
0.31519315756075061419 -0.30447292893065303065 1.16267632947537835619 
0.66851191093189610282 0.09907792978331197986 0.32376175056957345877 
0.72657220062086014245 -0.41420775673626253344 -0.04777147697821185202 
-0.67275445923741150622 -0.19582346444421699916 1.29287165058134467799 
1.20432966673469277197 0.37293803813081044529 -0.17125268443181534961 
0.61365589044037793798 0.95271217571064514829 -0.30199182155395953853 
0.13133418980258709796 0.48423093888550061692 0.20610775987318163960 
1.12332365644791587478 0.70053508523400043195 0.72050873378763757859 
0.60789805937193774898 -0.02779284550795401917 0.30066711607772178549 
1.06402668015323986772 1.23418188092363334540 0.58738169350967450733 
0.69427307068731380912 0.11517725407485995825 -0.33963660113691601650 
0.92341204784020147756 -0.26285220915991125423 -0.42042811981937805443 
-0.26129566830390094090 1.28027543035836943730 0.20412397489081202107 
0.38646944954630862989 0.18504296982111984038 0.85077944144078343491 
-0.79614863369908384083 -0.54017917453870689659 0.89990721189471167829 
-0.21247912089902498689 -0.50528743157237465677 0.93326301959112867301 
0.41749278865266237215 0.76268704814324783658 -0.11557504533841407579 
0.67947228425817163266 0.23623248214325245908 1.25608496464345198440 
0.25143529372957107437 0.42628302844814908168 1.10927215224764097457 
1.00884649341910725973 -0.45778230271724162925 -0.26615744331495233554 
0.80941818436017698435 0.17397604156479798410 0.60815029655162244904 
0.81216128618881300305 0.37230140600476768764 0.21665515703134319292 
-0.50130881551787087602 0.83485115526929920549 -0.18258753405318442486 
0.85375221061899886354 0.42186552185529896386 0.22318911918972961228 
-0.62885728500694815235 0.20408113961149196292 0.19644363965207098377 
0.85641221924506416574 0.52489247780782066766 1.25498355526883709210 
-0.59008382060278952164 0.80455488682553621960 -0.18424502849139079430 
-0.16538643580045489512 -0.30315125163963402288 -0.28757227117031813890 
0.30112731102761119972 0.17008253753479884995 0.76201440330180936211 
-0.52079063789977630972 1.10593429412979737947 -0.21930001227397552532 
0.77991312056809281028 -0.30432230250342090505 1.29143246197034100575 
0.26889010883349334646 -0.66785029435789911023 0.15332646334449867576 
-0.70668183121224326104 -0.31283382400606801754 1.19707684247350054640 
0.73523602333097892725 0.97662093644266367853 0.57789052488645975547 
0.84311593591136946291 0.57162801783613936824 -0.21359540560000611631 
-0.63137304441902208918 0.68709499822662112312 1.04587400121951756837 
0.29875419096689276310 1.23408195697709643923 0.21457264389125302317 
-0.52097715852346049292 -0.14878815004826512203 0.19387691797752487632 
-0.01641855186749545045 0.28663929762570522497 -0.40367270621652928675 
-0.31642915895895606937 -0.19964221248603344905 -0.24104843666179592843 
-0.22294573954653570946 0.43980625754255125992 0.93517782435411100916 
0.57623718013929259296 1.07312438213337002502 0.26241491006878903125 
0.29135291935874324531 1.23184307657338987241 0.22426050686635451425 
1.17107604282266675177 1.25041981520151668228 -0.31914466199310481676 
-0.64423187950294713566 0.80867911991666607818 -0.23158985497513176477 
0.71913893778794624190 0.37080056433466046517 -0.09557603412354120920 
0.74312623637027774848 -0.31635030464041519194 0.19169438954152412391 
-0.54797095171071297237 0.80139892829353642778 -0.15610381601745118574 
0.04306868150189937378 -0.43989354011899495234 -0.26561745242344775297 
0.63816416221960703403 1.21766444701062925837 -0.18203748178377185396 
0.23892833078847558470 -0.06121602722562126397 -0.48744815635143112775 
-0.34192867455884806693 1.27891186783309707131 -0.10617578197527829942 
-0.62731071992147524607 -0.19163643441875777285 0.20841726788124867453 
1.16858279461593927984 -0.14913840237083048068 -0.52384307547279052031 
0.57501042549646208535 -0.23309811931649887518 1.16003132969070255065 
0.86206159042178254204 0.26079965012074984854 0.67446186720809708781 
-0.77231311306731675881 1.15582817266588633309 -0.65350027869598936725 
0.79957752932126424650 0.69640456552293605874 1.31924866083445579967 
0.24934647678507235180 0.52445729664177753726 1.05344421713283242781 
0.32373932313801917493 1.10519055249436592980 -0.30985816828863754768 
0.28156385500303243719 0.65031398336815715577 0.93330752886780332656 
-0.12515986155962802173 1.19110653806121558063 0.54130822603503225832 
0.22263845702606710475 1.08460901332772063910 0.50738288356389993350 
0.70491373469348972414 -0.37554904795567112252 0.05958164907407857702 
0.09453242724159294230 -0.30207684087664032901 -0.34714776857509993535 
0.45171899806496257357 0.78597262984401727870 0.91699636633822800835 
-0.66121658483440293175 1.04912057318117257765 0.70544105805495926909 
-0.42807313047037015563 -0.00538309710020116843 0.77169049458206062653 
0.57556449239418294717 1.00617344898985283663 -0.28396416350874759127 
0.21353669781282436091 -0.20488217202385861082 0.34582059059251607502 
-0.73806848704699046237 -0.43858248317264447724 0.05271210504398893271 
0.47714109963665507497 -0.19690612050273631484 0.14092556741146225474 
-0.27055725911670386319 -0.41121539285309688383 1.05539837291246185735 
1.18926795741876167867 0.53845556023166252224 1.17988152551698810555 
-0.78143872816912751667 -0.19065575762382885872 -0.37197768388746216273 
1.05381909152384811712 0.24411397594473735473 -0.46502254872018339293 
1.17300638667760703804 -0.39132167009749452280 -0.19236369168962191845 
-0.39744362129960475460 0.23659369525309370541 1.16937015601678417909 
-0.74025166922133123215 -0.70501686782418104826 1.26621717442597692127 
0.80960222340179766043 -0.43726874120498515630 0.17292610072521283349 
0.23351441549724064051 1.08384157589157359425 0.45916717701548698249 
-0.34793338627929604190 -0.19769417828793017788 0.21367262380343096662 
-0.23903528963666126339 0.45645401336867424957 1.11503095256876405550 
-0.30267397778505844563 0.08215821537691622711 0.35429226621292758681 
-0.51365873716765109158 0.86710884782375685642 1.26237225506332206848 
-0.62854483294232299517 -0.28961629586945208947 -0.06939061704272804498 
0.62761507219804590907 0.88481529411151260689 0.27865876891867852327 
0.12429140987803692642 -0.27162592388262191134 0.35990758068711020679 
1.03056886176973483416 0.74013171618346951242 0.46216027177973156848 
1.05549983188272511470 0.28600816961590685983 -0.66251266921173679325 
-0.66904250733621750680 -0.65200052578440714779 -0.01311109899529473710 
0.27530427242841504221 -0.39583685352716330152 1.01837954849855072403 
-0.66799189505321421301 0.72629855309181834411 1.20851017156790607743 
0.88328309753503819746 0.32939244823689867170 0.73564288783742415312 
0.94337461195047045415 0.40687557834472265483 0.28038846810365530837 
1.07745797761334549669 0.37883213564364121018 -0.27956981339944947385 
0.50346301642922530739 0.13796065052688086250 0.20109482804562822666 
0.93335732130775195259 0.72788810276516646702 0.42772708223270711203 
-0.64304424130901916001 1.04715025478722467689 0.72349226913309139242 
0.27662028282341705188 1.01836500201957758094 0.41477287869410722765 
-0.15138095733354553496 -0.67247174311018187431 0.76309378262828198025 
0.70038169302797248505 1.27162567423491013052 -0.18435433952358173948 
0.72748182811770056855 -0.68704175868476369260 0.18580163132981605822 
0.64932810210722968769 0.03847796937235360704 0.33342201174828361987 
-0.23299968756473168896 -0.54999398452605707810 1.13841511845922638280 
0.88262761667206268701 0.53554516328658430258 0.23073039652828952750 
0.76120415395908258560 0.46722926507748208103 -0.09116892465866130446 
0.86143003299670894979 -0.28359879836310941670 -0.34448866470160705022 
0.33008110281263225438 -0.68216511486308151202 1.12556587229053439714 
-0.57479523901457685309 1.04823987820149522321 -0.27374128912923095802 
-0.31649524355343477966 0.06074848215415788732 0.35392582002500627691 
-0.38712120611103689738 -0.15224125433334798063 -0.22680606956861287804 
0.21222795889381923518 0.83507205633171610604 -0.40668151781846911819 
0.12840806071841770475 0.32105106104373803966 0.30271884427378065174 
0.77101434226153653384 -0.59953743002248249816 1.19999821958865049432 
0.80711058297510807069 0.50812335209332504249 0.88908742815680352756 
0.21634000092634189660 0.47086152329753017121 1.15622965660816423572 
0.72633300432042768868 -0.71283543765327694874 0.21244200790287356972 
0.85917438870041351606 1.18981805838609933090 0.52098162234609024512 
0.33013142944318596417 1.00743047438247357306 -0.34693311021251754811 
0.16852457908854914792 0.16727079423036708694 0.48351381020601774674 
0.12788484795672203087 0.42612698084878503080 1.27301616112844828699 
-0.39085752659488987026 -0.23808189359219028569 1.17296388616597879739 
0.34362681518032495154 0.81468268873069960012 1.28412098859594059341 
-0.62714782083294429160 1.27066906106215471439 1.13894221360581981983 
0.29258669460544217689 0.72566513096307005970 1.23873393947800192194 
-0.14827282484141335317 0.75832834980366481403 0.66312605261137014256 
0.73617686121784542408 -0.56085685230559234604 0.05460601063713186459 
0.23634773139381792806 0.53838696624908322086 0.07629956345933738837 
0.24595751273218935395 -0.48264375715126411892 0.02285160933549330170 
0.93683986248074113679 -0.25485622481352659952 -0.45142924438136355914 
-0.20101021402109020553 0.67438580204833820098 0.80958725957242982929 
0.75197580025424803907 0.58312898814057523289 0.93340446320563363880 
-0.67086664276421503761 -0.26952245918765316279 0.88572952770599477912 
0.09458175711675387287 -0.43183291640234461317 1.29317885296319579069 
-0.00951232695079149392 0.49933482660579325829 0.78556078284541008827 
0.15250127561966278500 0.46046715973950114176 0.85492241274115299277 
0.84447712627836601929 0.49150747184827903169 0.85125500518122687588 
-0.54859307053371775265 0.20439438640680002157 0.90783991596391688805 
1.20589972355457630826 0.29489845098698996839 0.80291698132365629803 
-0.66925370138453776914 -0.65412190937960978943 1.01212441029739075304 
0.23459992709438226566 1.15291258328749979256 0.36977390907870877346 
0.50301082736592195310 0.20284982443133930952 0.13003470736876115987 
-0.26871655846913578003 -0.67656943426173743461 1.21052560386052165953 
0.07086542340213204672 0.44609090311087051806 1.30432081322827220227 
0.09103078738685443927 0.27868292278208200985 0.37917759979827014849 
1.00364665878445302738 0.73905778390687670854 0.57317799364047183897 
1.06225300387528864832 -0.59221597084356303320 0.77416603121971683255 
0.09037094584516747187 0.22321574006190439410 -0.51068170073647189966 
-0.38772723299256589558 -0.13686158117793645328 1.28555826880098011955 
-0.17981223307362209640 1.27351609226527306973 0.75147045881586327365 
1.20906079044817227341 1.14309553109769601598 -0.64515729998631998754 
0.25012165312882533863 1.05451189294437996935 -0.59714468858300429055 
1.09370209785511263156 -0.32844035610597815955 0.73462938554380874390 
0.17136187295757257520 0.60657623797675042088 0.21062815447220920029 
-0.34599803362541364793 0.22562982091718217226 -0.18469389858027346341 
-0.73165513231583390041 0.85344376081975803494 0.36398547984337703554 
0.85318514121899602376 0.47177116324600842923 1.24930502368672047275 
0.42840623644087455490 -0.03008618854197341388 -0.27365103496466675059 
0.72443163840995616898 0.06367811395195403790 -0.62828175532953822735 
-0.58743282705229071805 0.72442319083514272737 0.04888881513688726060 
-0.30084497308012336791 1.01235388384051794297 0.38094806294351879483 
-0.57992203268501985036 0.80635288273834659911 -0.17998963622635774651 
-0.20535547458106345742 -0.62017739530265314496 0.86206823107496322045 
0.85117631316169861666 0.28466628996952586528 0.71315615943604826477 
0.29016028711366032011 1.05476129324510248253 0.37964485304655315456 
1.10854554905989699520 0.20338411436801243082 0.52231259529630913452 
0.28937544444812868250 -0.68029738076388446277 0.90627998747551696823 
-0.67123430969674369173 0.16380907868165289765 1.32201799749768311720 
1.16948575313408209553 1.16142825950645489641 -0.60197186258969459516 
-0.26054014018045912326 -0.22372534492470802503 0.77398118290715245404 
0.39375849297675874494 -0.71588509964029312105 -0.03274213078107898744 
0.37105569027654200509 0.88660574197719599354 -0.27375217884465774532 
-0.35165512495781392488 0.30915712298840575256 -0.00406199105201665925 
-0.00734358586258543160 -0.25058464504161742648 0.48878885550143613692 
0.37605549750057054581 0.72582326382907302875 0.09332619880393480671 
1.07162681960754024857 0.63904819968311465939 -0.30192912616868888831 
0.83814403106253621001 1.24082995694626885275 0.68242436491155955558 
-0.66768220976314884840 -0.31662029425842397323 1.13312343203815069081 
-0.58319638938680373741 0.74928741104924323491 -0.10389097401825252154 
-0.22238224703699158158 0.43994409132086459424 0.93616357266905603218 
0.36921531607132679342 0.25960701904177768684 1.15971955095743162190 
0.41593529702136222692 1.24415183061084122507 0.97107385908744769942 
0.44632398075366891410 0.20715569247781034923 0.13367677226373633759 
0.21181297423669590008 -0.41474532546818920764 0.14503858552022194650 
-0.26084987794823383256 -0.15812290832419584330 -0.34001776776643455324 
0.25874067001930511900 0.01429878554122286649 -0.46290312814300593747 
0.29874419925001821641 0.67700742243462641579 1.17157803678227634414 
0.09155367672594030837 -0.23522507501426942467 -0.59084420869740328364 
-0.17782898395272025982 -0.31245849753151194728 -0.26639015826818485122 
0.25524726709408113168 -0.02828492591813865781 0.46151161412763769265 
0.33105794925173853693 -0.27223496564356886029 1.18738861018231478539 
0.29621418660796999811 1.21293264800145661475 0.80694233818096339217 
0.30548073799014791030 0.84648913654848589871 -0.30218786689186860617 
0.87341898431580533568 0.37431585662744742971 -0.26642224200435304926 
-0.76469840475242956135 0.60415724072422605229 1.19463864446433265520 
0.36231085411399865936 1.08816873738098163216 0.28769083885974922055 
0.38956229604724862403 -0.15501623087609936458 -0.22387197559791524593 
-0.08316188111988967457 1.25323325156604692410 -0.41203615262825993293 
0.07926310871437744487 -0.23319372321441542151 0.56568744049063035551 
-0.48909040293651706577 -0.11754185450932233548 0.21838355871217562942 
0.67191368541800522429 0.34481737250376742754 -0.00747056122894160842 
-0.04979718012241329816 0.28830901428051175506 0.64940965804625572222 
0.89156715427200738944 -0.61188537967658596095 0.27495923887544487796 
0.58572731115703657867 1.12380737508198036423 1.28269522896529419853 
0.47662149436576900507 1.16783125460114844962 1.21324270058217997814 
-0.22374018044626836632 0.46936458573135636518 0.09746434630009150057 
0.35287329263969624549 0.15315129520793102635 0.79464614084093398994 
-0.28246794721305845677 0.37772127694377538587 0.05503775887040429637 
-0.09821316469808011318 -0.24029882765602372796 -0.61209098364470038156 
-0.58226869762289290566 0.75852999385923880471 0.92646626053349512286 
0.43391649473553323135 0.73535500973991507756 1.01239164852076757306 
0.23951665001632679863 -0.39007723064194160800 -0.12360551191657662140 
-0.48892643968773108476 -0.22123464356148447862 -0.09949678944860698704 
0.77076449980104011495 1.14413385819595081472 -0.64062408165555184691 
0.65228571958144554443 -0.19544676538524005660 -0.22694872061193216428 
0.76765673607198570139 1.08778469177044034844 -0.54422467075916935997 
-0.65713145570229380965 0.33285948201537401969 -0.00049500483213733154 
-0.71805527933871571289 1.03139096081445247322 -0.42213815343028932014 
-0.69117074219911378563 -0.30838592601904785129 -0.13629487330072906359 
0.17248561842028803381 -0.39455660077730841939 0.20307986945961989389 
0.05900438091413946762 0.75534665106853438044 -0.51368241031147110487 
0.73137085280701719103 1.25713196006430893981 0.81251274599658973585 
-0.31387896664223374765 0.30302550168113562279 0.11960524740212646888 
-0.10022679485790736420 0.60828723093967618230 -0.26875834392822206542 
0.07725506606098779538 0.66029478862135726480 0.72145239697378849009 
0.21961326539480455211 0.48419380182047022654 0.09937469047213319528 
-0.62796122106719454159 0.79942399450036150110 1.25453418082716794402 
0.97739596326325328679 -0.39690187403667753774 0.29287360306723830838 
0.20231085063186399209 0.62778938850621512913 0.85187369554221048507 
0.72492233289409258035 0.62359958998810982589 0.93723266601240573515 
0.69100818042660494545 0.03946729398158180940 -0.66653658298304385710 
-0.22737251619575443717 0.54189312096904851401 0.09875930254148233833 
0.33065038004258617832 1.11119018938325764267 0.74806499635146939120 
0.26916955655470420350 -0.08013934296514976796 -0.64695454149844444647 
0.60410011673871921722 1.03802044614189381555 0.29591985610678883667 
-0.11449606495601277745 0.73548078872612332457 -0.38791252299766793010 
-0.77508519151186583418 0.36884762063975029545 0.86940259878550185668 
0.35260739953740832808 1.28340531327455820154 -0.07941731566319937263 
-0.03617266584858486872 -0.39204620547885593584 0.29207073846810760465 
1.14130923651302462751 0.81057054911245318696 -0.48178069242934895566 
-0.22787695793098702857 -0.63608311945743145621 0.17202874070240439797 
0.21962279551608801520 1.08971969156430126269 0.50241673207703774207 
0.42947744319673991642 0.89409502781802041582 0.80243093631527795395 
-0.76559551090878763535 -0.44883060810619163084 -0.10919887410975608055 
-0.34455285344809011283 0.08072657656560382200 0.73522494383408742991 
-0.29138247608916428844 0.37346997095705675163 1.02344389810599056823 
-0.74399193636078375658 0.57350262195196821668 1.13586108076819303214 
0.10144084735287389742 -0.32759399975740405297 -0.31558957921185376572 
0.21055796507628776748 -0.33781065767465634497 0.83692958981017417930 
0.43715905572481461583 0.20513958210868840637 -0.14114069041998192344 
0.17475316824631700885 -0.71482867739463029633 0.30516348358609335367 
-0.38270333868957984169 0.15682719608720185889 -0.22589635594486134895 
0.65964507545198691751 -0.15440913151643256840 0.77414735921142019404 
-0.18733344067022641988 0.53380351239695145171 1.20139046887457356938 
-0.27118409931774833943 0.14322829437329676061 -0.34132161397757965204 
0.12671095374130025846 -0.29809387732675363125 0.71944077001553174977 
-0.58956758126156894040 0.96292184114294321340 0.75824112709106428198 
0.73191963324329267770 -0.14202610093523335144 0.36135848931238506720 
0.71413140705403632680 -0.68176359647719320112 -0.16307526699104252232 
0.21696461271826433803 -0.67713756043267081530 0.82303926751413225560 
-0.51502268598488798457 0.85398211555589809141 0.84535283630574675762 
-0.40690364057565897582 0.22942688719950585230 -0.12502850932975784204 
0.60843030474452775014 1.27856828737609573565 0.02667396915212759748 
0.13124826541954565107 1.24284664791829091435 -0.38196760912468519233 
1.20888090871259357151 1.13179526581629019688 -0.63046064854050876125 
0.02928024733781454947 -0.44530687250777789554 0.26713881595552996240 
-0.21159801907784694941 -0.45496895521976965515 -0.12249329829777284850 
0.17539674314083794626 1.24060220254616915270 0.33795354245155495576 
0.25128764374614359633 0.63156301513959611782 -0.13667784155507395338 
-0.38859524975664117008 0.20407825635149118293 0.17292572816039819550 
-0.42157611395941824162 1.11363097190477944309 1.27903542171158335350 
-0.59619473743963979917 0.72342774099361739637 0.98464463447258054885 
0.69352116690504506114 -0.28810569314827461085 1.21246054978416095693 
0.93163516501149579163 -0.24913295003504462577 -0.58554862179937083866 
-0.19680020742695003566 1.12505346419842200412 -0.49623015639606105065 
0.17136627788087605007 0.15965317505039144930 -0.50482235682888187966 
0.65666952940971490271 0.89211156805332747499 0.73599470016540713413 
-0.26460455834919505147 -0.09436413163451522201 -0.39368971798273399987 
0.72166166317061020141 0.66433954136876516294 0.89324837798206824235 
-0.74727620820397799850 0.50757176760142874716 0.05290568554695524589 
0.57090421003888447427 0.99940704030630378440 0.76613559492184213351 
-0.72536849157183691528 0.06815871116130524376 -0.41061315707415130261 
-0.42873505923418003816 0.24556353403988251394 0.97145106099271105737 
-0.22200542798002506628 0.89011884997767443117 0.47463848842676564788 
1.05136310003904642763 -0.23589476648442053719 0.53088133501524448210 
-0.45318681239341512823 1.17339974314234662955 0.16470726980921590599 
0.29220014495502000251 0.88494645709714325754 -0.34773299372631882864 
0.81930418988112652112 -0.31405931806092535208 0.77346874521750308418 
-0.12746198252087198588 -0.69977477394200005012 0.71488719859724381145 
-0.74189765244713090642 0.49803047205760669902 -0.02647571176501873139 
0.66988562265912843241 -0.65012210112598911582 -0.00564430529618585065 
0.56713293687501409313 1.21605652856441359688 1.17061319704822452969 
0.06245672328126859740 0.59040359172205369997 1.32441281517778675081 
0.82095291023701366662 0.33432528737971278776 -0.25636128478330394431 
-0.66705120930096384324 -0.29205827536108103226 1.17325315874836344499 
0.33578504867694708436 0.84040521141437429797 -0.26770416983771677666 
-0.27297208041106596488 0.24902272012192608330 0.81344013622790967144 
0.87151138484825418917 1.21917590491379757012 -0.60722862599516591597 
0.73919460249990487366 1.18580295446743266830 0.31755863823930835510 
-0.00497638262945754306 -0.39565782568107987771 0.29326816520604576111 
0.25145238960748672596 -0.07973385436439592300 -0.42988358963428718873 
0.79481945630215722343 -0.33715212243254277791 0.22850402652107798529 
-0.22772792894017124254 -0.43544287553488814080 -0.10587508707068164771 
0.12432257968026276529 0.54799271626791767886 0.82580340527109530324 
0.03773585380191818439 -0.69985222590479756466 -0.65285594930662238511 
-0.66565802061646084375 0.00473187509510865443 0.69010157730496712869 
-0.53447340386086827912 0.85210674334711766775 1.24929709952717771237 
-0.27292073408207084828 1.13483871530009361450 -0.34050842296288452715 
0.77132246826997430400 0.45685067269072915375 -0.11428218138899956524 
0.65861282843972246415 0.30675972611196972162 -0.08785707747439107373 
-0.13956489361019394635 1.18419834964666637056 0.55442411458793794399 
0.76710219116195543787 -0.59774307578432606114 0.14596449296226945980 
-0.73914464839389637518 -0.43715226857098360425 -0.05427365527744325291 
-0.24296016364759420725 0.88985895257970282213 -0.62576342988373423459 
-0.04178551860070915669 0.42223905783931364732 0.77296826988464761854 
-0.62637384684052410666 0.81994333178317979627 -0.22659700128105145223 
-0.09376348161621723964 -0.62505181792726138834 0.76167423977722847894 
0.17439654030607901203 0.83365373923350460927 -0.49256907352219125862 
-0.18936574816753296013 0.33639662568281952781 0.23350174175271884436 
0.83987615478398491842 0.38441931707624293901 0.23524102085003453788 
-0.74714501970016389265 1.08433050704971889466 0.60636545719605772220 
0.12480782185095387615 0.51314572224555765612 -0.21358021867158832885 
-0.12295670633033174701 0.76986441144778694490 -0.43688633354389233565 
-0.32851406338156846632 -0.26387203593936914281 0.89052742240017124242 
-0.60168631639646419362 0.20764178653737300206 -0.17066046834916390185 
0.65103928704286007090 -0.06150606874306568939 0.72032654417623942500 
0.05238173412136148260 -0.43090903178793082962 0.26736163937300588822 
0.51714634917057589192 0.23299931406139651191 0.07780980863026747130 
0.47021110639724178482 1.09661973273328294809 -0.22916424127999132643 
0.11822377416529374072 -0.34074740362131761273 0.29116679262668215822 
-0.25953632837922219201 -0.61421243325252450340 -0.10458947150828770689 
1.18969678328991390615 -0.42381782176721438660 -0.15238579972959581665 
0.69117830872359764527 0.87785699688598362034 -0.33668095087517585506 
1.12846575076227906287 -0.18916774984433248896 0.50701417458060638044 
0.10782652111126941885 -0.36599357063951004632 0.76952544995969074382 
-0.44278446562717072021 0.73575874990512912799 1.05698634039931937956 
0.72323045709438049666 0.80594267169240341175 -0.30662033837359392585 
1.01744951325226962169 0.59634366855666809393 0.29122302054400445170 
-0.78282448842280227819 -0.56010537959141604158 -0.14221226631866898393 
0.21930650987569494381 0.35253256200634985884 0.86056404507974648688 
0.57216734093323651233 -0.25810342399753788412 -0.05391657924841309485 
0.29743618699322110777 1.04820395327872728508 0.37377143959764264070 
0.95881917088147761152 0.49012404819487520591 0.78840374928081136119 
0.24738462418290757538 -0.65180064611830956789 0.16365837717271822238 
0.83366982037726877763 -0.58632047674292675499 -0.21306091779765454208 
-0.74686919089853953668 0.77443578030059323503 0.74729609977415134558 
-0.36438453620685568035 0.28294394638218667293 -0.07651289086971096998 
-0.70335647399533740565 0.91051538772721507531 -0.37508168663830210310 
0.65365602307378378732 -0.23361853324571232871 -0.18632245929551169428 
0.51845167564030569807 1.06662212739459238975 -0.24567358923839130447 
0.47180755063698115448 -0.10235757954163579586 -0.22974846336780496703 
-0.54855539659829843924 -0.14745899981838703208 0.20198845810129156808 
0.24908058165959837127 0.60113515093831593195 0.94053914065824650859 
0.94844659144828202813 0.62724851332694642192 0.31115437188349398534 
-0.71128161879804896461 0.31336583824915120733 0.88922211553393692984 
0.64576662154755815060 -0.10743259945408113742 -0.29649544553033052585 
0.93332529529822216841 0.50965439521531041844 1.30068758668672956880 
0.62233486523795444878 0.21943332997100981063 0.87335905084351206362 
-0.71949336933533170058 0.25461186214555009411 0.23207383810655554668 
-0.19998694049862084099 0.12505468963808741290 0.53598068529125386661 
0.12974988505866691391 0.60447199121941941335 1.29241224263587239918 
-0.26434199556350529425 0.70627986669465392389 0.84456416753214225146 
0.32410263292973817695 1.29025288574609997561 -0.11117562160129552951 
-0.14289728250745797888 0.20840869330550970684 0.61235675078880102973 
0.12362788734330754092 -0.33652645451439111568 -0.29146796859396206791 
0.35752602082227324942 -0.25630971208738795308 0.91386045588141562313 
1.17240532034870748035 0.80417852827958458128 -0.40606399133428161541 
-0.27713772069439307488 -0.05828584756699048408 0.64656317246188788062 
1.10963169505081538091 -0.42871512442784676100 -0.22711342508816501073 
1.09537290020764932486 0.26763210404095932882 0.66597921102987289732 
-0.62520735302177521397 0.69129902367478435199 1.05316782291962418583 
0.00431347823971923484 0.28139431764190037111 0.41612052631644880218 
0.82185193795300726105 0.24078623402233351181 0.69100660504245992044 
0.64374717088426802736 1.27778588383105384807 0.94314173255950350949 
0.76221792569922641736 -0.63659911328847107459 0.17509467918813342857 
0.38356561665932104033 1.12454312323463345713 1.29415483277472076473 
-0.45866416130879178459 0.12488309178558769375 0.21679264422143079694 
-0.23887068821279436315 0.94217081298034466297 0.51990556408526023002 
1.17919673434471117268 1.24715817891878488766 0.73322699648713840492 
-0.50111917176102649396 0.76493288719149510335 0.96107883319466613781 
-0.66992867555742785513 0.98036157802133572226 -0.35982644504881511338 
0.02003001266086375243 0.53159991781928861432 1.31131279049294957595 
0.21917664926266761105 -0.63036964360053349132 0.17748195973096550504 
1.09669733231690735842 -0.71425142687872422709 0.68177895456840664767 
1.01624927917818341783 1.26782351592734277013 0.42067894842933944988 
0.82444975321173252780 0.68332121195396700042 1.32947274871102338878 
0.13482436207114373294 -0.36729425074287325170 0.78971669256595300457 
0.04081901797498405787 0.63199314781127813312 -0.31477516129888222229 
0.11864074343144913326 0.51326880272888575352 -0.21681884845922463900 
-0.76022998798776164620 -0.14509624821197164568 -0.39757926102204743657 
-0.30343573164311421486 -0.05161573504584112543 0.67991370511091619999 
-0.76055872239458244266 0.87023485504196074203 0.42719410763102239059 
1.13147336701260536884 1.20692625178776369310 0.42485878088282669207 
0.39452131652836042175 0.81467239859358009380 0.84864380991218013595 
-0.36951380426754137920 0.20698772513977528598 1.23218894410177992604 
-0.55326627237398506853 1.22759453608644752975 0.95440407499574098082 
-0.43702161867368854997 0.88228890137091886547 -0.23398754616187936173 
0.38816675972164343955 0.88544536351965774656 0.26206969026121956778 
1.12093000589838687198 -0.19429983933461786316 -0.52155385116436392412 
0.24698154823906287580 0.16944682533504235034 0.34583879925455451865 
-0.30720968571734735830 -0.13807062511007800465 0.74071992796419505733 
-0.34872662171884216686 -0.15615110435420961887 0.25295516787622751576 
0.22307315384469078579 -0.46075313615782448329 0.10142340598894795944 
-0.58354104151417329760 1.14726633391571208875 -0.21316228169179621266 
-0.61686136372215139012 -0.69400542267693865472 -0.00412748054160747002 
1.10872281136142136759 -0.56825469631070768539 0.81116543577468269710 
0.41919612502069786286 -0.22047651654156563694 1.17638874063249954105 
-0.14870164470317512317 0.25552986627108170703 -0.35722339297982552697 
0.72168502557317604218 0.36901718535740335447 -0.10334026596825171551 
0.61150770829881750945 1.28310329134408740437 0.01575147759292913965 
0.90066100407715543597 -0.60210442141507214409 0.77459074305758923717 
0.75301775229329459549 0.59643165946325082949 1.17315350589479527876 
0.05155349783330585856 -0.31618768665185259525 0.69214904299120971753 
-0.26448781257692788316 -0.02892696634813374940 0.43876613802259684105 
-0.65950692120601495105 0.73851758751803731062 1.21411963250583099239 
-0.24369624669166636832 0.03659392741094882884 0.54127143346272210689 
0.25749699156384958654 -0.20812368730222388646 0.75429046420679934926 
0.23076367936085345756 0.47208674739165495948 1.13020595521361144620 
0.08559576115667337504 -0.64192604376442441438 -0.30381593138974399837 
0.44247633488754822828 0.16529235935231859078 0.86172632700767937131 
-0.24325599983999560139 1.13890662738642456375 0.37339405307855916272 
-0.16213744142642386170 0.18458051222210289377 -0.45032090036363281449 
-0.78529772695698873974 1.13254929204997867309 -0.59430214975230555297 
-0.14566659565900075268 0.74732975384233191196 0.67339895829977247654 
0.77616754092768891482 1.12924860098145973808 0.60950350244512674358 
-0.42128892239356413585 0.97862240379136755664 0.27635529129783081848 
-0.70917526282711618180 0.80492718149480946277 0.29049901123984345208 
0.42766771782127044332 -0.03539315016431166666 0.77358455829993599817 
0.74096636760006517886 -0.54893457777769005812 -0.05430622467795113983 
0.17282749534079411280 -0.42115962374478593810 1.23042688756282037055 
0.53087179288535801813 -0.11119180970188598245 0.82105819831588933155 
-0.47193221159823312005 1.24057419375741195822 -0.00859321903476659502 
-0.34518137773555152004 -0.28105762989307875310 -0.10874583585483552084 
0.17233285272496354223 -0.23694075552804913509 -0.35505269246348153400 
0.05378126196045437957 -0.42464666359506836324 1.31715054857582214431 
-0.00963333539915040525 -0.31906479137310317373 0.36088945281781048546 
0.22190371319376037129 1.08734236935924255540 0.50157498697490565664 
1.14399897134046635294 0.76481604010359105494 -0.66194225360672787062 
-0.22182310877763367074 0.44659614028291755305 0.10836912432805882733 
1.20963710271564872656 0.44914888102482281029 0.93810666754797378264 
-0.25471938882118438929 0.39462387827503359050 0.09406997491426791203 
1.08729766469012467667 0.72700221936611619800 0.65802169893677819879 
0.80696105688083041851 0.82023530394887100847 0.61119513914889389561 
-0.66227463145826559465 0.19784223679958684583 0.81300031020051155561 
1.17549440796687076904 1.16414771259169680384 0.61940533622471205533 
0.59935963271900605243 0.73548365637564172559 0.09806694729500126106 
0.86611276262122194325 0.21116845759830776830 0.57966435701398177915 
0.11924418377518002099 -0.39555976621303867713 0.24792947242548157849 
0.05831912051224828059 -0.33082053092382390780 0.33637802395781796205 
0.09619635510981248971 -0.40886684630842662358 1.30494286319583019385 
-0.14522288295696178517 1.20398168245760017747 -0.42585469280347926224 
-0.38633723262925373509 0.80296243982814874407 0.85567286301696354744 
0.67020570324269679308 -0.20275930128194169511 0.81018660868182790225 
-0.26553807485157121526 0.76356665315961436136 1.30911452581897269631 
0.08814979724737861955 -0.55009053133079310882 1.29292351165641772326 
0.20961308322673524729 -0.64680733014473879017 0.20336820636246807914 
1.05048572859298894322 -0.50844378670664758246 0.79876805989157262378 
-0.09811898856173645322 -0.31959559186656411045 0.32528667880693845627 
0.65938739492085451932 0.87467057769778278065 0.30007999966131110314 
-0.11136832903477837664 1.24916049985618360374 -0.39293160962716200402 
-0.09616957781597242072 -0.22884686247505450774 0.46545315638133705205 
-0.34031248144654974164 0.26543250471159957060 0.90730815805601527924 
-0.00113583123636772500 -0.35190360821622002074 0.32762802421104908479 
0.33229754522273635686 0.08498786850918657598 0.72643700629922280942 
-0.04705029124893339576 -0.50391630924796160240 0.25435863185736334868 
0.35010998927216291365 0.18021498058747684179 1.27638090860106889757 
1.11499613977311873292 0.23978945289133912766 -0.40143664056359479320 
-0.46679231092749040588 0.92651383964633571289 0.24969115540034489409 
-0.13747296222581129044 -0.36918014241326435609 0.25324167537205966028 
-0.09390763423615341998 1.22336116556434593150 0.58363456296875404483 
-0.45736641472447064904 0.86069403191210003268 1.25753167525554099271 
1.13064727347706961424 1.23681405502823960063 -0.37831610983985025642 
-0.75071449989173189010 1.08480725507517439254 0.59793090158106032561 
0.67874569643473570135 -0.22284744846609422231 0.22378118886574105417 
-0.74836190857566697865 0.54879848024296717934 0.96934681267970312923 
0.29469250548304598558 -0.11824265642067946502 0.33643928791369848152 
0.15199404486407766535 0.18385317064165923595 -0.56878036349670124672 
-0.67037493322205965463 -0.10926542257930903224 0.72844595856003258039 
0.49700495691810503418 1.12415988791855148143 0.84024712045836946750 
0.80910713645141518757 -0.59315276050816434505 0.85329126958120082858 
0.68667611099672087871 -0.66686982113676396278 -0.10506427747319509181 
0.72444982825236869939 1.05646470976149320364 0.62669619245913554817 
0.05135214268426661899 1.28328264520645252134 -0.38677225873223924912 
0.73567968939256522809 1.08401517398113322876 -0.62940827744917904329 
1.16951256346878373904 -0.20729081763478898748 -0.66516944200771277451 
-0.42630519976108977032 0.02122615595451378748 0.27449039410370845715 
0.13262709307966982775 -0.25003368029002720485 0.38125331258768013765 
0.21347078106159883548 -0.37099142207448493336 0.17720942957769039716 
-0.26900527016057318441 -0.31380672330938580439 0.16570937535277080466 
-0.22750996564748943163 0.38259649540718415617 0.89749942959422812638 
0.97112978196679955456 -0.65642322396359453762 0.70335282230144235971 
0.17167306923999242629 -0.17459319602837822250 -0.45314968928929594272 
0.20914771196625922545 0.12847791247485498833 -0.58648235922800517894 
0.67538084887116356381 0.77357613785288159569 -0.22457657728450608481 
1.15975836151898326065 0.82628960076397162116 -0.47103394829598332905 
-0.44893889177321016914 0.19667671435490141629 0.14664757984992668471 
-0.72367693154460110971 0.41909645372531867391 -0.03175417457074281025 
-0.77221973757937278915 0.16806815609420924784 0.38735680597467109232 
0.33664226456762741391 0.80468686931381727678 0.23374269471524278252 
-0.51888973639315127961 0.01986277153880403046 1.30914902754487849634 
0.81567628366420985575 0.16971952043330951199 0.45888480011625093491 
-0.64064500380015820813 -0.26897773092728322064 -0.12534516660544117728 
-0.78624284862377835648 -0.34382212790891175658 0.83320773732183806004 
0.79657574317779389350 0.82945286753384250833 -0.43256337279661177808 
-0.33384026744340100645 1.21939065254012546369 0.85129405646225786430 
0.93229216923854096866 -0.56391418753837030398 -0.26701450189817355074 
-0.51645877320370858765 0.83702194495013748643 -0.18680709561258379559 
0.58178016678100230585 0.76813812100284140083 0.13365765706755466935 
-0.15095527070891673338 0.27754072410161012563 0.32835577588686243322 
-0.74341325986390027758 1.03258810815858148580 0.47676028553977189972 
0.07120893086141517891 0.47903094104713439538 0.80168234922081704763 
0.65483491021718420733 1.08076674558439966845 0.31750462926183181667 
0.56263135281521658992 0.77505890818912459572 1.17657123172655042609 
1.16101228351391760896 -0.50506668836313373117 -0.16561059044481679647 
0.64544062845872673950 -0.16038263127001778363 0.25462779011376346361 
0.61956415973421363752 0.27146496980605483440 0.09604749554557576174 
0.23405612121374869128 0.57070084622476335845 -0.10206425858883545754 
0.80549098592958656706 0.31067925782194738549 0.26483699830063373026 
0.20677199911336285876 -0.61836323880431454114 1.22867618111539411707 
-0.58251054530998747083 -0.04029851124134863072 0.77330068612646285509 
1.19821456678413573727 0.54267361863902219277 1.17464652789308465763 
0.66111753488708380200 1.15474078313944383822 0.77996639969713721374 
-0.07573200546118362408 0.76145198741403596898 0.54121131105487907398 
0.64627873641589905773 1.10165096893949288059 0.29549870412608475467 
-0.41216146861774838328 1.21373763467409534478 0.91337889032360297659 
-0.16984485277584801532 -0.18088298243106284979 -0.60465373009823408790 
-0.59247542537611608271 0.23587441304925624297 1.17186685818141822502 
-0.25867572759610918398 -0.01715895525648502770 0.45308802587200625034 
-0.58497138824802974444 -0.08954637325596839781 1.30907394350085160006 
1.01094539586973719558 0.33307077722557865140 -0.34528311692756880058 
0.10381314034250210820 0.73759020357068583174 0.40178628361239371314 
1.19094975485150067485 0.37963329275225271564 1.22550143953737467051 
0.75981063160841899595 0.14840386675006825290 0.39396739089430249381 
1.19100135617988689418 0.38343016350189290664 -0.17880042559629466536 
-0.23576228231694407178 -0.23950347219704770652 -0.28305891581821507330 
0.69735636514853671653 -0.36056331883550696293 0.98089571391221985763 
-0.67028808209011891961 -0.71307201309754142393 1.19374187825444977307 
0.94845146314424544354 0.74962739307702841440 -0.52305737524751749756 
0.15215201552024010256 0.78644806107552545082 0.62281964552142032865 
-0.51788993863115495575 1.07495778079108572634 1.28586606261283065145 
0.55875936469060172307 0.20468810249184715699 -0.14629186209938790930 
-0.00648759705223816638 0.47699388111832830006 -0.26223565907560336674 
0.21725725282726759957 0.66386551092384715744 -0.21108334223670593977 
0.66066585424392720860 0.99940655100446429415 -0.35102736423538338784 
0.62126769888286159649 0.25359151811453545244 0.12714242955317875405 
-0.22760148406384361763 0.72725509752209993586 -0.26407558903952937923 
-0.11678248826906906244 -0.57555941003403221501 0.80809234105879512722 
-0.30713312592987512817 -0.07054935459457860325 0.69292755642048176057 
1.01619552550748704078 -0.58014680867244017293 1.32948769320959958584 
-0.43278902702845800654 -0.00372856877179141011 0.77097120342603597809 
0.67738198427445328598 1.12538932479966269362 0.73842716878666636582 
-0.78820411299231607494 0.39003639708042325829 0.86944710474528752453 
-0.30205116555199529316 0.84296793156070204400 0.30262717938322253319 
-0.74233773259546487200 0.02259692573191728754 -0.54364704578662625956 
1.14135342704093378785 -0.62847529235019017335 -0.24347144257083391805 
-0.75317377656761819171 0.13568218889386401971 -0.64854860612592568625 
0.98708679159039014461 0.57281304379399911042 -0.27841170858550873257 
0.73140689394771407628 0.29826471083535804896 0.84857038148563335156 
0.25123493476754832354 1.07347407808006023444 -0.61772874877144234862 
-0.63012103034732813711 1.24090234705456392561 -0.14393236907465126184 
-0.29584973119927759910 -0.65854986285608008156 0.94269227526069598877 
0.29712136352930706984 0.27743239514598483364 1.22181776516480988803 
0.28171034204138928336 -0.35729559905309338230 0.94726174536454499364 
-0.19848468417767181626 0.16033660445781328097 0.42880720637576280607 
1.08286091926706706801 0.57277661330553564234 0.25144983124593967005 
1.06856815789918235815 1.24676798068898109229 -0.42456913081754643624 
0.02992719298093822478 0.72037919949745743420 -0.62368543311063351364 
0.69178530903082635639 -0.35751810598130007168 0.05467552712639841411 
0.24047225254016740825 0.45375830039610903777 1.10606872362757813200 
-0.31187263315056723556 1.24715652896291850915 -0.18584955345083065126 
-0.62737232990759927986 -0.02652894264152719922 0.73090640324020661467 
-0.22881892226611519336 0.07745070154582939237 -0.50592725007937988657 
0.58130489119736772352 0.26345844553947039834 -0.05468712583877134714 
0.21570803469824370580 1.18861178695719948983 0.35345696533474735279 
-0.17766366243586545481 0.34635224363804406611 0.23580028964412244608 
0.26857260405151373028 -0.19939061174127348242 0.28984427347287861076 
0.29241491816289533201 -0.06317590623340389733 0.37558473555011029354 
0.21015999513341557248 1.27271034048836928498 -0.26717350366032344144 
-0.22504147367504948041 0.78482499083980172827 0.71795305232555128860 
-0.50149942158066174169 0.84441988446129012669 -0.19040435073880548900 
0.51398613296941442208 1.19785486518897954511 0.12804582674118308860 
0.27320765101421418120 0.39870054707917040870 0.03020836742867367281 
0.20151382075900056701 1.12159379102611023171 0.56255864668998889488 
-0.38429980053827805797 0.24933757194859035300 1.16059104073316388117 
-0.73580926023389170432 -0.01256667031716642013 0.57289149079645307339 
0.12438010561004816945 -0.27322934902581619276 0.35771261752012112334 
-0.62515215322997874647 -0.19826682027551356668 0.84673194259031880904 
0.28054852359543680507 -0.62594506366176261292 1.12486486956574927021 
-0.12461184526994988075 -0.57763380513479345435 1.28048513890989346109 
-0.22651555276954149498 -0.17143015845114695228 0.67854118513390293543 
0.57374255297612408722 -0.11912670854689338951 0.80951409772459770320 
0.87861915832205927934 -0.54395788114251297785 -0.23046713390856637949 
0.42802182889482975892 0.91632082329258002229 1.30448419102541479653 
0.65398368852097066295 1.11233398821265239143 0.29479530215645344260 
0.17750443502550489194 0.36362120227432659370 -0.22097999573471863166 
0.88305614573503632414 0.56095402587463827349 0.80838305620295425324 
-0.16346572036766476854 0.30585905210843633562 1.33347295137916521668 
0.26634208709844420238 0.35821303385354080762 -0.11670411526766343024 
-0.70559779330208982628 0.96682284215218061707 0.63956912171783453225 
-0.14809001289341761076 0.63913617303987402263 0.78991076833226858689 
-0.19957329080139860067 0.81518231090215853563 0.39802287252514312321 
-0.67105621858440556160 1.22360605469938432677 1.25401104315647260457 
-0.54399273985885709948 -0.08560936965232172902 0.24460511530376694012 
-0.74497233442942956128 -0.13433578565321077636 -0.65995394669728502102 
0.31223275098314340337 -0.31110003337289621195 1.15733971423118520150 
0.78721797552494421346 -0.51770602020258860154 0.91608315469243650764 
0.24451409919102062851 0.09949977510366760092 0.62428937028642816909 
1.13053568662735570705 0.44435997457303777480 0.20543183294463882027 
0.82100744565328898084 1.19515905409699163542 -0.40885682319412530727 
0.68880878883670770829 -0.08321054683815871933 -0.35640548727283088981 
0.24567452873451323114 -0.55500420854610299504 0.98335253736217731468 
0.68648726278064842177 1.12030473340260283699 -0.32183398481174990691 
0.91376561897203312235 -0.56725389999916697725 0.25697748401248093897 
1.16780733679056192287 -0.67642648428300533592 1.30833262766072366823 
-0.74881142592928184865 1.04373474762398177340 0.53025560736276877716 
-0.68501554129412745020 -0.26322676816097473340 0.18518264427803968197 
0.37323430521803546700 0.77003998405253271109 0.16195830966438370946 
-0.74208405279121758547 -0.27522572656708654826 0.23415694847901566411 
0.42882854765662842267 -0.24096511621298541406 0.08746648322120997854 
0.01099676092110033788 -0.71011740062115469296 -0.63459406041023369571 
0.89029779736232173004 0.32265035188700913471 0.32312777375428269888 
-0.22259282412199904444 0.80361572417926596668 0.69410080286162689767 
0.33134777670844356434 -0.22059826094525825102 -0.20373257178575432391 
0.06956276486349845245 -0.26244492119059054103 -0.61955508633308831179 
0.65436565902176235809 0.67967629823308395309 0.06365857748693930229 
-0.70287741436384265636 -0.67583395267579615684 0.14093335216568975143 
0.99613842700030352795 0.29366055781523436874 0.39423454204545022028 
1.21137044703081908636 -0.44164650828583795761 0.93660681192606831669 
-0.22395339708055428396 -0.50417414817475514344 0.09339010971316766274 
-0.52840146203592019969 0.16291209974301906760 -0.18274892516995869252 
0.53366565884447603185 1.24445750192322956984 0.01925372278598372691 
-0.16646133590403375258 1.26444532915105245507 0.31964910403108059977 
0.21225709661435149256 0.44506855739435324804 1.17278904008291706695 
0.73110382392277617480 0.82207169037854732618 0.71441313203788425756 
0.70341273212044486129 -0.12809422808651688142 -0.33960797708773615700 
0.03011559346263307374 -0.43538623673307114137 0.77722335386477936492 
0.15349421998434323311 -0.22101989424872706125 -0.39797128699000400287 
-0.27171088301819318334 0.28275454840636476961 -0.19770955571208212453 
-0.63781517028454182139 1.05440105148511586997 -0.31489669847848178463 
0.38765576233308418619 0.80546564015426036498 1.23782143547585121723 
0.73324733428137223168 0.00798739678966452725 -0.58074796255311567084 
-0.26325689219173731281 0.57350408235473093743 1.01651294029256100693 
-0.72180307581903646597 1.11863263871629992074 0.68249468519800837729 
-0.34450043074982511504 -0.19742215151359460146 0.21711395501443095379 
0.83990567088677448027 1.18392084303296685199 0.58200605983365660823 
1.00502547428361399540 -0.24690646286752113148 0.53200886675007474924 
0.21612872608509492434 0.76573185228708817718 -0.31718264507894261550 
-0.61053723119456992929 0.89029186653749137204 0.77485860611794665775 
0.33599755203943226789 0.69008283429754813110 -0.08355520978347542871 
0.16331563647221239433 0.70193242681540279904 0.30242277557612778915 
0.85233570230084765296 -0.19699296211439148996 0.56111870242418415700 
-0.29227693764364237605 0.72645084999149123206 0.19339894342150104611 
0.62736075277709113518 0.25358386408262656442 -0.13371289609640185647 
0.99876834072403786191 -0.63111381030276914039 0.72796727580767006671 
0.10361453665149449044 0.31605277551419586057 -0.32549147526276794862 
-0.46383640576747237061 -0.13144802451971782098 1.25472657601331838428 
0.16838810519211708239 -0.59252250080684054634 0.20318070475520561002 
0.08840492636465988041 0.44815338879587379717 1.28975074971473513408 
0.25234724321120338697 0.52676682015173081908 1.03777106166143151533 
0.11885474044062238619 0.67235645513137320961 -0.30992882273017047234 
0.18775305634766245588 -0.63242930494721072421 0.21365688005031352459 
0.46955529408127039126 0.95570724376484728069 -0.25962048899960987747 
-0.64988871609186582567 0.77136864523711357045 0.84937579939282381591 
0.42400832917880382222 0.09106132880455772294 0.25146345778910211832 
0.79507472011251745236 -0.67739504742311706931 1.29554324289432742923 
1.13445343692376621192 0.20583138842701392823 -0.43575504437558926218 
-0.62078377290171604663 0.76068344801878284844 0.88920646777080381007 
0.26585740949931496724 0.38296624769079701256 0.96129168054426594736 
-0.74724459823718714091 0.04717959944931924415 -0.52285034783637929223 
-0.08778753350373862119 0.75835080977539459646 -0.58658077952798826082 
0.74762182175871361167 0.70510589217228392123 -0.22758254197542995834 
-0.12935840142316853973 -0.49341641016307208334 0.83927665555165875677 
0.13771340461077091755 0.79053076504326347251 -0.59016059506759421804 
-0.57399186580703098759 0.21145070460708584315 -0.14651753489783306272 
0.59976835610785594888 0.01613576873419672944 0.29711015970042897738 
1.17047210261940581866 0.74906556984113248365 0.33551454877950986910 
0.20363112989562534572 -0.16335624213062480137 -0.41215963502304997501 
1.13108127700817107097 0.36473511245416539994 -0.25195763643332569348 
-0.43990771842638626277 1.23618130648195090338 0.97444137959643972735 
1.16773598777307552332 -0.69276131598190227034 -0.27802158393861930996 
0.39877305623728942496 0.26824703394302512605 -0.05370751727172494439 
-0.40149569840943855059 0.26592199782917519402 0.05798643159140445813 
-0.73177380159694116468 1.20398809588857957920 -0.29086445720466919118 
-0.10345843105263741180 0.56903104732639309127 0.24411801899474266930 
0.56190207846770690026 -0.23665399158449668127 -0.09723412111569906813 
1.15054141277709853775 0.48982196606496347657 0.17504035813941218325 
-0.64976092201805335513 1.20603712147351971318 0.84074197105129488961 
0.52252272504546448673 -0.21638332309556743138 0.93442898785197392453 
1.04081762168154012826 -0.35285545779176363812 0.73000807210173745965 
0.01065935600722620231 -0.55682631582463726350 0.77347543319996436839 
1.02563669479024688336 0.71645832383244323349 0.41323622779040675157 
1.01148970249319880566 0.56289499478508886465 0.77229148312935069765 
-0.05684807148778507624 -0.48132953495709446257 0.79568859143391568178 
0.06970972498013049135 0.23242314136930886104 0.52329838053325561376 
-0.73417627349485992116 0.96620268886527860275 0.47129572227701560516 
0.80547332879439825781 1.25363961055181571957 0.73137360546614293977 
0.24797076938359416398 1.15653023772330088015 -0.34906797576535431027 
0.16350650624171592096 -0.66748717983655259101 -0.26804867585480640635 
0.76909299403378039717 0.37437515890856348788 0.87967014487195072103 
-0.49845976754592896674 -0.24860193409897987649 0.00898949792354270319 
0.20738366311108580309 -0.51200031012735325309 1.16827685315094420559 
1.06359274624047017710 0.34757109860403828661 0.31232108405536723739 
-0.49664792013658126679 1.00597042159862382071 -0.26201650443540136504 
0.82303741864726509547 0.77468096117574514192 0.38808382751749115336 
0.05346548527325361427 -0.59632064134503159902 0.76241108085682185447 
-0.53523978514678416385 0.76507395419315882279 1.14427426440520996209 
-0.15054907154894101029 -0.20856642505080602579 -0.62492272556051842169 
0.60501127812989885513 0.06265015931633201307 -0.28825098443558500039 
0.69289540051236231388 0.90255175337224435861 -0.35611177160406515263 
0.19562572155558452525 -0.15560124191739441168 -0.60678354545707791079 
1.11603512898020151844 1.27597381891621508565 0.34217445913307981131 
0.69805671142835767906 1.25033171694903622040 1.25285645604139372900 
-0.15246081814973319601 0.41334063843400808969 0.21162324284691613752 
-0.16234225415549133342 0.76716636141786309633 -0.66689389662357390076 
0.29171575271648431116 -0.28238233280987684592 1.22206927910057339126 
-0.37392889576962040632 0.69976875737943067257 0.00276791801139866789 
-0.74068611342193046987 0.39738200821440294863 1.15006136779518319813 
0.76331393327507301994 0.44473483543722958089 0.94256781983076531883 
0.80807063603281070741 0.75128970339353340346 0.34010503035135120076 
-0.43520086345293451657 -0.20097319441697522602 -0.14746021393129962740 
1.15540385480415896957 0.70771925897239840175 -0.30429838182757457110 
0.67006520902516253368 -0.12449210042610617255 -0.30710026491743303012 
-0.02812626995867659532 0.25039879436732753737 -0.56002774436913138612 
-0.14734182097861669991 0.43699514929449728706 1.24975196971901247878 
1.04423685048077907744 1.26145881081630362175 -0.41824820187660655124 
-0.74685072883702841029 0.60975864221819875421 0.12889998807247873835 
-0.17186565285228408428 -0.51086613358044374866 -0.16668923584422032369 
-0.66424652840499465167 -0.33592442424250890110 -0.01224104017765011154 
0.21321631572272070620 1.25160111373437255011 -0.28626546063775692996 
0.76032794058477060073 0.91014718259845539539 -0.55205987901015018959 
1.21864252152143892616 -0.34389870878012801514 0.18166365804130307771 
1.03215163953080435455 0.72597388325928091657 -0.42676927641376288802 
0.05499254365161163061 -0.63289666943519851117 -0.31080659872245358644 
0.12115389808534114680 0.20366414456700593361 -0.53998799629390570320 
0.25603285159057637133 0.22546702905669413486 1.32285238057367893205 
-0.38961714716705014849 1.13002989332400871625 0.80927463787708608933 
-0.23927103354940237878 0.63558066271022417570 -0.15731354628351584823 
-0.26705841052021028759 0.28337104136181467950 1.24922497096165008301 
-0.34799316423098664020 0.24121069997205460411 1.21039869328200588861 
0.70259563263689217560 0.67222690876520685421 -0.13503831167252836054 
-0.63540988526393538116 -0.31001103131566654092 1.05236941614432244485 
0.47481378232032867004 0.76444532005365695149 1.13591113065287019346 
0.69181763507568438953 1.24405201755227823313 1.25292080150978968334 
0.17758838000747359520 0.72084434672726860338 -0.30854543413153523446 
0.17109475283794781109 -0.27582948680614721715 0.73607572468263005039 
0.83943148773194120604 -0.37173714812187741430 1.28893121293541268457 
-0.73031450296677302703 0.20651576772954352568 -0.29421601548239201263 
0.48165558794040286283 1.16483655423792020756 -0.16820396844927612556 
-0.73183839400032413280 -0.63644729124874632742 -0.13390148781899557928 
-0.19919582716429143354 0.77900432524421903135 0.69535478063397060389 
-0.06026697288253340945 0.56274043809510509995 -0.26311319216431861001 
0.95882805080904498496 -0.70319375029307928937 -0.39644767075798986733 
0.79264314022204063193 0.79606448286404984938 -0.37787544107042786434 
-0.53691285461557369807 0.98500035440567745848 -0.26744294550926067666 
0.25414121956140484082 0.32410714060700146488 0.17304439570244661839 
-0.39250767894162719163 -0.08448892374490921120 0.77524923320026928319 
-0.36997572814971751987 -0.20793942502447435028 -0.17937142486650453632 
1.02061372142416129094 0.54016097436747456673 0.78207796913198912581 
0.88026025626765613818 0.44032236459641899140 0.81296615815845651998 
-0.16576015896270807071 -0.19474416365383256933 -0.62400962150776173587 
0.52041146887036471291 0.07051642209122575833 0.24761810521683874642 
-0.66936573077439509571 0.96506793920050237823 0.68901468676184318696 
-0.14684966975158525448 1.25554959592902393162 0.35001664907767104928 
-0.69452899572325521582 1.24916439048079008778 1.25046257855712794615 
0.49504325731813703104 1.11125142752788796940 0.83127609279620051641 
-0.47668754409239666447 -0.19099790766001034648 -0.14682018395429133339 
0.03824830986915075254 1.24033758476138755711 0.56302277763923136433 
-0.28870934384819307850 0.62535073204091862209 -0.06067417788532915301 
-0.23818164954563283975 -0.14670737804109737490 0.66607350341348703360 
0.73174471249661865446 -0.12110199005374285008 0.66448980360947651480 
0.59446313790723859238 0.86187760499840226913 0.24060034396665200274 
0.74517442187033888779 0.49697899221641994583 -0.03890780947729693268 
-0.59830967689932568199 0.72528720528057355477 0.97387026191358294636 
-0.75442980052755459486 0.10800436061754026262 -0.43145164842507366387 
0.68485055772946168418 -0.35916743104067894166 -0.00492074599737458117 
0.34117303258510989217 0.90152344417218566175 -0.30750557515161158761 
-0.61071661939041999023 0.71338394585286823979 -0.06385911866056925845 
-0.67186426570558566151 1.16656368661346698801 1.31352348496137105727 
-0.59260742707924951578 0.19781589777024191634 1.22174567770209252515 
-0.22799800720577154123 0.62640383431722845842 0.16328714775073432941 
-0.64202202323375834325 -0.05110220961970463743 0.32272957269209440190 
-0.24220602251470502164 -0.45548274340449373954 -0.06203057945908591053 
1.08793692246975548521 0.24097715716215312165 -0.42985309280030409296 
0.92840599704355430966 1.26669282261720206328 0.63737554554930486717 
-0.29057357713426762436 1.25338637420688958635 -0.20091497083587658845 
-0.17501977323896181216 0.17717379663510532395 -0.60714971388871841196 
0.29712942539482634086 0.20553217508342241926 1.30103900160479435399 
-0.67604402651081763054 -0.30004790701599931557 0.92016944562310942768 
-0.30947183751749446357 1.09017134858009900888 0.33515697180400849664 
0.96995191069371156090 -0.26357282259939579516 -0.44898193767388794306 
0.92956261695643505050 -0.32347279622002594879 -0.34416239253150510136 
-0.65756564852890220241 1.26445698222796432120 0.90402133509877624640 
-0.03584215975046241981 0.63967625517549586700 -0.32277248610448322497 
0.82983226488242334273 0.73167630067366740132 0.70691164002085560281 
0.12720606924796595827 0.20510374609150641700 0.47854214345238049733 
1.01180675201456593548 -0.25151872901377186897 -0.48566655360213273340 
-0.67625667234142050610 0.19569049209184530280 0.24928798709535016087 
0.77030196036534992476 0.86440453206658640628 -0.43847177508488827113 
0.94792715918254066843 0.72606682107913589341 0.61719924547394577896 
0.16172192664188322908 1.16816999436895074815 0.57311712308625251122 
0.29254468669473715492 -0.26699145320152434246 1.23878133478131680079 
0.30991986978648056184 1.26467648257470943740 1.21440061305310886830 
-0.24776257132052151300 -0.42106480159854714485 1.12551143765800465424 
-0.63043044397601510909 0.08497164068840656892 -0.29752219522717793243 
0.71837143139246084633 1.11451930918474362286 -0.36580489734713456107 
0.27489785921524750867 0.70477235238091351377 -0.18904600636530882740 
1.02105412919877092115 0.42992310064180505602 1.31966503240684374099 
-0.66791834504292035835 -0.28615093901121468889 0.91192886692775898538 
0.75606759637808995667 -0.33954520830547202381 -0.18420684688074034918 
0.30676885870800024714 0.20721394610036764083 1.28984749314698965428 
-0.75492323922593207453 0.36895669675354564321 0.89281623688507416592 
0.81407976331934361891 0.16154049826727340244 0.56261721240500595087 
0.75037938683510119198 0.59747687674689231585 -0.11985768952495068351 
-0.39096642598818698300 -0.27618559744878418138 1.00681367638374941187 
-0.34391459013430186742 0.23664214127517860242 1.22023730125749252373 
0.10161543197814938699 0.22760543213933040474 0.58690777500948532186 
0.74066140609207042900 0.00381371598915634371 0.53395981257950297927 
-0.10225690076577285959 0.76219810633239970521 0.45042122396979217269 
1.01174603840916077502 0.54501342096975879947 0.77799320011456074564 
0.46411938356494630842 1.16428710616878694495 0.17271071807837462542 
0.93235462104004440675 -0.27254750964712626260 0.41192995577375185468 
0.10185074880513045326 1.21591349959526917601 0.47378646582997385739 
0.20528651182165624789 1.15075716724620313869 -0.63102737373259920606 
0.21896862894566268554 0.54912527644930619886 1.16350902740627293319 
-0.38763199689321542474 0.72438122825966411167 0.97459343416114929681 
0.76661158896278691621 0.29025045104490704295 0.80172164431404557838 
-0.50278549115759352262 -0.08102752888165309919 0.80628409744207563126 
0.76877459280343674042 -0.33126268932787988897 1.25381992584936963198 
1.04522516785960295493 0.50684863575592442597 0.25180943000725714009 
-0.27928201950559394806 0.12166891041649995076 0.35296887407438221063 
0.76359863202129263371 0.71343959426880643182 1.30004321931538635582 
-0.60628940606545433933 0.10957290008104013379 1.31086746538098619652 
-0.06590682898342350993 -0.49824441290087156942 0.24822858800981789651 
-0.23206026020787662301 0.12666121597543125721 0.41330356414204344473 
-0.18047887370801937723 0.28548003055754189727 -0.29114702949439036361 
-0.24778775058418250898 1.18946158845881311272 -0.31490827936879378646 
-0.27428957952000132536 -0.26855951971333980044 0.21086439422941147259 
1.07518297593600831163 0.63409294582908448668 -0.29617907541064253385 
-0.52009562080211135804 -0.08801024576476176864 0.80803969886878790341 
0.71187327237390385370 1.00524549026551812680 -0.62696332729448456256 
0.48363162861323494290 0.92468246948993981782 0.24755811184712719908 
-0.06277606153921883037 0.67300151192059254335 -0.34604060352248688925 
-0.36982402200528352587 1.00832208721747296210 0.73941228545696235930 
0.35269233583946552057 1.14887970100383962624 0.79724970455983901196 
0.81662509645646319534 -0.39096479895265995319 1.25385451661411062574 
0.60655925781450859002 0.28651402204538289897 -0.00794292003992583089 
-0.42302790952953717163 1.13147872971731633385 -0.21744930278752686026 
0.74714267929496880338 0.51548868885120635586 1.09862717756119976364 
0.37537161585430489641 1.13092940076556680573 0.24693595623542455297 
0.83542233358479733862 0.19934482275120457562 -0.43694104485213935973 
0.21034814644220883872 -0.34717679067223933265 0.84545969685841315666 
0.39874994984678091559 0.75816501190155760614 1.17211467657233492368 
0.31700124746117813723 0.84703282121805090199 0.29112092096089470239 
-0.54836981844945198450 0.80678173525978791325 1.20980645311830525834 
0.68724151906108099652 0.69282731591830837292 0.90487108299928298294 
1.16870409877163350387 -0.42614403102904258036 0.17638585802100062438 
-0.35855728535155229064 1.16868358419514550839 -0.22691379907452449705 
0.79260943923478310857 0.26072701286340488336 -0.30235270048231432938 
1.00555371708204188685 -0.50316494281155577095 0.78559268405913207367 
0.61799950958217497732 0.21117843055723625745 0.86748115144789084141 
0.85068042920391506723 0.48554303368617912628 -0.20090904019732724883 
-0.72641987478162584058 0.05937305853964980340 0.42686284750746522620 
0.53634458370015358764 1.24458865715661137763 0.02371663078923440943 
-0.61042666177898163848 -0.17485101876958339395 0.21299286189361205102 
0.59382095503505993861 0.76498729391886510776 0.90846269637623633386 
-0.54840615307258988587 1.22054670480928328935 1.14873961715985939414 
0.64561142789364578398 1.25036194063839301016 1.19463026310054853951 
0.11982214954315267841 -0.31618269408344368276 0.31309853667326914550 
-0.20626187068361845345 1.12126960271191666862 -0.46560399878376984573 
-0.71059121586819440353 -0.23501218290579628523 1.29034247005344471226 
0.80592984038244108724 -0.40213064637897288911 -0.18868233581026389034 
0.60478488505804628428 0.28349473457308282942 0.02726702157272695853 
0.95681620837024938808 1.26307457601433248406 -0.61158279411791627300 
-0.19377778436010609231 1.27977491106321794589 -0.27648205047849261362 
-0.71308036466965707412 1.28043364740777176891 0.18827027123201903192 
0.26814597307699533646 -0.62195613033802166214 1.14467041196501062572 
-0.77681412680187289510 -0.56257574270540666728 0.91208353827113985979 
1.16307595487412163138 1.19779705926063129162 0.65303584420207505534 
-0.78017902921893456103 -0.12042699912229465342 0.56872478652501257113 
-0.17357756766909088197 1.24539475060984172750 0.33355007762022942375 
0.29797129537189581683 -0.07398827096174342977 0.36164061664237312499 
-0.18839058906678787797 0.84458985472517100757 0.57310073191216914790 
0.21934843726589153823 -0.21117460809505153585 0.33123476923773043090 
1.20750394349128975513 0.12830405425738697356 0.43764443616012815852 
0.54843367579434731951 1.24364661334462711650 0.99810067020606063615 
0.72251227766215675441 0.77435327104570184087 0.77353812006388800171 
-0.13765400136338071246 0.57475053414420940179 0.22159748735516224261 
-0.75078508970340518403 0.24574602310746623823 -0.27468404388633088642 
-0.74629186979961892323 -0.18719183199154565411 0.71466607856288089096 
0.11516442780558566739 0.22059262117408398596 0.45240811217973925240 
0.25181723748911483129 -0.35790808809671964541 1.18548221026383671095 
0.37095036805950998282 1.23229493940963275023 0.14197713193403979637 
0.18860081248081214667 0.70710042413049045695 0.28264797990172940700 
-0.02515038818867070675 0.60052398115780925014 0.29491873851344896362 
0.21136627104459906890 0.12219035679266207484 -0.46550940950514912986 
-0.18821354369739812240 0.31095769767144837425 1.30540052619718860427 
0.24589247213847806317 0.48743159772317701250 1.06392139396990259570 
-0.11714713613959995553 0.28361519510421800971 0.69603394276918828520 
-0.72186024382104740926 0.24826603488796353258 -0.24133950980525203933 
-0.29906873767629649219 0.36224651956364534167 0.02444746564348022205 
0.01253570280098928111 -0.43269680958242984214 1.32168682389436620284 
-0.70930556372202246962 0.61207407022738813396 1.10238873594590991445 
-0.76573923034190471970 -0.51566513328538832184 1.14203362729917023977 
0.26998799462118283632 0.24420134217722261338 0.24165704604520588106 
-0.50220980519086111382 0.76651916989125445934 0.08598961827195843177 
-0.34107421985444663637 -0.12410429564586165918 1.33252059256593446968 
0.37903006466608196723 0.28347217990769824070 -0.04196575003539848581 
0.72559799424094684195 0.41855543427233188325 0.03417117393405517262 
0.66170971114365750854 1.00111746174265747733 0.35367241681128364084 
0.24321299257037762298 0.40604909210922252027 -0.10189283202772805859 
0.14042295472047996996 0.72798453634620652331 0.69408867391652939727 
-0.70057241062193365000 1.11228455305695694832 0.70337937554938190221 
-0.06577264551654110614 0.70213499557298242326 -0.37992943144232166341 
-0.69048093461525683612 -0.26435196498956137212 -0.19024888725336616679 
0.35843156764767342137 0.70165240735964595764 0.06780789192492200912 
-0.63178698664190280354 0.15374919105742917980 0.24835191937802431061 
-0.19058275494956511409 0.79728684670124549960 0.66052502268187862633 
0.08567841736859357904 0.76274641805136988992 -0.48520020738586028264 
0.14030901175289287042 0.48452936186188610979 0.84891187766121478653 
-0.04362030256754648866 -0.56332264586466895828 0.77728465578552763393 
1.20564533958832376115 0.23801303426582864908 0.74308723145269595101 
-0.41757029883589263930 -0.15997218523792233746 -0.19885465665974119687 
-0.70919243679909893530 0.04336234980995208599 0.40653501698678590204 
0.73606114305157666067 0.65751299070783819634 0.88304370410685006920 
-0.68221868655098472090 0.22925265518406023890 1.26720555745308738338 
0.09699558310849711040 -0.41514987695665839240 0.25319723158923429507 
0.29252122171293010178 1.24497325818625270699 1.25582882289298258804 
-0.66184793243302819654 0.86778802585017900117 0.29849644663699537173 
0.72072013432712933589 0.99544564222673437293 -0.60835735660685219539 
0.21205805162569640876 0.71015982616215622691 0.78412981503581735687 
0.80072209905241364947 0.39910770621449664919 -0.18506357876837770116 
0.02895281431441163941 1.28350190515540996117 0.39416806571605678133 
0.78144298814427437527 0.40258670464023171842 1.20585576919305959009 
-0.37543568341343286354 -0.11684301382529466151 -0.26429749369293209504 
0.17128323821537483340 0.31215750157234906093 0.77322602522998895580 
0.05171500848968099695 -0.40417389692246347144 0.76566202655473469818 
0.23270164432232717799 0.39689509182170445989 0.91890424649367163923 
-0.64216779743306295902 -0.67755646359172738702 0.00433660921818884021 
0.26223791263914525418 -0.09515121870637691104 -0.64958153225159831479 
0.28225314351067654073 -0.18609366831551205079 -0.28854234469516637507 
-0.10161353634678446656 0.51363732566531428159 0.81771508549885196793 
0.75574400550995313175 -0.31527662906028919299 1.25445448004890613980 
0.78813755083394565482 0.62952040697301769878 1.24558167506348982378 
-0.25849939106436825575 0.82147919759272636231 -0.32885601221321986154 
0.20683642893466955281 0.12537717785274712923 0.57453023500230349097 
0.14070588240913575739 -0.55058193693580781414 1.25502106068411123374 
0.53207083333660165625 0.08233765889404252858 1.29157235870210773676 
-0.55560534857500809558 0.01485919647764319743 0.77362156860491326782 
-0.23063816389206556745 -0.54441358017729657437 0.95442253422065337354 
0.08275081010513657409 -0.71584806697319114388 0.66009101036394379758 
0.45980935962733648914 0.84415385990548019723 -0.19620732968144694031 
0.29143136617563619728 -0.08851427008729906287 0.68504177280205869049 
