1.30529086918621306523 1.99836183581920856511 1.13357471842114088112 
1.25055264581641334409 2.53258036940441488838 0.83905384721723730301 
1.69771612794986825890 1.51264965441431686877 0.59783290938131361525 
0.77384573372175879946 1.07178403154007950704 0.35563207042305516881 
1.54664916596671986326 1.92337767308232820973 2.27179999495196849324 
0.65037698265204257897 1.71788342748866984522 1.48095877625953953327 
0.99239036820556381091 2.12648478076389890745 1.31690437099848511870 
0.91264359308560816242 1.25123566829275523205 1.49961937601871686532 
1.73396647413512150493 2.47116534728170833546 1.59701370191009606181 
1.24491582486090646142 2.44149229056231975576 0.86566951585605567132 
0.32289832806422302802 1.92242745589876196100 2.17885634742605471814 
0.13154315152534043487 2.18177521412987962535 1.13434741294241892007 
0.45426073992867010976 1.90838426512574699245 1.16790948002920180748 
0.75061848155763999380 1.96273655700750104813 0.34604303926266849478 
0.84761967335917853816 1.18853758190576197507 1.39381985817734488364 
1.79724248101805295086 1.39653615986679491279 1.57555780947287527027 
1.86759098025213199357 1.35237037957235473051 0.53585546642681647356 
1.36751966044815098655 1.82746782520103856484 1.14438417471365339040 
1.84074969597159032730 2.21736227591012147187 1.43224516259706580179 
1.00396472598098496221 2.39861692851741192811 1.70957279428468322813 
1.22580970390014210025 1.42489704669686023664 0.88682618498451204481 
0.55494261596291039051 1.67776535815724470169 0.68998925888864703904 
1.16877615867399620164 2.14232837093541972351 1.03556454142477671887 
1.45197448716586174911 0.90244124985803386707 1.15997101993298667999 
0.89280807519463822874 2.12442527317564255895 0.43115574796376482380 
1.48826968128290038074 2.60498641078019232964 0.71229398063374238514 
0.05176236111636153825 2.42302841858891770954 1.78852327383169695807 
0.47109341553173039729 2.59926738370077359264 1.82087567122028026745 
0.36428792180873059703 1.68405983417933868829 0.86891072298106419858 
0.86684866263247972729 2.28750782492861448603 1.59476647403701909944 
0.12244267163996631897 1.32078905880780439475 1.85416292226329537662 
1.18349144309498099936 2.01542993937627423762 1.10854889922012422865 
1.38027055583201829769 2.70652002825716841983 0.89147955440793669180 
0.31874350799307932247 1.68616712208351837710 0.95343034817103422540 
0.61800482324207040019 1.69488699550561006113 0.62608836241407228584 
0.34536552295656053335 2.78202525039001269391 1.01594674636548365498 
0.56509499709988952887 2.65545059993578114188 1.59438577177914120320 
0.69912618470743814747 1.49954537397160070356 0.61800327722989212287 
0.09049328358105454551 1.09425823079208739408 2.11443916182402613657 
0.93063077622399126287 2.31115468374738597390 0.64078466084739926778 
-0.01051005543302675760 2.35948865023096976401 0.79223438700568715731 
0.37821633295175766110 2.54835851643651967180 1.83184099046998860594 
-0.08286016812272029020 1.40808240609631263318 0.62396135042000977489 
0.84224273556627571313 1.02728286416544789539 1.35523134433007319544 
1.82031099534693940889 2.41409085441051862730 1.56611942307032792066 
0.95495756718295132792 1.40696923038036247888 0.66476951192072664121 
0.83273853210348824927 2.18470680770085357025 0.47345485298359807347 
0.60905858961920178452 0.92261271315786186342 0.38675936784141318192 
1.20075389255461040250 1.48379952942819914874 0.91187903680910042947 
0.65104727802387518665 2.60851224572007245328 0.68243968998823367755 
0.36073563498169525232 1.83590896594015373644 1.02037906257430788237 
1.18200732154689447384 2.37946823977328358879 0.85582083602975234093 
0.48212363383893780400 2.83996004413527503019 2.17935973854268638661 
0.92005903563603297357 1.10104252533109825407 2.27050154469212417396 
0.19543751479001530980 2.00090573881649502752 2.14345189340774933129 
0.55011480377755417326 1.59991143368864041641 0.75064948297380351683 
1.48676891871075000928 1.59645091626865132106 1.80017259562573483933 
1.58406736397115222026 2.74590345993693718540 1.51799570194805499845 
0.38530767738787347065 1.89323371870686840701 2.07901085335068191995 
0.68305592509315116168 2.61862562457921699277 0.55402338856005250989 
0.93311082485346397153 1.18734083600714135365 0.38584869610740452073 
1.44129908992301070114 1.84374981529848080974 1.23186386472180697815 
1.84151877966198074255 1.31526250107830899871 1.60467890629026754823 
1.41932281558099626650 2.78646768440305381276 1.07261907904946229841 
1.40695814118828965711 1.70353360740819148589 0.88501029334107117474 
0.88150240692167425305 2.24402030387021866886 0.43160118464127128490 
1.80037336544811310546 2.12502517822834224859 0.43337478634099885211 
0.56156418410964326071 2.84770796444437435113 1.26288571420181505722 
1.79481180572359311221 1.43643814285937265751 1.66803671438799216986 
0.11422264506573102938 1.07377402947462585736 1.11194173407031815515 
0.85673314547463064184 2.12065742075783925102 0.44546244986590727288 
0.67615273659691110808 1.65255988884467441835 0.61879208387915352052 
1.65265956817000336798 2.77888624440166243090 1.43200954910431366152 
1.80694040593158944397 2.48746754214484822043 0.65780175741281232682 
0.59595468735463641430 2.69324760218720715699 0.52579512183694809835 
0.17179573997550567910 2.13454640974735276870 2.14429355994247883288 
0.31620307976742867417 2.62850916278953139482 1.86290459052350176883 
1.60285995103109146775 2.56547592905468135882 1.69648406492881442809 
1.19944002311281616713 1.13065828822230929340 2.10788678578977339839 
1.57277707654083576116 1.58096804918553579533 0.65768123607119666207 
1.57553785690610625991 1.88964772649453105480 1.26653081066655448517 
0.37956050380285755175 2.55181624005768803443 0.84296281318453714082 
1.04023339870534292650 1.40469284328170229692 1.83290121281491913408 
1.58663500979851201933 2.78332423549644580874 1.47854092507218393138 
-0.11872821016645461467 2.20380646586581541158 0.51182871944022290123 
0.54817499256179047507 1.57719413455629298149 1.71264528280258399029 
0.90581635430957851973 1.25728302742054109942 1.49040238430255800317 
0.31968905725915675031 2.64427469280788729478 1.87570414653628514401 
1.36979643586858834681 2.54830303861582763147 1.83201787513068015123 
1.38498902015139058186 1.82386463983486679652 2.15323819341269739880 
0.00696709056245212437 1.16578777942930056355 2.26084158117203415372 
0.25490052006393693063 0.96450114742066217488 1.08925615394804964353 
0.82708484215871580503 2.25554134492644342558 1.51964040886248419326 
1.67665195166668246074 1.52314486722938435825 1.66230018854588990074 
0.85127789367923711872 2.08363981421224808699 0.42562477107285223710 
1.36102631397861273399 2.64379778162584155865 0.82940673907952500166 
0.19523121338474191955 1.10514308694142560086 2.06442981748120635288 
1.75703269008735518675 2.00660685570847352466 1.33360063871353795584 
0.11157601599110281154 2.24433487032670786476 1.05919435666608530155 
1.32167798122281876516 1.64745177018070454444 1.95708246785863715367 
0.56118491847632556713 1.92682155933693710637 2.29863227263533742573 
-0.06955379117944909817 2.09224081389227567485 0.35910124160744399946 
0.82618148610615593785 1.38194330189334069203 1.65736680285436310811 
-0.03849289347644015147 2.08382496758648461110 1.31470920662283807800 
1.01277070928990053922 2.16749287970437842787 1.23890279654639323681 
0.52329906613655230441 2.84782443856612488275 2.21427058874826698798 
0.48620546193384850397 1.64689244264957324049 1.71551886516093876622 
1.63801212676372420773 0.96518802438641115859 0.34741484450286924668 
1.51436781580078227982 1.88416175394726348458 2.21021006194063929229 
1.67206195764266007942 1.96320280028330551580 0.40130795515213829594 
1.48076481642640156444 2.86964508373951732167 1.17279836235843970549 
0.43902895974598193929 2.57847671273860923336 0.81557089332878174304 
0.08861382042483080534 1.40666901630582619198 1.77699572576977815608 
1.39825910113721985084 2.68465515709297708469 0.97972719044292810864 
1.67952560056825683787 2.69003621878428456071 1.55202508866258259701 
1.02758475890661560292 2.32814829846848292405 0.78681026984351176701 
0.58195104315244805537 2.77856084715138340613 0.41900826168153054718 
1.44785607569559471308 1.68422803952356203716 1.86827059445171128615 
1.72220306345875240339 0.92342215893562851203 1.35171855908495652798 
1.13105536065666911760 2.20337739549442224174 0.99105812868317844089 
1.79892602381172950210 1.39188525290342202112 1.57622672756764736768 
0.97754786869778653724 2.07922141233723856146 1.27160284739987461400 
0.59265030270488761044 2.77006413220388036933 0.44641847906810355751 
0.64043257235967954166 2.71343862425367143842 1.59066448857307229936 
-0.04221061132142111400 2.11894292695232300261 1.23667340064520381304 
0.04354269636696166124 2.16716376623641515664 2.13391845123336310053 
0.71054870032811845437 1.50952052317551710381 0.67246332513988305024 
0.36276160935793766438 2.74384714765655690627 1.05075085256613109941 
0.16995864828170853533 2.35323588543025996600 0.86595253943918293338 
1.43962937688355796517 2.59382786635387008189 0.76446964953642992935 
0.48208986248116120210 1.63771588008419421989 0.83162092518722663392 
0.96569351267631242663 2.16392743330194736728 1.35349979014992127802 
0.17173893429169248548 2.17404824231794124856 2.03311910622085934008 
0.40857865102394869128 1.61655345182640153290 1.90885420335218825016 
0.20358361033722111033 2.07071646970043810043 2.16262485863972964140 
1.12331472244475838451 1.26678981367261411783 2.03920955296610006968 
1.55862815776935104140 1.66263522225858584314 1.71494879914021591816 
0.79861494537278066019 2.06739320235426893291 1.42890159439395669771 
1.08057487369241189690 2.28285747968670493790 1.90516202059472061769 
1.85483102644040598328 1.21873571877687547627 1.42398235508559123375 
0.04862250515443192894 2.34681419249318334863 1.75908974903460690875 
0.72140190373919776956 0.92350847206970665404 1.35088426661349059188 
1.23597109673972616051 2.44918684018133570035 0.91346560024216683082 
-0.07739271128635807906 2.22083753786966386912 0.42915388536096515937 
1.22005360781374538881 2.40881511483563537368 0.86858339270283368982 
1.32097472135869353771 2.68598829735517830031 1.94237177167102315067 
0.03081397981077056356 1.16589401947849236052 1.23507495993994309558 
-0.07838906062035688738 1.33933501215035977161 1.70238965964382349405 
1.67545953366926814176 1.80696821287421527380 1.45900136484306464091 
1.16181355816591391772 1.28136529627911199825 0.93958500591708760119 
1.40272628386203290773 2.64249869298419026720 1.79246244917177666167 
1.31901186339138964954 2.88249528914644681521 2.15277320568914376508 
1.41054425888411549828 1.82023640272557174491 1.17030517231233877062 
1.07664609593171678448 1.23200205447668120762 1.04377373495763992040 
0.16343552774207056877 2.44445778314144090970 0.81557168662008616700 
1.15906021120997371199 1.12375363283104912071 2.16681327944022061871 
1.41781909628803504120 2.69561492161663895928 1.93615931198762258880 
1.24242792458517303800 2.46794784458182103748 0.83829772482885611673 
0.38108894373067464523 1.80552561870486627527 2.00412767206765751737 
0.92025658778601948651 2.28183558245791173746 0.59216542690087581313 
1.44140563443580260738 1.59645987709185077641 0.85088268750922446682 
0.29146544826327802635 2.47549293910679546471 1.86225056429544566505 
-0.11248100704613694933 1.44423336327429541193 1.64479746061930010015 
1.18059886827406645970 1.16842548258363199132 2.07991793550071912833 
0.33776314012278085830 2.82579215224211077739 2.11210314729978154702 
1.36126538455929324556 2.68418548970340253845 0.87124735854314161454 
1.07327660725391993424 1.18414638713974973427 2.07011231477461210559 
1.72678404085591874484 0.93251907307671466629 1.34943647476682615505 
1.47364105677285373019 1.61150757767412278199 0.82822102618243353955 
1.40575360240986180216 2.67868489506371387776 0.83391275783895346674 
1.13720112893610147964 2.27591884409871081374 1.92090270071501945104 
0.91960433473570202256 2.19754019060393224194 1.35474218888076758383 
0.60115830305059081429 2.56723157721795125497 0.63727696678152589982 
0.40776435633843971518 0.91242656506693020635 1.21671625158119489640 
1.00269598394144598963 1.37159828560985763701 0.80875437937518535048 
0.08054079547996614852 2.22006268375508852841 1.03658772680239485986 
1.52239783373165082914 2.84406628865017729879 2.22471445463491068750 
1.43633164372509636308 1.85245074918952079557 2.23183577871569616136 
1.60669953799009657125 2.71781086176033959134 0.47307297787637564435 
1.76613734438735470178 1.06742884652285430214 1.36522798168517156547 
0.37993252463706755906 1.68476352360871550751 1.98886174736302567823 
1.07681734513940874365 2.15867996048783927776 2.06874836657458960332 
1.22822074231560351976 1.41699844624450244090 0.88802817560092506266 
1.23081100091309014744 1.53098665883870577176 0.88369954990104393477 
1.47601658439924054989 1.63853879802420143719 0.84130204418143439415 
1.58919392358367561613 1.86896058753050819945 0.41701178221672535740 
1.03948665804759343700 2.34580608976366500329 0.85783038630405705760 
0.62123880693821031951 2.76256775609053839560 1.42992378863100366715 
1.84318397748677198500 2.12145032634991004272 0.45303508917918627885 
0.21583427207149347149 0.98723925448099847380 1.15511231254389068468 
0.58054714627436321273 2.72676257528161469779 0.55214341345818929163 
1.02210025074383525912 2.09370809674184110705 2.19419906071462467168 
1.84356941116363715061 2.39399904199296331697 1.67934381025056755909 
1.61245394762305038761 1.56368887158238645263 0.62710300979359889784 
1.16750555770122588228 1.43971649315739691488 0.81837844314822405511 
1.68865587815818130046 0.98978368329312416130 0.38621195445686673509 
1.41655554751356849152 1.71635422562209116748 1.96153041550026063788 
1.41856794416489750965 0.92663185344281984168 1.15299781632655440333 
1.84716535413588300862 1.39304281863873069547 0.68211863850190457281 
0.68199924084590179962 1.90914330053733705128 1.33255691377356200178 
0.76198383244687928340 1.96191509140162301250 0.35705914221862022906 
1.39046582771104243470 1.69342350677618669330 0.99151211042547715557 
1.76821366028116511160 0.96865392657109639085 1.39800301739073296048 
0.08074897318738361029 1.26131269258082534535 2.00003190310342304770 
0.42163441571033938304 2.88019282905209106360 2.23252232077299028745 
0.13718230040693543681 1.24444739577594520874 0.95599547044204558066 
1.32360406079426229375 0.92418591066240307619 1.06788464846970687638 
-0.00373150648252846759 2.08346351781313687823 1.22972686606076364590 
-0.06696321664810210572 2.13287413510944601214 0.39278723833942280619 
0.36504706030783035109 2.76639872473906578421 2.07220657688121923101 
1.30870903989751541374 2.65231919828556961249 1.91676666483976121391 
0.69157831633482147460 0.97379441968115598716 1.40882404715092790504 
0.27766635943279549537 2.56319958148229209982 0.84416852623182081494 
1.09599731256875632113 2.25737828758377689908 0.95034756252532837095 
-0.04319644747146161867 2.16159487451895993004 1.26131739358046401911 
1.83237838131445740508 1.05778405994377577848 0.32257741318326049740 
1.16053731877067134448 1.07162361833159014424 1.07631869931271695329 
0.91771434416448527394 1.17134281448714605567 1.31338831310627668358 
1.20612584316279103369 2.09262126475209297993 2.06642988441954145173 
1.78866599214566313059 2.42547447172343044741 0.58317345439189882672 
1.82626940436118023747 2.34582617866604836721 0.54770357660038226921 
0.71426672496803167434 1.99202662872987334985 0.41027056084076196640 
1.47402534664437578904 1.89265251404532119928 1.17546153193051017283 
0.32060054150206424017 2.57508974217575570265 0.82345459557478428714 
0.95898424258225345440 2.08286519854299045917 1.25963349438997962437 
0.44325207289133855548 2.68690689229489443335 1.85133506910713419025 
0.44089519579267133498 1.60862764448230377567 0.75093090429892561666 
0.74662572560401208044 0.97621148128241930220 0.34502804536462627905 
1.88130759980123407615 1.20381059680005364498 1.51184103711735962072 
0.44252233170671978479 2.68040124845778571228 1.81823607242574203369 
-0.11742259412467362378 1.41748199851375700220 0.70236749401998976872 
0.08039640298358148585 2.18867654338824202398 2.15662082174864533357 
0.38534646636923031160 0.94132124099206027079 1.13607029150679617047 
0.78048531689651901022 1.48642611400292867785 0.67194390527948344438 
0.19877104088823702166 2.02066439830761934715 1.09375697123067272543 
1.16367459069224854495 2.09319541677337817021 1.17923196501973515105 
0.03063976923288366100 1.15027143096395301214 2.25860532890167986508 
0.40728103649302255240 0.88893891225333765416 1.22185310603556884779 
1.73067273497682805328 1.47735786601261165352 1.59870657900799528761 
1.89596951439702987585 1.04935282187473921667 0.36797988436370882015 
1.31476226843681875955 2.62168656093234453408 1.93043435785729866616 
0.99742133754376249843 2.13260988137234619444 2.30762984204274923528 
1.08669513251782112739 2.32107563476921674450 1.82754966622849024382 
0.74966042649256714459 0.93676473218608369287 1.38468475250785227892 
0.63210410146511375462 0.87835494759004062448 1.44377665215505235352 
0.85532432418967829779 1.25948809067211220380 0.46700719742103713461 
1.61432146175235069485 2.65252979796619259290 1.68694762963121869248 
0.62850327953699125505 1.62973189033227616740 0.68594556984914900610 
0.65367200048166496096 1.69883390921876076263 1.59174698987184704002 
0.90145404396264605662 2.26563191951133946489 0.49505798821402791088 
1.18234797050767914683 2.07141773318269883930 1.17708713209885029727 
0.18252570611942245393 2.01553321792794237766 2.10941194293583222930 
0.89904997296704569631 2.11293867858161688034 1.28352480646277222753 
1.12203091799921850225 1.40384730153094516858 1.79182024413208185187 
-0.12881142309776374977 1.16406879366509130591 0.33716921297485191733 
0.93838080119502031984 1.13134406652737951049 0.38396707721669010027 
1.30299281983920844930 1.58136406299900889039 1.83408143725248629075 
1.01085334219788824939 1.16399171557589609094 1.19598985197127305469 
1.58824417742794099517 0.89733744480925370368 0.39194599079481023951 
0.60515335338533282616 1.63986875473378312940 0.55313208501450150667 
-0.02174027119987688092 2.16396498468158648976 1.32456183933843552047 
0.34316748112169270790 1.55617154667959822767 1.82123962287284002493 
0.19910280721798928605 1.38474772396555123599 1.91385146002839690027 
0.37346752229560653547 0.95578144205092285812 1.15046963443888494716 
1.40411814327572637140 1.80640897606906780659 1.14039363764097312348 
1.28406158575038964464 1.47978390028548512092 1.87763676537386547949 
1.68059341419286245589 2.61634910677880183627 1.55205890181628336499 
0.80464667218404917204 2.08532453714364773845 1.43492163960171192905 
0.78756438384180782464 2.01913588790417453112 1.34130951551738575311 
0.21401297529591153945 0.98287959777033617748 1.11075440276675507789 
-0.04606793508516365820 1.37695925494047166637 0.64050562317843284799 
1.27471874331573653549 2.03067232867746971792 2.10188924799002796462 
0.06529569685971925441 1.40475848346487541818 0.75929460044073682212 
0.27982929177207116478 2.48470748671164409771 0.89640830902229828858 
0.28554472760094640194 1.47532858240729525257 1.86344801933563908314 
0.07465496502660713685 2.29271726080082727250 1.94878322411248050550 
0.32255240915523547551 0.93553107916813960099 1.07349953781531293195 
1.51806713613762322979 1.89669129043328044126 1.31367357617276492299 
1.40893723506537704715 2.58866564311421187838 0.78573739501324724177 
0.83159859929532875533 2.29623106620247519061 0.54623052798980020750 
1.56217464227821123401 2.61888603677244757861 1.62147340380526805426 
0.39496029742383681471 1.92390775785710022028 1.11933267332483410428 
0.07704232192497084686 1.23572775193136874528 2.04939909077033455276 
1.80692932810941542243 2.14233610588716905099 1.43336483038703632609 
1.09817560890189858114 2.29832122902296021039 0.98967884102882552888 
1.48159848188210596653 2.64402990582187857882 1.83452361324424906286 
0.20122834927546448536 2.48425840573259515409 1.91193932252314269249 
0.86217547721550114037 2.11712507149857609434 2.30715287169404303924 
0.90927588208382803536 1.36803079062738452976 0.57844929384599252931 
1.44845818557571659468 1.69640621713900374701 0.87677093565082220294 
1.11155980249623587142 2.16112137388285452388 2.03495071050160847292 
1.54835873076037433549 2.66911974984882727213 0.63201703947889587010 
0.96128984657081861798 2.12421083951662303946 0.35556722646698685208 
0.14450408219715801805 2.14430308831697269412 2.16134129407226271979 
0.63100830679568076231 2.79752569582182442076 0.50638284243125120110 
1.11131647546831935358 2.40353124468617496134 0.78634540674934350069 
0.59534689924764039315 1.77545188529292641277 1.51207267711062653959 
0.42628165276028695541 1.92412797968065851784 1.15869912947007880355 
1.34856551781781286437 2.78378165451861248059 2.01075231762807282720 
1.69199230331334149469 1.64625474724171727559 0.58384191886771785729 
0.95273412935538459578 1.16466084330642538625 2.26285813650830158750 
0.10209179172523970280 2.40244942629884983276 0.90187770724131466338 
1.60844076677588132540 1.77143122391771790092 0.53077008542209391795 
0.11328061058830503349 1.17718802106833342336 1.02005441146474717939 
0.29869478081220585119 2.52496289128873385721 1.91364192449383740957 
1.08921638933800823956 2.16432814325652511656 2.19160007408894275116 
0.72627837663735861362 2.53189366713645114260 0.67014719787627918812 
0.61983648406116809149 1.92376293966651301659 0.40098987660291512958 
0.61158477051722304196 2.88011622306170789187 1.43019809005202391816 
0.04886099473101909729 1.32462171647448667677 1.79560971698823568232 
-0.07562599947088424757 2.28292868966707418465 1.56746454254486189406 
1.17030767024532567078 2.40846509949707598963 1.82420681291132535939 
1.24830031912141792283 1.00415289675627561472 2.16615069205581534106 
-0.11346365199287156145 2.17667804861404201588 0.34631827641693019304 
1.00416094802166666611 2.14101641647543416980 1.29353743092429884776 
1.77093658056361991093 1.47734576983541421313 1.57971123411050595742 
0.82141923593787047331 2.05635593537743055492 0.32647940243286782680 
0.31695642286900721496 2.65028188522428198581 1.94976426303853167532 
0.91556331695791715042 1.32969853697366335865 0.55224923629783329027 
0.58134535268442955047 2.68070174454431287003 0.55198722091891216923 
1.77424043247407947632 1.49127212198208325411 1.66452500770859668222 
0.39396491237650860251 1.58269396353737490379 0.79461679384854522201 
0.67599741911925437243 2.81929310989692183398 0.45051358244203398851 
-0.11522529951182824970 2.30897763056297256057 0.63577539553743211975 
0.79968709481738275979 2.08829467830435744347 1.43407304927123346872 
1.34885732362748411717 0.92472878424768067962 2.19337713349242813266 
0.36063337625316466140 1.88730690373803833282 1.19106534861066903908 
1.36392633561555665089 1.78689813237338768204 1.98080041913726145886 
1.61444148107859097863 1.55398872414095623462 0.64045610140697883939 
0.58072661923444091059 2.74566662867647881541 1.49561913456871975470 
1.68014909127758826912 0.98204317401310692315 1.38912284609518743572 
1.40891380743529048836 2.76650080818307353425 1.98316433245455803203 
1.84962234922781831870 2.36496038560928889538 1.54257712196111329561 
1.06591194282208889810 2.07404968181106763581 1.16487806781636793474 
1.25307688863801525159 2.46177330615604672559 0.91171661021912353551 
1.46778006653722159491 1.90950497736630753209 1.18811825493993561409 
0.22312408030810307324 1.97471710960686053227 1.10920515987869738872 
0.74644823886595057516 1.44593744197137041851 1.63699908803062310625 
0.93443901825741104705 2.34161228787618691527 1.71491748325069770509 
0.49228406774117433597 1.89493332311699180792 2.28178420014088834122 
-0.01926519241241597680 2.33053789539669775621 0.71768055107904604739 
1.11613236722228426068 2.20558010178413033131 1.11531714462170450375 
0.95032207480975317004 2.17272159873738601732 0.33663535169446118234 
0.62049616170223442779 0.88540180678286850569 0.43236809449869761934 
0.99483883966650543673 2.33254040088607883519 1.75435162797302601767 
1.79887101333689014560 2.12724482762942379566 0.39637854264788180414 
-0.01983242689970925177 2.34465847419622219761 0.77073249532121634875 
1.10403312091589955735 2.10497517925541721695 1.09071442498088422290 
1.00100226500526390261 2.12390312144587989351 1.18927393445055273880 
0.21637318371650288151 1.49916718986560093541 1.91311641846920355015 
1.18958654475415093188 1.36558457707220592958 1.88317085607475576126 
1.08971896522290911946 2.31813492952308086714 0.83711040124672042584 
0.90085377590269288817 2.38114628663002303455 0.58210043710104131254 
-0.09890159684011826102 1.06376999776276304210 1.35221419590293434609 
1.20145545572731093920 2.12514592566542726004 1.11338601102370460261 
0.68923496194639510826 1.51179274307370992148 1.59951960515222779691 
1.74480309003955613711 0.98318152373327905025 1.40554877598574012865 
0.17456976564788087569 2.47402259567589988265 1.83113916171456403426 
0.40039017949944571972 1.93032725872494714814 1.13792311887178421159 
-0.09414851720892383757 1.06242703401641391814 1.31241563695021867808 
1.64193475997014126655 1.56516462741639039713 0.69153111113175036451 
0.44405389614603263393 1.66960238355951262612 1.88786039438627839537 
1.35050458247545113188 0.91979135191154481888 2.19267148678515555460 
1.37786784271493245591 2.63124646003390916249 0.94734333259310099518 
0.05543820209751142147 2.33153630143627754734 0.79174320459802571825 
1.57616272958433589757 2.78804975405959476475 1.40368708185668267241 
0.72701083320629100726 0.97241215848362139162 1.41686751608366856559 
0.08658562654074945797 1.09335305629134271754 2.22389128772637567621 
0.84379312807750672665 1.44428202869550559306 0.58973667155014597441 
0.36120966953653199649 1.68431411823073773348 1.87145080711350075831 
0.39961739044662264453 1.61106029478528833820 1.91388798495937839661 
1.80144216297462134158 0.99908859747083256231 1.38966595394903036365 
0.59729030859878096127 1.69172983459086534452 1.52121714817570219402 
0.52636375580902827753 0.88600059915608753158 1.33088740823189755069 
0.09733595368496597566 1.18004105772743339564 2.15706142567101544216 
0.50220570118985596864 2.64613835300346300627 0.80182606139016476821 
1.16385424844972873437 2.44356503911904487936 1.81608886326182195070 
0.90022308124807559615 1.24363365820897753267 0.53484504611127392515 
-0.07868095589618138985 2.28436396109163464274 0.52493885319534083767 
0.39064927303780772050 1.75637949433313811376 1.95522341214833939027 
0.35178596910692894184 1.69195217363901972973 0.89281250611967777342 
0.38868952409481227761 0.91621687058724710084 1.10429919094814166236 
0.16799219270983162255 1.37362910832927331839 0.84465395225896588993 
1.35342930073536527047 1.94824169544626935036 1.09904840762273736665 
-0.09000243310508229677 1.16491831154938774162 0.44838314053695571548 
1.16315771607180984404 1.09388405971005786554 1.18026816871173401147 
0.91421576479952038063 1.19701407428448258763 0.36555615313978095937 
0.97828757899168172774 1.35275048839642741960 1.77553852931781119828 
1.75996485308264216663 2.53611489720779426094 0.59979577212049828283 
-0.07821296556446956372 1.27456412314134626129 1.55903629535002341555 
0.88543619948760710070 2.40576180410453766001 1.58900607864291254501 
1.58287269445627076792 2.59122433407049213017 0.71759764074938903189 
0.39562864418248738785 1.76235352343321083346 1.07217894316575046432 
1.32834507914446176002 2.56557973223287927311 1.92309327173678590306 
0.91158443667720856496 1.33464136923120890721 1.55272905532072447166 
1.60550730060674551325 2.84445463374159102088 0.31124626003775518468 
-0.08631735053928864254 2.06764389724395947212 2.31468660135189630012 
1.55625065958328212545 1.62996590621171533186 0.74570423690779341630 
1.86774213764215368805 2.11938497006422421620 2.30805438708945143134 
1.01302345180002517644 2.16592533950233079310 2.25135905027046101523 
0.33415598747437341709 1.61674482818074460866 1.83216517876605511361 
0.70902607309834808635 1.97301406016651270647 1.33725251457025717805 
0.52480805373826167060 1.84181459162017180375 0.33645767646994217959 
1.56310400292117357424 1.92578186850101773508 0.32126871472129869822 
1.50963261225442924029 2.87382966018903207583 2.20772434016303975568 
1.62277096730165504290 1.93245347491594454681 2.30814300974497399466 
0.04262442951827844634 1.14573914959739941999 2.24892094277793797019 
-0.05934452723704430888 1.17712875127752836235 1.39060765508313055605 
1.73634453240183272982 1.57124895683839072014 1.63087097257525748262 
1.08611438222081946314 1.14601599749788207738 1.20974176109349040864 
0.63861514906821248427 2.65795637441693388681 0.65517766876792038477 
-0.00086810899794022701 2.34411283516579382891 1.79256282564899893650 
0.87695425398465731703 2.28865177680697451379 0.47750063594988423343 
0.80496032664370897880 1.12845034660043497254 1.43917726730700867854 
1.72567964157992781438 1.56415810664944698871 1.65084828563140106894 
0.53405543083821738204 0.91134878040482747430 1.24492943422411106447 
0.75851556448360268892 1.44264972931530355282 0.58941072385355663954 
0.60972079817295876669 1.67381720205632267273 0.52443714080350478657 
1.53731375421595184427 2.85110985004601813486 1.24291757289863014080 
0.66288262196866609699 1.71952436127524754816 1.55606606855206486273 
-0.09476624669831530678 2.21032356218140924042 0.39091789446003338826 
1.45078104592986467658 2.62162844342567202816 0.86241716334787832388 
1.82749404472367138474 1.11265771180466832568 1.33660656602504523960 
0.39229985492278651726 2.80304339079516706690 1.00664180361410315889 
1.31987217287612246253 2.64396414606383345358 0.87449725771101183280 
1.44619592252837581015 1.92484482464770656485 1.20106061318559431683 
0.64215367816560398051 1.83276903469047613982 0.35700645122872021187 
1.55894201482160954519 1.68550687492948858548 1.66912113130324102350 
1.52310819795058893789 2.60381379321121197989 1.67852734156588789816 
0.84143084478779228697 1.44419599733487102888 1.58845281686466011095 
0.35108861850355160827 1.85320518285444535422 2.15707628905804549291 
1.55936733674605454425 0.92303944174336016726 1.27182418710149147678 
1.83360776420606974568 1.16657236630934857402 0.47192517236502901090 
1.75644197115620914751 2.44345430938816177147 0.59106414452026345696 
0.88106605089916623097 2.24392693901560047465 1.43152145774562566949 
0.57281283895839985032 1.92555385109592647197 0.33600599215088522431 
0.41391470108499012204 2.65498457314924651840 1.80057611834732345102 
0.03909208444750427586 2.13079355336253817299 2.14364007811470269615 
0.83704852484592706663 2.25408354883427897164 1.49303460020700917710 
0.19172301216769763177 2.38681793274619025169 1.85876210455771850860 
0.15315601641645112951 2.08350527570439503222 2.07166258962638050178 
0.34500638207078754283 2.79818225280521115650 1.01189100597158998518 
1.88196669067390609520 2.27662668781432664389 1.59301365630098490378 
1.40267015425738694745 2.68227215206367031186 0.83921481369295924946 
0.89498043178868014191 1.44520644026135958171 0.67168909083978922681 
0.56209805486107333738 1.60435813250601522206 0.63198992391848840544 
0.08169074593355554748 2.10431822675708035675 2.11321297034430477524 
1.34834096338548037330 2.78169470337642188440 2.07697325414449496250 
1.16640265223360550806 2.26345483132545499672 0.96633761277047103277 
0.59890496782446289714 2.61109848866926119726 0.71793667539849892467 
1.77691212598985792681 1.03265016974680357009 1.41168242905973539969 
0.83162816979907860926 2.28857377359842173448 0.55358667385939341887 
0.92659774899111191360 2.20635608917163850151 1.37784803910392517068 
-0.07945061556397096936 2.28409700298529472207 1.52307993657337448212 
-0.09599061033574499135 2.43718076585921483712 0.65427832656427820091 
1.20123971659787298627 1.47074614014800020279 1.91682507650860456394 
0.42742720157561830963 1.84378346808390269906 2.21893224794505261599 
1.68603661460089782054 1.60657696967920449183 0.56217887317037862349 
0.00493222075747734145 1.08598574104663514461 2.27309050088092545749 
0.08049298636474773450 1.25625113174824276641 1.01136621090194211980 
0.55006202514283697447 2.58429125636490919504 1.69310435434650830011 
0.65669600407147143972 2.52764539895171846950 1.63232266770894041130 
0.86765017229122876063 1.04183249920649867448 0.35060408062906078808 
1.12254469508989118687 1.08480099658975781551 1.20438584576114227076 
1.83092562674425107794 1.13194178382478294331 1.35016260629975182184 
1.39010363899078281946 2.59061862069883419579 0.79231308904361630319 
1.71853472567356280187 1.56148332773113618366 0.57826217087089037960 
1.14622800730624385679 2.38238159576312336085 0.94768814532520562199 
1.04137822327911067077 1.32052748939101838310 0.82200971239860187723 
0.56078490572903383349 1.65366914647668417082 0.72582969809479414014 
1.84210782003803652529 2.08258813586212321312 0.43154490782045773489 
0.09522097455613692807 2.20080177832153767170 2.01532953282560090003 
0.56170348870511777051 1.84415089779137608694 2.27085780493520372758 
0.40885191384239427670 1.90207142626786884776 1.22040564871863899121 
0.61140341419275834323 2.73850174924258382703 0.46008631561222063100 
1.24512471793920442842 2.53845093943196076225 0.90352604389279567165 
0.07884115325685132902 2.27422278795825638653 0.93761033261710480247 
0.41589978284061956959 2.78669602144260153409 2.07880987630877944738 
0.61909654715108242140 2.55306069118391620876 0.67444169031859058094 
0.35925708557200358717 2.56584654089752683959 1.90499327589507383429 
1.20560135716954253127 2.43985751366992031919 1.82966816166513512876 
1.70482191857272780133 1.52355950960043462494 1.67323139328033154705 
1.39517808069475712784 2.66491800431330805310 1.82121333539652097144 
1.07218436460814503519 1.17159737653820084091 2.19093824459628816470 
0.91862166709774584206 2.20656489468942140775 1.46593489475122695787 
0.92111422774936424496 1.08321650839774963337 2.27318939737389458244 
0.37373183316873465065 1.79936113612091408420 0.99580203929637933769 
0.40249319451688714278 1.60989661324642940876 1.78095766482305273293 
1.52343434322246218393 1.84621158697449705421 1.33654605229573508751 
0.98214664688434871742 2.42133939883258708647 1.73369773988510633700 
0.58405285355607550191 1.87453784104580067904 2.27501576008067063484 
0.34647114649118154750 1.96676195274450860140 1.15891932605631264863 
0.79439059385848764805 1.48477905747437954886 0.67199093528912878792 
1.12644882781593569376 1.11634645095280093940 2.19600714879215574982 
1.83121644861046073416 2.13524402739551177888 0.35327956914178182402 
1.71866846311292498228 2.53789479230402559295 1.58002401989137597482 
0.36125832698501020301 2.68403372728730982288 0.87108078595224947005 
0.98231290768960510817 1.34408489691594668081 0.70282211759816415331 
0.37298623480202447444 2.58349165342543019008 1.91126749095716674809 
1.89503770127480475338 2.11776693758912015753 1.43086122335620502533 
0.81140691072858406319 1.15722723288518025697 1.43189205939176122939 
0.74716367285071982884 1.51370313753688856551 0.66855576210285505567 
0.10640678832480029992 2.43151414996550130354 0.87291627788029402257 
1.61618239167480837182 1.91849415769822195799 0.39838773171525154737 
0.41210882620746092098 1.80631596714739628418 1.02987508272629701978 
1.55647832267039154530 1.68130875742954066787 1.68784920676551331020 
1.17470064091068171486 1.48342199467313662353 0.86530120993440173827 
1.29441295355592700389 0.89589484291530663285 2.07481615095948823679 
0.08141990488517174274 1.12437281517358700356 2.23186015994743192081 
1.31566548735953037230 2.64905723900508816016 1.95624928425535205001 
1.15311376202809179325 2.46664804540516069409 0.84211739306839128449 
0.45542338748701360895 1.87775052257829733193 1.14095842137826908314 
1.35718531760491600835 1.88858986364712833073 1.18941932121627913510 
1.67705453222286116066 2.87828633538592448815 0.44949134465619888790 
1.08034437783114900533 1.37425027019728207556 1.77352854820387184631 
0.71357467151679976336 2.55356252891875001865 0.66732221096850452557 
1.67791900911290792209 2.67317315771207741903 0.58788283433922150500 
0.43909126029771067268 1.68464677320917877168 0.90436809033394593982 
1.61625984477282935714 1.61746247816177657342 0.70224077588007327577 
1.16508084391998512075 1.02205640164854694163 1.15184506497106520229 
0.83271170897641033637 2.15569265730543024873 1.37466264569839013987 
1.43298671932167986931 2.80750727992335757932 1.12014666294165721183 
1.12344668155507898533 1.20812812614958042801 0.98472802366344081015 
0.18692238715395009807 2.36807139299255675624 1.87246488892578555330 
1.76514416324017520132 1.00178886851321125029 0.41683833839594863768 
1.10010831632142003222 2.34195580060362384955 0.81521138049273778048 
0.08033556771146917186 1.08579304185227765167 1.13597507584883028464 
1.58714035860044488935 1.66113272254077637413 0.69217652157756692777 
0.90823628307241566215 1.41820406521014108492 1.62688942731349772686 
0.96225627848239925211 1.12328341016999910806 1.35355589801235276504 
1.49281859742389100276 0.89545181518374949992 1.28162116694338656941 
-0.01708369313853499299 1.39763457465049056871 1.68755370606003340939 
0.55839225080547338909 0.92670230108937678981 1.31312143444404760828 
1.61309196830557777247 1.76490145076494031606 0.53546942039458378382 
0.77274321315934257903 1.52530221050383829606 0.64107613274794961189 
0.33217676020740255494 1.72062308456698520587 1.95630755004467427050 
0.95005242782543619651 2.32847592097497502195 0.62517150613244587554 
1.64128296698996956060 1.80108245842411096582 0.39132240833715092876 
1.87029004372003648804 2.04401197837223680409 0.35562276165238015935 
0.13625253640467291372 2.39176821910684944683 0.80843799621475331829 
0.36566205138731389113 2.54365161652430948891 0.82978101988500518882 
1.76293777837235032813 1.43607908758426527918 0.58880870635645188305 
0.75640014308319203362 1.05627791486914990315 1.36728811992490495442 
0.58235434817711084765 1.88230390388858981332 1.39999967761039778580 
0.03778414003788842929 1.14833764445395569709 2.14143909953518640776 
1.41623456206745634844 2.60997427915135293830 1.89449428069952685583 
1.63331005366652015631 1.95280964316971794581 1.36583171997051522339 
0.40052197767210084844 1.92527416133929563102 2.12855934683918635031 
1.16482297637030951520 1.44560674084299778386 1.91464034856234599502 
0.72397725018921588180 2.02406213182790173377 0.37494430265638983846 
0.59027784861290621965 2.82489833016043201397 0.45737057972746947287 
0.23478311149934544266 1.96360621275389557461 2.12676643662696340797 
-0.11073460879525405531 2.40512849142730678054 0.59180699659367352883 
0.51321197528455408943 1.84178348296047156296 1.31538438599948914742 
0.92651453872449285321 2.34846550333235803976 1.71800876015244696760 
1.09038826007772371440 1.10592707861038785921 2.10288329826022657443 
1.72647731299882534195 1.00294386841397042964 1.40940956477618373199 
1.22553648119423885809 1.46136813041467816809 0.91340123473411038990 
-0.04568020529183954015 2.41714326563107473334 0.72458937515599763923 
1.13151273796421403262 2.28672734038305502935 0.90379013684946718499 
1.88128272429114673514 1.20380701313991345103 0.51183328338069200569 
0.43097233468429918535 1.67537695943094355755 1.81831360329432611955 
0.23743089276206988392 2.51963279749222612836 0.92400424159888339126 
1.47684947679417488686 0.90398266415541606023 1.18940020491971765182 
0.78862075481247795317 2.42402520595795500924 1.65450137645921158125 
0.16056886891328209233 1.29322778530264237418 1.92404657764032815948 
0.31578456608557181617 2.51407222830496346333 1.88218819649919710812 
1.19348824575192358211 1.00329245324755067514 2.11487696856382800803 
1.17000309574933747392 1.17437334497587309023 2.02899456989401283380 
1.42532064055754426057 1.68384679617035826205 0.83253910602113900818 
0.92501364957812493017 1.20443404981695656453 1.38375480678555495828 
1.33404328854227949286 2.81986030778758367532 1.03047005921647238935 
-0.07074903945814343953 1.40970808744344267005 0.63923897691796183196 
1.55797213079836160965 1.68747944931495186260 0.60780223631485919000 
0.96174471174353437508 2.12162113961301779241 2.23054772527280409378 
0.88521251796367406151 2.21707122793787769766 0.52152021318623753565 
1.65766506791988565972 1.79092477650237524855 1.49787815737846763398 
0.52533275519632183226 2.64722574318877779120 0.67742196382459252124 
0.66727086524821443980 1.57693337811776812529 1.57487170964566081111 
0.84787640516525064616 2.37172681105239213650 1.66908533510676537759 
0.88197689297468229164 1.24388617724826522348 1.43158768286822613014 
1.01266382619891892602 2.10450915059091503423 2.27970023479671857203 
0.11734846787319611061 1.12645702593807239822 2.05985671445032059168 
0.60173136696418572100 2.82154780760663381756 1.47375659919693946520 
1.62902055626649056030 0.95084401430597553784 1.36401642724933802597 
0.46751140580096856025 2.66471477870572481805 1.83138279809052284541 
1.12401317964174163322 1.24076738749397419426 1.95181344215954721832 
1.22960734542871463759 2.08470041507682601889 2.11087867060896750004 
1.65465974837468521308 2.72681605014331118753 1.55824246732774907009 
0.59915070951942661637 1.80187556419873473601 1.37420036059335215484 
1.51923952269137219062 2.57516165027248122854 0.76513431785345920044 
0.07757458663875201055 1.12460982173866330669 2.23807647523166552972 
1.72147414469640192003 2.55403082512059764753 0.66116253550059000954 
0.42499510421214192757 2.62844209739127521175 0.76743055579823249435 
0.47074036970737653807 1.58848720007873822624 1.76438289581582674614 
0.07046388210280188358 2.11204395569172831415 1.23636776478775622934 
0.09248487940834226873 1.37621342979297511810 1.91671958627511451745 
0.28623870872790613262 0.90530602167535212388 1.09297489020831295470 
0.57141377826673056539 1.91773357459385795920 1.34791447425603538868 
1.28288533558578277116 2.48297976046960000573 0.88807108083301999901 
1.48151099823720588944 2.65999596748646416344 1.81093751563138294358 
0.65919020275265671760 2.73511550505911937847 0.54458013288320628043 
0.52808819477799007203 1.92386573901292901034 2.27181181330371551041 
1.87324664533178042447 2.14688499506384067317 0.46107903797671284662 
0.56124833416980735024 2.68438700973260990779 1.58754679454878622202 
0.66788654912765410554 1.86886935960499700471 0.45608177357170320843 
1.37921879670958347219 1.89008440145020073508 2.07129436790090792897 
0.62888299141613512866 1.83124838266936618147 1.34021993286769935949 
1.86506377507144893713 1.44583331688254568270 0.61451127910556269107 
0.92204153910781583292 1.08095595347165440714 0.35607460538689839069 
0.82326539752223060198 2.32763890272000883996 0.57413861137228072717 
0.55905022027473516566 1.63420917788562114481 0.61459205421252482981 
0.20132106400014590508 1.12394098138792508657 2.06911728149397156074 
0.53254576974268663658 1.83478967279282856317 1.26775247035887717040 
1.32655681200656894170 2.52631790249682364191 0.89089773669354421770 
0.82861418881263093628 2.08833599081080256710 1.32255501236342820626 
0.81897602964364613065 1.39322247786672970271 0.56891868045587989933 
1.21279699734617363305 1.98879129723758696358 1.15394685715661493575 
0.67342192005378498365 2.52124176499959018471 1.61910630935743671266 
0.83513587166314950938 1.33355762272025457627 0.61535882620846338309 
1.63215315115802850343 2.59725469589455215669 1.57527533233846495087 
1.86183951545959081031 2.04343755476331612186 1.36882521624190145459 
0.38690305836169913700 2.57732352061440206370 0.88975707005702220354 
1.03667465986256512878 1.41757130803362141336 0.76957069724837312563 
1.36101483873379391909 0.96428717577331102273 1.15299597634860884199 
0.85742831179359468852 1.23982405238675297277 1.44413903190319725667 
1.47054897400815476338 1.87358221296025884151 1.16170508713126308109 
1.61751556845585398037 1.68516047940126334481 1.64149793646034436456 
1.16794621062707526526 1.17828090251905570618 1.02363893763406088588 
0.35159631145745640080 2.66142850657299945283 0.97009295311606846823 
0.66631542542427069087 2.59639431282232191478 1.67522022016361837871 
1.75955779319607019673 2.52685070287165958192 1.58757293854167458313 
-0.01055315537373868566 1.41135900933221436482 1.76066399967635178747 
0.77345657337181150659 2.51281667472790948281 1.58893875602810363823 
1.11883055223442839932 2.35770774453907883128 1.81401009703609639168 
1.33575364128218332382 0.97829503570745612873 2.15220198403165596801 
0.71105350045097992506 0.98443456583581301356 1.41190622767545859162 
1.43673761602159966166 1.89916290014468658320 1.13921752583142388282 
0.58944867605336470628 2.56309154547750495112 1.67616769873989968076 
1.06991769509079381884 1.09487296790213206599 1.13886192325781010481 
0.66618063981830499820 1.73345160524202857033 0.52440228131765709296 
1.65197348461359982963 2.73742859820412842708 0.47374212014176475538 
0.73565614775694632144 2.03679986926879497133 0.39379013842380183874 
1.24296377759891463199 1.48945773448564855457 0.82987750611799182554 
1.77526701944216558360 2.46779681202687761754 0.67305277780649153119 
0.88705651653835249082 1.41723716571432634126 1.70180785681781654439 
0.60362507848998325777 0.90702744375371491259 1.39838968283916220692 
-0.02044361789575508889 2.16250179907398587531 2.23883199378914721223 
1.86950039874729423417 1.32839047265860088487 0.51778361938391859187 
0.12214723656073535329 2.11665172809087787087 1.06398425835524523819 
0.67901641519330158125 2.69034314768390991901 0.55293076002555041626 
1.15196055345832415462 1.23841816867294118865 2.05055104234443197342 
1.04592303339371417437 2.36674688915887099228 0.74269988321446811508 
0.87355246743615500016 2.04833626999487039555 0.34609493619275305543 
0.12163590500175128217 1.40447645740511539714 0.79137725030669847648 
1.59916013339362050871 2.87787808317130711089 0.42259926106233469678 
-0.05545734443491776716 2.08254431292182795588 2.26570650488191516203 
0.08004414035396188731 1.25419827204047273916 0.99235363432507162074 
1.05293876966751365210 1.31973172664469662330 1.82207811150374787701 
1.65582503127820657163 0.90306364637146741003 1.31592943687800656427 
0.61102348904446468492 1.56791543450961845529 0.62287118901762061896 
0.50941412940267560838 2.83612978838711526919 1.30232493544770089322 
0.92017160011492127314 2.21517188915068619082 0.47120507203600375812 
1.70392888733944580792 1.55640913689122184493 1.67221517101422856300 
1.59808713665364221512 2.76380743429040798276 1.42687060299914292294 
1.28856175936666028647 1.51017939828041214412 0.83144447555194445076 
1.75460089678971309368 2.44133784494860561765 1.63455208613249403093 
0.56524923865904697085 1.63121774773968186700 0.60821692698501417240 
0.88343281745619539613 2.44832938597134397440 0.66040626873137964203 
1.42912362712995677505 2.83741203720737544813 1.20267874739842395293 
0.42295692301501264243 2.83586763661680363313 1.19934192427916697099 
0.86928727978129705090 2.39991775816352381767 1.57460421672826655914 
1.33313187263300836349 2.61527982288577920400 1.83191239521296078685 
1.12600080908825650461 2.13401031660078777108 2.18702497918901128671 
1.59621914452305291299 1.64948895594516842245 1.69827788800619328136 
-0.05667020558420120951 2.08168167869513975887 1.33261991235498133967 
0.92322007791136773136 2.21282634484104878680 1.41413248956269455014 
0.04248470505126933361 1.35007154663286255136 0.75024091811213922121 
0.78575567349359953795 1.40296448477367730057 1.65494302146768701434 
0.74447899586202892497 2.52459602701649021839 1.66508014136682391815 
1.80185213712288971877 0.99958313636322415618 1.39099048954978932180 
0.35415635268046630202 1.83558393627189642139 2.02639565689531675474 
0.54334339417963106733 2.84040074862693447955 1.37262508095194202262 
1.08126900000000003566 2.26229305209999242976 1.99316121500927811994 
1.08479915760467560126 2.29926051790813712472 0.96875044530476916993 
1.01441049419230733264 1.35201185199940110415 1.82038142716476181171 
1.09540022225350952567 1.19670431847530900349 2.13695252286193637659 
0.38652725716161118186 2.76424507931357288371 1.07267948203441831900 
-0.11872587279130786264 2.20382278522427599299 0.51184315639246424912 
1.31334788817396530547 2.85457515333994971130 2.11232061886143718255 
1.76020816882357289401 2.05644782724048669209 1.35515199624919002730 
1.84676162317291781001 1.16524395055256513309 1.47721818719772146622 
0.56045515628236985961 2.68330423681883667442 0.58725589244952103307 
0.52210994858943837738 1.66965188763778460412 1.71523513804635086011 
1.29535486786860687403 2.51997316572350626984 0.91305912296665658889 
1.40277434687060176266 1.76290126192197393884 1.07314606115659261221 
0.96476430186179906734 2.14303394843743610920 1.35240973253828178358 
1.47667699575953226265 0.88961498573998831763 1.17554864878468712241 
1.11011028618928642153 2.09616480745549615960 2.21254542403659026917 
1.23750697363745554291 2.51767671054726660529 0.83724936716887365939 
0.65328446733397216306 2.78077665696947251561 1.43077180110722923523 
0.17912972953027428424 1.18511542296778493721 2.05191301806739989644 
0.16638611059422106497 2.31505159362910140075 1.90399429264485031688 
1.83572451820921744847 1.27106505123769775167 0.51562254368790649828 
0.14579269670441594164 2.19133509566727058271 1.00293318844420920044 
1.62488569362294654752 2.76202629068900140652 0.53902635065538162529 
1.64748639995126544555 2.53805442683613691202 0.65126814643126706983 
0.87372358879252676189 2.28312994715498129850 1.59535877917993218489 
1.74205089390023282192 1.93959445793198548280 0.36275851496639555105 
0.89754829370607158712 1.34193324698653970728 0.69656286916712994994 
1.09870426181878300120 2.07823919720115846133 1.12297620235038730918 
0.53439241672935233751 0.88537047914618860478 2.23000253828534145129 
0.70926239794264589467 1.61999226323207579092 0.58556237801960620004 
1.07851883914799739905 1.16654187908647988259 1.06481028095847984893 
1.88109555515585191721 2.07386065262312913049 2.30078090239886812185 
0.00174980915017310611 2.08257578345935456809 1.27196837972195475608 
-0.01615654969818366288 2.33737054712177183546 1.75218687748371615420 
0.76593226056358731935 2.40646684840241809056 0.59540499583883321755 
1.56047247788300835758 0.92432112189186887985 1.28082732026696044514 
1.56760183430264565807 1.68430861145210486463 1.67126583303944342696 
1.62367506927344784629 2.84263635694840921531 1.46748603679035816150 
1.65453049019401277064 2.54382727364152039229 1.67913969719940703307 
0.01386234672138919773 1.36894254810399096378 0.71035762423073867122 
1.12737027773572462408 2.12671071275046097426 1.19207430146073178889 
1.53159052955608987467 2.65736166748599522691 1.65383664833941179673 
1.55641817412079008776 0.92505724790676602254 1.30128774048469963986 
0.57297738901174544157 2.87713446145499540663 0.39344627342029958594 
0.84177952617068996233 2.03579713369789860877 1.38641826956177283137 
-0.09439720935160407500 1.06353788835899609744 1.31296682591679503282 
0.11797114850521972507 2.05888018758734903102 1.20321732396044245306 
1.10673700697052468378 1.25471975875029717606 1.94043007733241967827 
0.77723214185411815258 2.50678168074649398989 1.57976558134395794752 
0.35559124181494677908 1.56628265608443140167 1.90851103330724480855 
1.13420586457144367820 1.16536189748327534410 2.15131528410694272679 
1.23093132769374014046 1.07025326820976784958 2.13677781156300783394 
1.47952927230914821344 1.84283610193294511426 1.27187284060191574397 
1.28139024556151337464 2.47923124348199008793 0.86265820370749524137 
0.76818444621156156682 1.06387547241604285553 1.40874208397720757091 
1.79051302500666653650 1.10641479668941999925 1.40121034574479330637 
1.34142589962332769993 1.55009973983432014499 1.90756181073014352556 
0.20734713013975619722 2.03878673522258635487 1.07235759300270983019 
0.41851120229699240172 1.81219059716547770122 1.15239975398894811676 
1.65433670416574218898 1.53219074999049520436 1.66074027027675463764 
1.16469196187498758022 1.32660892200718150136 1.88948099546503267554 
0.89747218615811741316 2.31789249252453011252 1.66247541444759239226 
1.84151215184135841341 2.18387792379444967139 0.39369978413786738125 
0.37030114241356315574 1.72108891683651377136 0.91225578928566430914 
1.53869373915401586039 1.84696033822113481193 2.23685301444759909728 
0.28414919304490887653 1.55849999691127893975 1.83541955258608546764 
-0.03758942803004798605 2.16533978315505581946 1.26434715639506167761 
0.84035570997026876050 1.14858384079984143789 0.35674481140743430352 
0.60899354461315780007 2.56543552406988339953 1.62855705367939940231 
0.83499325926806988729 2.23573240942101447715 1.46806311152523827346 
0.48400627249930666673 1.83354642519439936521 2.21603586568285493286 
1.11121361306111210432 2.12162125723256744791 2.06853356202742455494 
1.87223866733632959836 1.28145601978113954367 1.59209309120312081376 
1.45106330103106651030 2.84164239363536941241 2.23631300929871512650 
0.88352779701654771127 1.40452202727929065240 0.58610111682204812933 
1.85307550615489358137 1.45163987531126492669 0.61009157388519430487 
1.09181077826076866621 2.12348839987742676882 2.08472328603844614392 
0.14239558929039580759 2.31352281202167464613 0.99027018221903617690 
1.64119961443780804089 0.96529775370020021175 1.35079522816559061127 
0.20135580066849848024 2.12616191380570640490 2.11226755778580832512 
1.51616828565179506683 2.63819027841026265691 1.67233269900387382378 
1.83587403995197817608 2.24364655390961154069 1.46884247650081301018 
1.00185240936415809188 1.38521871295513898659 1.70205832057657313605 
1.40375495064974020742 1.89388144544978564987 1.21808552376287271279 
0.15262307372919911574 2.30579211451202015226 0.90154619225546461792 
1.72190921212105996219 0.92350565882716539878 0.35136405925239266868 
0.57145727092809139869 2.57258686815970438744 1.67210312293400198413 
0.12414198031239108422 1.44513059110482511294 1.87496742230506519000 
0.35687472212491794243 2.67707543832142125240 1.98816702707359271862 
1.11983846454629376588 1.23394032089591410006 1.95811652057158269713 
1.34652274663774673691 1.73958820338383235438 1.96705031612701652932 
0.17736679019264273149 1.09371832485653941447 1.16965109217158391708 
1.88117451044898520429 1.19312983959685836588 0.50187968623367595900 
1.63739583991810055963 1.66221067937410782456 1.65157414645754485605 
0.91347987020358856203 1.40108451679867007655 0.72645430499185814632 
1.84045744976907510448 1.25092783602039014923 1.55059536118428642482 
0.84115810562541604156 1.35856804740117631525 1.53684583757259729531 
1.16948548080209180355 1.43377099462322021850 1.92022222003683595837 
0.42828272682439300079 1.86868983515063291634 1.10327351247825289349 
0.62370359202037439772 2.90344357725844481877 1.28658733466989860794 
0.82675154722443078281 2.37922578946059148919 1.65508575449287076431 
0.96918600416915723361 2.32573552004847972086 1.71820985623227895367 
0.86938096584433266489 2.05952549077299451596 0.38922806762064210417 
1.84508523593900064519 2.03877799436688977863 0.39003489260231277713 
1.09321785493076739648 1.40379748123322545261 0.77692662997076078479 
0.70111236919482966545 1.62847983217357383801 1.58243951473912791705 
1.55442977373024859844 2.63686091848869530452 0.61258119442689296097 
0.40784682062744392894 2.83298760999735321775 1.04718842740267059632 
0.29935599645348498488 2.85431503385293794395 2.04405871028116337129 
1.11767898031650325663 1.22057819220433239060 1.09429415698561016690 
0.64237533515789979610 2.61159320777281989123 1.68650961275902666614 
0.42542225211091444503 2.85025508985090203495 1.08515260941361391112 
0.64086415597249068998 2.64306554982829489120 1.66912446747518927737 
0.68381675978654066217 1.96519169125348125426 1.32363272842292678533 
1.29583632254357539182 0.89171547068154588533 1.07237217397313022715 
1.69756317388332433893 1.96448551338424826085 0.41439232084022814551 
0.14019657637283078344 2.08512121189135646304 1.19675247991340838460 
1.14708972578512247154 1.32433079645242424149 0.87302284019172082807 
1.19972042693627845011 1.09738698830819325636 2.06634840238053785200 
0.55551112173132344285 0.92316996456227617962 0.31880836545382551517 
0.04885830715533720503 1.34061105178330319809 1.77627635944614326036 
0.39472426505660918039 1.94183087291985390088 2.16151599950682715701 
1.39425535260982003116 1.59420203282488825991 1.78801291854429944550 
0.69746234818054042570 1.60399445000826768037 0.64348043422743761433 
1.55181261940499282126 1.89085109120955618955 2.24884031989338240010 
1.08126900000000003566 2.26122221666029332710 1.96753363270245906769 
1.11563256691158074752 2.20223945596517722834 0.99312358838059433541 
0.43437677182607442594 1.92982130625811265645 2.19154051505358760110 
0.33729533627208801994 0.88816819075324404675 2.05592211518115552948 
0.62854527265488902010 0.95603415614174536152 0.33439808531874865016 
1.36200321293268111766 1.96417041653777824095 2.15136953129627217507 
0.21564976163547686094 1.98937319183674432566 2.10366369534796948670 
0.07814194083031623939 2.27392511297631116918 1.95410669014476301442 
1.19827802618112100319 1.48540523487168485417 0.82966594854827435679 
0.33609359166019048271 2.71553202461519616051 0.99233412421348832222 
1.00472020133288997279 1.12550607164011684524 1.30284323800128221116 
1.78622415315822458126 1.44528138280156315254 0.57830765337958567329 
0.31394311083185494349 0.95671940032664015696 2.08976339275065026158 
0.87177913226640613154 2.31181105757915439369 0.62791239280544264290 
0.16497397195007179604 2.20778113372769535516 2.06998073445441876927 
0.64192951492428185212 2.73844447984199179658 0.45911794434092983996 
1.34708585169685912675 1.91260731291628705009 1.07006654231155429180 
1.03853668552903677380 1.41358549919801812500 1.81101707315664595122 
0.88128764914314206003 2.39827809979255279771 1.70721044760801765605 
1.75847963723526623525 1.49992710920217531267 1.66865728204996632833 
1.67097100744943327655 1.79453531516625197639 0.44157060908983025715 
1.33432438955597598707 1.55798293426133316331 1.91559940034320574931 
1.31463761907661313977 1.97954427208768479751 1.09346440692311008824 
1.83829577934455667965 1.12719185727701831645 1.33899471122146818125 
1.31473935211292847214 2.52406255918323862986 0.90010800340294327970 
0.87423443185297289304 2.25911425853767422467 0.44228183925759695372 
0.32126086885862220610 1.97965334812548898746 2.15882932792950343881 
0.80086616242858632564 1.36763698595565541538 0.58436520853306128664 
-0.07243297669340029166 2.28323882809425127149 0.59314014111702828558 
1.12262900624843275921 2.09574772193068170623 2.20222698475248446215 
-0.01202669840844553840 1.07925492634798136926 1.27460654735062894893 
0.19004923251589095345 2.11519657129066551704 2.14157875048148405028 
-0.04283507051475239635 1.17236874942898317009 1.27868838739046775110 
0.38106150144900208243 2.57207179757159476452 0.80592170159967368992 
-0.08786817103610006230 1.43545377065294910146 0.67884254659700649093 
1.02565805330414550056 1.33015829833763254975 1.79157836293893568680 
1.83222379078988084622 1.23172341357153447561 1.47229502888135277416 
0.97874717497380225861 1.35492501805892207045 1.68070481569696683621 
1.24124585698390621502 1.97659737514785027734 2.09144265804857454327 
0.90503903628998716435 2.06465855368212825027 0.31783327877536693418 
1.69912944343640370803 1.96496409006074723713 1.32806472568870614914 
-0.06899281938794243896 2.30199271915333580907 0.58978725746036342326 
0.43099199304280594314 2.58107214403274021208 1.84281730855941749958 
1.42866772562243937728 2.64439227860050118935 0.90854886713608506987 
0.92517442616726719429 2.17913863115541062143 1.43375013827530528587 
1.85203048542440629198 2.21705934237136448317 1.42420087177463039474 
0.33978715818879162702 2.76431795105267585910 2.03990082168342645730 
0.60102296154127632377 2.86616854120021136154 1.43415263982125296138 
1.67835588729047402445 1.91915952001739142929 1.43556977926483808616 
1.11278696927376752335 1.15642061846804389269 2.03738392777731558425 
1.43538173290234638557 1.88832956130216245150 1.12578526920541022172 
1.33556755996594489488 1.74570943361491548451 1.99575684718116042049 
0.43790394434890433928 2.64674721648131461293 1.89915704619247338591 
0.16018605575787012163 2.15566022498551701503 1.02904636956304096351 
1.67802418900473049312 1.63114225378906185782 0.64057661418318789792 
1.68852298919301246904 2.64758967541184242478 1.56466858529755525886 
0.18555433119832534516 2.34395525530975401551 1.94210106281526972971 
0.85638037457082705206 2.15838783645071785600 0.35066848990435317557 
1.09075674700699942754 2.18404467019899195535 1.15547629769405513223 
0.44524360427098352844 1.68530549373788218759 0.88106244742288686300 
0.62333844285338457780 0.95082631336039813430 0.33405662462142116098 
1.35965076604973678087 1.56864552682911173598 0.90689631182322827385 
0.24945203644909136331 2.49960166953757045860 1.81699854511609304453 
0.41301312281889390743 1.93005165477643081395 1.15261100573576102946 
1.52433063004147983932 2.84119740884255955748 1.33869605866476781841 
1.16103134696126275571 1.44419932518499649632 0.91373806250706446352 
1.16909725550750320799 2.25170924469484390329 1.99081689627623847905 
1.80245654868440285945 1.05359823600929991549 1.42705878757185611327 
-0.01114509247690925048 1.41819904245138395105 1.73343332596823862524 
0.35238475724251844268 2.81321692105220177993 2.11462589249129351288 
0.78498917160991410480 1.49278147203208444438 0.65869924513525224263 
0.07563752272184072478 2.28302817803946966890 1.93227099847267647093 
0.34846099616390480147 2.70609909133653747659 0.91742148200703355077 
1.60109511091140577221 1.74585045818286488384 0.56093023873192071616 
1.85129762311162382460 2.18546635529754995630 0.48799687310601141954 
1.15328521553693374990 1.46871557278366204891 0.87230140447282866756 
0.93040570245112719228 2.33946167257447434906 0.58712754366622421642 
0.47801295818939021354 1.86223814336895165944 2.27730167963037866130 
1.39645773596985578457 1.58694851300040618014 1.78939452000088072836 
-0.05700908522294773767 2.35649362086265679039 1.61506798686764185824 
1.65468883984862058512 1.94988409131310080902 1.31611396014448045477 
0.31358396859312909211 1.98844160010420956120 1.10288776931100063194 
0.70055255727438570101 2.87823886953505203579 0.41935867598024401115 
0.46231447727981317408 2.61061854011102534301 1.73469178280097358069 
1.34235689892711262949 1.92484159984393876641 2.07713985788587995884 
0.26971846590326564730 1.03340619189402760369 2.11854750529514967994 
0.89435345816308708944 1.26714575298708376216 0.48316236916715576966 
0.92125662554161080742 2.08372279743991439815 1.27180944210095359104 
1.75798189177994768073 0.99391322936866444149 0.41366270393891224622 
0.53610660642548713106 0.92383800000000004804 1.28507794138756037405 
0.41170514626233511990 2.68102700209428324030 0.83405804315683351735 
0.09491323311800051177 2.33514894534915917745 1.81807141518886439258 
1.07830133739004763171 2.18431902582393533407 1.05408503381640672458 
0.29669214607850813437 1.59300590582600376521 0.92695171457491809530 
1.35308041076545970682 1.80236249546823312784 1.10173260956330953952 
1.39086047491080799787 1.67072116603198739249 1.83467960364796134343 
1.06525399415812316306 1.16381151076330091598 1.21445779478263760076 
0.38982705967553432647 1.69302457367475067684 0.99126724360190132668 
1.44529659552394584843 2.85147877660404214240 2.11327568952159117188 
0.36012959920991777230 2.64447540974029449146 1.83081947148794044189 
0.19411625994907449888 2.01441416716305088386 2.16471980810735553646 
0.24746352592649331625 1.01265204325760849180 2.16417662398507282262 
1.51894529433375491401 1.62287135988453168345 1.67509446189743993472 
1.28500356102415858039 1.59849053844031296912 1.87441012666435313783 
0.83889124840914786052 2.31365381258892810479 0.52526305554291052857 
0.33020843744485423032 1.61193646127948508884 1.83188632239747373198 
0.08146557064891481181 1.35100624892372511709 0.78742134268383123796 
0.14694293081278345103 1.36215114039725526673 1.83352104324365838828 
1.31965078795264623146 0.96466118194944883157 1.17482409486149674827 
1.36740307682112449683 1.95828787336236365135 1.16026868966836005370 
0.12376643307883475331 1.44825028345486805925 0.82337329252384061640 
1.05793802181970963971 2.17045505389593884615 1.19816645894504869574 
1.28094524762386119399 1.92336307993424937557 2.15184782690938458671 
1.60294509044051891600 1.85340154893520803192 1.29613177546213664826 
1.08959578126682288257 1.41724996401161296156 0.87244377911964521299 
0.74247653365878729659 0.93404607597818589682 0.38199738958801643385 
0.28510752936207583996 2.50554002270854114798 0.91217715484412253968 
0.58721807515986534920 2.69641422136981478985 1.53970088058735865566 
1.44207157851304512697 2.64429815915862276299 0.75830457317366595227 
1.63893236024969346509 1.66042565889300353099 0.66138036228950780604 
1.55648737957413763056 2.64585197996787702124 1.61209427131039850778 
0.04741982231310407775 1.33964957048434896159 1.77621595465419201965 
0.08318723163909837182 1.30122095981278418364 0.97153508597991145024 
1.17493702744957984052 1.15836932026526295836 2.03786150131201315716 
1.53430767500585307772 2.62256972281927280832 0.76445048054092956669 
1.16175098165996981692 1.24091173395911624766 0.97878684478574695671 
1.87679941971166175385 2.05556923615518760684 0.36898865322983126491 
0.16129591944082055655 2.07781781822492694900 2.07084678894456475362 
0.07880968994443925124 1.21596579554785644284 1.09066860576113100478 
1.86873808183080813983 2.13679816918142373439 1.45300235142105660380 
0.94620178350014216839 1.08266686199782125044 1.26482037165685290425 
0.47164833559738172930 1.82963702407836859010 1.22423481196495087531 
1.25643905282064038964 2.50359882612200479457 1.83397778092834373709 
0.81241712072352123553 1.34624219695848168499 1.59322112102094037844 
0.42675410835361299311 1.93150641109845122578 1.17752109477503719148 
0.61296673811126811682 1.61177119854869399518 1.70777782515025977617 
1.32377744720405754464 1.69400848483528165822 0.95567891356135781233 
1.12739197690046677458 2.08869584336711699990 1.20138847274297599910 
0.07999575253892327042 1.23354039723344488522 2.05437686456619061914 
0.54135126177290382454 1.88027957190958927569 0.35211599784477143338 
1.25928480335053682992 1.56186485193764457158 1.86606805006946729897 
0.93859155412577133237 1.12471558556687445396 0.38243295825406059540 
0.37767606557503302644 1.84450563399938105569 1.03430067006434800447 
0.12391920921985945248 2.34290695194954556868 0.83126439441867860936 
0.69115658310252070518 0.92589908745247240240 0.43172025581410528039 
1.35053004994418457407 2.81835351989109339499 1.01641055363865051575 
0.85419894387119077450 2.27591662758009949385 1.48151097858178126820 
0.51233993302065827802 0.89759089489246435267 1.21819170066060444846 
0.34531819607247127291 2.68301687948229350411 0.89049777309726141361 
0.23346863711653065288 1.54748075081838631917 0.88229261174081563546 
0.08063662800903334538 1.19267527567356745877 1.14751911188765243210 
1.51354587599307111034 2.61387501688192935845 1.78614948226342651338 
0.92788401117845942245 2.34986043706537728326 1.58893355507235556345 
0.93363533914819707427 2.14476561349004235524 0.40818539430521599831 
0.64150842161233023742 1.84117175906814667385 1.34726208208178754866 
1.72720219574144406849 2.52671562765032264863 0.67208817129841247340 
1.38119960376528472246 1.75062603340718614398 1.94824094106542200500 
1.07957507660709084440 2.08308858996713741618 2.23539152649323780153 
0.24545526391812100275 2.52553207797811651858 0.91570950742748724593 
1.08023089540258965258 2.25043201698017369949 2.02191731824678333496 
1.16595136016441025539 1.20441060086026219267 2.07196361458308864201 
0.72136998529707141437 2.52301865924587076506 0.67383332525075212427 
0.44439846746139805012 1.85916652456061659571 1.24197259706106843957 
0.12432788054859972293 2.34450572576292470828 0.96852547844796976761 
0.95550675491010350626 1.35672957579369035663 1.75303401609178743925 
1.45621826053290792657 1.83454247643437939885 1.17119379884162388983 
0.45724879505944326930 1.63301896703860127680 0.86587736305572593487 
-0.05579708786289714478 2.11921130861948325830 1.37115684333216258928 
0.35985846742350946492 1.56324356226953131710 0.90172738654404094305 
1.66138138368805687861 1.52026056556954536347 0.63813258914720027981 
1.68296344186797219855 2.65636713492128384573 0.54856000583404096460 
1.50166677150645955230 1.90753714356762760218 2.23623131841443223422 
1.75828685314194355094 1.06698112448805848551 1.39366511527179048890 
1.38514146462464471377 1.87789555777625527533 1.06665322364366921271 
1.69110205531686808023 1.94961857389210813096 0.41753468269875954055 
1.19561955827829358157 1.40642480124226465499 1.84460164342878774058 
1.03518252135370492084 2.37895455270919198298 0.73437586997421100410 
0.48446147388814403412 1.83533032381745564443 1.19179928312456051565 
0.16345590607325979904 1.24426261620840405975 2.03416898498860909683 
-0.04829184650984182786 2.39918653899970957255 1.75749426048557877422 
-0.03532145840202069453 2.32166244613271199881 0.66042259567817429566 
0.37752606381507330946 1.69506606948817339919 0.99775891792151683024 
0.32276754130628665385 2.62292037230328745068 0.95024823254906320980 
0.36045476948223575953 1.96076961282066197789 1.15738605447142450799 
0.76568354676564531758 1.53112360022402227422 0.64234235372828407673 
0.16460393624957905812 1.36279503618057584724 0.85088774811508360862 
0.96025780030781604513 1.12346633689351493857 2.23130357791415168123 
0.92145749512157371086 2.24415983101055305227 1.48452616102840129209 
0.55913558229207938055 1.84583779638737732753 0.39818780067738440698 
0.39384541876335910082 1.91111662201151544238 2.21033849075535071549 
0.74164812599234652968 1.97593348162726090145 0.34254412399378519893 
1.32726323305688498344 1.61841302670188036394 1.94763018235179452553 
