0.81613810283031051895 1.09346578590127774255 2.33249024142433381002 
1.81503402508511735292 1.15889286793386170338 1.39868604048458733402 
0.50056670753891319148 1.60316353338484285374 0.79354806463585847442 
1.40192941563312234443 2.59038927850259703689 0.77858821179651982458 
1.15051663819871352601 1.39861120813583927891 0.81192119676650420512 
1.45234463030646065995 2.62324198734355995555 1.86131943564064106234 
0.78040101921901283699 1.52575591876346194908 2.61439240090482138967 
1.66690073248144399187 2.63626157741907629628 2.65016522428619749618 
0.69985150478836366528 2.58644612213396341005 1.65734444120670199041 
0.72720558662817502693 1.92118613650273073468 2.41166510996017491308 
0.45618385561601515477 1.92289808560353825406 1.19790410213103348802 
1.90360004981603903040 1.15827352174943110086 2.45217028152775684546 
2.16193497905706166762 2.36446178334764267603 0.84693059307597684526 
1.60930621105071569588 1.55758733607551436151 1.64575324509659881578 
2.16862606547666025847 1.25511735219378350870 1.99121083798952369648 
2.09617725477745509011 1.06203522741397038409 2.17551358380479342713 
0.71677065326591349326 1.48517651199937872342 2.64226826466547448646 
0.55306003034529416240 1.66455353956554930051 2.71297361433698425159 
0.61394140495371218869 0.64985983001889957578 1.54421028976418428513 
1.93214665916045280625 1.18092907819093384525 2.32506926163080152037 
1.70685958426141892730 1.61003508273775919335 2.62170015857770932755 
1.35230793135808258221 0.85234209799745663805 2.15739160054974643543 
0.74288080912022058655 2.46447994380585910790 2.64866268955036687771 
0.84607131181938377562 1.45923839079030903676 1.60864575475734805643 
2.13769740928454377027 2.27568668006340502075 2.02468692353576651399 
1.66236167331481254905 1.61151287944647125805 2.67069305040929627637 
0.88982014151023058890 1.07651371671511264516 1.29181597754653587629 
1.33472727859250017701 0.69439884764656456539 2.00677658093415267615 
1.85546785122535529133 1.27510581560237290510 1.47889714163037466754 
2.17379657244685908779 2.36331252197163177442 0.86104489518410065596 
0.58505865631222597756 1.79326540147010926596 1.48267143036368342912 
0.93847143993695325559 2.18707155530185781700 1.37492050768956142193 
1.54727039300803070887 0.87307489789659642465 2.24247989945429271330 
1.15049407559716954097 1.19425323779052794393 1.10286692936411934163 
1.28813401237265612309 1.98048234801690425932 2.08355181145849810420 
0.89551843691531574088 1.22019072213334767163 1.51477163847050788625 
1.47328637700537279365 1.63516412710012781773 1.72175637854434993024 
0.86041458551521543541 2.29522890564459558504 1.49535575919001906264 
0.80404495377368256914 2.41045518482109732972 1.57271434121826425567 
1.46971910516303627681 1.83029417232574398433 2.22148496731427957940 
0.61026938635425309609 0.90079616265344475412 2.41256075991393803548 
1.62503528197625590757 0.64894801029460791320 2.67536190932882655957 
0.63804767886598057203 0.95716968927523049526 1.32924985465840062027 
1.92335257930888570144 2.31470473220090333655 1.67597438877684457026 
1.39133692039049905453 1.67503943553760659135 0.97636069400106340055 
0.38643074889495360180 1.75837199720031112093 1.95121975396883051701 
1.20854713819989267876 1.46484392991354028801 0.91196043049468134001 
1.11520900191399063850 1.43863367588108892470 1.80680264682134961163 
2.05296662108910554778 2.12981995753658237547 1.12924178704235611548 
0.94869800272119420015 1.31592274237419348815 1.63327268930335600672 
0.40735683372508513234 0.72899036559143770564 1.94354960206770699394 
1.15330700534374508415 1.22799162258097505074 0.97865592443227211739 
0.30141288882577205177 2.00430055748724322839 1.14153063104592389365 
0.90708267246272988871 1.43643616225599690672 1.65588774864998211633 
0.82964000683730909635 2.15544536854788182367 1.37567801858591853836 
0.86610352382056365883 2.44552364831964075265 1.68443586472667616860 
0.75925912547888829707 2.00328140655414754789 2.32851318256121286865 
0.42088385107100145799 1.60233025157596209453 0.88165743875731328316 
0.42769864104936738958 1.71732256510791447823 1.93071848928868705642 
0.35346470802181284565 1.77663741149393983321 0.98217823796458192387 
1.77537594716664459682 1.99955362291024130172 2.33459471734101331464 
1.38602852557548694712 1.59775237348605902987 1.91270290342061688449 
1.99549638199481327305 1.14820283333423911465 2.20441123341219924470 
1.04503576064182879257 1.38470624172596701307 2.74317921917371343454 
0.32103430172962033051 0.87566553253248990973 1.14668064079999609817 
1.37982666155489597237 0.72609569084163572139 0.90407607174177961884 
0.29596467249193203486 0.99796940101852416038 1.10498374646226760198 
2.22209849935735670456 1.51750489908847296938 0.89871329445068870445 
1.59425234432661544481 1.82514048327290057117 1.32943505832839981018 
1.55958456040095039263 1.58531615305001283289 2.67157730245970626015 
1.82694960914059167933 2.23895175882719987825 2.49225696102695115641 
0.38725505881712568579 0.87675909618176317561 1.20603661422690278116 
1.58341141228843307331 0.73118422056412801791 2.51853161432238392692 
1.20141180368014532931 1.12462207279383297198 2.09296510658431600405 
1.73987013411845636845 1.56678245360314938317 2.60487061592704316482 
1.40875030393800360073 0.77494695962771065201 1.00399089823728027149 
1.17831826558609775724 1.18258500634852481426 2.03029498343100289759 
1.82493555207467195167 2.32763089497639885650 2.54036348058185135201 
0.91061820580757024679 1.36032373255438421289 2.57161727377572635334 
1.16833078824268254969 2.36735551234584740143 0.85001283738935262679 
1.90153499616689924956 1.19974468838244163749 1.36253180187381728317 
0.82220393541048542030 2.31580803778805233151 1.54852324102734817401 
0.81731546833884560765 2.35412597144354096557 2.61579464563345931438 
2.09673233041407280908 2.43580375737385290691 1.80649309049386963544 
1.71894096226425596718 0.96080018556183965917 2.42141412537639677538 
0.83910739095087683026 1.46320768944493462271 1.67078135135391003807 
0.30688144724635585403 0.63888704904368076587 0.89054009913970899603 
0.33230777719155468741 1.92910021246211904611 2.18483857247331680895 
1.57986379995984060898 1.77997835255558634060 2.45115559736519861289 
1.97353074822921459308 2.08419335641988245911 1.29645770837166773859 
1.82693102933422890644 2.27693077023802192826 2.52892248003177844140 
1.44108873309017315734 1.90956869591826805532 2.15591583351367255261 
2.05881134150145417294 1.18519720698175756723 1.10078841798986104550 
0.93422757898199848547 1.13449882532668322455 2.39366625618227679695 
0.34599620133038605507 1.81231368705108741857 1.00817326487878644592 
1.23018778489661562148 2.43702066154065066783 0.84870296399707212398 
2.16340959436428903473 1.47718053673906957179 1.85839750087023602987 
1.10697961737312722263 1.07822752162585300262 2.21213261036338515453 
0.80569580969199583453 1.39923953634603148721 2.65260144437639988624 
1.40800275862758139667 0.75892703136812622589 0.97102980757602641582 
1.02722567585747204255 1.34776088740809174560 1.73522315481341515842 
1.53851949787069330888 1.67620797097947193954 2.66895777775272380339 
2.10257995966355215600 1.19755513721275752559 2.13448971698404399433 
1.55544346073619821347 1.93197648523489906580 1.29878679179776201913 
1.83972269392964604684 1.02533935264863829140 2.35961680963568731784 
1.82717445475901185681 1.02090757014770350253 1.35365022142045421383 
1.62690554463017122977 1.95330609860998394289 1.34847730277990662806 
0.98442797931245218379 1.37944331684067811317 2.67906189340625378037 
1.62867892843584782803 2.55314980086701837081 1.62690735879359538174 
1.18676685564819894836 1.15899388231997746423 2.05149856442170053228 
1.68220995001334605590 1.56187334387841603167 2.57472685437929937891 
1.53672123316995135056 1.83763348922443725542 2.25895221443938121197 
1.90067675373669842109 1.06482994215425419426 1.34775215566025652336 
1.82748315812879447151 2.36802237701215823051 2.64563431645880076104 
0.64984060520292008523 1.71652079298287452147 2.57815661324587175329 
0.74821541230254762223 2.05233343887375241366 2.37971327828694168005 
2.16991697395657068270 2.28678579799649739357 0.97461542393984168520 
0.89839643609590802420 1.37284805264642706391 2.57162580636894855246 
1.46649649646088442445 1.60554593781512622286 1.73249055228587978128 
0.92689935378892318596 1.18715798287664031641 2.42175220213939246250 
0.31795446550503825289 1.85857895004960260721 2.07118427943088789789 
1.18471471163625419187 2.10788025027310244042 1.05605703358343783194 
1.24501565581242479297 0.96134439705351226735 1.14455733987324470569 
2.12095211490019286416 2.37505772787696711745 0.94147606311716269811 
1.06977282290816244625 1.35370747581905170875 1.77153275133681842313 
1.57007780484908088248 0.81153217771798147329 1.42405858255416739588 
2.06313922489622658674 2.07487764266977503524 2.18312622299521486013 
1.18761286632124840601 2.15742976652972906493 1.09278616155081587102 
0.82866542902603101961 1.29845873960489899268 2.56415360217851029390 
0.31620737141106758372 1.62019391083679686894 1.85408487683718159467 
2.14713626065839813251 1.07858927442883678616 1.07932399849453131147 
0.58588206116133645374 1.76188084584606774463 2.44810068823222248824 
2.15458219513703630454 1.32820118381765883697 1.87637776467192085583 
1.38312078161867058057 0.94553069772315145869 2.14907061683462163870 
1.24820065647336897463 0.95933482933397384862 2.14580734087700708557 
1.42786317988823863168 1.73097721532548431966 1.93645140822709027617 
1.81569058126575644252 2.35741658766278039394 1.61702319713926545575 
0.89251824255830158883 1.10508313036480565472 2.28164256457341796391 
1.33609179754401297124 0.81163427396735265962 2.09259550896749502158 
0.90451077688493453088 1.16806412404231751978 2.45852589116032049787 
1.14885597821232221527 1.42546578689945291352 0.91554164767823931204 
0.37536176005823973512 1.71610218084289289919 2.01912025422001528696 
2.10723968687694895863 2.30674953026934925759 0.86105032206381448834 
0.62832835966830014041 1.83538496456629807163 1.47547349704697383643 
0.68512022912356729254 2.53609257064953297345 1.58850940026079734402 
1.06003918941361163775 2.18924883953743076859 1.13279925174721851633 
0.42894153484156943845 0.81173915288128084544 1.05860016231239129070 
0.24789617734050725661 1.46165823293052210552 1.90559765895717903028 
1.10786073929841011321 1.11740681907222749736 1.21311512479266436770 
0.49412705219512464971 2.62394219938868067388 1.80878541604562625977 
0.96301340945685820483 2.14653977789534122778 2.24019047853441755080 
0.85356056380124101235 1.32660963639557993865 2.51817878209289292002 
0.85347102644111305647 1.13919563792788203216 1.33404595284430516067 
1.84409035238259755296 1.41117254792678825659 1.56741445016647062971 
0.64122875262582590405 0.68365322164050923437 1.62315557105135943594 
0.54626705347062698426 0.82880751244392480981 2.38611588418974829295 
0.69435269904740126723 1.92102350236329755262 1.33218514128452381051 
0.96331272052387706406 1.33845283992986896493 1.73322638909095316784 
1.15866412613884106619 1.19271127947158861460 2.09456213121253798093 
1.54878471952515095467 2.65512718798937275011 2.75765080811104823511 
0.33255894149916970237 1.69131606542679246985 1.97455702295679791369 
2.02880943468024588228 1.11923827033036427103 1.27531271704788995436 
0.80399143253445459756 1.46783157803185648760 1.67255783604891306027 
1.41131801865942718699 0.66912918252634756566 0.81588891387360318319 
1.48278868726669421640 1.64173231823703824617 0.83818261141424155181 
1.54143030852503337691 1.81617639605207648046 2.36495155506468357487 
0.46440369895186645044 1.86387178324197200219 2.14943858833157630528 
1.18426260196865507091 1.48957234563854301612 1.86501577446973532126 
0.92722337110416952477 1.11637307236169158742 1.39859583404406939700 
0.31064128462606349634 1.65520049744923869461 0.93365591143210457936 
1.83014375156365738384 2.47957705517727777789 1.63002771160984027965 
0.88466765674644953776 2.40303498056862618881 2.58745785973209008191 
2.05598585997571481343 1.11015772903718690223 1.24736192189441186251 
0.51118545375457946633 1.83545369307034467177 2.22217928837350875426 
1.81224755719965147094 1.04475785967007062105 1.32641317656220847354 
0.60460794260377026532 2.56290921465211685160 2.64128974009672878864 
0.58979408731603344407 0.75694349845001618338 2.44581256128404334049 
1.72155315085522597762 2.57282312458542339328 1.65058942101180261552 
0.46910283231785010472 0.91452906270988720827 1.25359310023509551435 
0.90669547354720225751 1.07735315910437767783 1.37202966678999738193 
1.73299958278961163671 2.47391040847722187834 1.65836905332964890114 
1.50545818210714865693 1.64064351784581452520 1.68603656266699819533 
0.53070953489602579189 2.59421204499733848436 2.68141305824471043451 
1.03089843279600223980 1.13737431876440120426 2.26513477233944460210 
1.84237962356966100685 2.35969577851367606769 2.54036545505302369108 
2.10724152434634692810 2.08083518694670566163 1.21224962988507423134 
1.55030191040021469995 2.57769227758434249509 2.70541401024889527349 
0.28951831104279424078 1.89286388183288756260 1.10744059915958170670 
1.60659254469297030354 1.79842332708249186268 2.37595136140168738947 
2.05524258181094321429 2.18163499572928287762 2.11572730123923635759 
1.83209379338541067384 1.23905426513976668623 2.50270329240654287872 
2.03159067543912552622 2.35799085306162847786 1.72894857675630242433 
2.12348045160786735863 1.10204064294157477732 1.20479866162999149637 
0.89553752317850421338 1.44271901123624757268 2.65387551768368945559 
1.45663076338107799756 2.61170720323419880415 2.74183437217224623694 
0.67077751814356256777 0.94387742679990005445 2.41779993941087756326 
1.08123605613483619869 1.30934642017633873223 0.95668222489319221236 
2.06817943078311472505 2.07298308451315449474 1.17327038329756039303 
1.60282481230801709948 1.69340541236914599033 2.63354380920990660542 
0.55925658985871617990 0.68114518631008036387 1.66097999716740640785 
2.19640240973720990425 1.48353991151450514963 0.90441029689658491986 
0.98959033286201425472 2.14751343050033982607 1.21172578969823563355 
2.10625992653309301872 1.23010354507564945159 2.08444118507254350092 
1.66157526066810445897 1.85689799119882859024 1.46293792486887452853 
1.61424736904219812139 1.78610621839794991850 2.39488795174951007994 
2.02120327620114004219 2.13627265629949691927 1.16851148890847444939 
0.56765430970393560006 0.69445286170904751977 2.61874465018175861530 
2.13336192564255533455 2.08578430206225551302 2.19314293327065445993 
1.07970130891730131673 1.37949456800257119760 0.89848591805822997092 
1.97118310041015321055 2.13546372484110635881 1.33949818187516345169 
0.69718362487858853704 2.63704720306543549668 2.60111062680720062090 
0.25831975331202156054 2.49644787489223940469 1.90926025310953262348 
0.23297813782661619397 2.44006058509132728318 0.91379992900190243343 
0.82661554676500781369 1.20782088444571189534 2.45499571594041166023 
1.32061092571538396534 1.60986331797710224834 1.84099314502089894674 
0.79370290696363421379 1.44104803021104888039 2.57192576662376959362 
1.36230530498199953193 1.87769214445974808037 1.05245120207625375564 
0.68181029024852102260 0.96786895675907924641 1.33025174628272258026 
1.37942805699165238487 1.55934966676797248653 1.80923306560598540216 
1.67003748752562564128 0.69081598659508014482 1.57893931560287015259 
1.10889153893547121044 1.40031291400032831262 0.78500454882822223723 
2.05802541589332665950 1.11108896966196546430 1.13435572023579589462 
1.89487006457723028419 2.35145829289890517799 1.69302339762038944748 
1.51033383477173588361 0.83124184044572935193 2.25818572846668974563 
1.44939426116154512769 1.59368108589975965295 0.84019279279819514272 
1.54968267453255670318 1.60762539214756250416 1.64678646826394858849 
1.38944276967203128592 0.74090698814168465258 1.93294364049375433368 
1.89929002488917064717 1.28301237131205758679 2.48943093510625246267 
1.83416032531292483299 1.26222671018446264135 1.49254045543045599231 
1.57424406969627117547 0.91714614704036123705 1.35606349594479191900 
2.04817902028807319326 1.17922710795298324449 1.14449097902339014254 
0.90935926606286932028 2.26811950664695105573 1.57230522914278814106 
1.64054174867873991950 0.83304935200538532403 2.34853757111354610743 
0.98417017260245442944 2.12367562772130602511 2.32244494613889518320 
1.46127505435753390906 1.57790117864772527767 1.83023083076550263648 
1.01504292530144746287 1.14931389510703385604 2.17640864338127393296 
0.65062950842690592257 1.74826149482339854302 1.54301644224460288157 
1.44251065189568228320 1.88650895574847088376 2.13365410723395232395 
2.11162065667941867275 1.34482162091831947137 1.96360824973134806548 
1.41068741931014463020 1.91941866803106653272 1.13106178353200848008 
0.33631464920550163678 2.59580549331417254066 0.81878315770359466619 
1.91640408413504981233 1.31817647208083577048 2.54644922447417876299 
0.82678127596970318880 1.23756318052899039195 2.49263927106857430260 
1.90459027114520251800 1.36049588195543647018 1.70931183116085461116 
1.62674183415914774820 2.62233188766697100647 1.69347996299670211506 
0.64250839599471487595 0.79603855201224060778 2.40262087815879832320 
0.46638556889792620597 1.63904334139557494865 1.72947866020293483658 
0.78787740809854867052 2.51731393840522654770 1.61192987307474089320 
1.63741235611359625679 0.92202137338338463479 1.41846140844759260879 
1.33046235299133397412 1.72285640729670963545 1.97293535668437525210 
1.82669535942794802885 2.31804662273576900233 2.58466055570844677192 
0.39945805889542457257 1.86435197334845326189 2.06747769976774398160 
0.33349184411184695787 1.67440813225440465750 0.97310226673963373667 
1.36639244846450780280 0.81328720589193348456 2.00738300574780659247 
0.59491996305042282867 0.79367089422152237166 1.49361676572168922128 
2.03163756461961275690 1.14109763568513855603 2.26277267974824569663 
1.79112967144923374008 1.02425362231078032060 2.30932450967458091640 
1.78713020933454314054 2.51749957311632854839 1.61109404916046905498 
0.66550569120595848283 2.63727347363176400918 2.65076096541111239091 
1.16652836606121912411 1.04247259833851635413 2.09654612338569990015 
0.98550529649468809890 2.14129614647141419681 2.21308012716822233301 
0.90687675161095060439 1.26451232638773736205 1.47080874023003116413 
0.46800404967824227320 0.83239331565847196615 2.16157278015961873407 
0.23542949322870823647 1.52764565978673561020 1.90465766208355224975 
1.94590247429819518388 2.16617562215386927349 2.28350948943452136675 
1.54901857271857101850 1.67811774581303541076 1.62895392421293228047 
0.38291876924057138831 1.59877889470428580232 1.79220452770062044223 
1.34824979781660059253 0.80700922352299975238 1.00375191604814362201 
1.14380871778995740762 1.23439863116589831904 1.96679665142687398749 
0.95116791434838565689 1.31740528681228541430 1.63681756269805278592 
1.06835629802489329165 1.32061551801062226907 0.92728940086444511248 
1.10675255190127064253 1.07731217905691245562 2.21211991193912060893 
1.33532956400116598061 1.72262164408384332859 0.96036319370646605620 
1.90774848457348178421 2.11650529212911164834 1.41254043363088244156 
1.28404143221441890965 2.60417826776699534719 1.89178382410308532080 
1.05662940799112536894 2.18863451882072723720 2.13778799597667834576 
1.53803983754549356000 1.67567992531969389702 1.70744865547498614333 
1.33184088005738243687 1.95950131387239689928 2.09767524407718486401 
1.72354545985237961325 0.91089375305566100405 2.38627420233990550358 
1.57880555766117169902 0.71027478117390496770 2.54473122966514297971 
2.18973998332020647339 1.43574421282773223574 1.92912086195984611159 
2.14603434910471468910 1.14915358924579846800 2.03407701454105183103 
2.09663515339935280224 1.35629749270066635169 0.93775811849950274635 
2.08714223756753636252 2.40504909422661894425 1.77765539609721789915 
1.11893439894513813115 2.40289199152707144691 0.79007758397722827048 
0.49030247767705409379 1.89938204125063370142 2.19751993526062028295 
0.73048885515300365778 2.47566610696886035825 1.65297827584381096244 
1.66427319331923539991 0.72933171605088187306 2.50802122736121813062 
1.45321753395701747102 2.63215171897585076266 1.86855714223119218076 
0.43024167026804333025 1.63844769515895039014 1.90282128658696181311 
1.39159180328247278347 1.86362909642826646284 1.05859133921155268432 
2.16371548449856643259 1.26087402857147434787 2.00882191947862853709 
0.76786943081980185699 1.98453474016033881711 1.34010023661908261872 
0.70620723072342794779 0.99509901128897948475 2.33444624366747399691 
0.90607325653350423433 1.36062371518118352398 1.71059778860415412360 
1.90658489610486636678 1.40538255400510125881 2.60940319627710071160 
0.57968522902757924076 0.71654331085176303784 1.58417636784800031080 
1.42861244971132639314 2.56994167148650420884 0.81369001265490381591 
0.42769097643853037916 1.79759988020903183070 2.05073473828569152744 
1.72225852427989511995 2.01323415735121935555 1.34195181078449765621 
1.34376261023781262693 0.67857970897951336298 1.88544828485752113956 
0.76024862621397248930 1.00148221635788736705 2.33141493329231819231 
1.38821241008443441167 1.66944468327592554502 1.97472979180876628824 
1.09785745023731884373 2.27535532624739245122 0.91624556039240323546 
1.14795571561238007874 1.19015202332679836950 2.00412946876454078904 
0.34519593196312442496 1.96904596034001033722 1.13939370162957764876 
0.36186989811926972838 1.85941406174051482303 1.17250863507252511830 
1.03570874434734583325 1.10822536126688286906 1.16446931900619832234 
2.12056749737973282421 2.06334308875633576363 2.11995414463220521739 
0.53686961947630573722 1.89984703188086179182 1.32594119318682990283 
0.43770765223905755414 0.68055261486501894552 1.83528471524767677892 
1.06943126981985514590 2.13325636353833170133 2.23229311699623744758 
1.58214427059798690145 1.62547849804860899958 2.59198396872081371356 
0.34164480803857349978 0.78233203949291452162 1.06635854146588382463 
0.94984696788824574121 1.14885045232282467786 2.25792038115666882092 
0.56312594839360796684 0.91383750530272522816 2.34961377962973383404 
1.59121593050865417496 1.59229573633525500753 1.61285020024919623083 
1.65393952822231127264 0.86114345910925160776 2.46239274095802551656 
1.15271085482657231758 1.29394967688080964052 0.91253449738043113104 
1.34258971361654011467 1.80562216748132997601 2.00341065065714873938 
0.62729036752085054474 2.63556431175923089327 1.68620662688443556654 
0.30411914206635221047 1.63583020824921576697 0.93468168646535398913 
1.15582407270484854855 2.44005394978041190157 1.81162247737719961371 
0.61096269346520648558 1.80738725377551867624 1.36682151849680755262 
0.54608539842983472301 0.84570038655293977570 2.37488668324506724261 
1.58283796652988195675 0.79042154907940875841 1.47620043151158242267 
0.82165983759193916836 2.14103945649523508266 2.45261338452131383292 
0.43095386335913488107 1.81501845054944199731 2.11860801845404544963 
0.75599020173030440084 2.03601241893589834930 2.34045166031765994319 
2.19245270953174831163 1.37861303857766093195 0.93969107387728545433 
0.50443484638004432163 1.91917893621742985388 2.23928702276196434084 
0.61111843903944507161 0.78619899823753547352 1.39407469316445942198 
0.50628430794288670214 0.89342248942136781586 1.30159388272918685736 
1.54139575950548657346 0.82851781213113062652 1.34087039965235299555 
1.61614763841639508257 0.66975996936319615038 2.52591092667217376189 
1.08265588203017659730 2.26308334663399479680 1.99448432882108939168 
0.41188176345467181205 1.71670123465924473471 1.91409636968517471445 
0.24233576160480374551 2.54664711564347179262 0.89338342956351501911 
0.71659874534983258876 1.89692941162741024463 2.40274880545475433280 
0.46695535639445689968 2.61547764107478286633 1.73067735423420665519 
1.57655242605287382318 0.70821201384253462674 1.59504812387717498368 
1.64146182842183074868 0.91733602652152113066 2.41954684542642883827 
0.66838264111858558536 1.66695376103450909611 2.52873160477295799708 
2.05287534130880633398 1.31490876871328210562 1.86264087980990411531 
0.75952233070662145131 1.96498016269593711591 2.40420213499484658470 
0.26329397253864622597 0.99669032032675863864 2.17205328350975346297 
1.66790189231442176343 0.87858086124209100465 1.45362858339429390497 
0.43291290361175838175 1.91907486474175881241 2.15788651036959855389 
0.42758925542547687737 1.79142947078486391987 2.08379133574453323519 
1.91484705964048140814 2.27246096159004196124 2.56062996321165847746 
0.53831463414831148828 0.65921077803253336214 2.73559683415307741683 
1.66663612750667078366 1.71769981256728399011 1.50307152453181180896 
0.54727064956105886395 0.87746002042042403612 2.24020717056674589784 
1.23931129518055671568 0.96793777467358954603 1.09408147082360795999 
1.90019816324887091952 2.39699453907400705788 2.59102858067922969809 
1.90463324964820079899 2.15064856645742263908 1.44487056452483542124 
0.90653581974793939757 2.11692180683324115975 1.41407869356031956620 
1.45046239637091844976 0.67784085255986403773 1.81265768836906371320 
0.39790543165543129644 1.79577448541250417335 1.12125932926476146179 
1.31566531340431192021 0.98008711222095490356 1.10668876452313247327 
0.26173808800233017147 1.57303366368873165371 0.89251098223707037160 
1.43139873216400537181 0.79739228982460053086 2.07760248654620038877 
1.51904019887152075263 1.66387100069824156456 1.69488092619136332395 
1.39219583118283463108 1.91801574773885108449 2.10914144403262682204 
1.22611285967364724847 1.51799208506266070096 0.84496346578423553453 
0.62351313100818062107 0.89600709650078391721 2.29940060084532671425 
0.81030862408113224493 1.35864993678780976438 2.56685159043882560326 
1.73581044036362008853 1.03056359311725809214 2.40146781595230374151 
1.21040642746753479564 1.40817863747504334881 0.91466520539305273818 
1.83924206114019783698 1.05452649545230414674 1.41247044212611538860 
1.99824483116593931697 1.15930181052393543872 2.20690650990608006055 
0.65369283892003637870 0.68548014275125179751 2.51310949145428264018 
2.18785601719740485649 1.49188187827058493795 0.86932855309406031896 
1.15394700376808834186 1.46658378949274381675 0.86647809270859932340 
1.76699041420570912564 1.44341995497811659277 2.65400469259279603307 
0.58047828186811423201 0.80235260274727526753 1.45999679738099352733 
0.52956791226399368977 0.84083190951251840506 1.25052229309063922535 
1.61889351864404673620 0.65966693461617254002 1.66920194746755057302 
2.10903358967539222846 1.31621067957346316035 0.84716497728280104607 
0.80409688321243588671 1.38182414616339710456 1.62878799352092551445 
1.08956782736236124087 1.29920085100459137273 0.97493085522201727855 
2.13976771490485395688 2.45189747197237473131 1.82505524422023368558 
0.40890791855656194453 2.57672970995220884660 1.80460671205553824237 
0.39683523482980032071 2.56351763213418504250 0.85819288515298486342 
1.78616098987896920747 1.10135356936482864398 2.41562452400921623408 
0.50279045854707526964 0.65013357853144682075 2.69498548692083295109 
1.10588922551930601834 2.11425727388887452207 2.07895680880378019850 
1.85056760711264844943 2.03856016546779761356 2.33009736050260540807 
0.41880033954885192982 0.92018034603885479061 1.14298594164620914704 
1.80786576776203578021 1.12592358578236662048 1.42595492787234001675 
0.44179663994269280369 0.80493278266895507134 1.14770975252658824495 
1.59186205194911267746 1.68086942556568641471 1.66797249256421276087 
1.03000289778813103325 2.07583412941953771025 2.21779223629225041847 
0.86728200917362985312 2.15212650207269673430 2.46840954495635900301 
0.58121549408161266026 1.74957991823376679541 1.49301345286362319165 
1.26902260904412744758 1.99215076507530763905 1.17246999999999990116 
2.03183570723410023007 2.12892466302778071707 1.28360533106518337476 
1.02888121577191449241 2.37656898580982023361 2.72763587685735497956 
0.86600235961111826644 2.44019888879054169806 2.60703067081633665936 
0.87145050593935691197 2.08157879874663098718 1.41247353180058898836 
1.93815475869614695092 2.07755878265312787789 2.32934447790184639970 
0.33621160252866721940 1.88581945206343282173 2.04731461703614359138 
0.81721952345568638076 1.33123881047870340488 2.57091374390204308042 
1.90242400689689894477 2.15693136433541354791 2.30660687286721266531 
1.25921061008908630185 2.55552782186694971145 0.90675973205428861412 
0.86835100813611776349 2.04342970391184586276 1.33851014057295025772 
0.57013616610833905973 0.79449191364907822965 1.41791719676843119835 
0.78218724296308872468 2.52350959679303743499 2.61702511221444922285 
1.86440221998670541126 1.45072512777234985393 2.67457465155280083025 
1.39996553685814784096 0.65806030005718441078 1.81300282565232628862 
1.36107311777160355781 0.87829891326115039352 1.05234362994630248345 
0.78980856713813540892 2.06839914154461945728 1.33742705779926418508 
1.02951841254509401935 2.07729545582240149315 2.21305026431448670365 
1.06725735392218168407 2.31303125963488520611 1.93044115927041470826 
1.45488569864942229870 1.59667578747916993898 0.83789278961312352312 
1.02025219262931621245 1.40298385191325025723 1.72620789260847828928 
1.09997074770728264781 2.19718744292111445304 1.00977208148130470633 
0.66493778406533621261 1.87858755631234952688 1.33555533455626007644 
0.75814978033844704353 0.94911162164182161227 1.36300337548868233384 
0.58647883756527863230 2.59064844712691932926 1.62189889362261485672 
1.55769086855003324743 0.85689801757593375697 1.26432055978322321899 
1.31902146715865997706 0.65547346104656267762 0.95482930814545941001 
1.65064962434550666082 2.62674547244666767298 2.67047841113018380454 
2.07829006378988756509 1.44264827752870350430 0.80945295126585203871 
1.08042776789087935363 2.24151454412403339234 2.00885010866270308227 
2.11502871783346391155 2.27004270427128895804 1.03242654924323229437 
1.11112350349917021752 1.14807442492162503633 1.04054113669632886108 
0.87394133909059490417 2.25368283090153243009 2.44902558363603661817 
0.39302984604982860173 1.71960455415131252543 2.01784394582513648686 
2.08533334807638892627 2.23182379771872785312 1.05762110399849418307 
1.76942946836272385625 2.53720873289952342233 1.61997972548894453304 
2.17675126424472642483 1.04771225973174741952 2.08228744705220902844 
1.67712652953567831204 1.82528722764376860610 1.46461055424327657448 
1.85589081979094716601 1.28670908986032106469 1.58323827578689790840 
1.12109305377530321657 2.34882474904043592190 0.82349088732431907633 
1.73869470271697035280 2.47350178277799015447 1.65626736702046262195 
1.91300648319425459221 2.33055772449225617748 1.68575523305474384017 
0.83172165657029895058 2.21807065115940416078 1.45253038066093531633 
1.06580287852226152090 1.20092702303696974298 2.10108630952039288076 
1.71600386179764585748 1.48458844820046720336 2.63212177714178041654 
0.61212834521095504936 0.79435238908853889050 1.37714542187180644106 
1.90443003925118570230 1.31711595421446325815 1.52681303188254391401 
0.90751341047843991916 1.35903485439660687284 1.71063697810630643836 
0.78774686838038388004 1.01855543795754011072 1.41623477565812838641 
0.46580667966566041693 0.92217547200347160796 1.21719344207313406869 
1.07983584078925121119 1.40835227460472833805 1.86924342281185684733 
0.41771321470782929453 0.63693252953865131527 1.77555197429166899958 
1.67161796557677311270 1.78068924686612661823 1.47943499689967028488 
2.20460756281122272071 1.39960861915041379078 1.86207032514285497626 
1.53478476323474355425 0.85430611317225990664 2.35607433340181948722 
1.46492557281383550816 0.63783857011132083503 2.73045980330402970893 
1.17824461237575328632 2.47930851496191229089 0.89231132889293751642 
0.70657159280139281154 1.52663345585074150534 2.66596709293161060472 
2.06395247725291230978 1.18109908820521369854 1.08873014405556056694 
0.32098184707330640331 0.80263757844290761767 1.05700991515023634548 
1.33060382512419872469 0.89743690771711681631 2.17406146725608984127 
0.64068731374397436262 0.83812337312113960319 2.47277379134697605778 
0.80482770341654630286 2.43559334466703703015 2.67195977955636365664 
1.84086575112356065631 2.31602648111138220699 1.60157477809071346897 
0.60759731065420874430 1.60350257448696331686 2.57087317570819218204 
1.92684484311651438304 1.29551419385531962902 1.63509155361656444150 
0.82488421723605620528 1.17708065768963621167 1.45860355615325776313 
2.08667359584969602793 1.19782347241004716309 2.13412237628515333299 
1.64213123412266859269 0.96140301614576140210 2.34284858801724427124 
1.30499392189659046970 1.91096738261639687018 1.07033844888346973967 
1.36654229894932011113 1.85775744238486728577 2.17509196087188305668 
0.63466582428520235126 1.73191529467402904885 1.57094735931278406404 
0.94764127294650724043 1.18088288995095824774 1.33581298378293689133 
0.39480888865224683659 1.74167673397737399199 0.94735878619005609025 
0.58713579318537689744 0.90702610587562104705 2.38268632444427375106 
1.06497614714221722210 2.41165469365425932935 1.84890485113491731539 
0.42166951776414063335 1.58622412073389074116 1.78077336686083431694 
1.72960465435577082083 1.01203940799040115195 2.33770694018413927040 
1.79119333066254382558 0.98610266692095482899 1.37481959115256269222 
1.62718470548988780600 0.79204392974178428055 2.39323942907270659219 
0.86242915581095147548 1.24099826122306788889 1.43969617679742989402 
1.87218382986696196824 2.19366316645719861000 2.37670190646287915470 
2.19446016293907897321 2.33876263915933035875 0.92860424201408897638 
0.50835726658415925083 1.86110633057875540786 2.31205104473122879938 
0.98377068603399575597 1.10963909084675327321 1.21742916196241601767 
1.56892040558608747425 1.63388351414912258441 2.73439159589125768690 
0.41673448350245911875 0.76598421329020360826 1.01649854094664093829 
1.35429034973467765646 1.82017603740041478133 1.01263113834414109071 
0.94712873637957351036 2.34739152025665420709 2.73633290804412876440 
0.96390152878248280821 1.13455766577761485436 2.23380973601336307865 
0.39863067419504955025 2.57650765859070318697 0.81737205291444037236 
2.16671871967378004697 1.02357915351693140593 1.16923561337659021042 
1.59523977415356732479 1.83886895133758287990 2.45234685151162823402 
0.86895293972179343811 2.43987540610563069521 2.60883681102539188856 
1.84028791215836395878 2.07117846897394874972 1.32223649870012183172 
2.01361039055889579075 2.33885659447498817087 1.80654390035859457875 
0.26559315004590933196 2.03734076207494263500 2.13794052533592315868 
1.10692334341170006695 2.19794934382368767345 1.13395656921007792484 
2.21272016919213987407 2.40848423226619257065 0.91158046509100065791 
1.89273217995916986922 2.29427930816371050682 2.49857776035309964158 
0.80019872257525304082 2.09001574441822812744 1.43416511697640647327 
0.57747102645619485806 1.84874017378865085348 1.28829018284487606394 
1.25353010236975204172 2.55991913159314998794 0.87798565768834746503 
1.34805496628081389332 1.84278985636654923930 1.14380409481191924748 
1.66549886411088876592 1.63169191514250488950 2.65503503153429187833 
2.19364368714981772257 2.12719917215959419821 2.12395071629576337457 
1.94160689319262425023 1.11738884738205523917 1.37439151283092475531 
0.64420071281379776007 1.54586043693817209999 2.61462684318409488426 
0.33436492766250153208 0.81784004936240284334 1.09684759878846493919 
2.19623831542862291144 2.39093680713099487889 1.93609700919292526677 
1.98435907020596569161 2.40536682367359633261 0.77345156945234305734 
0.69368057926942472413 1.62241968116138091105 2.62747803212070207834 
0.35611018085666407140 0.70972773852477322176 1.01040212183309408012 
1.67558214569707963904 1.82181838264351525503 1.46853786361658622539 
1.39480392169300926319 1.93719875610553460277 1.14195537469092922578 
0.65049700995354509114 0.94728150952435952181 1.40626152177790109121 
2.18694681318134964698 2.34032243780907078801 1.91863366504885468622 
1.06016717019771666841 2.11726003522666905710 2.12512353761165639909 
0.69430771944225322390 0.90577628122401265820 2.34462970645030255312 
0.47414358182970389732 2.60856203045250767403 0.82308981630894517689 
0.33437790250868321129 1.96265810039817600874 1.17690448476119602361 
2.18724104670327790245 2.15853606760696870026 1.05152152266321219365 
0.96612431110848884241 1.16381966934274583281 2.30845693232645476911 
1.94695973522356657881 2.31719460654417241940 1.61072543247920352272 
1.32918244454099254703 0.92486021373552151914 1.07284256271460098908 
0.92919030332159791019 2.15810262031991229037 2.41638340805467510819 
1.55374329873406735736 0.67881609923176999821 1.63326387141587980878 
0.66700801508308060761 1.75082994739276864848 1.48051566719049176868 
0.94033531221612232098 2.11168502234215660351 2.25263363772977331934 
0.83445635337854640046 2.29719138185402327323 1.57117625808080507710 
0.45471551029503526342 0.87731906388093061633 1.26135913997579307555 
0.47105107977064936131 2.59754333948586912939 1.82092663681235777950 
0.38983982820112472734 1.70946988167332669661 1.01094853466397682773 
1.00832111545451064138 1.33164484754187051330 1.75997022061554431183 
0.49125759079635389348 1.87631684817352062389 2.29711497135403419634 
1.65384982249539169707 0.74787718669569747121 1.46284740698696635874 
1.82167327118444077882 1.09194874376391992676 1.32879253406946040705 
0.23083010755554408955 1.96996285113754288076 1.11699759180209889919 
0.66996930879154215077 0.71805126906335625669 2.51889732052595949341 
0.36235992273687445131 0.95837001026425805428 1.14081947374669701034 
0.67224399947245871978 1.63507363973148978076 2.54513167662291017734 
0.51501570740453606057 1.65765287915033576738 1.69106286491431045960 
1.98751687815328437203 1.07625771333599051793 1.25258115141996584363 
1.83459939051220377593 1.20253751882814929886 1.43416340184667157054 
1.47116161728446059875 1.59602083504372216360 0.81900308146301159518 
1.76828154691565075929 1.53648201519086557987 1.60709065955376018131 
0.42970118450851818581 1.80330150482425710656 2.06795390205799245464 
1.11232018604948446061 1.18821070160446073949 1.14163438555469554103 
1.36405095626222983007 0.86302124165449334292 1.04242821523559481278 
0.94272785991973184760 1.31318421596431234022 2.61328374041639310832 
1.21866110672977656648 2.09325681973289512428 1.08442405922646667449 
0.76923793984839261562 2.01733968743276248503 1.41345548027954803771 
1.53277161618839818935 2.62753286408186381706 1.65596235636411992509 
0.69136815270727003391 2.60125117810325212631 1.65523497514446193968 
0.46709654265746147761 1.88399020711837250630 2.26908544047707172453 
0.32160014475154063973 0.63961288323820419954 1.87129211328443711970 
2.15004507048509818645 1.14681496780565206350 2.15452595899125043388 
0.82734485881433827981 1.47782791310305272603 2.61087810801299680108 
0.65673668700054743663 0.74148244588578493541 1.47169662003321621846 
1.09868842933813026796 2.12884678019620077194 1.21285173602201834520 
0.78707681611000301913 2.51766304043604538521 1.61123535651110616485 
0.90758393803867365435 2.19285290061696569452 2.47979295879406524961 
1.06908200032027966841 2.13794023206033223516 1.22957001620219830151 
1.04087765069504945004 1.19837992602196208303 1.13441957981800189970 
1.39686453037739655159 1.93706055744437866117 2.14390065909489768714 
0.92035610682167845464 1.20599512262660857331 1.45494787993228391620 
1.01804797224232701502 1.16164494149131436451 2.25711953967280720690 
1.06768393762789681745 1.31513692161589212937 1.93014165236244195079 
1.49478540564009487746 0.85564142988263691691 2.29293264387363393553 
1.22852084988893528461 1.01847937316024794718 1.16954082393568059572 
0.78847140506659318948 1.06463593523595045909 2.33735538937623044120 
0.78652816126874303126 2.05796665943258982878 1.33470086460794745697 
2.15145312536951260896 1.16787510731414445608 1.02266593943529038313 
1.46625922798620300647 2.60712304203764810850 2.73259642847110661990 
1.85213517776492708755 1.27971823603310319584 2.57396164699711427204 
0.46183160826906027863 1.90771885292036169623 1.25068519954641343972 
0.26735438323736870903 2.00149266638863521095 1.16862648635358734595 
1.97574322873538754664 2.39472688221341956094 0.77771014441791042060 
0.34509881711511514180 1.86773418535238588944 1.04056905841496449838 
1.65978007769243940395 1.97272386232835028608 2.37297611220372983709 
1.26694250394870722154 1.03472311826535490198 2.13913581947861963783 
1.50658242499322136965 2.59775263778245069091 1.78748654717671673353 
1.78718421530678206466 1.51348014894665316987 1.64292404701126515398 
0.92879051764570963456 1.07407756517148733622 1.28380208522770034030 
0.80852151714217612710 1.48305872334359056808 1.60096782859611508343 
0.78854690840712216016 2.39830546809752931381 1.62531768983875868351 
0.76516990410922869348 2.07070423054557917197 1.38550857916142500237 
0.59606948180077246047 0.70320908091178335741 2.62066851007566237186 
1.48022692726297533383 0.91733471857868376098 2.21049111907554474143 
1.38862278542419592675 0.94093134460895400117 1.18183078200378877121 
1.84684197560842067176 2.40722480975818564630 2.56123566251856438214 
2.10297021739638134719 2.34546499296833621528 0.95374232443052697761 
1.82728110166540180792 1.08458645830737610005 2.32242864187831621336 
0.83202948677151666868 2.47728360187124518887 2.62466691960018749796 
0.36963924267365910747 2.59373763563411685595 0.92091866356336782307 
0.58103544548179786311 1.70551304238685719206 2.61262080083869818736 
0.96729110014367725157 2.36410489585887084729 1.65243894568266291856 
0.42630457778459490692 0.67728505476506117855 1.81294513340859309025 
1.48937608673449783936 1.60065253839261179003 1.80385711455681541082 
1.72703515449465916376 1.01789261293030519617 1.40787307924093774147 
1.82969968662599313802 1.20629180543469649578 1.46519890580570932848 
1.75732867253379865247 1.97341141505368922182 1.41441885366340303065 
1.61891367480400938383 1.72413687159747452959 2.47276317168020831616 
0.75543562201267544509 1.44489442901329478985 2.60825983554504103878 
1.42610193640643734270 1.63726914053890837408 1.76818576412882966231 
1.62072251047953042047 0.84960545270553011754 2.32283256477877220192 
2.10058694157751224552 1.43842849290845786747 1.84553144791178369566 
0.35480537471636081071 2.55317559745524702564 1.82051236183445275252 
1.07054303500141512195 2.36397164218515243306 0.90172120692057000646 
1.06538711582602241279 2.38693586372568100629 1.87572183682441728791 
2.09354053389747907232 2.25033874566947744711 1.96750338870569763117 
1.54026027745936766600 0.65883473050626484291 1.63792245266792213521 
0.88327956960760178884 2.19691460881214650769 1.49794310991088597262 
1.67329174963056104275 1.85658969078695124111 2.36645569748316031422 
0.81889032229456093503 1.43127548188828845888 2.57531375542201068640 
1.04705983790869638916 2.32429892728118314693 1.81383399910657838738 
1.08594201311239868524 1.26709057558225568485 1.95682130306898938166 
1.53791021241749015225 0.89840991287616911443 2.33078206843049828834 
2.04928348276586991261 1.41497752082159333753 2.76419232705301665121 
0.83050846901648123222 2.22272494380911789236 2.45634741640908682569 
1.24593429983373149561 2.54558466840630259753 0.86857940838662961447 
1.65565797758986543720 0.75563920409351270635 1.46023060494299383727 
0.74867537202267797625 2.48697795112049613309 2.66366063436920885721 
1.35941351859157411042 1.79246078990715052015 2.09561419811772342570 
1.90670865520116050718 2.43717263912473747212 2.66046446391124336017 
1.22629851175058801616 2.51959852661170602417 0.84648657791680925744 
1.90695346650215258322 2.23705061801580296077 1.53333916084012167325 
0.98867597598875611720 1.34063230348732576047 2.69278425062526416411 
0.94695592013739482429 2.31617369369108550003 1.61213113364750526557 
0.72448285095225739560 0.95172573998091680725 2.33473526712392898119 
1.83211993307203058201 1.08422617602759197020 2.43192272471191239802 
0.74740393261357440657 0.95245509604156197714 2.41237937003419400384 
1.77413637635279752836 1.47773976244894589271 1.58238407212370524313 
1.48310142155865043456 0.89819777887318896781 2.18920780400480818884 
1.18770291943447925398 1.35282612388778433754 1.89282094660218591642 
1.82693452141892276330 1.23739103091902835629 1.49143070962735757590 
0.40661034571611914812 1.74230640179407147983 0.96472871537883531090 
1.86645300773311051401 2.43839786917724543613 1.60562513690761088370 
2.14007258018656942866 2.40052947368737923384 0.93312041823516378436 
2.22595168032118140289 1.04558413493527724292 2.16431578689761616729 
1.63944426950468158388 1.90242544901797883128 1.42828459208168023764 
2.02773384699252279262 1.12924598956521715643 2.27229199431284101252 
1.36924264646695603709 1.89641009924404202458 1.07241183550155505522 
0.97454996656489845108 1.09357705871721977431 1.31657900379326120444 
1.66489336452340208616 1.63950755792532731903 2.64927359825453789810 
1.16733388526340009506 1.20788458212780236423 1.03601377636284630590 
0.39306106260887557768 1.71952571036941437299 2.01778080560927364218 
2.19885729686606756772 1.01335424094256598693 2.09446125411382322312 
1.49732427056203287741 1.84940263514210956330 2.29346036880121806334 
0.23034963381147610662 2.43951662843853034346 0.84661984450066318786 
1.59025592005641192017 0.82686312183478216653 2.45782943700809752841 
1.06488172883383835909 2.34517144109636754834 0.77827062594411533514 
1.58762778220790545802 1.66608806872319958892 1.55041684653595757126 
0.70684287900771147761 1.59768560926768166119 2.63962510912103143212 
0.89126694508080384072 1.31365955704687364936 2.64536243852040264812 
1.66712907284017841647 1.79731995792871046547 1.49300041675944217268 
0.41828137974285944933 1.77446035556609871264 1.00107152880933836236 
0.26896058070022360598 2.47330611652537024625 1.84959317665626787885 
1.55218284238340653580 2.61752502550922550029 1.74977910041708617506 
1.39740261850626756868 2.62052704197877517345 0.92906554731187507290 
1.34140834890649962574 1.84295545990474685105 1.14077011607595490972 
1.13781144761974473134 2.04545883768357317223 1.12533984857459090634 
0.61102575805088654715 1.79223375968431253291 2.38571091337556051570 
0.65599074692939107756 1.94447034668192331175 2.40911640680074246035 
0.68114125710976702877 0.95843064118509080362 1.32342026462657891273 
0.44986757758780726579 2.58596055343115560632 0.79759699104525538793 
0.42754671355230622343 1.71733994402379086530 0.93716319725533014928 
0.30614317399565921241 0.87916215335042635637 1.13421723532557328085 
0.69555794122168701499 1.94060830056698696566 2.42655394156331016831 
2.19068520488324969264 1.43377921788999951325 0.92970340946420049200 
0.29088113713887825407 1.01025057331012524386 2.11366051412382871533 
1.95699605083389571725 2.16726379492968623808 2.34879265227854272524 
0.90556221209046672271 2.22707668766442834496 2.41591325421160441067 
2.20714729720512181643 2.39248927494947327688 0.91551770300919721457 
1.83538619035738892471 2.15912838580151733581 2.37265403175613798226 
1.66165363026649548495 1.94460760864173343165 2.41324318423576000825 
1.36038260676566569174 1.66271527944998442905 1.97596824599455911375 
0.55354970226726840643 1.91246690260923157823 2.25717559152047009263 
1.24868006581078194728 2.45174827752811586024 1.85207872429536113401 
1.62911904545982721970 2.55849541136962566057 1.61313314809092434032 
1.33883717353196085575 0.69887335598173350171 0.98312780275266065111 
1.46884450478834516218 0.63812125934076668887 0.85104520402821237646 
1.14304532673481618055 1.10923689922889967541 1.05813474038903732044 
0.74578496587766984760 1.50952790748194587422 2.58206330223327640283 
0.93426187459150356052 1.07199481537891938565 1.29341167925514111126 
0.78578044703130300874 2.49618979477728197836 1.66161025184155120016 
2.03230074666223581303 2.38590704478311632641 1.83671181554907692046 
1.42219992251410998207 1.63605888283097944402 1.91087573156343948355 
0.98659661896158523664 1.07724519345615155075 2.25254668520161649425 
1.35556339007345805214 1.59746217454302574801 0.80663484482604630443 
0.54322259556233787325 1.59864137750720014530 2.75722859744126980175 
1.80763102261922914415 1.06455064832740120551 1.32394218285328202356 
0.26703600916021952294 1.92390260748360986121 1.10819114245601868518 
1.12917208586222184152 2.43871243721187225262 0.80829841244808908751 
1.19285583586854015969 2.43639895515467053144 1.92829229422761283530 
1.26807261186996833580 1.92120399142137388004 1.09252885344450589855 
1.06793153570443100087 1.07621040512342869278 1.22016887953811581369 
0.37765220707365609876 2.60821276550297254104 0.92819319314947701383 
0.66972231731481468575 1.73419588070040919803 2.48381449257888986537 
1.89918242681437443586 1.31584347585335170727 1.52301062986883750661 
0.33575243495375273195 0.85430587988880335448 2.04356867234460537475 
1.47154422643870907983 1.83158884254769516176 2.22416092960466915684 
0.63764158071854371013 0.71739138183368300616 2.58582362489225481283 
1.47466419320836505946 0.83836432696736407078 1.24198650537046551001 
1.06350051882383400681 2.15651607492998120819 2.09249926602545421872 
1.72135128759241995411 1.52559619689019876354 2.58209454138975313953 
0.56565933013952540698 1.83692701040059547246 2.28226750958659696522 
0.53010458277613980993 1.88509778476461775654 2.33623192560981562949 
0.74150609135562295382 2.04662631700196850915 1.37547549898976639859 
1.45376410670880162890 0.64073637835323948853 1.87037643982711498936 
1.25283847211405885425 1.55139249055123884524 1.86021198112105468070 
0.34154032186388694203 0.96525796071930969333 1.17231238384079983206 
1.66601554423684228290 1.63786953716074856757 1.64959288806269155359 
0.41679354361138620799 1.77403064692336731589 1.00634649359653094436 
1.27417491753637768248 0.94246118268771283955 1.08043885607904921464 
1.66479168628006557462 0.74555634692923322682 1.48116112460527538097 
1.62049107050167129351 1.71608913869463330926 1.48129929922445180424 
2.11455777632254804388 2.11489250409201190450 2.20851361504551402248 
0.41341122528161922123 0.72380171806521553801 0.96284827263236139050 
1.43436006578377051035 2.58129942097570674875 1.79053767666067598086 
1.58896012070855885412 0.70702962075537145736 1.50798491484485897018 
1.74933467212533355628 0.96619682197453460315 2.41564902668990111323 
1.24293148960378307954 1.43751901763176515026 1.88314746113342623701 
0.70920557793503347099 0.98851968762011788172 2.41253676689332374750 
1.85477995735678269362 1.29126199824873344468 2.49729229147263920296 
0.86747482037097922714 2.39976814987883102503 1.56962174584237224018 
1.39580895902888646454 0.82433404802775234188 1.03158835721195951685 
0.81813599870713471507 1.15468085275177179128 2.45245927796595442061 
1.16711402553961707262 1.47670294191746864776 1.84709315555112163487 
2.05467322050014589152 1.08082517130780875192 2.23235136728582128640 
2.14586519730471136924 2.03717582856553880433 2.17283634093912247920 
0.59927831765269046205 1.69798973799386132555 2.62778408398752416630 
0.82366045624222827826 2.31355702026702303442 2.57289523538369957478 
1.43429114771264210049 1.65168176222618812155 1.90972630004214849464 
0.86459476997715922764 1.22895115277948696608 1.53300933436681452449 
0.28124515655609788611 1.46700087158949621369 0.89067793417873086792 
0.83660016801209158288 2.27648111618870174766 1.49608277739188455513 
0.30686524500612771815 1.60430883441183746996 1.93839773064841192074 
2.21002923712898668995 1.03613576626126668856 2.17370760839893994998 
0.78127640443359169797 1.10227723565497592872 1.38163192142960600250 
1.15921326809376079581 1.35884879742140318726 1.95800943687596951115 
2.13798952440178391399 1.04101409087292595679 1.17093483910958995331 
1.70636116530425008264 0.97808210232018943930 1.41553968594293722028 
0.93725827142639062117 2.27069105351552869010 1.59694247557266222337 
1.37428181730847742692 1.84759760925355087657 2.17303726946451769564 
2.09057893417440165962 1.19983010853026739184 2.12386438884315031927 
0.79484145004163520021 0.98847418953514376572 1.37298575622122775997 
0.90796931655428236851 2.32375604590787032677 1.67185985031743622464 
1.52745870729131816290 2.58386737249452203002 2.73541098727384168754 
0.37831366510601521780 1.87796804731992694748 1.06121964805388246944 
0.41366211488794629725 0.72608307756778123210 1.93003784962489999266 
1.83404441225466485754 2.39514435658292157427 1.67392538991775485790 
1.97479331491227161344 2.15811494294632488788 2.33952456614408399460 
0.29850288589017603957 1.59268565716557586320 1.84764930430568097286 
2.21709284733283595870 2.00007394378624203668 2.09148655773620184561 
2.14675166787656301892 2.18352932037727454073 1.11934355788060946324 
1.49773864839388037851 0.91728100000000001302 1.23009309453519999344 
0.70806921805361788813 0.99755525160730451617 1.33487142984312501248 
0.39914830500822529036 0.80965953555567338196 1.02247268126142687450 
1.41007866789817315478 0.72817959737299908785 0.93010422599709074998 
1.91700071412824057937 2.07183677539479305096 2.29657555932526058484 
1.65419419426874281243 1.64991228082533791799 2.64845959232209304801 
1.60000703325165072322 1.89037510163911171013 2.41280838340963965649 
1.76402727884608978570 2.42357580805485461894 1.60422803631794863577 
1.18986301287525986226 2.11736781835875076396 2.14066412546044571030 
0.44159815840138472165 1.82453428307168619149 2.16242302839096822709 
2.14436929758347005759 2.33699375491892924472 0.85597250021753623628 
0.90060507247830490218 1.31550863481207147565 2.65534652603352672173 
1.11363851064271357494 2.27932547854670630727 1.89790392597344093062 
1.91047581401648791655 2.24615840212676687315 2.53300851602680898722 
1.91129316384795977513 2.40860146840358302356 1.71634104643713847338 
1.73556577629560870868 1.01989805999714211460 2.41284120045234118379 
2.11560624536514430005 2.05222109153862808384 1.17364685006835767211 
1.42861150789881286016 1.59456171381676092835 2.76461695841966248466 
1.64949748859011391389 1.75476878312041906227 1.53721397725254704802 
0.66695000000000004281 0.73678628160854475748 2.50200595244984080878 
0.22718701187910764205 2.42177524138983368829 0.86946592652413667857 
2.11540680303333816781 1.09215261053097467681 1.20856821598892394398 
1.68587814426568383119 1.98125533797010922044 2.33244858979092306583 
2.08792209455223387593 1.17923030997297284550 1.04779779543280837650 
1.52844818581264196844 1.90131086882829247742 2.23294077883493402581 
0.70123002760238994924 1.86704782365527788279 1.41110428339191296132 
0.27371746533197893747 0.91152142687436510382 1.11034462014530643792 
0.24138350367171165778 1.06765163540798968533 2.10405179696060384842 
0.24858760949292943443 1.97844705822165223275 1.16600209327777726287 
1.90686918795564053219 1.36179535802336881822 1.56870094203406451605 
1.57812698578418819650 0.83729705532111919908 1.29756246078135117905 
1.09774991530666277129 1.33906527434955902045 1.81449453258018267299 
2.16881496736083567711 2.28542770573243902987 0.97795172338815772317 
0.21637116840958306452 1.51156516818124897483 0.89806602673070501375 
1.19039285940064076819 2.39910390422871833138 1.84387807432286177090 
2.22633317377461326103 1.08778432015091031104 1.09222539674017093958 
1.67998753884139806480 0.87217119786568897410 1.44482898605985932150 
1.02749004483467509807 1.36963837320839076916 0.84002184908537769203 
1.16706277072523723071 2.46455954017595191274 1.89713737581760932827 
0.98937741495556674742 2.15547801486620871358 1.21491490096208054617 
0.61384750929752185389 0.76546581872017283033 1.53518564757303788149 
2.13334791481485597231 2.04644940145136677856 2.17851976148380588327 
1.66983816204557489193 1.80469094247336481196 1.48543552786023957957 
2.11123657400975028864 1.07231675195747078178 2.11814831142456005963 
0.97120492150515802532 1.09306015149919821816 2.31292740863343126989 
2.10148910862592641635 1.38005517456961390721 1.78878073748127230935 
1.41474305134504585446 0.76088285563497604080 2.02916368133104185745 
0.78600130046838112552 1.41564591221445201796 1.57575845283323179302 
0.62162686418695534130 0.78433223278562680392 2.40040600453535368786 
0.78832514104650219799 1.39442400234075281062 2.58701558744228332642 
0.30458265400056411254 0.98195078970402172036 1.09340024704916705112 
0.58111748199015811345 0.90663409929252802844 1.37571575463011996909 
1.57482355180368682745 0.67661513605695999818 2.56529911284205391908 
0.85521677964563180829 2.20979491131054128772 2.50221542832815169177 
0.71868721621318665260 2.00257415301592001100 1.33518467470522739227 
0.58005323971859978904 1.59158807558124615333 2.62800049721225637001 
0.87332974818973052589 1.08009437991261347811 2.30145097530990705437 
0.59363833552709965868 1.79252110013786047915 2.38246467323084853973 
1.39138756006895047967 0.78385924347564772674 0.98486600834240989322 
0.46836269607573616236 1.84007804981409073264 1.25112989388969197968 
1.37993977130755629545 0.79752367996444362142 1.11768446337878746277 
1.42674236907553475540 1.80140010075340417650 2.05137591862022228284 
2.17291304306710797434 1.36323979104488945957 1.85996802359877455579 
1.40796335397431104930 1.73948092080098470902 0.98536900203818378330 
1.66902365378643402494 1.96021097388850740195 2.40351942250096417553 
1.35643059956619538298 2.55360164100051134639 1.81446566183033475284 
2.18168241536584694984 2.47967180148990484767 1.89527204582642827546 
0.31094042391448822871 1.97083139555766817530 2.17352735109958716819 
0.62607226521889425275 0.67330372428332008194 2.65094516004844793500 
0.78475301955121823383 1.44177478861695451684 1.66552030411932761034 
2.10015638789152436772 2.08948265808637323460 1.21778940936204715939 
0.91503653683855568080 1.15788926874782727161 1.29769709986116921208 
0.29904124962937994603 2.59038389725649675910 1.93166833414696825777 
0.83795978291440553765 2.27444745279589977116 1.49251341833712869445 
1.58671644114212484489 1.87750762567799989178 1.41249071414030247240 
1.92177889001847312933 1.09261389185628865484 2.37090341398349258029 
0.91603337140285701068 2.29505991157625022225 2.61243857752664965233 
0.48059554777492807798 0.91728100000000001302 1.21736241343609430388 
0.63551012353578739678 0.76562011105824812063 1.43226619634316088003 
0.54526538576868011088 0.91446600404628508585 2.25639042567478176338 
1.26935675674102887989 1.03916263133657493789 1.12993045005049852492 
1.14902087543549313864 2.04398242232485927161 1.17698306635706639867 
0.70685745263244825765 1.99443746513783981555 2.33378754406750532624 
0.82614033195029568102 1.17142834147792362920 2.40179061840029284269 
1.49050966295864761868 0.84142641798676087728 1.28180609002711642930 
1.66747542833667639073 1.80412325895569969347 1.42226637629550567432 
0.76700255811955986296 1.96863244139602966420 1.36135416059168679048 
1.10481039522415325216 1.19891028261724774673 1.13249793703279899582 
2.13964163381630045890 1.20440156395819131241 1.09905853693443944508 
2.03411280069909494728 1.32781267857625584483 1.79297618000078462508 
1.44439704612091035507 0.67728310212643405563 0.80900881843663152715 
0.38907478632802827700 1.85416330036285414984 2.18998446601320972960 
1.09333752410598017413 2.28699997439177726832 1.90407203884790865445 
0.24530882426695954646 2.05890525807853741469 1.13654139121774111487 
2.19106943415056232283 1.07743904590393690945 1.17267721970206051374 
0.66945587754169155748 0.76030473276378096603 2.49966287943805642868 
1.07071173728654378543 1.16927420809900750598 1.19423507062070410889 
1.77222592877269558009 1.04419623707425812675 1.41994188317185754400 
1.77205231790786466028 1.45094066528219634016 2.66286849990479934647 
0.84002520905731303813 1.19934117079474811263 2.41789353407936280504 
2.16578335044647474206 1.03055159147391073304 2.15434415203447926501 
1.80678722244794953689 1.14568336642051837870 2.41266786271535060848 
1.66708480714054885219 0.79455173749258889426 2.43412947532591239508 
1.22669870331906416538 1.53220913504951683493 1.90304960702015835139 
1.11148672721162600219 1.16772172694934384118 2.02623225309994525745 
0.67275741257276400198 0.95727947329314000413 2.40933750900271181905 
0.92076169600963908568 1.14960582503210129168 1.28460212792749572941 
0.41155745330262605286 0.80303485637398341890 1.13559587946373263811 
1.58307737493733546863 0.64733591882259766681 2.57390727692930454396 
1.07260425508829237984 1.20257330923697169922 1.06163586640089446789 
1.20891957630343171992 1.01158213143216468843 2.17001151839131356525 
1.05215883676724630824 2.31602121272335503832 0.86246333025077082102 
1.84949868531323735610 2.36921336051200848161 1.66818814411527305275 
1.97714730741738309305 1.11193751084660674699 2.22236636449479352251 
2.18619348026437387844 1.11771816001051926825 1.05288521141206747878 
2.21826892220073723649 2.01853324997713734490 1.08556064420805631343 
1.42778027822939512781 1.71737668760889983233 0.93433431705752456597 
0.39225496188659020325 0.92549935313706588325 2.11560047256284411432 
1.64518075574378741521 1.57283174141293580206 1.58354644191964077926 
0.82651899374076009952 2.42598986701157093293 1.56950802415550350055 
0.30906913629172938496 2.59899032835201015956 1.94214501071572076540 
0.72230280011458725120 1.95835233645900363975 2.33107810186488206838 
0.62671837642830963144 1.94070428336984601714 2.38148103650852815960 
1.84816676024412651635 1.46007935309918979172 2.61178358933218923710 
0.96936335181740462819 2.34836560985787778932 1.66910285257928481251 
0.38992130616191134074 1.63097643845786666184 1.93898556650817810443 
0.90346448598135198349 1.15769986919959988469 2.45186263424236994268 
2.14355632683888330803 1.27721874203210061793 1.02260249599607444537 
1.14791090908902604362 2.06069483246962992240 1.18482229523484794420 
1.69342984394457829467 2.50471278952901288406 2.63888522828028770917 
2.10670321391755566154 2.16484635562699345712 1.17588738047393714936 
1.36858092165768718829 1.89783357395251672806 1.19871348101808528064 
1.18773574750214372386 1.15772101575122321471 2.08096424283690639712 
1.31840545085783311663 2.56747924848872655090 1.92549674172869966782 
1.94068694300345190307 2.36359228662311515734 1.61213729375198733251 
1.14790666781622530124 2.24062066416773486566 2.05592810168729034359 
1.53931861196170283179 0.68363536036441607813 2.70110697600521465489 
1.43752127513293692651 0.64494764337451726544 1.89432628107687528463 
1.06400137697695051919 1.10485958122948346727 2.13319325774122248163 
0.43989300939727110640 1.67790096364249285976 1.83108170758598998162 
0.48677645403690611436 0.86732146173260626920 1.28889799247383152192 
0.50001774833452494740 0.64228020409787867084 0.79704820835863865458 
1.85733637442224286396 1.44526485018850414654 1.68645717434797659529 
2.02733029122003438616 2.10390508834636857927 1.17672764817235409041 
0.41373376600228284339 2.59165319483942635514 1.87821799780656917278 
0.65547105063481780896 0.96842638493841004532 2.37452735285355487349 
0.66825772318729148580 0.71267985553982982072 1.50898406837689647020 
1.90656345655502046377 2.43746863404682434506 2.66275968907529048124 
1.57682386226460979906 0.78769109174962281816 2.46453010688140938811 
1.86083647055884027210 2.41927351325807737936 2.58181565601181661762 
0.66546543462473217723 1.88029445133900563469 2.45292560801129733150 
1.83579639089489266013 2.47447505533424649826 2.62255531083049797658 
2.08962543903612907314 2.21319688351811771909 1.09494981735251806221 
1.94384618335401526679 2.41490377403122158384 1.66981793077640494616 
0.23102528743798864119 1.09308364399616686491 1.12027801017058892263 
0.55593554050942528555 1.67250871580560955820 1.69852023299522647548 
0.62725820180245950297 1.65160530985902620493 2.53341559482661260461 
0.42742589100305233840 0.79212288363274863112 2.07438422815026468626 
0.78340895498675178210 1.39726378307364629272 2.60605762099325799497 
2.13410564168159355702 1.29911643496010809073 0.89280425324923817776 
1.65852474022644114093 2.51636988095101887808 2.67307615737941706158 
1.26771845594021370651 2.46401370011147591299 1.89226500708241074378 
0.31562798499613042846 1.84896834356217443229 2.10154765424679856878 
1.51792131070109093116 0.63280821938105336066 2.66677764033013930955 
1.63232222343312405322 0.91735653500138325533 1.41510900589626809065 
1.42696125229485115682 1.58575172395883434717 0.85524706824250551485 
1.14760529323808224689 2.27163200074906113102 0.93097560105884369364 
1.93162057811919951611 1.19535784268189515522 1.38503640593801669034 
1.16199197917722063522 2.30189233719089880736 0.91841714451695577459 
0.66140681232144638013 1.76996631285413408285 1.51382114806802503537 
0.26782398099779358702 1.00844470877202163628 2.16158137209330680761 
0.35351782923656577262 1.76543672443361110425 1.96888394672173161482 
2.15689335578392737958 2.27119365545739526624 1.94518146185151885597 
0.46076377445101091013 1.65210435220319928895 1.74415668337528995124 
1.42984428475702696204 1.83849317087414787508 2.21283874000866864762 
1.30929666286710610912 1.93001828990533286223 1.17313804960503276220 
1.50925163001459505807 1.58951179604501713349 2.71719694097360608964 
2.18841871030841517154 2.09759896357435193792 2.15883514388451391852 
1.08254392041254976498 1.41531646278443190567 1.86305454917240442825 
1.51319290969965902782 2.60660450391273590398 1.68998245962022486388 
0.58682923606410020145 0.75722547863019473713 1.44634729944832951531 
1.33857541236758748049 0.88309212336246101227 1.04669357899703463488 
1.82694190913572773738 1.23842019880400933118 1.49198739117153689193 
0.75828596004129078523 1.49613154562644168344 1.66458229816327563100 
1.70256217630453376977 1.88560678377772794612 1.38012996842041513190 
1.56037138348283344058 0.64771996907445406055 1.73176010494618215496 
1.37243127606663262164 2.55336514012001725149 0.83504146386788269396 
2.15343407576842116313 2.05750919960151756882 2.18004694319304581640 
1.28615867679189510575 2.49100076656830005106 1.89914553939432373397 
2.12864837434641973601 1.08420002694235040330 2.20182823075678868463 
1.10686622373806375919 1.39595993489129854837 1.91252164676662284037 
1.78896140276423465387 1.07774182209054369963 1.42636239352925686674 
0.58129271626095446734 2.59555944748559186408 1.72965641056842267531 
1.11038967836835489322 2.23093531044802162455 1.96266207650827251285 
0.34699677971730641390 1.75750958046226446463 2.05108400956452019415 
0.42795026237623579046 0.83776550070820698934 2.21073475367254612678 
1.66697258251495883385 0.79762757453134480734 1.43051463066028849980 
0.33470603186418979025 1.78298669224879691164 2.05244969514703434754 
0.58183500480943406430 0.79207715778354204073 2.47329360153089483632 
1.38349111373198452313 1.67383279984871191637 0.84271001174994397687 
0.28987876638629417325 1.93657433625683728096 1.06990437681318439900 
0.61589850283371050388 0.66904975515732212354 2.52663216414749625116 
2.14812689267545930960 1.11623767766969139714 1.05028295228948254092 
0.94061832043220139354 2.15414336103899772823 1.39741765021143993231 
1.68194220406664340928 2.51086484515445462762 1.63050804528646198222 
1.14889245316393617813 2.28154804148249068518 2.01721752550016741878 
1.96520882991797130046 1.36342045822217183826 1.64924735846162007213 
1.31937087686616005833 1.88063060782981006369 2.05741772114036303165 
1.84505246725444749245 2.05410459731193340005 2.32692940009736393137 
0.70983618016065574974 1.59747793723215880668 1.57180350001355173539 
1.82782100139595504729 1.47770200426623765644 2.61126033934021295480 
0.33900818116538111724 1.66294472942400139992 0.97069257684574095091 
1.86695288589844632376 2.07727811973168963178 1.41247686766355062815 
1.74251643885200224737 2.03396871590128913709 2.41175819998492180218 
1.66673891745093816219 0.75392233622618032296 2.47818660119866240876 
0.42727663167961627000 1.67862946254175682270 0.93644313590859140639 
1.06002689589185528085 1.07572907056501443357 1.18555911379208311907 
0.39861731854230980643 0.87662035636665702754 2.21450836266834638622 
0.65178149794679907103 0.91728784056318046769 2.42457983603910287584 
1.14915241131194711954 1.30017033104899892848 1.90148226832470035319 
0.87364008747035137858 1.12802878010685159182 2.44653171869527374938 
1.55354921287077418768 0.82207798194421899396 2.31405219002932405203 
1.91408053123280885721 2.41822239625730217583 1.71269886179240393709 
1.74105064023822175834 2.03022614775636878193 1.41248158721094285717 
1.94884497086720243075 1.12511182299504386428 2.36982990133550819323 
1.05701662871582979797 2.35028075590214458046 0.88980829468935951354 
1.11365193818330787678 1.23479105802745481313 2.07546050546524840641 
0.37543257130204271688 1.68936957085055383665 1.99273894823399011500 
0.27448648484436793948 2.57272893212411535302 0.85330649007933023764 
0.58478362225453883738 1.79676766951804833816 2.37071913037513404277 
1.99305473833374491299 2.34503714419540543190 1.70411668642281033392 
2.14777165272992620615 2.27875736181305299510 0.92385531128390152578 
1.43157182996267540176 1.82447816386561156854 2.18806744414659481990 
1.87312264665225791660 1.26575076328378077761 2.57805479350123034621 
1.00389154689391557618 1.39903327270929156434 1.70661299239680608331 
1.53296241869601668206 0.91878010399694598487 2.24679543501420386775 
1.17302242931707034757 2.01347548300080392281 2.13252302933710602417 
0.95895775437107566574 2.37680877347006758171 1.64923442381378104749 
1.40589042327232416341 0.93380868425430740842 1.19681891490161373959 
1.41119048319553952453 1.81470331297517573077 1.15890994036981576087 
1.18746890288873574448 2.33922591436530558084 0.92305059924893961831 
1.01048570036284535156 2.34337798902690375158 1.72818872822965508007 
1.91217184674681717205 2.43821068562359188903 2.69160729959984479365 
0.38964568708883035031 1.68979876908455173279 0.99458621357250598383 
0.91416175580616665375 2.07127808530825596733 1.29051546770644565143 
0.56669890871105244035 1.92276598807068133112 2.33369533580869203959 
1.09037767023423382007 2.24197810523040486075 2.05141801965081782555 
1.67797229911862322282 1.50161293216077296186 1.62833459567806970725 
0.79393977945914528949 0.99803935344094674154 1.34993984149447099341 
