0.04515311358445272399 1.44947832311764623903 1.99557267445180386289 
1.04199972648124061791 1.03444552490409957812 1.25510703489507413622 
0.96305985470579014152 0.91819824938434291273 2.09720364872483866492 
0.04126598868389236285 0.97748571212142532083 2.36556346529902450371 
1.08410301991355795259 0.92811882281492863456 2.06091649691656009225 
1.44504459282053687730 -0.04445102810955147560 1.02379145783729508246 
1.21930139514451663096 -0.04804653161311070453 1.02834216978405867948 
1.14091760246865980832 -0.02648728499684504731 2.06416238065648816047 
1.02563669198184981290 0.57773608333611825572 2.03510762207746775942 
0.52870495016009921851 0.00039522114152017954 1.95451450058926212705 
1.06192545189482645540 0.84102160862361019511 0.98557376000001395422 
-0.02581505423676157956 0.05786505403358425947 0.62490275148458784837 
-0.06771695190031731815 0.09608233047335518195 1.04775498700941938068 
-0.00626890376237725262 -0.09462462971924624766 0.90533224499411646402 
0.95967542886499512811 -0.20543708242449590373 1.96179494315815072802 
0.99981135839353929562 0.05900103618738980482 1.80801886122689481340 
1.08429349957919352043 1.03560605050524756621 0.90306894231939516260 
0.04027070187356825148 0.03603332558076670356 0.72995515209247019417 
0.99145519636676648911 1.05178047587992806733 1.77955506348103997816 
-0.00708635293393034688 1.05976555969682761926 2.20609502810388935501 
0.27977255013630047964 0.04218688876927442766 2.02779688634767207844 
0.07856219545400031090 0.95639653609639951881 0.90355170981778176742 
0.97553348770779235721 -0.04974382734973489123 2.20061223132596550656 
0.95674970088653654710 -0.01570697024618813650 0.54401814469674814045 
1.37586568642424489362 -0.04537335235207003853 0.97980541060649506413 
1.01257936453383678987 0.14610650610375672254 0.93433724468351275760 
1.00662548648617744540 1.19358907855665408171 0.94157697190263012210 
0.12122234998241741832 1.07566744868227659460 1.02410142405573223456 
1.02031739877476623768 0.95237951186130309633 0.75875967356770879224 
0.95072861844353362404 -0.23082576762675999227 2.02439298369405351607 
-0.04319256261745253039 0.52501947306181129260 1.97622900033896264915 
0.96504225556386735718 -0.02832355131249727348 1.59392256694105993731 
-0.03490250898150577819 -0.05765656400475978327 1.14172404910065972139 
-0.04299428609660552875 1.36783083478748346273 1.02523387528223408616 
-0.07695892296366660390 0.87873769711607918609 1.00018463955324654613 
-0.01378897339385954865 1.08729344347536782678 1.87437362661967776845 
1.76129825283338115050 -0.00344009589359293554 1.05347994509404085939 
0.94547937988826236122 -0.02334261414656270753 2.32962692099284840452 
0.94788640838987936466 0.03063129100105186492 1.70465806213393777924 
1.04403071743432618312 -0.28991190297623858907 1.97641248887360521103 
0.99243188383123892571 0.04512995798696844280 1.61285262257157047117 
0.69511446277010180417 -0.04863415649135743174 0.99307759282833951708 
0.86030970153061703254 -0.05614563595071866281 2.03832734752429889369 
-0.03211905500918446621 0.97034351843297372842 2.47880199250874211359 
0.04248396914542306585 1.28435984081784049238 1.02882364760158639960 
0.99606131598142588768 1.25749931550889848531 2.05089504023093383012 
0.91907803428033374438 1.04508000701346315253 2.09312638982089316286 
1.54597496069168771626 -0.04431393739960539507 2.02348720719482422226 
-0.00817818341934221232 1.04441064971188390942 1.43551156496934906315 
0.95596256932235479375 1.00986440050041936800 1.52944352048778875464 
0.39932592745971662307 -0.04704858976700748707 0.99017698858837488451 
0.22363244840928789281 1.04015540477124601715 1.03512374062532641616 
0.04686280417362038292 1.30383226635318005826 1.00407007938000214509 
0.14581570744713956422 1.04722276973709327308 1.95766408863466701007 
0.87871059991361188946 0.04493614472601559218 1.94054655205687964781 
1.64888764947129806693 0.97894621947415660923 2.03867346406246685575 
0.95669533637732506737 -0.35207636506635431317 1.97795995609220831568 
-0.08019584593035439246 1.03748035331658616798 0.90000338200220841856 
0.98662097618198185689 0.95253440346850359877 2.35386104337486168347 
1.71331919273465449471 1.01067751313856657447 0.95406972138763290747 
0.69008962179145483251 0.95163120823805935622 1.99476395891233093671 
0.00379720721163664650 -0.24602675986797861718 1.94579518303586906924 
1.06808165992535797351 0.04027894695724743707 1.11630853547643060786 
1.04560922960600488629 -0.31587962316799078621 1.01705908271796308107 
0.55910521003263802253 1.00131355469771810007 1.04439837671037527578 
0.95888133360875427158 0.45706779367655214763 0.97621745462007103455 
1.60103960759828201077 -0.04490361771581805050 2.02392955482256153843 
1.48099924175234365364 0.03484070162624058192 1.96938583375452735957 
0.99869567939772396770 0.22953976148004981428 1.94311166491138553880 
0.97864757997051377014 -0.15851311702616571742 2.05942322063145777378 
0.01715098184362824282 -0.04861885921412422568 1.75787463374839614261 
-0.00558923941981039844 1.04768076307332758113 2.30594702050305766505 
0.90572016476579197963 0.05747811905070871613 1.93244580391657017060 
1.04023718183759483757 -0.12525220547384235958 2.06411096689840478646 
-0.06058321337242519172 -0.01947750850467865405 1.14841880736618429104 
0.87779864513171967921 0.07502743822673456353 2.01128547143365743466 
0.18747097766065073943 0.05253696594494313560 2.02574375235352688307 
-0.04345750032300752658 0.43936537033188044488 2.02075791652745007099 
0.87045655177768332944 -0.00586631106923776041 2.07630962351007974931 
1.01538499422522177085 0.95579243657065993123 1.54477174403206518605 
0.97452095877466360374 0.96503245998624409552 0.50912383684588369270 
0.00015233045398163405 -0.05128128653590215136 1.69387660001261441955 
0.96164719336452042509 0.91232241344277742456 1.90860580012799929683 
1.15302907931992093538 0.94744832047827232113 0.96477960884199609470 
1.04740862401892420586 0.32961869453845948907 1.98542740110007787102 
0.12924457585442628016 1.05007165467595453556 1.04915634877687891091 
1.04026672577173462386 0.93698150813314395879 1.87377935216031632493 
0.71242069415232089913 1.03730815249310137638 1.03346807838862941864 
0.24632887789526178302 -0.04541265879264661659 1.97319998385373374106 
0.97498480071953785853 -0.41031207997811919297 1.03552880442682315731 
-0.01162122705280170705 0.95404599806773293658 1.38424592069127938565 
0.14785531292781642354 1.03932681445085672856 0.94392422316194923848 
1.02464669864506752184 0.25976011818011862653 2.04089300849975163743 
0.08022610126181906054 0.99214390989822265343 1.87996575544926458612 
1.04509725468897496370 0.17499678297359547163 1.96122315474627462173 
0.04824791010366781541 0.24947727467417454839 1.01995349100443832846 
1.14947062399974164748 -0.06142959806348397001 2.02669765824004954879 
0.03650656056496931479 1.03464866672876465437 1.65634836108447225378 
-0.04022968473684610663 -0.04613894441499772486 2.18394703115791255499 
0.56148004390004946362 1.00635842200565894800 0.94435374494922696975 
1.00723238420288718764 1.11489616703634464301 1.08051815490471181391 
0.08848277481230483466 0.93781623120906754121 2.06572517827493928877 
0.61352616774534096677 0.04368012165422324039 1.00901796826810885577 
0.94967895119347489619 0.81018725248587764032 0.97368795693608434227 
-0.04526639164704082674 -0.41714402822350898914 0.98261167990096021096 
1.04007296186743825039 0.91652448201774450176 1.90571354360096512082 
0.46390912030390252241 0.95658472801932392660 0.97761211810015613555 
1.40607670160656850200 -0.01533515721905498452 1.04084844713547064465 
1.02927722478452499111 1.08772739941842089273 0.89719403295120059294 
0.95182152572519607148 0.69935401110502060096 1.98608479605211396546 
1.22913936088588227058 1.04319486013068263297 1.97117535811306132665 
0.84927673306247086771 1.06605579617671586412 0.98736089097662227410 
0.02955342277554987018 0.96395554845257858112 1.32092866695437094471 
1.30459720549453206395 1.02771636641493668840 2.03798464707339466173 
-0.07186562094437574932 0.04253027517897491755 2.10564982102396314190 
0.91993746557674005437 1.11688894814135331046 1.98221172868284001289 
1.57311960358198232868 1.00350874203366768889 2.04376898506714965720 
1.24378711755303039688 -0.00400401034439068059 0.94362679557397377561 
0.92003305510541866230 1.08114324953438623034 1.94349194097637600898 
0.96179975011302665244 1.03514861759264675811 1.68359685096695699258 
1.03940192713476409203 1.03311924991363124349 1.68082892250463200590 
-0.03535597045459110827 1.03531740596797772191 1.35438153350966494770 
1.04042552896886109082 0.95384228898526834950 2.18433852205238432376 
0.95595929659579337301 0.98582756216473133026 2.43417799197148498891 
-0.07965209094713308902 1.03222341844943787947 1.10599356624068612120 
0.02517358212518323174 0.03953557134782497567 2.33514649422763342912 
-0.02331854545177895061 0.96195092763500722466 1.39349604228645485016 
0.47794655971355054502 -0.03774677753997678770 1.02749272563533389224 
1.86470351431876202319 -0.06264316280376676371 1.04463967202943863732 
0.04157889608772368656 0.04615752257665683977 0.83234166967940215187 
0.93977520430220329306 -0.06844449838009640519 2.08830452895172280492 
-0.08097872113527221360 0.11587734614124062249 0.99340622169083092619 
-0.03998321004780956006 1.03661878439126131646 0.73676374330425231651 
-0.07958412630762047579 1.07446474499864241814 2.06441792259442635782 
-0.04092073935383621491 0.03575442792568632455 2.26034762766524410793 
0.67166350842781807895 -0.04569800594571392371 1.02937116461972255621 
0.04176072154355958688 1.41697994358979495466 2.02763871593886513267 
0.95598787371862825601 0.80621420596323545293 1.03611514095058421248 
1.24138225232503729423 -0.03684088856144072249 1.96618458926187655855 
0.04463874886989294133 0.40076164583505835548 2.00850804217288958498 
1.65473631572261470346 -0.01653047431997316241 1.95830400500298562605 
0.86947445677403900621 1.01653021892246520075 1.08676643139778650315 
0.96838461577477152886 -0.03006359349544094478 2.47888721128198419308 
1.70057170398008250523 0.99964157998115854564 1.94997378059794734817 
0.58919119178893775146 1.03797817158307648100 1.97304837279706979380 
-0.04433789274944641839 -0.01793890987033913004 2.31312627253174962760 
0.05510339893501069175 -0.00858662629064662827 0.79400830629554686180 
-0.03728350455588699819 0.96682421364571835554 0.72112047616298868835 
1.05289597719670924292 0.99582113100468594435 1.24743969232443463468 
0.92180752784417141488 -0.08422770610551749693 1.94416005229310773217 
0.72664419339038965884 0.98820014990608040506 0.95132620680355717280 
0.74757605093869472501 0.04841994664563106093 1.02206336637508488074 
0.67614191724112948645 -0.04834615620761885391 0.98899685909408152629 
-0.07395943704164646693 1.05537292818542383088 1.08973378235450546470 
0.96168318181929091093 -0.02838474581933235485 2.33140150810328750097 
-0.00354332941339238457 0.82076348573768276307 1.06229660049589136328 
1.81616213488173405821 0.95118641860198649418 0.96835072389902987489 
-0.03968296988980869744 1.43862517339078954670 2.02865764397900161242 
-0.03453262170774289153 0.03289536856006487764 1.55725481724501979564 
0.12050892889384345885 -0.06278287710276045375 1.96153132455854684046 
0.99349860979125093063 -0.19214614790002604305 1.94105237242911687900 
0.39543845293011720132 1.03894772708924132409 1.02824551303174382966 
0.31052473677941849761 0.04471864564169991674 1.02329703511469105592 
0.44664495566128681325 0.96302523161164732546 1.02809467667629039767 
0.04762761906886460450 0.03696305904450033347 2.17968829939492980685 
-0.02670635968653584796 1.03733579975033474163 0.52476335260143858186 
0.85918500564465860592 1.03493785733011911532 2.06101760014432722201 
-0.01827546152118238870 1.04404130829796404356 0.71967800603941312065 
1.43773685202905854297 0.97395012616469978095 1.96680789449210124964 
0.55583556692376756558 1.00149320604839076054 0.95481565456984118789 
-0.00347445360769542801 -0.04916945913871956925 1.34627239239897189549 
1.05430496466676193457 1.02109000713102004987 1.16767181549744081259 
1.83810152390894265828 0.00241076290063434000 2.06478152618598498336 
1.22070031195485895203 -0.01708737529678385977 2.04912837725241558928 
1.03267604992599726366 0.96681580427587654469 1.32625796459190814502 
0.03617853344487832051 0.09022005199556391852 2.09250571240035343479 
0.96763040844797332252 1.24337640967100804268 1.96186354635828763548 
0.95403813374476786890 0.84710116794632062120 0.95415611752125983891 
1.04610704389827291472 -0.01120521609250265185 2.36613830576946027051 
0.89019246823310038685 0.96914238524029805433 2.07657572631696396570 
1.50598435049123380303 1.02718524106428588105 1.03500323694985918443 
1.04890756144666652538 -0.26490957111425317283 0.98234038821319191737 
-0.04948021520250173166 0.31524821101937955392 1.98657835870719279292 
1.03734156029794433174 0.37046386632656802540 1.97164276726732889955 
1.43014983914323057235 0.04158677706789126044 1.02450839988367281563 
1.27995457002071622021 1.03571895522382262378 1.03577083713924267272 
0.95930727143495897469 0.02872069487584492237 1.67098867764237302147 
1.04377415060390910106 0.52155790784770683644 0.98056151799013036019 
-0.04597409603061928390 1.28420766018057097568 1.02414734832684506394 
-0.07951978649152786904 0.91721827067996986038 2.05348112748915800907 
-0.09122200236822274044 1.06715245562677019109 1.94249365172659560486 
-0.11925446094086035453 1.07819601962340771983 1.98000677362764232470 
1.09322128270037777220 -0.04216264502167026834 1.08478703329700310043 
1.84135745088710001127 -0.05770011693342558950 2.02692154070164720636 
0.04222303256335270538 0.24993553912273641648 1.03331536503542253946 
0.37064460542824689826 0.96853564653057333533 0.96941392678998328236 
1.02250907828302239899 0.95702505489004430217 1.30097050788450685488 
0.46601559942246501000 0.95561932111280312174 1.02239912789445286379 
1.04390295985980263715 0.01361540597466550859 1.36533202628194394457 
1.08011180351679936251 -0.11737955793148889538 0.99080600335984525540 
1.04300295419062183377 0.38804255547243055036 1.97831770994439737343 
-0.01630171398718316400 -0.04232798988297750004 2.51413611014751081640 
0.02287308456820850988 0.78012251091826134708 1.95324661843769598057 
-0.09453110099136495525 1.10198283635877181119 2.00317471084794451741 
0.04176251555253132630 0.51603937211777417549 1.02570686055299487016 
0.03588902658906702181 0.95877760858230731689 1.77202995094478144011 
-0.04627050043490046199 1.01834900424237217997 1.74581372242553367613 
1.58775341102227551815 -0.02618352885209834433 0.96666917984563827115 
0.96934104546673982572 0.20770996552640308419 1.95586803284422550142 
1.45578510558908558181 -0.03735440163748058456 1.02783057184922466121 
1.04585504681528673743 0.88290699749684553588 1.06396570562170844632 
0.98602311857144941953 1.04406664822961192662 1.32316889476989252294 
0.10025976538656765358 0.05580212689161120898 1.93233361913516832331 
0.00508331839312096967 0.95248591054609754725 1.52998258955022947703 
0.92871294998689513100 -0.09970068470794964111 0.95075948766226969777 
0.42083906176824037448 0.04332567501347197453 2.00867666779187370452 
0.04237833819463516366 0.88143570232333301462 1.93444976061037432480 
0.83192382514765106372 0.04925038211619974654 1.03192168422619823254 
0.86905234570305334163 1.03508459365857130585 0.93522384802242530810 
0.96140327913954426453 1.12415253478713506041 1.06519657967120595643 
-0.04158395307498285315 1.12133718577083030254 1.06433288921401336680 
1.22853857983518488517 -0.04801941118678833970 0.97537969497153531595 
1.03634100207265822391 0.03361404155375605912 0.63762089644792052656 
0.94568312649526409253 -0.04599583235098116119 1.86800814617987009925 
0.99569254814413676868 -0.04767264262293853527 1.50492295907305817515 
1.03408125946478723911 0.03309373113018743151 1.45583493356470827784 
-0.03511037426703297881 -0.03133549013810213446 1.32537617256339634864 
1.04489999423999901929 0.98783297323329011252 2.44063619299181100430 
1.04913748005986184886 0.72969369062571631801 0.98649808598594479481 
-0.04449967999260478341 -0.45436338909285356458 2.00433528982137421082 
0.22299322798444490279 0.94768596949788130868 1.00255159485166545075 
-0.05915146258254815742 0.16434779919920566860 2.01770171122217734094 
-0.02042186220054217211 1.06831666806253045010 2.13192338690729776829 
0.94777571478332256483 0.98037056836846392383 1.18925433384048817587 
0.01523169139533950625 -0.19796997111941194714 0.94585050616437871263 
0.02252745806968107015 0.03887567173558641870 1.47779157881587708268 
0.44830483017992212025 -0.04452770705806088913 1.02197665974639351205 
0.41960472012654331797 0.02059290239736519257 0.96274644606746473396 
1.00936091970818675456 -0.41031854698274977666 2.04282482279175470197 
0.99701721067779225383 0.69186942052622668609 0.95055623117187737492 
0.86927396215897789755 0.94501249654927033106 0.95619359379848478664 
0.01164631601854494367 -0.06255285156082623921 2.15687654007218476693 
0.02707451873909275802 0.03722721193986362753 1.54394079686598439949 
1.29763238827949178855 0.04219314100829989200 2.02699467274497902025 
1.00498231153420669592 -0.06894253222038934648 1.15442589362355252369 
-0.00496863679095953942 0.22112860955655527784 1.94350509214093403187 
1.00541284139254893937 0.91082269319497388693 1.11095506585690917412 
0.19898708355830133088 1.05145989741007550577 1.02424002369480104946 
-0.04626808643724634323 1.03596426849079170651 0.76218345962079681044 
1.04558538905340792091 1.11787764391155319821 1.06193881381174226597 
1.73782977594798171417 -0.00558919268767573557 1.05166063968860634681 
0.91013627221363868625 0.01388713599944588900 0.90067440023723721598 
0.96876358801169959456 -0.17279916043540666237 1.04992650835535261677 
0.29533301283217378019 0.04141957690266830083 1.02805381081504143559 
-0.11222987606708839659 1.08298708371809504492 1.02800469386792237003 
0.04006676229190466593 1.03487054540704281891 0.70556194858323062480 
0.98047170801932204132 -0.05684343030467969848 2.16699550534625151599 
0.11358271610655752692 0.01399711761746778860 0.92344920147609466099 
0.05712234706161401637 0.03589919553681525377 1.14318196142017192152 
0.00437619260719752240 1.30584338612160943960 1.04782450527404180640 
-0.07953013756618874941 1.11506684519423093782 2.02007685992229202299 
-0.04191062891362613840 0.69459486389140667750 1.97386036103593909274 
0.05979423659065079277 0.95170626904190880335 1.88046044859657035531 
1.08002427451200255781 0.11373755478995832557 1.02346120365166881605 
1.86459371519720096266 0.95492066254522645075 1.94411877958472234518 
1.08054582345626681850 -0.10012346543748176786 1.03540156564501772962 
0.05755161825711343354 -0.12464268285354210275 0.95738883587787282359 
-0.03837271602026744860 1.04445402263993436520 2.18632212389574132061 
1.17176001849977562408 1.00663314942956061415 1.93902361596861827486 
1.53915343622023348402 0.03785507442255164195 1.02898178128930584130 
0.95508661048727616638 1.02314801194779514404 0.74573376341788799593 
1.71587369042562043475 1.03927568652012536354 1.03119174244512223915 
0.00641055290574016334 0.94431103283414152827 1.25259964042200411249 
1.04518790886251067285 0.51312594844584746845 0.99318243126946348376 
-0.05838328841599860208 0.09928982219161146261 2.06430172939090361695 
0.68418627574300316940 -0.04568310377838859931 1.02476018601811458275 
0.03351331490010386882 0.03535069648458176450 2.39307954621188878619 
1.16562496886237632054 0.03467862124755803632 1.94549639098763971212 
1.56430228465866472121 0.96750851939588222717 0.97124700614020753608 
-0.03937592773997272005 0.02719533745588507967 0.58308851770132985592 
-0.06584026755030594757 1.05299504812632904738 1.09794270953706663008 
1.49530685723764289463 1.02512099444540316640 0.96520490171069017737 
0.96754245378833658719 1.15932896995818746078 1.94432805870083158517 
1.04289811360457851386 0.26737646879019361101 0.97297244141549277252 
1.17383162696994247653 0.94458773006977303499 2.02634914200843052612 
1.10833535525348403361 1.02572296731360301791 2.07484974463864180194 
-0.03010582925911778340 -0.04533773965258008909 1.23090316900579943571 
1.32815714837978782192 0.03607458970200345949 1.96810127906954246413 
0.05153278528020324017 1.21313094084070161038 0.98025606887191929495 
-0.10086053201588271455 1.09554774337692495401 1.00930083124531377869 
0.06443391589901578675 1.13413896945918746262 1.97050934352622464374 
-0.04396714485468194988 0.98554307846536914894 2.42522044961671090491 
1.85970970864878681894 0.06769591743121691763 1.02342109219610666315 
0.13045172386355100014 0.03709911737631101103 1.06352751608385798221 
-0.04595504410469380963 1.15469033778516760869 1.04271402039692229202 
0.61889866535299331574 -0.01842435893105177219 0.96060522195878139673 
0.97908902102866046668 0.92558606111978325437 0.88097395019593027765 
0.04864031126877230854 0.03547995162551909054 1.81836511783712251322 
-0.02755050558020958121 0.96535941211317122246 1.39278911306112629376 
-0.00599406230100784504 0.46176440634597909485 1.95530654643993018205 
0.94487197440244152791 0.80025969290221199426 0.98573108553966437562 
0.43228652637343850662 1.03527734678521721179 1.03236688043961932770 
-0.04422928922997524520 0.46528220975233947065 2.00716256283276006656 
-0.04540332880063084608 -0.01312623943249491103 0.64317320287704760062 
1.04239275185673174740 0.08771546520872626485 1.09145321050304588972 
1.02650909161770331757 1.04079966988754923918 1.71774117430397921247 
0.00103854584811234000 -0.31809311964982811549 1.94928231502681503784 
1.12241868848602188713 0.95333672223085952346 0.94088252501262636951 
0.99759631541979365554 -0.26492252339283628437 1.94668380042528910145 
0.95058704773102353780 0.82715024085481547722 2.03124606353317771479 
-0.07009212020645967656 0.98104724512250107704 0.87032501925948979604 
1.78204009224112769338 0.02154642464544282224 2.04697256406671401763 
0.97650843170308143648 0.38714146046606273677 2.03658896998633354158 
0.04176299642599155121 0.79575266299317681806 1.96383558310317263285 
0.09917216196801084682 1.08390119041282262380 1.97825105115473509620 
1.04092678437660191015 0.76955709083740264642 0.96605132574253060884 
-0.04444038855563936519 1.48488510114204563806 1.98170817110621810819 
-0.05616268063643711783 0.93181492055406756059 1.90613659869215323894 
0.99203091898743445132 0.35535913507528554822 0.95470157647291864489 
-0.04266111548106911455 -0.01751932668951915184 2.42400441927244303386 
1.04774429228705789896 -0.00342182207006337582 1.56564080048210119145 
1.51743856678464505983 0.99564684165963668327 2.04620883025833100177 
1.82763331860189737199 0.00130545356458270853 2.06272658396294028549 
-0.04318478866499922408 1.17702825859245296947 1.04079253839493723888 
0.96845419191191473018 0.12573908460484850558 2.06768388488710508355 
1.03951988305311093796 1.02623668711661641950 1.44225833893348531767 
0.05217540726042203814 1.02373693023312006822 2.17886222211350988331 
0.96142193639456663412 0.21404243109444898163 2.03890792580696045277 
-0.06233162227103512809 -0.15259521526675814962 2.02598846696406731382 
0.75999871483455083698 0.99516009262452875817 1.94364504568699625331 
-0.04302625063697770869 0.44970766611218326858 1.02412711670673739484 
0.10529786518017598962 0.91112974725821327393 0.99337408781958169701 
1.02109699327864134055 0.03971775868918943353 0.58225521258032542082 
0.05836767310870531050 0.93107547477982310902 2.09049465097722775297 
0.98891832558487224869 -0.04914816574117766151 1.26572189526013700878 
0.89158788082613416037 0.94890894378434720302 1.93492219265161469188 
-0.05124329600877154667 1.23852797827686700316 0.98572026163882076055 
0.62585977725736463562 0.03789456049390835246 0.97221881147824285030 
1.80338770584437502187 0.03350316244891794054 2.04539226305116095261 
0.95485529578054151312 0.78196884338298144890 1.97113089149933773392 
0.02801087167895116234 0.08505281886481259879 1.90170666550922695670 
0.01086203280190561199 0.04514348224872033466 1.31670295678655513427 
0.98040928270280547352 1.07788065883002182055 0.88352843356050470014 
-0.05229415917029209271 0.99082020534174286563 0.76863291330514826871 
-0.02528441773811098553 1.05700352319227097730 2.15502284177280811761 
-0.05050573883311167134 -0.01001072551683635653 1.74999218957994751023 
1.03085622948975896840 1.03968053427592765914 2.27039166336160480597 
0.04137365309596831298 1.28104415768580426338 0.97179996728036344145 
0.86673323074007124767 1.03203729461685589364 2.06763925704902185032 
1.87095237244262380116 0.99873559296965408461 2.07815443884951411846 
1.04122965336886275090 0.03702392833219111945 0.74519110848796177304 
1.04671084986643414538 -0.24436671979923677012 2.03138514806783332389 
0.85156168244465879624 1.01216894268071722074 1.06564512709208414343 
0.95125865161549771898 -0.23106806457964634838 2.03149926906595501563 
1.00165336114140779422 -0.36228006142595142736 0.95125823529021180658 
-0.03491251266641806628 0.95572781451937793840 1.78464537991722749233 
-0.07861633805168186107 0.92592539049938937801 2.06376360834333283378 
0.95300972960044871840 0.01342553269983798661 1.73331998831139166839 
-0.02577093738589197533 0.96533764313490300069 1.51591723389595300908 
-0.03203715727599196206 -0.04157849965315106588 2.24537030175591345582 
0.04192809793045390587 0.52663620877088923589 1.97754999580856982710 
-0.04387558351928575601 -0.02025631278065983393 1.70491749738780518086 
0.10938649560770744018 0.91537478319103027236 0.99206658405996595018 
-0.05360433712117764621 -0.04444918464042955236 1.86539783028202776904 
-0.01578587183378897876 -0.05786906663329080547 1.83083528056102950998 
1.05059312473670574128 0.75265862702128460970 0.98667323085323466181 
0.84370256644312968675 1.03814981858959543004 2.05158451496049076823 
1.29342492675074405284 1.04152395081354032236 1.02800859348492679146 
-0.00017157529492247033 0.77372443724826645006 1.94231786329243760747 
0.95655228751052789882 0.02373858563737765368 0.71530451693975027894 
0.53980385780575446120 0.97835205044686546216 0.96405030621029264015 
0.04709844853787280988 -0.00790972996749171597 0.60367509162203303319 
1.00873897524615507848 0.91544572704168547528 2.10994594619475073216 
1.02471342671006482306 0.17426580141904135512 1.05340230655892064249 
0.98803283769886063315 1.05419051234590033239 2.31053684995536379176 
0.96033868297724922503 1.35684835904732192802 1.02988871148110261444 
0.68532721908493665630 0.95472054999522459884 1.02544929335082013466 
1.03334279486192404107 -0.24072583483448301012 1.96217109121486177337 
-0.00887664550805600597 0.95321014453169361502 1.38740576275200644396 
-0.01321446095974693376 0.95072390612951263034 2.32201034975359243973 
0.62018650949484510626 -0.04697584549058274328 0.99524101671380094114 
0.95122401810795198518 0.99323442698963115838 0.58919640047281574002 
0.93481682186051118233 0.93892616079898749692 2.08702829777689924384 
0.08072755139804291269 1.11605208382243348275 1.99620540873209706412 
0.00608886969977224038 -0.47443627525853238058 1.04945187573200282571 
1.03946437445705441860 0.95388600194699690871 2.18720665559736238137 
1.02962738128120689929 1.08539209057444896445 1.09914736873071228196 
0.04483331537019794727 0.01706018405372640087 2.29045483892242573987 
1.04161822113195312589 0.24618440194872520665 2.03255363162376223585 
0.97968834713365282596 -0.05553395731652021466 1.82809435693713173698 
0.03868056340433834173 1.02711815316184362779 2.45299595557851635164 
0.72739099063888990049 0.95045875550569258738 0.98247427351804184070 
0.04566445001105785828 -0.31422398233257131661 1.01701196748560152017 
0.04050012166556162668 -0.35474448604152947206 1.02891345875312056890 
-0.06385292261798826419 0.02473783371966581032 0.86439884488482643388 
0.42010067628083447300 -0.02282273680032885499 0.96448209838754694889 
0.04356220549751779053 0.58495110744047162932 1.97967702651836652272 
1.03946458965099930438 0.13250965275249979025 2.06094339590248054606 
-0.03457817734033757223 0.66482824424968589572 0.96929293943767003139 
0.96513629849786575221 0.77703305799251431996 1.03952200484867152142 
1.15480928684189643185 -0.00264512777892907374 0.93331052985284124190 
0.00716318994808508476 -0.43767357488165958834 1.04356703662944383382 
-0.03478370029906014543 0.03492938933828818732 0.62473163238273987652 
1.03646358283561701441 1.02965455222610757779 1.49041855805815703917 
0.01756134087066385865 0.04453107126814406097 1.72499698512776178383 
0.95712518722079065192 0.07655144668804081398 0.90096793165686994698 
-0.02251502309361860799 -0.03979676547107002804 2.36095845919602398411 
0.99115067309626847525 0.91464235263448834257 1.89126144391748707285 
-0.04079698901389033211 -0.40991402194391879377 0.97521953593196042398 
0.04253790877240128804 0.01967133600332970911 1.64162887644428590050 
-0.00339230435532067009 -0.04799625750672377456 1.48421601218996279670 
0.15792860351428938959 1.02234505212659998463 1.05901452366448189935 
1.02299993035007208420 -0.08022672833036792461 1.89098114993581845056 
0.95900933800139409602 1.27105290827983696822 0.97048127232721559388 
0.95747436932725571435 1.39272385019677313878 0.97774429539857465876 
1.81478470159753513258 1.00542343878808315694 0.94065288100907074043 
1.01547296680765342103 0.89517345394687353188 0.91275555253822049373 
1.38866719557932860596 -0.04727098271992286743 1.98879983637032009547 
0.73818095967354491194 -0.04805164467499087322 1.97571425921817644955 
0.93581671104960539864 1.11456381669189075190 1.04179628165571980247 
0.21572389944361661240 -0.05052733071896058081 2.02529014088719794273 
1.05109305712214151640 1.01729392577643507067 1.20242048672348889049 
0.02834157827334133489 -0.23209585442291780222 2.04169366108238614643 
0.09147343887321957023 0.01132822395179927839 0.88235492964460193743 
1.33104810925016425749 0.01501403583994066065 0.95818907974768363633 
1.04211228896513841136 -0.05293955461483274005 0.85467711747450259008 
-0.08380968101898372824 1.11915725775408825271 0.98993999596783599504 
1.17415480688726781011 0.04755899656207617648 1.03492051916235561215 
1.82034044971420772008 1.04110156426982447542 0.95823189249121043520 
1.37822050617753011359 -0.04477759705485598318 2.03041988685608210119 
1.01459390309190400359 -0.28843461167220119101 2.04380413896890322789 
0.05593050597254059508 0.57661733358517608394 2.02095382345589191786 
0.45652793271682517995 0.04387296598808786835 0.99797569534456898044 
0.37050823697476131802 0.00271533864177351050 1.94568938801432511632 
-0.08745785171631420551 -0.02318314318110367353 1.10004646176547882241 
0.04930696756114807955 1.25227585366742144579 1.99233830804700451367 
-0.07992973136668454770 1.01227519272617416668 1.11470850201779336786 
1.05968914909979994299 0.15924434668156495221 1.97904799168489553551 
-0.03919853621605737248 0.94540031224008547195 1.85023536346879291514 
-0.05716234873727193272 0.81195484330485245827 1.98467078959002907190 
0.05988554627830084548 0.99773660208890269097 0.82068744336523768990 
1.67349654283714732728 1.03639365736606481327 2.03299065082972729712 
1.75101991943913071204 -0.03546999163435013425 2.03522324347914373988 
1.09457953723378564881 1.10149928500751648208 1.00717297288780449627 
0.01716153543302652643 0.04465630391035832480 1.72445363890400837903 
0.88495177829250049051 0.99606732748919890597 1.08373791891170756507 
0.99827263086342310494 -0.05445131877247639390 2.45155703071649666569 
1.17451628797092455514 0.99903258967988173289 1.06336764445414222457 
0.16141374913181896766 0.06170098239275940977 1.99204173347835999941 
1.08205232141598139961 -0.00854142656943733883 2.11628455862612563365 
0.10453372426875018331 0.05963029967312612895 0.94193937314390441262 
0.17335491903190447527 0.99827803188258867895 1.93727884571654307422 
0.73342534439663198409 0.96154906687486774164 2.03227249605836934876 
1.00106484233099046754 0.95088225806499104831 0.58712093953547339620 
1.88278281881834663736 -0.06741639270900703917 0.96628934336647442915 
0.83053876345618049548 1.03552166849525772996 2.05058386732931063889 
1.72920367531235275038 -0.00625220224507808120 1.05062611920651605146 
-0.11676112367435927120 0.07630268725147425213 1.02701691383990212358 
0.50666717191881549542 0.95585056175053806360 1.02306351784496074586 
-0.03126635399446169722 0.96840266357776116912 2.39430497535354636085 
1.52115457282195354338 0.95553026414388408938 2.02112533286985041059 
0.90202671149536184370 1.03997276970094376658 1.91813712153235549351 
0.07122627482893771622 0.86738019368670393749 1.00884796138182486480 
0.03968417641091123022 1.03466888834281922627 1.70035620687993116462 
1.34401662290499102070 -0.04557886835984802099 1.02411547394466850847 
1.00863253963501686705 -0.15331888156778822330 2.06648022046040003019 
0.34563785880192804401 1.04033940047925965722 0.97505880318100390802 
-0.07543127246048907109 0.12097425000299247277 1.03796804736824599402 
1.75912675814242169814 -0.00427378909261712757 0.94380042227724503245 
0.03997598126317858380 0.03074683296623642939 2.33595095468303526332 
0.94162322970062839467 -0.01250905898872572281 0.82728795953163380972 
0.02533214366220670755 -0.03677967075279107989 2.37959414070281782827 
1.08151845184476935735 -0.06685243792068659707 0.92966058226604209036 
1.02523547068589993003 -0.46737562543729416209 1.96613928317584374383 
1.05164513804158499255 1.19836755253825244516 2.02492428365809429280 
-0.06611861905043162069 0.00610473862241857086 2.14536771677807358571 
1.17579822865900496254 0.96922308713710980665 2.04509205292673490462 
0.92035920575697793833 0.11480296280127144648 1.02070428785377220748 
-0.00760390195118602896 1.04457151253659308310 0.55643803189060137004 
0.01637757273565311825 -0.04479306957667139599 0.64887138183947623560 
0.94599709514262830812 0.06360877319885416270 0.89881605679750942173 
-0.03100400986831649414 -0.03130068078328170078 1.58539851188112557168 
1.02821615595913229413 -0.15414847918442808883 0.94010168302451935229 
0.67459541202218031852 -0.01993863243643084759 1.95996623505590372716 
1.14353235832797706095 1.06787446463648971751 1.98133321322218991511 
1.01323917041361810654 0.95313932269216805615 2.31031650661013232551 
0.05740038038338328430 1.02910207636126793673 2.15140431362599038323 
-0.03955733379774389880 1.03391838217956411050 1.31032934001455436679 
0.92357753877880421900 1.09650972121497236600 1.95267661557786276205 
-0.04655947265487925257 0.14888225588646575304 1.95324813240243555512 
0.04340786429590588746 0.45721590401761513789 1.02362550957538078755 
0.47491405173088169223 0.03787163278838892588 2.02889141993021793198 
0.95693508235303947895 1.39142127892131739486 1.02469011718773095332 
-0.02958732242276699079 -0.03773217325416330231 2.29679664160716123789 
0.82688297217206807588 0.02641911402966040656 0.94384857474040351200 
1.61634324972975296220 0.04293297032127675605 1.98024122477109831841 
0.98757454307128955673 0.54072142556285118786 1.04086862309639482937 
0.48015213113205018614 -0.04375291073422259147 1.02404360776076464035 
0.95925133262399853162 0.78093072284115949699 0.96430448734833629221 
0.01458881799264321981 -0.09452870224465353965 0.89071503506129090511 
0.03850426599912048359 0.90067266541817092573 1.91712702902770582014 
0.94822543354817767636 1.00634862333927221911 2.22256525828383155741 
-0.00258129865098848587 0.56024499182470399727 1.95025021917719421083 
0.11913817745675156501 -0.04457628759193132950 1.06362819677914455241 
-0.00498291712190028838 -0.04778649709859069533 1.58547693264634004251 
0.95587704338290391259 1.01854056308790985597 1.30185702010038317766 
1.55482590627367978087 -0.04467254558556756766 1.02174556873936839274 
0.19394491992090975852 -0.04808212678824302921 0.96968919908291117959 
1.03350872431317353239 1.03408329124472508909 1.44412535073306624867 
1.23616275579994905343 0.01356090588792397897 1.95087531339139830244 
0.35485057337229242158 1.02490389146167304446 0.96328717774019623210 
1.04333396689020507786 0.45411045809248268279 2.02222263702746962721 
0.95996848309093518736 0.55732756781259618073 0.97437907616154761925 
-0.06465789680417907692 -0.02554880814657372462 0.80925177649167467919 
0.97194525575605950074 0.83155696290944780547 2.05251625628426959125 
0.99855109761325211437 -0.04866861019219748119 2.46036234812963217067 
0.78504805018493695190 -0.04799795683620521058 2.02889630153302169546 
1.62229323271286496322 -0.02609000146760667369 1.03520265867721827924 
-0.04473050371940046066 0.31170887188907941967 2.02451663072756193884 
0.96911121967411761879 0.03579319535744509423 2.46497777670483975143 
1.00610950344348792918 0.04885913595124880687 2.27632963657515308142 
0.00883941561280535137 1.28142560327198196113 2.05514548330601343196 
0.97431978652164463739 -0.27723927664088071632 0.96096415416293856637 
-0.00372289890417884864 -0.05052209605694468753 0.70821135381150135402 
-0.04426185573120836741 0.01157802840985057945 1.38095461902186711356 
1.53072485656609647009 0.00744122054959254955 1.04201828743872959571 
0.07999022718314466318 0.03849151341809384924 1.10057620690191226842 
0.02035077071665573542 0.64838003742323202516 1.03881109393554171838 
-0.04215632180924476502 0.02474762642022368397 0.61137379237553646227 
0.02908896700179865527 0.45956942880590678779 1.03320117217255313946 
-0.07730617370422869505 -0.09108705279198972549 1.95024042093825822342 
0.96536128629589590400 0.63871364215185089108 1.96988844146671038260 
1.04155315740344112108 0.03648276691311923975 1.74766569312663300195 
-0.03769990327664642094 1.22935713985945871407 0.96324349615075977038 
0.34833498140783286656 0.04444794844475102868 1.98129081912220739170 
1.47316275611026581416 0.04204300143471133983 2.02205078222867928872 
0.94726128073692905662 1.04252756145289016132 0.83394683913682254861 
0.97768869201071195718 0.03932909774706642991 1.58732016446725854308 
1.02976915318028461321 1.08130669721086203339 0.89752993353625831752 
0.01056244771612099322 0.18879826266604127216 1.94203255739451985384 
0.11194175364614668278 0.06304618452221467939 0.95353487845451700977 
0.04274436858305901560 -0.44496572516668025932 2.02456394312259968515 
-0.00168209154304153311 0.95152790320637037347 1.48439552446859290846 
0.01561467468925779173 0.95560736378955801751 1.60897008640526828493 
0.21506624601767823646 -0.05122411885878840748 1.02438686648537213841 
-0.04008867810944122256 1.12523654956601393273 1.06392711183261234886 
-0.04077096673101410912 0.36627462918383479895 0.97428711763815223357 
0.71822162611878637151 0.03831689173715723679 1.96912440944844457924 
0.96036545548229301783 -0.24252068319811623254 2.03509338030616548920 
0.00013323532240248448 0.23692496862769946153 0.94328591222282587303 
1.07996459074804840306 0.07525269369458262303 2.06316392502093126637 
0.16097031070548134535 0.01656671460055640643 2.06021379808123672461 
1.48062580619866435150 0.95590272292977995772 2.02338553010290489453 
0.96001230672680160083 0.95503384425276238723 0.80518469925813818122 
1.05191894242250971736 -0.03219873639619121042 2.16512975270440355402 
1.04493594434025105500 0.56361034468545534448 0.98215626728025851033 
1.03991335833225795326 1.15277640051728957893 1.05140715839550469290 
-0.04404993333078055517 0.98537219741102721748 2.40951020814072780496 
-0.01505270605678917656 -0.04393544658107911144 1.42757142295023875533 
-0.00552357822070357989 0.18329433812730669406 1.93964773299890080871 
0.11871511549500247951 0.95546799482203381704 2.06393094597217485742 
0.95924529984071316147 1.03165265470040146134 1.29833428318212873442 
1.11456356458640604146 1.08339313593579911199 1.99542297565369564083 
0.00367845599046193140 -0.29162671550724561520 1.04881260275481857924 
-0.07917732649032777070 0.88755028667057656033 2.03253966865320911950 
0.94516431455019167540 0.81076570724003305113 0.98051772021134186996 
0.94299354613346042520 0.89927127885368807192 1.06394574514074324867 
1.00017067883633270498 0.76316264627714236468 1.05455327979893365153 
1.03685950211795230302 1.04682483251096214438 0.70520984966359101520 
0.02682472354729599148 0.52040893481734817883 0.96710337298876891676 
1.01190776767663392910 0.15549008154237675683 1.93707363615839467386 
1.03391239460879380552 0.18088671928389019050 0.95161800411326313842 
1.01588238454715495962 1.04134539955662086541 2.48935738787417548679 
0.61048149087838354809 1.00627603668085208177 0.95607674369012995985 
0.99496428963705596527 -0.04905189225488595234 0.67122324118431653250 
1.04003092003037078683 1.02925630103968379636 0.64479330873624474130 
0.16041458900802435528 -0.05814239663929431090 2.02558474723294557052 
0.01982144495109982446 0.95530102938408067992 2.31078263062219502189 
0.91007427059246492895 -0.08466609901810176475 1.95887396692038118218 
0.95994687611586837495 -0.12590926858777115593 2.06397071157098421779 
-0.04210244642247831098 1.46093980371135301333 1.97783028257253823412 
0.09580058914763341094 -0.03246243667229814500 2.08985435507718886328 
0.04397912031867401428 0.33305160665301797307 1.02487129070149318721 
1.50920914586114740530 -0.03451703306432276491 1.02933104548265097478 
0.98669840048145462941 0.15252822950300468086 1.06438876400193227489 
1.04283470618710460975 0.03873518789275806617 1.81080477037749987268 
0.72198387053928159141 0.95538199535587164934 0.97452264287937662157 
1.06018855782358945028 1.10002840470557505803 1.93965315091211931708 
0.34151439849378528724 -0.04565362470408843021 1.02407920515353878521 
0.97258371515869612711 1.29518067661413338598 1.03754016439185892118 
0.41463284554853713226 0.95512257026216951239 0.97979633254528042396 
0.20175433704189732476 1.00613313945390991933 1.94315507871506598647 
0.03962797545912719738 1.03535055083621885252 1.29245686981054230813 
1.04329594497633126871 0.43671619586406013047 1.02389134387467306553 
0.99288881691290387099 0.95301828074534145063 1.56509432949055438122 
1.12432534493089764105 0.03065124037989425815 1.06673315653484857002 
1.85321935753481592535 1.06454296710468954146 1.02433976249167479899 
0.98383990293732681565 0.08220898700478503074 0.88811843096414999632 
-0.04071999910608819356 1.11550435866410158070 1.93345450464975354699 
0.95545211537442586991 0.64549230021555836778 2.01917824258278155725 
1.05624592255955551678 0.84523958088497885832 1.03100078300778452700 
0.95517282411183124236 -0.01664251165422599849 1.68412245557229756088 
1.01686300598335011003 0.15315707089597069279 0.93812390209651019823 
-0.04929293970521116119 1.15600666315190969691 1.95319456193763429930 
-0.04276709069083774878 -0.05091618132065321711 1.14899586702848921504 
0.98620890182897658072 0.22239076222224082868 0.94844479936729786385 
0.42435204463382292239 1.01675540062495928240 2.03908084640024522827 
0.44740306116388672830 0.03948293728066441799 1.97118494399288723962 
0.35669213069506405800 -0.04019064740400843383 2.02754268688763072959 
1.24783987451412214931 -0.05114018489341461138 1.98304729644343535888 
1.03764734888368170829 1.03085500040489597140 0.62084946801503515523 
0.97619559128180832808 1.47798526587128953302 1.96538716632930299255 
0.06225468301360153472 0.87906873157204179492 0.96012592430918375364 
1.02933610371877626299 -0.16296076140596710280 0.94421845362538214808 
0.98466793608107661129 1.07237304517847475971 2.12835380078739921927 
1.49889862950439400890 0.00496424053321722642 0.95653475989361247400 
1.02929788983296899296 0.76771417220323368014 1.04120680724210634693 
0.98324511231446221071 -0.04219769422676690473 1.45906354202839683154 
1.07802364155005836466 -0.08387479378159551358 0.94359873713901709635 
0.79139237854352684209 -0.04217775898134180912 1.03783025901075443009 
-0.00861424078709569288 -0.10872077385397185822 0.91355078856628224582 
-0.02789021333579858042 -0.03356840328841334542 1.42915138040497002869 
1.35608292006707520372 1.04149038962872397818 2.02580458032473309515 
1.04646432302223968414 -0.00813524272775025328 2.48356862196128025388 
-0.00694285123888849914 -0.04832805506617080665 0.66722805816113561761 
-0.02363659131349077000 0.59656485811028969746 1.96459662130228984722 
1.02821867344450379456 0.52322670282822325571 1.03353135327318201853 
1.02683970158712845056 -0.04608045781442988292 1.23046041316894960715 
0.98809657723387878114 0.95454353912336886712 1.43008925461924341072 
0.20089725062606395012 0.94735749043360650834 2.02409771625146150953 
1.05162211188690801755 0.23175121970707313057 1.98825002274041673367 
0.01863603431820155809 0.35415867106604137504 1.96065480072536479916 
0.65422103172942136506 0.04539689944552159628 1.98262172369687217355 
1.51782259136313824044 -0.04544763745680835410 0.98122430233843782599 
1.39001182510396636971 -0.04458247134540236495 2.02454936790518091883 
0.08608742469582256196 -0.08211818127742848139 1.95065335363464842366 
-0.02971148498562178886 -0.05349913556159744538 2.16641832615755625113 
0.04320719066812331310 0.03552416882576286961 1.22862136429661283898 
1.17761402843954599007 -0.05591854413923511014 2.02477572357531254710 
0.04008772461635795592 0.87397683904085943229 1.06393331355707476682 
1.04404722379811110144 -0.24259694320356775532 1.97277051693004090716 
0.06140284622405550730 0.01552486100410466197 2.15219823588029202099 
0.98387285532131185661 1.19653100103783072150 1.94564975205399948166 
-0.01125694407019623214 0.29211648896056130464 1.95368914839184215637 
0.99404109959127862073 0.77956003189660427743 1.94478150312090725116 
0.95875145775538417325 0.70817250638378204108 0.97211758014033466946 
0.99501707416688944807 1.18856233387589105277 0.94034423016810975149 
0.02671639905974837123 1.47056861706369135234 1.03422216031270397529 
-0.08610292269390991404 1.10181670274956688971 2.01269921371944038313 
1.02477533872688453265 0.54068628165668186636 2.03521491725707015519 
-0.04494824547870118758 1.01892761954864075058 1.72013506006210614707 
-0.03875245089825661571 -0.03463367769425691745 0.74598876982301487448 
0.71055041624725534533 1.04584735016028429477 2.01236476218810489414 
1.88023019411400094114 0.93352151857609200203 1.96644393631951497348 
1.62603466567974819235 0.01288325169807059273 1.04121429719308000728 
1.64141058165009301462 -0.04498861299843587291 1.97876619312791679484 
0.18123494761911732032 0.96444003993710314404 1.94588044466937826193 
0.21975375076939393515 0.05103767679178796562 1.00638436745669168637 
0.04014773924990834575 1.03131134056261331011 1.67464998165033263078 
1.04262915796724464634 1.27962683653060604883 1.97351556827012819539 
0.87240338279410034605 1.07498525912904407953 1.99314892347512007120 
0.95423277108327020368 1.35868047967556426769 1.99982384348363861903 
0.27246828802607780950 -0.04828578654984605478 2.01670991857768067135 
-0.04287025081147854966 1.02238709201535948878 1.57220600294466938962 
0.07425881765194485007 1.08152518826341625946 0.93813089406949123905 
1.03707886189174214309 1.02883738768919386075 1.51175325832669793513 
1.17059315009780884331 -0.00188726655716160143 2.06425005579223785901 
-0.05098429384242288143 1.24442080282653932954 0.98453220140507990976 
0.96320809215049119079 0.03917752056644441955 1.75656279415140548217 
0.07569672161561556700 1.05024467185620484777 1.89783764902596452373 
0.49679512361944289101 -0.04455986549455358964 2.02049856647741465920 
0.95215827318031676096 0.99312886793818888620 1.62929427317761876814 
-0.00719947066567677013 0.91400958546371335878 2.10913087007908517378 
-0.04314140082365102574 -0.48191020564517550451 2.02305248234324031031 
0.00879046226964867033 0.07465231984329893933 1.12938844068550103827 
0.67016342181713539627 0.95324623593083890327 0.98080723262803659601 
0.99088802116268126507 0.48312241401797989537 0.95715578381348020987 
1.00308023847748906121 1.04679430869588063757 1.39050465818967539100 
0.96115517074311274115 0.03119935465010544029 1.35115087119586507747 
1.15414194053844920695 1.04907532439813167002 1.03932740517372557143 
1.04587355065692477751 1.37902359886324132887 0.99441224235034630929 
1.24655437950359226917 -0.01506895846152226520 0.95126232571547097994 
0.04144025948610424726 -0.32454664978408159781 0.97400115021984901009 
1.77133739592934391638 1.02912267550703995234 2.04284264286740580019 
0.91278804573682337242 -0.00676623298638766128 1.88913095933693275796 
0.74734749639969411117 0.99802728549806996039 1.94573225348998612994 
0.99957933995507786129 0.83889098650662030643 0.93432820936517357868 
-0.03334571130616308110 0.94463508447489452635 2.15134328616015091384 
0.61948010740087633419 1.03596727835643953597 2.03220674169997073122 
0.98146778371680121200 -0.04091751113675915624 0.55412102767415449822 
1.79242916038399191514 -0.05098940144337438252 1.04283095341688603064 
0.15645921566431791883 0.01012401885239266539 2.06419757666249115147 
1.16571868579679027711 0.02335198917988395156 1.05646355939457059492 
-0.04653567400273736498 0.26311505471295287828 1.97844890780854432144 
-0.04656001576388468788 -0.00903795947624010457 2.39847785835286497758 
0.95812216257920423956 -0.04992939638375219757 1.15789281519681286348 
0.03456114399887177252 0.05136595862330040063 0.66528577102085928452 
1.07723897436918591985 0.89625026178527145149 1.03527093180745710654 
1.72065393300519575703 0.00532349302358229963 1.04720573047206078066 
1.04430838882260434985 -0.31884226944470167586 2.02478822053083362675 
1.19506684714499766820 -0.03621652077709219125 1.04130374352034582586 
0.05121138942601973637 -0.22044322037264271752 1.99728537543766715423 
-0.09243880278801443195 1.06502783926510069534 1.94182187167193776034 
1.13076456060867247544 -0.01128738895178464652 1.92660795040589416516 
1.37391630323441815698 0.00756819715192603038 1.95629106849319578387 
1.36112388946641549303 0.95610130480907407069 1.02529673748290028890 
0.97310162866189098274 1.38362112725081631837 1.03498087690382800652 
0.92056535593692279118 -0.07457797754279142655 1.93562891762579503130 
1.05300122406782237228 -0.12554944707934834192 2.04808039908485906011 
1.70098047262575957639 0.95097198915517056061 0.98980264177311461093 
1.04641575658287933059 0.00185802477277695072 1.57536105527048397867 
1.08471693624559084590 0.95392931667679303764 1.91115415413771483344 
0.95707418327739279817 1.01408311900170700071 1.46436878906603107353 
0.98011856332440838724 0.04659394193258035999 1.22923598640223064038 
0.07998757111662649355 1.07028493819445147395 2.06822224944728638718 
1.18874126441798577680 0.94258698013606245780 1.98450738615064392611 
1.85181749960353903006 0.05712569070757921724 0.96863297408702819791 
1.40138596694433470446 1.00346666993139455037 2.04406442760649076362 
0.26501684435218048064 0.95406085256099082414 0.97566728444248829177 
1.41171949771581828337 0.95850723272988536117 2.02585002465549290918 
-0.04890135438546562574 1.03315294827111592291 0.80367908242976149324 
0.99281518078469899180 0.23378179383790587131 1.94641287306591781459 
0.00717627580292258972 -0.05005901569194651235 0.72311855968937410744 
0.01338533833715106064 -0.07034457275262992471 0.83943230178046801537 
1.36088470142958484210 1.03686703468687735352 1.97039181298710341927 
1.04771073024288452480 0.80446193194343251776 1.03093865187256938931 
1.04692453330668544531 0.88543076968453748865 2.06455691047111011827 
1.59849065577092974699 0.03886210166252480891 1.97426118575783915432 
0.44889235630086132822 -0.00687527422244224584 2.04726748743331343761 
0.90876565372790985009 0.98726752709197773683 1.88957043363256871338 
0.94598634526109826037 -0.12280434830237979549 0.94859447636245342039 
-0.00078366751188858452 -0.12453527257749763546 0.92286019066042712655 
0.02672388146409606161 1.03785975735687485688 2.39657154607301770000 
0.93821489410076719384 -0.14993101398580657713 2.02611692526709008533 
1.59460849870468512890 -0.04482720286670569682 1.02396091228901897630 
0.95689043493068881574 0.52253487384916008640 0.97619571277897532191 
1.03180197450356692102 0.82481241624222179087 1.94897953872151896704 
1.03958517792691895743 -0.05855140702527517060 0.86838158147206512272 
0.32564883082910400791 0.03887402969952401255 1.02994693942255044483 
0.96769646854220092713 0.56921467319041119115 0.96979519801827318570 
0.97211932657358113286 -0.21654152078718680308 2.04354339233853066204 
0.04335025107987916515 0.97997050342838054604 1.68210451878828837202 
1.21496052756924299842 0.00469870949572863753 1.94384348435940301769 
0.99948947171146118595 1.18050890070097480589 1.93762017804397168597 
0.95329645867344381394 1.35837039283482652330 0.98612570087965756294 
1.04048488043135733960 -0.38003902632323260935 2.02840784802529805475 
0.15339020931675695358 1.06001105429205932928 1.02645554414320216985 
0.04332602194508539811 0.01260119197078024902 2.48316792016563292478 
0.98677677064849744770 0.95397838645831067872 2.40188966180879814871 
1.41652021601183020216 0.04273240798445127747 1.01728295683827818507 
1.82038638547117526123 0.94100550337584076832 1.98400540260449664842 
0.04492566285735821036 0.16911497618873660986 1.04047966307105599348 
0.05072617715054701659 0.99778420291536551456 1.27649174675007692770 
1.04716589262742298949 -0.00173579439330438876 0.54465513743158544546 
0.03830151288855702940 0.97527334178869851122 0.54753708438889203691 
1.07441245242162541906 1.12892308736344193498 1.00335912587717634992 
-0.04088510517855468984 -0.35565960707109134376 2.02831843161556513166 
0.69863357271987702735 0.95244622845936799393 1.01176658835337174303 
1.00471753642036065735 -0.47567321002088480686 1.04449264375473171995 
1.06031177021572053931 1.07889740430825575856 0.92181171278125595414 
0.04253802267550584743 1.23642177584558043968 1.96961563724256127905 
0.95309669823490839047 1.00469264536336821969 1.33581246163216471601 
-0.08000418255579670734 1.03522445869465484769 2.10389893042546693991 
1.04531809767063843530 -0.01478757481069585197 1.32920470895781561715 
1.46437365567689559143 1.04367071477495265697 1.00029815065454719125 
0.97011067540990758573 0.83405322969967998770 0.94567463448140354210 
1.04168757032342207403 -0.16518639169520743515 1.04503836569483166130 
0.97990756690197400314 0.95703927906633512457 1.66799207668156257434 
-0.03828116367553658500 0.92018355504125404210 1.09879069437615828342 
1.03731932058050158041 1.02853555911720162541 1.48977290043071142200 
-0.04018005322696339976 0.87762854087838881867 1.93537921328400419618 
0.70516416752041011229 0.95139286374183229533 0.99843643933038195293 
0.34637485640587023505 -0.03162984428729107012 2.03275780523956983714 
1.04333490914178561582 0.07535314974103173025 1.89986123524785632810 
1.04145639676531076567 -0.03522230639893193099 2.22313439417808700327 
0.17720036485369441981 -0.02304113724641947830 1.05343014677440649507 
1.76404045203675452491 0.99455126246883618357 1.94364217953446893894 
0.57132932582270246069 0.03945492615491605348 2.02722454652528183416 
1.04308634035071845503 1.31957356356223787230 1.97640801072737692934 
1.03983210585959873207 0.96914004010259924282 1.28006887005350367126 
1.72219739572260621685 -0.04854667149129589243 0.98121931584675070592 
0.99988366471652723177 -0.25783367313085203687 0.94479212348167207480 
-0.05687867722794999470 -0.01737539490661752645 1.24159785774986652918 
-0.07539137954952629395 0.99448723357273438594 1.86774291888621868374 
0.99971630950739764909 -0.18179352205250298713 1.93778887501758489975 
0.95931113544137291971 0.97850692606850664390 0.50690046948613376454 
0.95030974374571730579 1.00631721583134647879 1.74824398225530130979 
-0.03521837883273601366 -0.02857500743346146066 2.38683961806018896112 
0.04184499298948757967 0.59796497464258269172 1.97672245065561646982 
0.50345262731297213410 0.96202152616247105232 0.97535009200094813231 
1.04008309238721707857 0.97671893975623991224 1.54921836402126023025 
1.36428448867067153571 1.01879183129919126394 1.03927595994265664636 
1.80832231269665832940 0.94426276286641441793 1.00144145686784113991 
0.08003601483265210259 1.03518157149619782764 2.10387997910949708924 
0.04339884934077449519 1.33853486005623234512 0.97758899765622320199 
1.12439675482010748020 0.95594012281266760311 1.93955507174844687945 
0.30623494819777247189 1.04811206674786605575 1.97363173628311749930 
1.01989995199784511115 0.58942742216716204062 1.03790214796036917022 
1.08340362829841185821 0.96591896010251454552 1.90325015108088702043 
0.04818404589251940040 -0.00429559898826003487 1.54682995141753898416 
0.01058209374489728523 0.05331015013699152982 1.79782938073019105119 
1.05976319209659264331 -0.14461371155243679665 2.03125642833670783105 
1.02921272971571631238 0.96219113620683294208 1.29581719158266350789 
0.10134425859714146778 0.90946720921610879618 2.01288821665982098352 
0.97056971074926634557 0.72912248284499714401 1.03790183336997920982 
1.24881572511697203076 -0.00164481955855296826 0.94552003811140850065 
0.30430084375294041976 0.04511474872515944951 1.01510581582291692371 
0.98696035180371188833 -0.46602063915335617539 2.04063073638157854717 
0.85923175498515602655 0.05445237123210784624 1.03985426207446884916 
0.05164443332978712470 1.21142531123352248379 1.99577477021006521873 
0.29917493252295390693 0.95319015826483355358 1.02395258380658771280 
-0.05794048201733076331 1.17310519227493670336 2.01101040273814213322 
-0.10193525053947864734 0.01127258233243194629 1.09069999538721496002 
1.01909043023087875213 -0.04017068572164906454 1.51470130298463434571 
0.99634578959927100339 0.72358493632754350422 2.04963429773065719530 
-0.01889546711464789794 0.91509826279217831857 1.10392216222531458492 
1.03487273575100457990 -0.04347514387392689000 0.78162118534544233750 
-0.04462412723864475628 0.07582526174273558628 2.10135277804795084222 
0.04489067217464465243 1.03899262994642938018 1.81470339262736879427 
0.04377420577161257598 1.01430758437849588560 1.36876147923081292745 
0.00064800988128862547 -0.24342121389223111971 0.94378885489800579123 
0.09448713756827704924 -0.02024513474343597047 2.09529393798771934598 
1.08084468094248364878 1.03537112894928995388 1.89826133890004489224 
0.02312086053610060143 0.05132847403364951266 1.18200345835945741513 
0.00556953271854070467 0.95244802739367839806 0.57198665167092477279 
1.03996241771451480851 1.03320877635959251784 2.31032378362956203333 
1.02983038557429851245 -0.28677652803904302159 2.03668565194018880149 
-0.03918217119656126207 1.32303863060453608114 2.03086146859883953653 
0.06653608223218392126 1.09494642187452284610 0.94407862812786369489 
1.80006114724520016601 1.05430439005014142673 0.98986092547614867865 
1.86589520127078611900 0.96693136159220005599 2.06351237042208390804 
0.99311950446962449224 0.89099909224666229424 1.08820859055157925788 
0.04292137817801200406 1.01692538110203845036 1.37581610725563785458 
1.14592661355236047349 1.04188113131113779808 0.94653010028551498589 
1.04096751686974764439 0.03545115570275109845 0.73352331944896587146 
0.08524185500827698159 -0.05757004953271397524 2.07553220214419553713 
1.45992319628105748919 0.02373510429431811494 1.03632980956282350071 
0.13712177563935654123 0.98554234754699410193 1.93009708043371674968 
0.78133186581453273334 0.99776964473912299614 0.94255302042250765915 
0.98483428588282206917 0.13933775887826693740 2.06835289753833517779 
0.95345840995175878962 1.05649093397258031501 2.12649827690647308387 
1.04487626531125910034 1.49873044369723507074 0.98236491479691256945 
0.90786741530335446360 0.03823401257415987020 1.91171703999937192542 
1.36181584355641294160 -0.04522512370404213611 1.02411926507832529154 
0.23964952915383361254 0.99586849781780328872 1.05361031707134622515 
1.04383497257246138368 1.40814719193165704958 2.02349108186380144403 
0.00564772482297059685 0.91579886244880326363 1.88806888051368360060 
-0.05014812480726570099 0.98660881816703249747 1.51797039470897887625 
1.04613481117582240998 1.35551173755978870972 1.98261490896991698918 
0.53025116371516556324 -0.00757759451009254632 1.95422519445999576249 
1.06012330109098962261 1.03522790502530925849 0.86367466737031794999 
1.04014166277417574591 1.05251806483067977815 1.14817331588036020129 
0.92036124269826957711 0.10079386615623237011 2.03767449422073720910 
0.04226949316169845844 0.47615556969071037852 2.02504770918848642225 
0.32247192625342796513 0.00748903309192046340 1.04448021897282505854 
0.67284193812453796379 0.04360203978367373917 1.02394163358752599002 
1.07950463584937494943 0.09917316936456836707 2.03931239131483765803 
1.04238595802331635021 -0.47177249141023891443 2.02492565407095082008 
0.99098120959281565945 0.04389076102389401907 0.51576618429172227387 
1.07887032272098370989 -0.04686766300757169018 1.90687345646507822039 
1.12156408428941323230 0.05383484042561303279 1.95062124722884644434 
-0.03402967858542009505 1.17307433238426717104 2.04902094787580146829 
-0.05971865077196598232 0.02845312493326295628 1.16163368658378396425 
0.05130834668715485158 0.06850778276309706094 0.90158243229414136710 
1.01703672085621654730 0.04098084480503506183 1.44743097468679060569 
1.02926276756200607565 0.96801004937821810703 1.45765396155004900436 
0.95366094592861616608 0.62728963994897346534 1.98825978247073442695 
0.32022840942349073412 1.04189028066185729315 1.96944556387275904186 
0.13270222915330512348 0.03570633272236699990 2.06376653307591872988 
-0.01912815157222051698 0.04133668618267680867 2.35643269213250361460 
0.95619554911262649721 0.67723324824150588075 1.02533719368178521947 
0.42397190348859425946 1.04227156876776216876 1.02268554259054522682 
0.95701456041604726632 0.03563392634602795955 2.22730407732038448998 
0.97134399337565391352 1.04553067933537979783 0.79141513378540662149 
0.20781748804272498488 -0.02374516460445499910 1.95301747274653969555 
-0.06020859361347738470 1.02409221176715514723 2.14641092427855362246 
1.00979279186233239507 1.18404580433923878324 2.05775138592035178320 
-0.06265525254592289872 -0.01505313170366108511 1.15417934554646040013 
0.95932854062848527121 1.47310928730571122358 2.02714159444393660081 
0.95643298389871067577 0.01141002006444858524 2.50706867226225771361 
0.05635224538941970007 0.16053169807555042747 1.02788088364448282341 
1.03827649092959495292 0.02864291964930509859 2.41334763536325924704 
-0.01262036279965613600 1.04308020885439245440 1.59933929967448440479 
1.03599621012818876586 1.27276072936788620105 0.96662549099792771656 
-0.02502423033400059948 -0.04089631935601838186 2.30259080747372069098 
0.92072371088167825892 -0.02087654686392150655 2.10780623443329284683 
0.93585462260184570926 1.14668001130964536394 1.02423815675190255092 
1.00254283245616693243 -0.04877153309359697625 0.59968356552520574176 
0.95996076435808042060 -0.04503131064142810308 0.80601213620733191956 
0.47695924965718911048 0.04298800463584277753 1.00892145296406443578 
0.04261098774580824450 -0.45938896963562392273 0.97857964300920541323 
-0.01577402168905167948 0.04136360571818775006 0.50930289621848301440 
0.04212329262878816705 1.47930560008745004552 1.02524163613355345781 
0.03914755915325125735 1.02622256992940497078 1.52354959916596821579 
1.22186389255575411639 -0.01939802056407906317 1.06164503802276577460 
0.05579053044729655880 1.16339822876590703871 2.02617499680627544123 
1.15339186213331879038 0.05150225449450028525 1.03485348730445370080 
1.07167465444754617110 -0.03826719043792966429 1.88838897819341400286 
0.01161868250633790040 0.95460634320878656744 2.46608109661594010475 
0.93226258742708889571 0.00466309215014579833 2.14250213979117098972 
0.95647078769577886792 1.22431917825620573126 0.97016216670399502142 
0.72426602973396170260 0.99747912240035641052 1.94758012567861116260 
0.11618065127772385370 0.03522889779855586240 1.07245341806990568401 
0.95022191398672950502 1.00795200308278287693 0.75514755766837815543 
0.67263261762776838104 1.03706434399017521919 0.96955449503745938511 
-0.04170536551018626248 1.41875513921293117114 0.97678344727790944457 
0.16004130193060334131 0.99937615396601486850 2.06578372292000667088 
0.03553624054183110448 1.03177284925621859379 1.42700507841860435576 
1.38703760352571814352 0.01934310693336036349 0.96166401157943981470 
-0.04640548386740825371 1.27772150254907734812 2.02371683457379836213 
0.00285461224840268023 0.95175963359598436675 1.46200886429170551217 
0.74168396911147393968 0.01949951959317165404 2.04364563621672523652 
-0.05328566523334782312 0.78813151695977623490 1.99115379957868676719 
0.97158331698964073286 1.20833058879102317462 0.95467682710398549251 
0.09322954630351729111 -0.01947573193121293275 2.09664469221800375820 
0.06407201829264404236 1.03664499965878809107 0.87107450455158152991 
1.02136595655532902427 0.15887506479187010755 1.05812702110585266091 
1.00596300282527129077 1.08535825288178533476 1.11087194067576788825 
1.20348994582561164002 -0.00633243085599279228 1.94160093735747296684 
0.06240315544142024246 -0.00501168444134832136 0.82883166659311180435 
0.04832696753117084187 1.28434051016121086874 0.98999662523494658117 
0.05385943992026432509 -0.00463933415753265202 2.23657577209861102574 
-0.01485797568266304311 1.07432715503755016329 1.12521686233885165329 
0.87046568279371427934 1.06734257888950301307 1.02987211705933123795 
0.94605236292025507439 1.00297906484748056144 1.79343894519084634531 
1.04143898768075904293 1.03516981990010492609 0.73912151864456665518 
0.04444495633531653223 0.60089479102375420450 1.01167274669128604003 
0.04363295699018686358 0.98345303590144361738 1.37286916889220833582 
0.97748870848258484489 0.85814306809126883469 1.06526599262545706992 
1.11826155569319318772 0.03748162990237635661 1.06844732002493270073 
0.97740054300563594669 0.95863522334498041388 0.67326431625039329099 
1.88011543341581544020 0.93647651374646301292 1.03860127659290379931 
1.04572470946476747677 1.27048939191632159762 2.02529224771325333521 
0.94384803056148902645 0.15076880556110727749 1.03171193617991008296 
-0.04393208540451045557 1.07231964961225378907 2.10397289752329097468 
-0.08130928795891641248 1.07836269670548867694 0.94209961224199989527 
0.03286035122719634105 1.42249768230900830446 0.97005866532175821781 
1.00178726504317983093 0.12119775656347503423 1.08006803128345230114 
-0.04114044280927682540 0.07485318582479848215 1.10451068718415457148 
-0.03846776973650058162 -0.04435887851671576482 1.78808131639170841964 
-0.12625457059563360840 1.01877891795953701148 0.93220676969219629093 
1.00089616090703592555 0.04864558912988162925 0.66559851583275275733 
0.99051318795165432807 -0.04702568258716358085 0.64042969945714223190 
0.01900066746759612041 -0.24079915144238692171 2.06327732378645878342 
0.85636607538825237906 0.01125460042839319594 2.06780336277714837934 
0.98987278432351522017 1.04349245161644410551 1.52139448861511006328 
0.95020874893377249570 0.79593441807244191821 1.04842460835730544311 
0.51041762304007798345 1.00900963705747326316 1.05424799162898175098 
1.10653465965447384001 1.05431152967681329713 2.06255149737263776544 
0.07752806631618182343 0.92230517079579421580 1.93681651406734944842 
0.74144342806876106788 1.03848867880913586781 2.03385632276507344329 
-0.01808909832229906728 0.13089934433251138035 1.92979992956626489331 
-0.01524666958161299823 1.24399125199142601694 1.95220985680506142756 
0.91619145313970162814 -0.00744740326333568486 2.11751405439867435021 
0.00015136674209326344 -0.24338855490644847879 1.94364189430651546076 
-0.03102775210478789236 0.87594600239818043441 2.06794136721456611738 
-0.03960908797771868495 1.03607111557582620698 2.27868215456100697835 
0.03943880934779865621 1.03121681707430901120 0.66299244377794530614 
0.52286776218688924001 0.04395865541920968012 1.99563341429605678456 
0.07727123732804634659 -0.09186693786091391922 1.95107776758743800549 
1.03958205403665138178 1.03169617052770190568 0.66940959567152880094 
1.01834389449023809959 1.49939921571945378176 1.96233468537893163131 
0.98763121007585341626 0.94231882640238073812 0.83126843747808198959 
-0.02461286622613946887 1.03812773754656806346 2.46406434262245577216 
1.44235473490876109359 0.98240475819327599538 2.03919915533344786596 
0.02709678272608569832 0.03991360861376873348 0.70295603813855422892 
1.03930930633946605468 1.03282417176126339875 1.67682267424485198504 
-0.00393314173268677347 -0.21908048387994433215 2.05362092757981384850 
0.92030294564259207402 -0.03890954969765161864 2.09745663455068864778 
0.95175763820365666401 0.90454883415132836255 1.92296383202122833644 
0.98469581808897377329 0.32546139458576972547 1.04192597317623558695 
0.95265772966174822045 -0.30345018607886464768 1.99702207995933367357 
0.04038927609981057820 -0.05248782864486197658 0.84595728491390120851 
-0.00710603742601258193 0.92413815643274010991 0.87470886848277873415 
-0.02479367549408968002 0.96446068238081805735 1.49103222500027965403 
0.00606433491174728292 -0.04712653717913298929 0.49718156088808385107 
1.02420142773555067350 0.80617289770372291269 1.04893586537958705129 
1.24299540573577638192 -0.04465662584097515597 0.97182520854126386300 
-0.04025202434880122138 -0.47172614134103085792 0.97456357254953529523 
1.09965023631192204689 1.00667385412153387314 2.09384996839879011787 
1.85168139565141798286 1.04172102753397766151 2.05073496285998357891 
0.95068467280785473594 -0.05032653484771425906 1.13452231804376202362 
1.69044271353271002845 -0.04882220444924554453 1.98346105137696127052 
-0.04730400376690792330 -0.00608059825872414930 1.51360865598901828122 
0.26506302624923233635 0.04134574894046840615 2.02988818755717304043 
1.76310598732040046954 -0.03095663802323452701 1.96149839111469193043 
-0.04675459743929306217 -0.11519530810868233717 2.06427518201964987909 
0.91130264777632574713 1.01420516723837761397 1.89915947319346067879 
-0.03910291117062941746 0.03514731481576489208 2.30370286177445660059 
0.94770583310506262276 1.15549156207034720012 2.03435244950771609851 
-0.03272159235303542107 1.14090438414834816072 1.06057366278966713757 
-0.02641736440873029140 1.06802806517462833824 1.87282590384911240555 
0.04639081836949153492 1.00522022372668473622 0.64345192093141356793 
1.04144850875973604687 -0.02831727763693447225 0.72817364818726271203 
1.40099457168778096516 0.99874191611624285603 1.04574431058591987842 
1.58001742513224785469 -0.04646776058648682123 0.99684785898401362392 
1.72065076593084809176 0.96477908613389307124 2.03323478392551804106 
0.95789935911603563135 0.53944700687845603682 1.02530332105125254749 
-0.09764783866478131402 1.00262694960463516480 1.09659304615280461803 
0.08004772971459672704 1.02059318929767695039 1.11063416902210154724 
