0.99638197923635352105 1.46463322142642837775 2.05948536982900876069 
-0.00003044985418556440 1.14209562415168086602 2.15896651250414617351 
0.16473005864996018155 1.05116956353138890634 1.05587035693002895265 
0.75426077789499323956 1.97906269004768953224 2.14334023107595017521 
0.45820826955123650226 1.04078151130196006058 1.04107354699760423777 
-0.47131128234303287794 1.95535820909103508214 2.12865680073590723964 
-0.07901860495191168066 0.94109982688632931591 2.00335028477248044965 
0.03167360439950867718 1.67692523270945614833 1.00253556654430608930 
0.96645627496041908167 1.92571880962564967454 1.90051566174751540572 
0.04005339775456086271 0.75690922325807841187 1.08148734608753938069 
0.93022088410010317361 1.55504847649825261868 1.01950017465014997065 
0.99134837968961531107 0.48311734038721004802 1.08650602293741571636 
-0.50760272039937193167 1.93448467504473353706 1.05001435830905620605 
-0.38498359293586958962 0.96011380995473738498 2.12877107581905811173 
0.07072843739683687403 1.02600145341625648143 0.93056389055912125396 
0.75109527923710650565 1.95755396744887177896 2.03855482584448521877 
0.60489581961267213650 1.93793009177970243506 2.08766670907126261625 
0.96604025437600260506 1.54670031064767843354 1.09088640687927140860 
0.91143118054908756065 2.25779829872842396910 1.04410812615452197605 
1.27651369558003691118 1.00181653140442938899 0.99414385414981165656 
-0.50817624144145367993 2.00568006080783867162 1.00091624887661434506 
1.02986699433235595613 2.05494992770066886578 2.16909723157906508817 
1.03782030916740586335 2.08892555594506568184 2.12704288149613107706 
0.99239837687179299763 0.78080100265872587340 2.03981078532978932216 
0.05028374377016973928 1.89686506994195069886 0.96298745847009026289 
0.94622954091033562030 1.92870511376994269170 0.84908493371285065354 
-0.41544889815462204830 1.04141574434170225416 2.08359629022246206631 
0.95075505228986667561 1.14207801695695443378 1.11567104090338897748 
0.98580330779389802043 0.56238567178102916166 2.04603410839868793403 
-0.03969574884198218134 0.97000285044339162877 1.76512515360378596796 
0.94015182665436092257 1.56508118262060103021 1.08607319503357713231 
0.01715805733626027743 1.45562126713439266013 1.00106804937612814399 
-0.29562240625634778057 0.97910412888153974809 0.99742465904171329072 
0.91712979880241640718 1.92605656390758239738 1.96664730319355540722 
0.24747692464036491478 1.02960672912649453536 2.13247205945343409894 
0.04659371733371647784 0.82340555666688830527 2.12795254188154503439 
0.86822289534757945972 0.95629263634023364826 0.95693006875093356012 
-0.24753250173237761889 1.95773336596494318407 2.04092945966877703512 
1.03095568840405116262 0.96028048115868336332 1.95932297187934811866 
0.97074105820783740395 1.94020341083869385379 0.72197041546061124784 
0.03117033325638662866 2.10066039806437832027 2.15553140385757924236 
0.19185572450871413164 1.94181708358840898754 2.05450183714674139424 
-0.04935992746961433836 1.36934122698153748487 1.04370142783319908020 
1.21578328042893590855 1.03342209300711784792 2.06265601026015588104 
-0.11862786605069655654 0.91231257282132005582 2.07815305333948296962 
0.17092187294185431923 2.01710896985137067006 0.99491727420686626449 
1.00632949042667863004 2.32376019891432328279 2.09583725315191538030 
0.02170603454937871518 1.73238332252686966228 1.09198813209009926162 
0.99549221522389408356 1.04055410441495244100 1.24600634635024642982 
-0.08490178645489761255 0.97819222435767660961 2.19519637932869438046 
0.92380108559099038956 2.04548776388742981069 2.21639751688624109249 
-0.37665814190833202257 0.98573605978633760394 0.99783905714422926891 
0.77775165091951636853 2.01714603264273772965 2.04369581208632755676 
0.99819394785526671665 1.24212034943841898027 1.08488789738031821130 
1.03966954928108412659 0.87967879106711766024 2.10572286916877793317 
0.81066714419473107078 0.92563743725584080035 2.08236760163643364052 
-0.40889131651984444993 1.95619550176032253042 1.00276181678660059049 
-0.38599874419998214670 1.97480530736761528132 2.04192598556301652124 
-0.21364079925989054587 0.95141758587077274179 1.08366194463475862264 
0.05702357204375926858 1.14373769020735882584 1.01986579709639291202 
-0.04475027842270402206 2.28182992351098645756 2.10238165436426083232 
-0.11571046017902533731 0.95979486752945164518 2.16471695150490495152 
1.00836773041706062592 0.99491700727872622867 1.75537324036857578236 
0.12879290385516606321 2.02268486580777295814 0.96692907686011619894 
0.07385199813816112346 1.92063898727312754033 0.96355083901995419726 
0.04825750106540786094 0.96306119321889605001 0.85111134443525227056 
0.92843306347662779565 1.91267725839276181432 0.92854470675293876436 
-0.05405775361946675572 0.99675679941293537922 1.38330695407830739363 
-0.01283876636002024424 2.12046192799030608356 2.16396463423989260377 
0.93111134216741120451 0.76529492645917951421 1.00231738680910398287 
0.02795539213765366876 2.01858375607137752183 1.67979118745657718392 
0.01903840521845914097 1.30355603620363114103 2.04200648952941854475 
0.96717213641917221256 0.87718162131621835176 1.12830803489801945183 
1.02865759684313062827 2.12427240965460306654 2.07262627603220961348 
1.04553030646064293308 1.00575983972037108494 2.19985644531157431558 
-0.01387703785777609673 2.04137860646454250002 2.28782064066188794982 
0.99882446721732764949 1.23154461501765810638 2.12871978521877514012 
-0.51516679312849456007 1.00853256541092473064 1.08947651362472086589 
-0.03549216381316725594 1.61131487447854215844 2.11609190457264029206 
0.99233139398275016507 2.03912297957060673070 2.26971289635656603423 
1.00157341984385928058 2.36291781041576109956 1.02448947792131184187 
-0.54985876506096731386 1.04178673534369425902 1.04366938016129018330 
-0.57165886572194524184 1.95011252812705859760 2.12441085327437928498 
0.70310177350286928721 2.00338079217190045966 2.03919065292624290819 
1.01229265575575810843 1.96194239854937002576 0.81433645304748802918 
0.90848216311430629588 2.11976711969373221578 1.08735758026896767170 
0.92498355791338493503 1.33490165029677432251 2.06941803647489308560 
0.91829172348333387710 1.52653310108195316985 1.04630843200966960893 
0.08906107147713136774 0.89811658299662622262 2.12571101609894252960 
-0.01355675304020203739 0.58048481707144339303 2.13554028558335984300 
0.00562476846517872848 2.04074044574029533905 2.29115314454347895889 
0.94510348272002542291 1.94336426161463760032 1.45112678082542645441 
-0.46030413804261660626 1.97344847161866265850 0.99888468419901366158 
-0.29608715000447510812 0.96213078912917371355 1.00113461655523861005 
0.90898183882608518669 1.78662054880273335478 2.07584300916195418907 
0.03356405791816496204 0.94503130243038435676 2.29220798581429541230 
-0.51918313488087874941 2.01549348414010331965 1.01447033078235726578 
0.93365122341620521151 2.41318401356326672769 1.01341527302548151113 
1.07412061901612898573 1.99876988192954052614 0.95952467320052226007 
-0.13126831356028773046 0.93098532335908512625 2.12551520415491079774 
1.00177819510401611147 2.03324413775251588987 1.92911788617946577951 
0.93269148071240104425 0.91621715154083260835 1.15572897151212283795 
-0.04189863045030905314 0.98063854180434684160 0.67403060320349772461 
-0.35356332744348023533 2.00141681022037243309 2.04068509198825998041 
0.94960777060408263495 2.04808555113798673730 0.88381902850823890194 
1.33805979885912318395 2.01015448618003489401 1.08557359761912719520 
0.84458809556445058053 1.06535906554675752211 1.02807217971886344365 
-0.55307613390277154952 0.96000777099277190274 1.08493668841996493413 
0.91453419453540518713 2.18165267437172527565 2.11797235640931535983 
0.92521130364287984538 1.01731015377600653160 2.36238089960445396542 
0.03125977542957686373 0.92319828242114310157 0.91855716177430402070 
-0.44460553035387184728 0.97339424946260766358 1.00102395189839898926 
-0.02700873792866528844 2.01740985147434814806 0.70539474337479657340 
1.38705061977013777152 2.00162997542230547410 2.04159916682431852308 
-0.02280001240278630228 0.95440956075385174895 0.44619106392119206594 
0.95357492368571239449 0.81968009726573676232 2.15396614137050157467 
0.03992920204566145770 1.96172925516762219900 0.47498275927349759007 
1.00305193671385151077 2.00381441450157815609 1.49416811977354191399 
0.95394882622384435944 1.54427617065695477194 1.09518894410347034096 
0.03454842964486135037 0.95880817596472600606 0.63223362062687349372 
0.95638783586634379397 1.93654297033180466947 0.74218283508801197179 
0.91243919495281422538 1.92709127344505826152 1.16343896523388901088 
0.04311951271877153408 2.01200038678246384549 0.56853973463177254200 
0.00529404406766551677 1.91789535151825218939 1.86212919602381576922 
0.03314044700207328942 2.24485143492854177794 2.13048087926169893436 
-0.31848360756604532362 2.02560324374830535987 2.10489630344012113028 
1.11070395632963458965 2.02865111267303532827 1.09157715790510589926 
0.91243991268221091850 1.97854418986726687812 2.32618493447450580547 
0.05505382623479178339 0.81873325296721655153 1.03038691057328479772 
1.33819675309329144675 1.00114075515556355533 0.99502540279819995384 
0.04347230199337731582 1.17479135229835907062 1.00593413614997317929 
0.93183575283944053425 1.72632898829403247376 1.00405283563912184341 
0.03693819097044291622 0.80096904283009218162 2.04320804118887711098 
1.02673216546602841248 2.01101996410516470348 1.94714383547357372528 
0.35104144656487251686 1.02089974615319456497 1.08377776771087019902 
1.37530467688781476987 2.00746944810897698375 1.08714660762344950129 
0.84237987268218661452 2.05465924145222045283 1.07207681761565609690 
0.90784739940397984892 2.00486440330775783636 0.85899180526740881447 
0.83010875914268544840 1.92033052035793372347 2.12388046929840257349 
1.01421093174982934748 0.84397887697957019171 1.00340797841353235320 
0.78621311593414755503 0.94798369056300368918 1.08521330556128825506 
1.16764997961101846258 0.95544984875053129425 2.04399144252569664459 
0.92169871090479549292 2.00199817524367595922 0.64703282930012862018 
0.51331776051421218465 0.94802299047008053989 2.07860829871077079645 
0.04477844163360152063 1.48352730616394046237 1.04304028893278699641 
1.29012167038867486824 1.03322949545383524494 2.06886474854013036051 
0.45563335839113722203 0.98911760883708788050 2.04134542930212425915 
0.02048249640963859669 1.09231312051378814942 0.94861457848007391114 
-0.05342470238487259659 0.97060109621074430741 0.85664640770422462168 
-0.44306211925649963135 0.94785478344420848185 2.09221355148361354281 
0.95799681263150737731 1.13356773872277472037 2.01786207067115075375 
-0.01835204120924030166 1.91789002111537443263 1.19494705803563627811 
0.05764223935397400078 0.87995886517198562693 1.09660912806695631794 
0.99172409173681919103 0.64798890451224822051 1.00140463206960750320 
0.09096154410159636161 1.04688848273152745882 0.97220408385340462143 
0.22517637049623145939 0.95593789939820938972 2.04770215694465340661 
-0.04092658863272740505 0.49285224032192503918 1.03159297630978152860 
-0.00781220537634553375 1.04086343717106366569 0.59937706771922316662 
0.96555046131420418920 2.12080806228727558604 2.01861932637197938334 
-0.53721296164142640084 2.00630459210245692958 0.99698369869787106801 
0.09945651782660404339 1.94456675997555916702 1.12420822779995055463 
-0.00942095731099409223 1.04068445833970191217 1.57341193081956820521 
0.06669111300333954717 2.01062306406236945833 0.91177439885645950035 
1.01113764455367727280 1.15673468457703898515 2.05557040422102144106 
0.00806056082666103263 2.03098018816295899924 1.31545571577928055440 
0.02090537378199477242 1.94644659428655941724 0.45096696962949001097 
0.20515940690422074244 1.94894709844565472423 2.14180391218829413447 
0.17149224209610197667 1.04469236220092742684 2.12347401110356814868 
0.98720529473481311022 1.04210419219700023419 2.38079193430440883006 
0.36028977569525066915 1.95530854391703234896 2.12959240510035030525 
0.87550095727020382785 2.08366256724813325718 2.10304047782335334915 
-0.02488295310372293928 2.10744886190450042562 2.16406483977949415376 
0.87890189365374271624 2.08908148125976245169 1.05846389789296102535 
-0.00804134255769059676 1.28264349319202275446 2.03674196498655790677 
-0.00150223571595606113 1.23558355018366472500 2.14235434473788766141 
0.99844068144819875243 2.20060795456394631131 2.04713728659186511294 
0.95090147563794913399 1.04031932044316466346 0.57903142816103225776 
0.25750874315427080274 1.04551779267205424695 2.07951782858505884732 
0.93897452542792481101 2.06792990666172338265 0.92710003350979963699 
0.07725514560597837588 2.00671684429186436560 2.20408457485129138931 
-0.00716424026024178179 0.87427674912738062574 2.00440843519308797838 
0.96077481358705518755 1.93140997350240306574 1.62163604779911763032 
0.98023990973062746779 1.93587833852244806110 2.32234671466425357522 
0.99323741713567381684 0.95429360313170408237 0.67704373023986419433 
-0.02853890745165225951 2.42385191748574158055 2.12557417758682509756 
-0.00718804254245962795 0.94567843197583689729 1.43045817585969126107 
0.90595730602143464960 1.95151711737123778612 2.26346377032186696354 
0.97917912657069217097 1.56676485494469752702 2.13281238298154152133 
0.95336876641323675674 0.93746701764814488467 0.82986268996873557846 
0.94514320183882460924 2.04256666808409104164 0.86399894760423789908 
0.31891613050642753091 1.99242188445112233808 2.13739517858515615245 
0.14240162756208818440 1.92639230396979832527 1.08187677179038765907 
0.99980935275349902547 0.50660921880850240395 2.11517907103835023364 
0.04282483878483889922 1.20317034002283973493 1.01521846924807923607 
0.76666635239118841039 2.00615706383051772832 0.99160710525034689855 
0.10258469305891150525 1.04158740017565798475 2.15796792527037606391 
0.17064408053988786018 0.94335617533058013784 2.05767833872759053904 
-0.35105873934337616937 1.95701746847186486278 1.08751400044540069700 
0.03921420211110532295 1.20186910806793334494 2.05285372391512854762 
1.01852792485137322309 2.02097790948901812058 1.95501990713068796168 
1.13489653806839574379 1.04078133583345566748 1.00544204090606759117 
1.00372759313162096539 1.00790831353971954698 1.46055179744754526361 
-0.17935962716591055677 2.00786546500456708486 1.09932162652781428847 
-0.02663660178881089788 0.95697776178691396076 0.55706395461993074569 
0.03633005346027687321 0.95821553393362435269 0.73626812183117884558 
0.95025410488575434709 1.04049928703443272937 1.69229829845966572854 
0.07233885515029456204 1.00152730445887749866 0.90719147805948674446 
0.98106452322937465205 2.14611710017731383005 2.15172529518354016531 
-0.46629198879677369316 0.95970565138943286776 1.08436331152657206012 
-0.56112169873940431764 1.93988248485257774867 2.09181955590034585057 
0.01357682309827703236 1.61487908106941335795 2.04299015864958288802 
-0.28908446294721035219 1.93522812701309487871 2.08600211903697196902 
0.97255388768605877114 1.09974031841774411156 2.00299645906625745084 
0.99659754638928665926 2.18540112456474000524 2.13535879692686325626 
0.90382095831118214324 2.01677323186442070124 1.95005288262251497144 
0.23952695102746898725 2.00127949058657295112 2.14122795219754991081 
-0.33979710250184530507 2.00360259514687122362 2.13489053071785450655 
0.89340030773078860094 1.87847549971626537335 2.05142012114085225960 
1.19053329408490737862 2.03049059043517754475 1.06358340194255274191 
0.06357611114879245517 0.89652533639036113833 0.98422383315113515234 
0.96261322556589856703 0.94743437196890556429 0.68548435045302091861 
-0.37140743986159752144 1.95531664202850330447 1.08586082156462659931 
1.08122861119692337262 0.92199323127192789329 2.12401593698555624101 
0.91310676735102502821 0.90402973202550274134 1.12429007059221208742 
-0.03719165963656956980 2.06698335181826964302 2.18064478372581316279 
-0.04478734799790940607 1.03955483105242207920 1.93251205739769926772 
1.24921333597549133465 1.02751860672295958210 2.05918847293926043918 
-0.01987901588998418345 0.91999518383223888307 1.96248196861592272278 
-0.00910825000259731128 1.52638620029976768144 0.99538299901864968344 
0.99942373708400600307 2.28682143953755945276 1.01460313371209465139 
-0.04600266688636865664 2.40784295108215307124 1.04881221157704462854 
-0.00963242801883812914 1.04093148774835508874 1.66024417094738763190 
0.76941660545556922468 1.98839578479271805733 2.03233877084782044165 
0.94141734586986991484 2.10455703453032105799 1.12243788575049885381 
1.00214362112314336883 2.00480567236097995121 0.47669101191734691847 
0.02636109848620470444 0.94421657476502196538 1.25470982149317134002 
0.04296777137798172413 1.00800956233822547325 0.73309337649900363498 
0.74010637588481054117 1.00061572346377647413 2.03305453195437424441 
0.95583746673134695193 1.73555691934115641217 2.14229688562391507034 
0.04132859607737836977 0.98286324179764983366 1.70664124125293836798 
-0.03257832856234816471 2.04586394774413404818 1.18124474400571233268 
1.02876109875947707728 2.12678603721808512361 1.04801752632807088084 
0.58504760866972715938 2.00191499889348589747 2.03837977415586824037 
0.07280021988488011297 1.96791299272392250508 1.96160686826013508366 
-0.04926346868037825150 0.95610696949080820062 0.86261026534735130156 
0.99470574852548099276 1.24235437191816067148 2.13205521246573637129 
-0.47390142496111159476 2.01932064420519186143 2.12137133505878194839 
0.07633132905582200312 1.88196536752144694127 2.05336482209710080582 
-0.52057045084682107561 2.00078523341747116504 0.99746188919158806918 
1.07079657826307106383 0.92033347392148734389 1.00352046988900478475 
1.14158484417981131998 2.04179160783880186969 1.03449897246160804620 
-0.03168154746656817733 1.22650805611269619888 2.13037633120465264014 
0.36611803743964654867 1.04131926149959297412 2.08668422236488249055 
0.93104369568337053131 0.77196248799804667584 1.00497443638887995476 
0.03216989776964425396 2.04033422628766558660 0.87969935589971259837 
0.04468963309300558184 0.69891813185365725403 2.09584771243781187167 
1.00511030610058327284 0.98820704050624885717 1.66229309108416867247 
-0.06666875331083475797 2.06337612826536753730 2.16331340114854464574 
0.16775496866524422512 0.98742717443952121581 2.15209709692741668619 
-0.03847924205003659670 2.19908524240116909354 2.12755589033403680332 
0.96202773991256607111 1.22153845891327850204 1.09824737140069861319 
-0.04263369720447142408 1.26456402342901186309 2.11226342280085166436 
0.98891476327622973574 2.02022477607323391879 0.51723601446775369084 
0.63027225361168470741 1.04035168652781462306 2.07789135721523621214 
0.03896604924364239358 1.39614647771437083712 1.06361581700427443309 
0.93375341394826394392 1.67966399945265698612 2.12735996822823514307 
0.90964049236559418876 2.13121612573369034749 2.04969917913624710692 
-0.00362373121595923556 2.05774496358120906336 2.21557588777812020098 
-0.48434460076631047354 2.03830031211415185766 2.06065986612112839182 
-0.00984686475246220744 1.04070351380042436240 0.44540997025073936211 
1.04407276768577972348 2.00319347881175602311 1.15852545928104233575 
-0.00028065412438721361 0.71484505157169297984 2.13988464699280855896 
0.59932469461209725292 0.96237994171868124216 1.00265515704453034296 
1.04425791603757045500 1.08594348580887234412 1.08526730776935775857 
0.92247196621404048411 1.46796716214807321244 2.09688009110506135002 
0.03141472233248771007 0.80093962583394762156 2.03809012319548754633 
0.95255487994629162163 0.87747221726227397909 2.00208408175668450824 
0.83700495431093313581 0.91743591916375566431 1.05057717960489083175 
0.98391304260823342354 2.29900068357425846344 2.13404342562038928932 
0.00318326752543372955 0.87195264314676790285 0.96343425494822454436 
0.01306142699663689205 1.44514887421801097034 2.04389880895100395364 
0.94916875701276348654 1.04075839539737979855 1.74562457892301159390 
0.99917661964780235540 0.96476049437916022722 0.47987877833540198980 
1.00827081815749575178 1.80272792686084248892 1.08187494598881750463 
0.93001209526004147143 1.66775723830921074331 2.12426988179477582719 
0.18473703793105636373 2.01323410793103318994 0.99496796590291614049 
0.04381811897477094070 0.44384728829540553985 2.08138026664761088824 
0.99087334872697896415 1.04446429868596823987 2.28892825824283985270 
-0.05067757723538283271 2.05603030742549419685 0.94418873166093764127 
0.03789338340155665869 0.77213359439459272604 2.05170534597778964070 
0.03284962014066289404 1.72745780884267685629 2.13117550357434470953 
0.90982211799579548739 0.77865849663411168535 1.03551290250864358455 
-0.02101162470582783673 1.48701753004613590470 2.04872962434825911515 
1.03857564055970685857 0.88538688012864352750 1.08335784797391543322 
-0.04709264202191930371 1.24571239177979342649 1.02831511937800845757 
0.92683367709438313486 1.34588905903703759392 2.11391519031400143547 
0.02804344897549811838 0.56085545629486110997 2.05108488856961201918 
0.99385013124534482554 2.01591068188222211077 0.50037880793115840916 
0.54172137961234012593 0.96362087379796834696 2.05073794686140198351 
0.04053542229437730876 1.81261390343659933855 1.09001846382217570941 
0.62452229162060213241 1.93624668702320468228 1.04450401992232233539 
0.01469013223094318282 2.13939613799821870543 1.10819331275996768582 
-0.53019436244174800166 1.01621425012697685908 1.00383944507286582137 
0.51957154641919645055 0.99290185475930947678 2.04054997639567403667 
0.93426543759484326213 1.95293867813847343839 1.55697449914207597388 
0.04210952677795517379 1.57702160082170883548 2.09602010898633039915 
0.98095716052801706919 1.04337476829858344374 2.31325298945515944737 
0.77462292934001031330 1.03259930769673169415 2.04840068020493726308 
1.03102284345437356095 1.88316293946133495041 2.13901913098837193061 
1.00493978169786335464 0.73116472813163801980 2.11379985844524487248 
0.90722676094311172079 0.99875893092612144653 1.25579815306614128723 
-0.44085382220016183785 0.99726618036694136826 2.03969397501848437315 
-0.02899294120002775602 0.95826158328100907724 0.58639422923403183852 
0.66453101274878201288 0.94250139557757073305 1.04451384103369737666 
1.38314241829072948065 0.95659634019279771167 1.01378897566241210626 
0.02361920679617916796 0.92973016102650052339 1.93735170964371694602 
0.13431025169535015795 1.96288855211159352088 2.01830782710343026309 
-0.12081459847425413123 0.92542604926090776818 1.01695846749633567185 
0.90717393390927658636 1.90687828172711726360 2.00527697342244470846 
1.07008797246918274659 2.00234463268593909646 1.13108994280441477187 
0.04471967450911289166 1.99560236110460631487 0.73096587873599716545 
-0.08922208036224595074 2.07318262780009821000 1.01550026246819569131 
1.05603294309631490222 2.02316379424826431332 1.12724662709122114279 
-0.04781987512172676535 1.26966678225288642778 2.07543532540519581886 
-0.04067274607626773092 1.05866325493824420256 2.20317208259810337623 
-0.15885635264260902777 1.05004733063835509199 1.06335051997370166887 
1.11930966035559564808 1.95170778355277674265 2.03386308518169744985 
0.90767122904620556323 1.80957395296939682616 1.02681419586313649184 
0.92597747447709233271 1.27054738681321266469 1.01803954808052421477 
0.06283853783232906665 1.00469483894670408297 1.92147405948173299883 
0.40765239338819836412 1.93759141141131685515 2.08330738706426599194 
1.27068003227506709507 2.02195640421924327512 2.11649817009388385713 
0.99665913060319366590 1.04398188253521406743 2.26419603483901799024 
0.89802753074703056679 1.85108382046514008401 1.06988669495312160862 
-0.01374205438253963893 1.59291988893735836363 1.09163886803003706838 
-0.02334785529313369162 1.94348038696846003859 2.36758228278379867504 
0.29566964362471526151 0.98342886713248112152 2.04021804892028013612 
1.00766150011202193504 2.20903395619085873847 1.06687190143278609611 
1.06777335996728095502 1.90200757750164561877 1.02723105594466401769 
0.99895567830017473199 0.96295842447886059734 0.44564069411618045802 
0.46685359749428506637 2.02913853172836144978 1.04720957162140915209 
0.99469979909500239046 2.35290283865710669886 2.05397977875926551761 
0.06890163211071133331 0.86976601103581896446 2.06437673699919432835 
1.02823236000487749919 2.08937525988822780931 2.13889489068257754312 
0.94369885940367626009 1.62178010151244578196 1.08922089626378282290 
0.09036227501734445111 0.90500403901823311958 2.05169570408146517693 
0.94616952574086177208 1.04958261611588699047 2.29433529650053191773 
0.92184519419233224014 1.26470226938477425804 2.06858649097489610824 
-0.20803316649026984408 1.04022159635111544063 2.12142791962204668721 
-0.07172939729552570143 0.86368187658713768684 2.07422155527714435763 
-0.49959538874222181315 2.01322297578764564108 2.12607146440208261140 
1.00716233382527220463 0.99290522340484188568 1.41178959733970232904 
-0.45015783258070168893 2.01618240100044898711 2.12382102282646867408 
-0.01059192957408599742 2.21942301590947588252 0.99008632898468917904 
0.99575432297763255551 0.59584887974904265917 2.05704045468059160129 
-0.37663726649369988486 1.93586346015993626679 1.04526627919321146720 
0.03831897225386327044 1.40812120133656448751 1.06528565296563471065 
0.92148887238820542667 1.99637766630974367033 0.54873240061936545686 
-0.06764891259591063188 0.99412033829577906019 1.94356251482508723960 
0.64912560463871726846 0.94766669673058379075 2.09924107159546791124 
0.31832994914298679001 1.99353107028312193094 1.09332805514481279374 
0.04558532551478543943 1.88263133287143258343 0.97232841452347873457 
1.01314001998517455583 1.01396178174194884214 2.42028715301842733965 
0.91100368523638419749 1.71331506979255188128 1.04378558110411812088 
0.99389574812809688975 1.49695244326912546562 2.12744253789939863353 
0.99992367485155497775 1.95677005676125737033 1.65450969406699988085 
0.31721075405096454958 0.96237722054421570572 2.04746147722649762812 
0.00069042380659476224 1.94117542112258023579 1.57850528365474462866 
0.03388301851701027573 1.92501725682153179697 0.89663469488138458630 
-0.16924335031150411490 1.05001263035596359430 2.09672360903545174082 
-0.02493245909207258276 1.07701662967299793827 1.16646240608013029849 
0.87031961534153179372 1.08956502045657388500 1.04337138021314723701 
1.03524923835251736470 0.97174574320526019289 1.17014704676149139395 
0.95339689810270134007 1.36606956302717019724 1.09550800129575032216 
1.32566401737629191437 1.01003689409819852330 1.08947794773399020407 
0.06606207753484548417 2.13473263906509114207 2.08562987796658427797 
0.36315692818816597276 0.96003417536833313140 1.00335745133075038282 
-0.02215189966598533206 1.71580215650614564815 1.09008641147613882794 
0.04730335473982959921 1.89346205891376984098 1.12578341349426747087 
0.34917267749314384595 1.03967013767828575510 2.09439550316325284740 
1.00875951027849675157 1.97705982896516418990 0.77356214297756176190 
0.97938177269776083289 1.10916857676986646553 2.00088428312328625580 
1.07457559991837192648 0.92032832346764792408 1.01510152128758290857 
0.93406793355644690546 1.10386840523719031992 1.12362157718955568697 
0.90011896663823254272 0.99961840826462322607 1.20766188541163432824 
0.21064568695267263387 0.95295972857309207971 2.12926397520320387358 
0.17809600813182088763 1.00710022665975129641 2.03066303313522134033 
0.92083674441016583057 1.09350279783648485221 1.12128491046828537847 
-0.15191241050027515236 1.93248922533005096369 1.00404448854206029829 
1.00752137703916178069 1.96506787634412383170 0.76764617031162130090 
0.04207625100676252311 2.00114498142281371784 1.48062222523787290207 
0.15601396003286441272 0.92846736442483868146 1.04950004439841237946 
-0.49137288191233025048 0.95602510166476017961 2.12381415809897999836 
-0.04935883361173920569 0.63096548122209861198 2.08359470988483996834 
0.91869915754971054334 1.91549274241863454193 2.20398947966676095334 
-0.41677123662016807293 2.01954325647162269419 2.11578772683939053678 
0.94523225815346678669 1.66791304621281089027 2.04165335117154622679 
0.60956966738094386926 1.98371242569636829778 0.99726730048456035949 
0.89254009802337874735 0.88185012221522041109 2.12834165402134845024 
0.90788683734676145498 1.14602992186509378136 2.12495572100307006380 
0.11268807055091478730 0.96143200711686571669 1.12268719678983686094 
1.00497590951581350360 1.80313241159050829943 2.05030536211868286145 
0.34218160456042157058 0.96182888545462963403 1.08767359717032774391 
0.03880189819120456740 1.76774960835551309124 1.08422640065374165097 
0.02762089866828315587 1.02669714081194562993 0.58343886467309724608 
0.03426624883135178518 1.16044461542339893967 2.03711395865221023271 
-0.05199402852467842340 1.15295441121383501759 1.00872786615803033961 
0.27207925355533874034 2.02985868409313541250 1.05635997403254378035 
0.62833312763602555684 2.03235972622730898252 1.04463814889815309606 
0.92125187197564339936 0.89823919086474923734 0.96357847751231207045 
-0.01397148713799136431 1.67967265471474647143 2.03962765900829046117 
0.88984365460211756194 0.98902105680903751317 1.96416266689616447749 
0.89645270089280859604 2.10838674898340094899 1.07611321513584745624 
0.86351817823025767140 0.91833398843321123461 1.00125217717268566453 
-0.10130351338863198551 2.07211001249062309881 2.09995836627377752137 
0.00611526337937619811 1.61369884832553034393 2.04148501969989926152 
0.05836204843973159112 2.15833551143318214116 2.08626042409274736755 
-0.04926520943543809261 0.99980732773946234815 0.65141240559159951928 
0.90489657109491949960 1.16122461250260311516 2.09419020751944939818 
0.90292885507164899472 2.02965203991566811581 0.92643548319344892761 
0.99319066539338651811 0.60678270383755239514 2.12891794030745717947 
0.88109332364100623192 2.03268131392324402640 1.12930994711664745012 
1.00239738452000382019 0.96188121987555907921 2.37793477141773879069 
0.90053687361632772657 0.97663632923545340425 2.23905474622329059287 
-0.40054674516448179888 1.94144222053071446865 1.05452535785626455578 
0.93145519285844813329 0.53133395641611980142 1.07290478032876612779 
0.06831770517350096994 1.01928988398289299688 0.92079573659109337225 
0.03691813208627831022 0.95826686249603043599 0.75016150880527532330 
0.92488506431014783082 0.50698328249324065009 1.05943565562769070887 
0.83922081183902619284 1.00932961069384474762 2.16576499339957928569 
0.92809489070652373410 0.72024227537860441295 2.12468705681067770996 
0.94279035231813035356 1.92929484193246536528 0.85740029813532236957 
-0.04929729729356645967 0.62794094851968962345 2.08372866014535773616 
-0.01128293110228462473 2.29478979593833498640 2.13916234125588866632 
0.02851012577183162020 1.03715001622966096484 1.81066691586385775103 
0.02330435815915262929 0.70155658684855126683 2.04306568531948151701 
0.03837005305259491572 1.34409516450953825384 2.12126133179391951344 
-0.19778119840563934684 2.04103051691152970193 1.05035880356217936615 
-0.06790661619224978851 2.11825766014113980873 1.05118263074905149423 
0.03148363767524161444 1.54895807224522608081 1.08438914837167232896 
0.99749582205566178494 0.95513863831301026863 2.36188599618311290129 
0.94333594731658831911 1.88944860396722313922 1.14261062030234095133 
-0.02083031218736745849 0.95345660466976356329 1.54331451356340365599 
-0.20383825097427127337 1.04671704329944326162 2.09156293834096640438 
-0.11826154308823030870 2.05343142419894197914 1.07926901097574634569 
0.97506772696752974650 1.04089048915333393097 1.31880280227182744568 
0.14778967579901103324 1.02893507085293101078 0.99214128432421944126 
0.56917766052907781127 1.03269345504955101234 1.02707526440907948029 
-0.04645342148267947446 1.95891259096536196616 2.36896307936736372213 
0.41412247288791148581 0.95436705093320617355 1.07097336346869420609 
-0.03437194836471452186 1.47676835596116617921 2.11637636073272528137 
0.90780059079467945171 0.91773973983085110895 0.95621450410618891169 
0.03499903225794696870 1.95291113105646352288 0.67751507556516377129 
0.01439061828804221420 1.16799913540384259214 2.03144783409451568090 
-0.04887318261436527506 1.96003086273993520905 1.83556666481264718627 
0.93375172923689320204 0.95195938232225618680 0.62219732275341510519 
0.81246807857187075541 2.01740751556111774789 2.03943074380661482081 
-0.05114951413885948650 0.73620614750361823564 2.08950141669606725969 
0.31045198891449438117 1.04075424371195945916 2.07771186041564659419 
-0.03803155494888191268 1.05366485342883509091 1.16856011686767913282 
0.98302678688958511355 1.64875215148723874847 1.08919566446758309120 
-0.25036810288170957550 2.02182588330633139506 2.12437275344064957494 
0.37560891735686668946 2.00826951427395128391 0.99931434955622477911 
0.97202092627867742181 1.06741246454552296541 1.96581193931445508127 
0.75683323894590126546 1.93006107096037515802 1.05012532705577932290 
0.98629020730345318135 2.02386109491158583396 1.37832624415752080793 
0.73161981713305823671 0.95458778128863430723 1.00376215765531107138 
1.00904409434500985654 1.45275589405447802527 2.07923037544925115583 
1.08902512364310743997 1.03397179513189629851 0.98417609421832197292 
0.22857399685815857349 1.03625190361737051781 1.07356448830050510423 
-0.00286166633911764685 2.35916219897287593454 1.09324029651121468198 
0.87814080359049073721 2.09066178646954270448 1.03558974021530803000 
0.84550475339550967835 0.97235668246200379627 1.11826870803759659267 
0.77678818763156365357 1.04872195978949078743 1.04541876722103177499 
1.05947607545078414937 1.07900952193475307972 2.06722190507403302817 
-0.41944696813432685856 2.00153932186574268215 2.04150714583872483487 
-0.07864341208233933955 2.02855735127991376743 1.13841003238332305614 
1.31280806307437458713 2.01328080102817486008 1.00764555601870031687 
0.05492659712324997334 1.18285873280553199827 1.04891225272237775812 
0.94458889781996369095 1.88015581102726181406 2.00021639613875201746 
0.28629377153713531090 1.03017846182542194278 1.00842382995989932049 
0.49447034273257312043 0.98836669583234970649 2.04152236458660496510 
1.06809558038019947190 1.04234640163486091957 2.15512061143346889125 
1.00156741837036133980 0.97437448021224570827 0.45986959711739516798 
0.03989864323806505131 2.30872310388895352062 2.12024998291314270560 
0.03138625842064045324 1.32266369531400362902 2.12951267106315800248 
0.90933569111127565687 1.95169637485724156711 2.25325007686559120046 
-0.04765253680355374666 1.53553225693394779228 2.08467455656998801317 
0.03724739660030437771 2.02402562749696190991 1.24271738036206791378 
-0.44473224065829508600 0.99619167975659272951 1.09309714250906853117 
0.03421687405840641294 2.37143982008899589786 1.01238080837978960957 
-0.04265312234717093254 2.00152738930583229404 1.62008165262149073094 
-0.16791190120756566140 0.95164869511629579524 2.04229012762940609349 
0.03913117868749272504 0.48874325623889841586 1.02758132937594170997 
-0.05010166913206741401 1.65649891791434678012 1.04391570041045445016 
0.99121686663032360087 1.44161073873247147503 1.00220670473799855493 
0.91097492255370249303 1.96022769521921680358 1.25925706813863147460 
0.00379260564018706536 1.48083717468112596727 2.04187369645067740009 
-0.53126243859484600929 1.00698931544554159956 0.99870614769864163307 
-0.02442579645182309245 1.47665274458044581962 2.12803330963219616834 
1.03831284546964464077 1.04661402829978178453 1.13418837967791863441 
-0.01748222023252744145 2.17920713125614007311 1.09994989739404469553 
0.41548523478825205579 0.96045630922291247433 1.00386568505642026494 
0.70287894661668215424 1.96020491597717039234 1.11269169278862012362 
-0.04612281058020563373 2.04724253718311910433 1.97917769856843439591 
0.04911293559976538659 1.89787086122014869716 1.12837035970269372598 
0.98562838413731168608 2.04574841122194950316 2.24536550747548346862 
0.24735837460743617666 1.95261028671656133859 2.13795665346525343153 
-0.17569621956303135835 1.00225318188406697928 2.02794629242796853319 
1.06188438609766921950 1.01794978523135770665 1.13103960191243735345 
0.03229938822262098941 2.38094846887248268175 2.12724759806225094394 
1.22404787071824405764 1.94788572779186885953 1.00973086714671045350 
-0.13965577997108852282 1.01433320433281037865 2.02413233488163424312 
0.13071307940070969744 1.00595016700313388824 2.16473070261916511470 
-0.00996728888185726206 2.03727389410811321468 2.35624171302106022452 
0.92606801074611744262 2.25540669969737717082 2.06240932038480995203 
-0.07928769802314956927 1.92449869642080106935 0.96740112181422566184 
0.98573678186728908024 1.40457735580992282287 2.04569571685214457446 
0.94639768453235872947 0.69867787692224414542 1.09296718847441520772 
0.51228620741159824892 0.97115229840911088122 1.08743153521328994593 
0.99969154871145027297 0.49413881323470920659 2.11561756055197447424 
0.86408247764653411949 2.07042502656989224619 1.04784132499733750876 
0.90731492631127730331 0.78572085952291315092 1.04496489737513087448 
1.00123434243500364360 1.42357512564392441057 2.12005406747588809324 
0.66184627683338137505 1.93554346281531342022 1.04138270400709931351 
0.94087812256419478540 1.94604819670743500737 2.45455824177132431174 
0.91855553419771640566 1.36913163118775838001 1.03856545002445188608 
0.41069874043461751523 0.95952223445433049154 1.08446063953674332048 
0.83154696013135764865 0.91982690318608306690 1.03858279102484618583 
0.03037618067790143553 2.01699594354113775907 0.56246814923365673344 
1.01903454672212601118 0.95252835409578662240 2.22868377067899325894 
0.97920141855493780803 1.50917214916462816277 1.08865694875356866511 
0.93379306860851496452 1.02301572634266091377 2.42826354150544343469 
0.29406074916650010165 1.01786616612957558914 1.00210723748634245034 
-0.02288519469118335814 1.58750188050033091969 2.04992455094511338842 
-0.12522694536284603717 1.02736446121083302430 0.98133830306256575327 
0.03685499852295864159 2.36394209167556201834 1.07110426259230395729 
0.16793222547833036584 1.03575504313921751276 1.08880430323955224026 
1.00781550175980028072 1.00165974495015608348 0.53751665485572186487 
0.86743284722810998222 0.91349009234526568068 1.00356029666983137538 
0.04158113566779007841 0.66325851900847654363 2.10393959553839593468 
0.78636485422000512724 2.03600728400631236781 1.06937721608558033992 
0.04721411609298089423 0.76045374440678192851 1.03207734002289019948 
-0.05456000098230295858 2.14279760484382064689 2.12400184855929374805 
0.03127824004526744139 0.95345710519952353579 0.72314977221040632749 
0.21503580677039887958 1.04045447969876803107 2.06487199381748087745 
0.90869592106904084616 1.09079073930961834016 2.15739624840276489337 
0.99154008356794820500 1.05100094234551866279 2.24833453844143216216 
0.17179235337516857163 1.94072453691752366822 1.08700371809713169924 
0.61548978081192728951 1.95763108674838548495 1.08821687337794337225 
0.45704550693891432545 0.95590912737175814939 2.12373896743334489301 
1.38037712054549532859 1.95474179850202633979 1.08772922804288918464 
0.63183848071473935892 2.01527610839549931043 2.05708432620324543905 
1.00291221910072914092 0.97383036005195944274 1.39655454873010409500 
0.03374657339170844539 1.02271893006426028983 1.39655098368744923221 
-0.45281481001999746017 1.04147727588518157482 1.04378720898326604605 
0.36910610242382596580 1.03978334472644839970 2.11531322680335209796 
0.83795526681462983998 1.92046063534584865451 1.08397375245072957739 
0.94344685203277189878 2.10809032848372490676 0.96895448232058534188 
0.75265544468419487423 0.95750383965276952836 2.04277653856704910496 
0.74776356567176727186 1.04705794665433105095 1.04507700999713004641 
1.07065505322176002245 0.94174004138253930574 2.02766595569800456289 
0.04260296551906545687 1.01066405231946920829 1.33020888468995068799 
0.89200511632685608454 0.87049085845138085560 1.02801900057931194787 
0.06829873244391393428 1.13530960836388450375 1.04628479090190018574 
0.03017121057349332267 2.07805038485009374583 0.95196685818477366769 
-0.05082677805697253387 1.77109596238898459042 1.06129265268399519684 
0.01468507743344562091 1.04206877897660032950 0.80654864015774008212 
0.59232633338469875550 0.99357068052625585608 2.03983925921097108969 
1.02754601626183705854 0.88104030312819725523 2.13472676680304607189 
0.03264214791867030979 1.26248787337875412184 1.08695573621637553430 
0.95411193500208224538 0.92071066176298277384 1.18929500765486673153 
-0.01045625924184702751 1.04659500639308244985 1.27406668840496872797 
0.56302882462631553828 0.96652148533882420445 1.00220700230586690083 
-0.23691052496181744247 0.97497859850145029981 1.09393097611453216089 
0.38584733173626623026 2.02032110802597753008 2.11479552947832116772 
0.03518669794742004114 1.94252280173635138993 2.29992303845038836840 
-0.04029454527011975401 1.96636608424105951975 0.57284221162957238427 
1.08825794885094362385 0.92737744446243408625 1.08295667198130618480 
0.93928959465882055913 1.29099528511140815290 1.00110432356665812748 
0.90613760884219929359 1.85732157965859623339 2.13504811415387241169 
0.03095100934860928535 2.02293594642552365670 2.36463485178149479538 
-0.48898015112896742185 0.96453386215392655778 1.08589150952683133333 
0.94954324375676502079 1.39312236412399559349 2.04038139017789266205 
0.01449020600319861005 0.94957535972609175001 1.75650896088073293910 
0.93084640276081609400 0.95516733864943692556 0.78666216952837531018 
-0.42542118968363212828 0.96811808286298883797 2.04825175314411023209 
0.93674089817420624904 1.14715941901017792759 0.98835626373291474156 
0.79265083763525800986 0.95253184817771818782 1.09088722059191378655 
1.37234860395010915823 0.96060634966927738176 1.00362660810970094616 
-0.16845242310481595149 1.92015764413328926530 2.08403529291399003398 
1.05755513013290203261 1.01183010359586900151 2.00082172118357037860 
0.98793050895137801692 2.02055476059557426183 1.52241376944465933718 
0.03283863578470665179 0.52159437824494181424 2.05714801064352359461 
0.76780880573987619897 0.95807062648139906802 2.04036780316418830949 
-0.53204719600256789036 1.04038738354834370270 1.03932487175131171853 
0.04026010820337570101 2.27373065315079037063 1.02238229320577600490 
0.93314563192761013077 2.01803493296034197613 1.81245567889746261869 
-0.03141780995603241089 1.08054105281262313731 0.95001958641059236488 
0.82806920087750823800 0.92688908360633637251 2.06884109663217818920 
0.11143758108883367042 1.00128457746731247546 2.00205860010908143209 
0.05135533217435169634 0.95983009208178748928 1.21795254073851499932 
0.05582014267200325480 1.97295333049989896068 1.22572840478912836737 
0.02528489339945323364 2.02972248420976386640 1.27458007189201261156 
0.24992859573884779190 2.00973303704554462357 0.99906891524522289938 
0.68143940830218197036 1.00123842599549028876 0.99273112095952109613 
0.06906423265533269407 1.03847564239044709566 1.14975486274066618364 
-0.00828551097897457269 0.94613119577891302558 1.48354009356783955731 
0.86974718987228449851 0.92011188984380110067 2.03837411721790662256 
0.89260922107190021624 2.09006557554840810553 1.08653420000797407141 
-0.53217183239682730456 0.98269292495707449842 0.99895395221848592993 
1.05958839190166176358 1.08185095185051149969 2.07211395414840060525 
0.83319319913642608810 0.93389004353980087370 1.00497664528406449591 
-0.38769337094143418998 1.04138350725516692918 1.04160531863735217328 
-0.09018400854564201374 2.06751636453328435650 2.05321694437370982911 
0.79623757679004214527 1.95273266792190058894 0.99147762899486802102 
0.99097046922802745073 1.64439308106632986473 1.08838514747920456216 
0.43014499085826124469 0.95014258265095719036 1.03084824740723601799 
-0.51929014989029353977 1.95072020541551083284 1.01420982989744223879 
0.05858911814742406854 2.01404295530205956766 1.94464643754267996201 
0.25261266427863438011 1.04192726344860586707 1.05609550070671431854 
0.04089282220561683834 1.97807902405869717732 1.54497043241849962847 
-0.04294402052383995694 0.87081020090918970222 1.10649833933065933067 
1.02993802682432078477 1.95817153713195168940 0.90614198531830747463 
0.95451896486438925216 2.29007423049622893529 2.14247003320719731079 
0.17522701479345648146 1.05465505127704384236 1.03616739283945236139 
-0.51578693254405449942 0.95815839983331618779 1.01011628706500289354 
-0.05252208019261545707 1.00321132092712028694 1.28040354650590804120 
0.99767163066503894431 2.14747468467865321173 1.09765667289013424401 
1.22219515594558858496 0.96104721291654726656 2.04317695535033250209 
0.08306688309651603930 0.98311694049482245550 1.97661875027823086270 
0.08070581561000986226 0.91384121296927545153 2.03054280638616413412 
0.98512864204987271588 1.69751427070494687044 2.02908832617804391063 
0.02030701546706390609 1.94518776129581150158 1.71336822901119667506 
0.04163808566177959469 2.27754991650892879562 2.07041515570639322874 
-0.04040166543398605870 0.79839851924748650447 1.08571495565963127561 
0.25155230975013087580 1.04575272056657686548 2.07983353491264200130 
0.94621788615660806787 2.43105290173080845761 2.04271638145602496550 
0.04550005530149659611 1.65458744282602565612 2.08138964673444526454 
0.91260297558718339594 0.99374812038049153973 1.54720673517861029289 
-0.05197091196563331100 2.12745958953484004539 2.04649634277968139884 
0.01819585943187950611 1.60577561518509348559 2.04489980844435415008 
1.01126402304201534754 1.00496711758586476648 1.29678178341054328726 
0.90872848337292233545 1.98509991617695003008 0.84130859758261467007 
0.03491605535461766996 0.55045852879216350395 2.06148178501872303414 
0.04335562111187132861 0.51680354276479356646 2.08895301927391319197 
1.14711073295817800322 1.04391005339896913995 1.06975794567064097507 
1.18500782392654868680 1.01922364731281112071 1.09042545924924683121 
0.71194840532010272849 1.04765663624006788446 1.05157502253096857281 
0.95076118533449516246 1.04016616181843124522 1.59850007187942733111 
1.00530433000460739379 2.00577823755300288511 0.75530176557495121159 
0.94496941555505298282 2.04528362922633810683 1.20863191034923733724 
0.10516950091468532658 1.95354689799985981047 0.96276573484356808841 
0.14160164835620542290 2.02019632386368908072 1.10024312432033477549 
0.95156348162890203035 1.91876313638931916827 1.21518870709809645447 
1.02163748778640628423 1.16396400860518967058 2.07868364222838186706 
0.93706110158366218155 1.04595845128691955495 1.21939118678908986482 
1.00894968597449374847 0.94251659731268833120 1.18575101649730196840 
0.03894542687862504599 2.17620681843159369251 2.04680002350989420634 
-0.04891210402037523414 1.33256700693167795535 1.04767994914986606325 
-0.05845001720919723587 1.84675223926898568472 1.00935951942251622704 
0.68541774771394192722 1.04113381410780436731 1.05499015485327229946 
0.85021420314947848684 0.97814346722817124835 0.96418342984492455550 
0.68311453613417261188 1.94073180792058797017 2.10540909634266215633 
1.00536261268544313552 1.96963306417909533863 2.42901886182398962788 
0.90653303732121648384 2.05944699281802101609 2.00510454653693992455 
0.43943264946265297999 1.02079901527314298448 2.05728026551455123183 
0.99337433864318158694 1.02512911260661421231 0.45519184714659116642 
0.72198329555014473247 2.00939897415224155708 1.09085192736763580967 
0.07030683430680235990 1.04062123028777775424 1.98858189403133422957 
-0.46499072446507944134 2.00073254870482974965 2.04089807767137765282 
0.95192662267344241300 2.04038333894026102655 1.26844862208522712876 
-0.04169454637797948005 2.01045212528386318951 0.79054305433110960699 
-0.03610494829260742916 1.95466780321419464350 2.40487121532589442907 
-0.25298479444538535255 0.95346596117801629688 2.05732318272872527487 
0.91331346742448926701 1.68901828358905503613 2.08432890120813851809 
0.93711800336826778235 1.43624248658213216068 2.12720362186318334707 
-0.32789902200204490423 1.04216274546784082311 1.04582040905514039864 
-0.01219193910531396127 1.54058432406493905908 2.04079869776008671067 
0.97613618881482933087 1.03306137707828948891 1.55429337914546783495 
0.91096041474148237160 1.71383263851730927030 1.04368608988167843599 
0.05959115873483177700 1.81908913089193524648 1.05286065641957593542 
0.87150677803428400203 1.01148199333761046326 1.99370525283568555963 
1.06573020755641301172 1.06581558268219822594 1.08472640097467598608 
0.96955967637233175793 0.80596311481810622990 2.03140020212401184452 
0.91438687896941406308 1.74617807274336689360 2.10050983540807623129 
0.99540984838514467992 1.92524239702087585080 0.89259076336532683360 
-0.01421235751724849589 1.51068673334460168434 0.99836030960111754595 
0.49259956616562411424 0.94566220339749185175 1.04423108715936141522 
0.04716089779410815447 0.96853237001319358868 0.83583575700985179857 
0.93359693267227916724 0.47183072929474306756 2.06011509898206446323 
-0.00400565859637703591 0.59166615511938236427 2.03981315714606736833 
-0.51200025045385488820 0.94555644338599753596 1.04405520982992983114 
-0.00463845529919073869 2.27994926785129825575 1.09565592876708839398 
0.04961498813862867674 1.05453083285969051452 1.14568864489444433019 
0.99100459538778440383 2.28101882968694047449 2.04305753153850044868 
-0.36354605195364847470 1.03225376975549543168 2.06937562434157396041 
0.07912641147895414784 2.07369260919731779325 1.09076808119521273532 
1.28064346727381805913 1.99128858287596743892 2.03978003179934797018 
1.32983153154906696969 0.96433603075527751791 2.13006440191401225093 
1.02018372673833490616 1.96161011753429681548 1.91549387730271170049 
-0.04977269104526543114 0.73255281356270318671 2.09597313061909895637 
-0.04270761904350618698 0.98162654562590467844 0.68784778531848722594 
1.26483617018719129987 0.97118571070592085714 1.08974888355723553701 
1.00531359364978212234 0.96353589055241739558 1.29265922111039088804 
0.63673295153355247145 1.94752016849309605995 2.06270384679157015029 
-0.04956637313577614418 1.00236644992525647524 0.73258977719502782477 
1.19226706675196214569 0.96038898399202166090 2.04174238380665018511 
0.04628187856779873710 2.18053411187194745580 2.06342294661902370123 
-0.01516885752698054514 2.07810147828526847746 2.19498788435295022481 
0.01770796414986761450 1.04048112724328012391 0.78765316688229569664 
-0.56290207013219806242 0.95214073066975335458 2.06910229783061394571 
1.06199255435069206399 1.95433105265339390755 1.13453945885471796373 
0.78595799009457101292 2.03708540605521193356 2.12125098801134237547 
0.61073466197557624291 1.04272878482972908287 1.04470541465985644614 
-0.10637664368361091083 1.02048793196780018810 2.00916285210931944150 
0.90830587228013548451 1.95456399894198673550 2.25821871898596393535 
0.92298422751007047626 2.26744844616561902484 1.02385305789475666849 
1.05111678446722400793 1.08243687210682404398 2.05854345452671338990 
0.92582025890432406712 1.11512951826195916283 1.10888381691770265824 
-0.02559821451135508089 0.89608723872269036015 0.95217894636210531623 
0.48251103084262109144 1.97293620811051129138 2.04252823949662909442 
-0.04910896309296874929 0.59787007987224172201 1.04308771277198530925 
-0.30090701153987137184 0.95589227536083121173 2.12622242589524113043 
0.98702798864032004200 2.03617324344047156970 1.24790832836782272786 
0.87800618844625000214 1.88112211706934973066 1.05346592234374880626 
0.85401289445039596515 1.01594562353552753109 2.00859540199633768154 
0.99540162873466364601 0.48656515677724926361 2.12586831449826041407 
0.24226137903740485591 2.03390414228223637139 2.09549734694243827704 
0.95856299208475570506 2.17230608124076285392 1.11044105431397355233 
-0.01028212193222363680 1.07816470149557663838 1.15828734506000730065 
0.91156863125560549932 1.99274823333869743891 0.80438734249333088133 
0.04232509229336418183 1.79992940892933517283 2.05204469376855547225 
-0.24990308408105235682 1.92479676923849574166 1.05855355902640413390 
-0.34978722088035874016 0.96286237080358960672 1.00229741318946863338 
0.02958016674013891345 1.04059820624059873317 0.82380640765197810094 
0.94865233932445891529 0.70910041531531164960 2.03827751072494489648 
0.01616434701013175212 1.94223207415303034118 2.40611281803292031967 
0.47504903259414987815 1.94462374263326043256 2.10636720561401924456 
1.00155149587366310016 1.49159266683188040936 1.08526754668519509472 
0.13909019514421444574 2.05227622515690599769 2.07936615954541448303 
-0.07895184326422778620 1.96237667418086125792 2.20320407642650950564 
-0.28626575170462764675 1.95081238192222250483 1.00654028089014602187 
0.03483243879724533948 1.60553487704788189205 1.07753725505797226525 
1.10381202645184073319 1.04303207020293808860 2.04213328850899866751 
1.01859604690839389285 0.99116911183701461585 1.89413892623921520375 
0.90840106514031748741 0.99361642547825457239 1.77230519572726064048 
0.91094267488266644772 2.00033390599074278882 0.80349627567614734236 
1.28219198897200126197 2.02391145185156950959 1.06402583330150068974 
1.27362546485703087562 0.98647182705954383763 0.99629035266815169081 
1.11492092113032836842 2.03233369122877061130 2.04706601629404527642 
-0.03136794165543562579 1.02902077170998729194 2.33544149158245328834 
0.03759684563280813602 1.95644351556226658850 0.66131404182808273262 
0.93250829532537393707 1.92348055865247524743 1.18994117210644190230 
0.94164438906842384824 0.50597554062853999923 1.00218799718361628592 
1.02643162505217455660 2.08731327664349519679 0.99575856384279948230 
-0.14707720466782109314 2.04265573114066301130 2.12352590346568570467 
0.33188925148926207154 1.04176187050201018991 1.04026048529092562944 
-0.26022258067602543896 0.96686288929247221624 0.99857096804097800202 
0.01232733090777572531 0.89392664755093020901 2.18642704447590530137 
0.87579431007438957035 1.92970531296004210731 0.97177503477027549206 
-0.51002836092338099672 1.95487098195564090730 1.08481950127166926201 
-0.14582182775045601786 0.93467536183766852798 2.12433109285303256542 
-0.25105220148086210274 1.04524499891055788758 1.04321370965143933596 
0.99071960723453544873 1.89922964275430938841 0.93572295995804521951 
1.07046266952607105338 0.92722706648964081655 2.04005096780173333926 
0.93458668225397800722 0.67881683808921644552 1.08422473783791861734 
1.17164745732588349014 1.93688990862078491695 1.02742299372182954720 
1.03382281491405736418 2.12119432184786216311 2.08363818887563567728 
0.50304910634010535642 1.04048542475072713920 1.03995093446331554610 
-0.09201772000910918292 2.07750582278791195989 2.09684085769496197926 
0.96916981016503478408 0.45322857674562355701 2.04237894116580731563 
0.99621118690864962630 0.52119471045454068836 2.12504855639876666373 
-0.04950665788108584570 1.00245489075817539870 0.73184195886196534708 
0.38305606472600889356 1.92944572791161239600 1.05960808900267688948 
-0.04893888538368643126 1.96306535890483813134 2.31115106691778171566 
0.03330057761858141313 1.95240963819818258429 1.56608617413374440197 
0.95058281953666712294 1.57159010676424792941 2.03985113898283998424 
-0.04330696313092292915 0.98864214581397868997 1.64476205343462944519 
-0.05072621773152199282 0.70053095974561951920 1.04506802731089587510 
0.99191213660618915426 2.36233354637809700449 1.08673595187704652432 
-0.00880474205216177051 0.56908091358593559939 1.09405921979008513567 
-0.13078492789195328427 1.05311460687201297048 2.06319177436279543869 
0.90910683890141441577 0.98971965772944514583 1.51527039791576934036 
0.87658957092244604858 1.01474521564595265843 1.99012884513309429302 
0.04547157162121819723 1.35077954704108083028 1.04543506254203966144 
0.99929724773750772115 2.00877049495086268394 0.46210723845668960630 
-0.03069363221077662379 1.95111923848619639443 1.36928055485571853467 
0.92614021642235000442 1.01258569736651415916 1.72487194563725587670 
-0.31712261779527084471 0.97400675044391693547 0.99916168359730994641 
1.08693331510816082464 0.93190408668986746132 1.00051016578187468298 
0.03210503798793781088 0.68969109632105851659 1.00277441326243677011 
0.53149175277101623482 1.97474626806505426657 0.99868928545107549244 
-0.03223595250358541470 2.02511588540942177872 1.88494125369903153810 
0.21718407497834263387 1.03868438365488158226 1.01761940727703525944 
0.10302471123864412328 1.06796509933620420441 1.07063946975359614022 
0.99939230837602688329 2.10410360169957844079 2.02117196721598491038 
0.95584222811026420263 1.07252495916028300904 1.96939157340624415582 
-0.01506725193087467447 0.92011170682292420242 1.95166342963609062977 
0.95476614188487041179 1.93240610154742209481 1.84385431058222137857 
0.96091386039817128228 1.04758905879977981535 2.29597806851455743526 
1.09636649896811189109 0.92094682110322123592 1.03461016543603290252 
0.02988371866313854416 1.50406853474631629908 1.00453771517361079013 
0.92289830773997205693 1.04990054349596562133 0.91361536773707940906 
0.52945790709793938422 1.96086914900115671934 1.08989986491310686390 
1.17499784865314738092 1.92901337113751170094 2.08763439580947496310 
1.00728253736448891686 2.13885617901374480709 2.04244477885921016380 
-0.05940133669102346664 1.81185889628137930529 2.08862538408050069094 
0.96060695682974195364 1.85658179800692346717 1.12283681337931251498 
0.87067722707871120225 1.04110873701257489188 2.01421175167582777732 
-0.25619891388057375314 0.96029167244155155814 2.04342784394809129367 
-0.09018633053088766227 1.00902989463151904204 1.98953419392421126943 
0.94136551574335514125 0.67559228470144871981 1.00032427251643207811 
0.03970646873533111021 0.70745691279388156492 2.12198894595703801969 
0.91024121381243427997 1.92526564113867104666 2.20319705782710384412 
1.00580995603377054692 1.49309275782795847221 2.09142108412225891101 
-0.39915667400338572524 1.95530117013903148582 1.08552719620719839710 
0.99108953793787524233 0.60997474550872965438 1.00152904966239586493 
1.10705522735066574924 2.03817390358848316012 1.08537830170798743623 
-0.12856138409635431419 1.00695118144318174203 2.01660543677528547590 
0.99520329149903730137 1.30300103950832735222 2.05204707381845841141 
-0.06631099143064404788 0.90012838599819011698 2.15062584208293472443 
0.90870833895461422536 0.80291008754624937360 1.03125337670832584180 
1.08014669670049134886 1.03492093480075020295 2.15432929266535611035 
0.13351703645805243492 2.04039761289467547201 2.04712073233659630489 
0.02944863916402030990 1.81254711828230918869 2.03235946528295974289 
0.91128740903150673436 2.16900126423899575201 1.06964986328759925627 
1.07141170016112519114 1.93209912091920488209 0.98516813048405493802 
0.70291510689741587559 0.95432388705858706146 1.08224098367083576555 
0.91301677935226299709 1.93060641691753542837 1.17135947601961465381 
-0.07017105252141501992 1.91573003127494190245 2.17066866845683881238 
0.99950673735001860365 1.95665976520784812287 0.48084411375292407387 
-0.32346697503685922781 2.00059519448727307633 2.03958400008372819912 
-0.04946406551995949363 0.71001607667943700264 2.07865413348447081177 
0.07652223249296208341 2.05058971319420280111 0.97101726169891910967 
1.12043359009170240270 1.94263277050381266697 2.04123272852843395953 
1.22607784600561764421 1.96966018514757346125 0.99530588483144677436 
1.38800153768094336471 0.96025318557620065185 2.12850057091173372470 
-0.06429287078365571173 0.95540180209339420347 1.17020160293709185595 
-0.01135554834507507098 1.04033622415780135917 1.44918013454664706963 
0.03723658978178765594 1.48365334857764086252 1.06759259920392746146 
0.88911537822680897225 1.11579828382123302788 1.04671907652591911209 
0.64445256140297058067 2.02187699356482397661 1.06829883793702062889 
0.06024793461447471715 0.91123087655367573934 1.12286189595999719160 
0.02993221852345414810 2.08214977203083551061 2.00010834631574851983 
0.96982734256162994591 1.64978055537912360329 0.99734604265301596282 
-0.03029166917237630444 0.84031424344150495997 1.10105493066198922847 
0.52988761730888467305 0.94702005946227374444 2.08910630921430628959 
-0.01507119602280543660 2.04090231731769877754 1.89112335332431502621 
0.71948616413203658748 2.00696100279357025897 2.03671707111072031182 
0.92004197528380515791 2.38027401211029365768 1.03693493353229593268 
0.01283724219088975757 1.37304368647094832134 0.99945095739896283593 
-0.04608199259371256740 1.98677067820294106504 1.37722971390429727023 
-0.07562588180339367694 1.09607111842709659122 1.00549953384907531095 
1.00078513262552393215 0.60606484921472947303 2.11414145658667695926 
0.07119674325470395915 0.87943939643506729986 2.12544446464186265189 
1.15781107892450707553 1.03902152088411381392 1.08008871537636852445 
0.59923037689044711396 0.94782246913094603258 2.07724587498581758638 
0.91095181968091842872 1.97975719973676556052 0.81740785387897252345 
0.96098749488211754333 0.92821007761700602412 2.25403041811494464497 
0.94744171916989805560 1.90970671584337226001 0.91192636805987392634 
0.03247078427325030686 2.04046306319483816694 2.25315703538460043731 
0.99132413594459556361 1.94714710728774931248 1.62185146689481651805 
0.03316556415819160025 0.55524818623312266475 2.05752839732019099372 
0.43867546941913720948 1.02547933209415376155 2.12225761482963459770 
1.00928805220195205727 2.00236076196792955884 2.35459150012821627485 
0.94849192300067119987 2.06417992969467034570 2.20964829131813633722 
-0.23996101296238819822 0.94151085278564172754 2.08924008804504213188 
0.94485960325227358325 2.25725746763639856241 2.13697084332525433226 
0.85071404232252467725 1.01726209275794876596 2.16842137989344685423 
0.45979213520358630518 1.99173911517732160625 0.99774180376586718566 
-0.03046777488744991519 0.57096346624046456775 1.07689892127757125273 
0.04992587025214846597 0.92395988573865395210 0.91989612000407317005 
1.00300827151998173115 1.96496205765205789184 1.52732896593482414538 
1.03101309144703834342 0.99898082596683857037 2.24399911025154841226 
0.07120622454624553344 0.95890873712018809272 1.16457996080083847623 
0.95146989052671049336 1.21173013763786752151 0.98868972194354742822 
0.01772937151663652594 0.95216893694170645635 1.65119776651356664487 
0.03392997076607464496 1.95290423814573177452 1.63583073424208813584 
1.01299267408896653819 2.00037893991148063577 0.80793655426312704915 
-0.02627033458614499994 2.01818625935800843862 2.42556337514200670569 
0.99787025098932846667 1.94703469331110157192 1.70087651206259016234 
0.90198577811962421524 1.40828078582442639544 1.06919004837062647795 
0.01112104521445749818 1.87222194824534748925 2.16980011856630961020 
-0.13078869508634785590 2.05340848082202898084 2.09355327566582083421 
0.99794113206343293410 2.07653889743463881956 0.95571506764665270506 
1.03166822370554389643 1.86894186777607229644 2.12767705433673670612 
0.91475460612462711207 1.94615951875350146061 0.88308157199423353845 
0.11015772005064752848 1.07236987796884397639 1.05245873941328449419 
0.01884474196781025374 1.17732499302052606716 0.98959377091104427926 
-0.00298168048594127377 0.94235897445544669626 0.45432698592771691981 
-0.56639977272431085709 1.01860715356835473955 1.08567061847541013186 
1.23828692121393157954 0.95003766435946912505 2.11366511482466012950 
0.03520568219934328696 1.92819863797932611327 0.89250459490016464947 
0.06857511760395136602 0.90666500530756743981 2.02555738076945734960 
1.23229070035023458018 0.95303900876641667317 2.12448919568480754094 
1.38643599552784335671 2.00122383116726254570 2.04133571508828426389 
1.04831135711072720440 0.96094952959181978436 1.98386773201112176501 
0.27257431923335789792 2.01756078125982130089 1.00951006404976939557 
0.32672311127001135711 1.95810317088254870477 0.99995795022143341146 
-0.04135922356990252152 2.00708358171460288233 1.78851060667781958102 
1.07823851420848648708 2.05256422401653315646 1.01140240501905953607 
0.03205665185886025920 1.95080845029214944297 1.60335552298065886490 
0.73704103610655447021 1.04229464800811344460 2.07224344145777727988 
-0.37392223862838491755 2.00764125736131715527 1.08743186363507970960 
-0.60857393134116199995 1.95798727927010740579 2.04503340196617955371 
0.89584009579272516621 1.02008105519438618813 2.20932337930166156070 
-0.05034299884510499978 0.91974627572753597793 1.99184448906991518058 
0.99029882584336570428 0.76409047340426938799 2.13802311932516220239 
-0.00569364508679242806 0.85796960410533906760 2.16986360198763605922 
0.33614953468943492565 0.98692476503781978447 2.04056189045229219303 
0.81489022532775956531 1.91722209281225786093 1.03688350318014665952 
0.93941598665890158060 1.21913394548616382806 0.99756076623353862054 
0.99527381657369318191 1.91962920519342050696 1.95013891446537002139 
0.03668819646609609159 0.49050382269866504847 2.11694708771448292239 
1.03057852710567132704 2.10379594157691363066 1.01091901512244985994 
-0.04159648161377522968 1.20543959272652112524 1.08052337219031846516 
0.92433879538064622761 1.62775160180225197948 1.06154472561112434015 
0.14938109941112814871 1.04363118288060308103 1.08636941734645464663 
-0.15877715219154975301 1.93809488931351037166 2.04649040047760699679 
0.04714413923799130879 2.28194872405650528435 1.04520017249312791030 
-0.08629901242927849603 2.09034744134442496133 1.04147682768550176036 
-0.03741658868144601136 1.02789609384324243102 1.87563600713843592338 
0.72737706118131595368 2.03145604164169846229 2.07246677204996876398 
0.01259672041862421737 0.94922840290364451921 2.42777171348011400198 
0.99919640682904065088 1.13974366369497981388 1.10778540977118566957 
0.99452161321606735722 1.53406204732337037022 2.05542525825121158434 
-0.07817886098483566026 1.05857262764988546699 0.97135023124486696844 
-0.41314308629148621677 1.00640992932577910679 0.99826571993133816907 
0.98236404218711226299 2.37769450639178137052 2.04435097304629298520 
-0.04488133863825532338 1.04009862637673200503 1.19875130740325164247 
0.93038488909433525453 1.01781174155403331127 1.40603807103607780782 
1.01364019825863294066 2.19168371552033169891 2.09862981321096730980 
-0.10999885432571319954 0.91157626434742644594 2.10780175790164570060 
0.95180027262058608528 1.04033850092914215146 1.49273752996454822650 
-0.02479128827256965248 1.87410668322807705266 0.96366725513240969470 
0.61660200495216854755 0.95328521665936816198 2.06493256914549050407 
0.03776571034329866128 1.01538065164929380835 2.44133734162032833837 
0.87477107852910751529 1.02045841388457469989 2.18446026633267820216 
1.14632918187887322681 2.00722794609923704812 2.03473395406462653767 
1.00126053769448986053 1.94872196681865195167 0.83037422714698749804 
1.12822429461633011449 2.03935613133602844371 1.07279238796952136603 
1.12981688597311391575 1.02597152895135090844 2.03827171585447342039 
-0.31137066494584714205 0.95068275239418531530 1.02424056978781941041 
-0.34600223278232583590 1.95713011357807808999 1.08784206616918077692 
0.99316174967966586173 0.48085812833555835466 1.08476580704001324129 
1.03328891277312173713 1.95451727726637014548 2.21506343645799530506 
-0.05602154949193521166 0.94497920558390202661 0.92139379316223146699 
-0.12901472072966715943 0.91976135840192774218 1.03554090870301696015 
0.05905030969489843962 0.96700991725989948744 2.24116164582972032804 
0.03172018685875067912 1.77074983952155706746 2.04110190882757924768 
-0.03239934131931320599 1.72904197722582075869 1.00532455213159499507 
0.34774067917118373083 1.02234212166185889359 2.05689938701714680747 
0.94820249676819301499 1.42427504072274446756 2.04143522747376016113 
0.00527632655008582196 0.46485329322642515715 2.04009984670596500322 
0.83566455125803740245 0.93299994535807095897 2.05373139429778817089 
0.38471176418642788475 2.00064374490097662829 2.04063600408126610830 
0.45448474434261293409 0.95743023200148180685 1.01207195102596392289 
0.04251414077995786800 1.99454523646009151960 1.45852537505637558368 
0.91842402399958267267 2.00738232379426584373 1.84935113564929531904 
-0.20877300727631448174 0.95827937256650252973 0.99829992187307703411 
0.95284095393258771978 2.27075869181314882184 2.14038365033921129665 
0.83854199144235486152 1.05246901731581088413 2.04799618132475735877 
-0.03070592303521024746 1.10368647398341090948 2.16083398567779738642 
1.07031869793536205115 0.97047923482227549385 0.95384807118093239975 
0.05250423259164104656 0.98932020137017473438 2.29682592929489226563 
0.87559624263256696786 0.98313203610214128236 2.19281548897110578622 
0.41007925618806201351 2.03589750182982553994 1.03367414225869058697 
0.99116284571344703824 1.04285126831057284313 1.25830069541306244219 
1.04749050243346819578 0.88649359170870589697 2.08453253103012592362 
1.00934407404907111605 2.05111168481419703369 1.15438105914934907581 
0.99641099909080932395 0.64570501340433350546 1.08301162638979309172 
0.87533117741741073292 2.06726254790222974123 1.00252803145884472613 
-0.01822702486667735974 2.34064974545731274702 2.13320337838847384759 
-0.02755024187526430857 1.88004450032199188492 2.00876078267125590671 
0.87113146794893026037 1.92696406588857405140 2.15703649098383332117 
0.15247725232002087847 0.96542920062841708351 2.14945345405364518498 
-0.00262726555874148596 2.02985116570343393505 1.73353766493015437611 
-0.04899520895082581928 2.00172007179766664464 1.32855015555026789720 
1.09703277354964523482 1.91770124278705433873 1.06953298655039796827 
-0.11046009961030379964 1.91172847762097664059 2.05381384534448407919 
-0.54460498588794370445 0.96129717287613469789 2.04993554976495584441 
0.78250602618567044466 2.04186684817095498445 1.03413190092229001493 
1.28353563754713917433 1.03743967097127121058 1.03046926891874979226 
0.03135553805998343713 0.52194558227141663043 1.08433656008022771822 
-0.01229783273242001859 1.28522248054637033832 0.99443315829670864137 
0.03139749915132326180 2.36124982603291888594 2.05226526470367032218 
1.00362162591788206534 0.76826172036207085458 1.08193618040342154352 
0.01111549716031830920 1.94116613423924833093 1.36783968849783454935 
-0.01639212044155734932 2.29823843211947309584 0.99748557311710284168 
0.04690044857125604677 1.42711067536798608124 2.07485066976791188154 
0.91087579121804973514 1.99876998500610447707 1.28387605057933207320 
0.72381154898488064831 1.02911814594212946972 1.00872271455988804512 
1.00344692823538372828 0.97222991681172499234 2.41234648298074416672 
0.94616075933551613275 1.65248622999322813953 0.99759015756235625005 
0.03222952555620432064 0.95165116945972683116 2.35275852770009930026 
-0.15392809189827708072 0.96429655510074718805 2.14983946904637646114 
0.97380497453701808652 1.41702966456107137816 2.04190024798654645721 
0.05543002071435146338 1.00117904000673552112 1.24922456433901185591 
-0.02617974473400141999 2.38671013020878763911 2.12744798123695133540 
