0.04069979601088220822 0.36004723953044753815 1.00966486799275534381 
0.70499605712488433440 0.04713788756749869718 0.98645655776753005117 
0.99866163927186113458 0.63776092529037409218 1.99950836983479462994 
0.03792866392240797774 1.39420071141651336077 0.96449308190269811281 
0.90992768170995075305 1.12778541246766561557 2.01753895950078598887 
0.03585534584662691815 -0.16933243824264918032 0.93887418263326594126 
0.00440090096661345694 0.84902805827341643052 2.04882394447310778318 
0.81984910924393206155 0.93977359362975054768 0.93305418190074063123 
0.03857075010202036525 1.54765290102188735055 1.95639677604962924917 
0.97757653252756182560 1.04330014833616480097 2.82807380336665570297 
0.04626569102653846355 0.75173622542217166664 1.00647636943024365586 
-0.45776731449805885266 -0.03909213724620722724 0.96949029103616224390 
0.94470386153104901616 0.77541049249523330555 0.93486563028967772926 
1.01023586862891256999 0.06080134043141158240 1.86853004331919625436 
1.03525236386786945175 0.95587413830567613537 1.09748422904202369565 
0.89793134512911965128 0.97448844429188374860 1.68661442765798019749 
0.96428926731583575194 -0.14534901644352579697 1.91174463381817383301 
-0.29941411969339881693 0.93901527826622577244 1.01846579371722123497 
0.91500004244575849910 0.80007425280517496802 1.93788493284552543194 
0.88038230724943544736 1.02052662190768850259 1.88380533915919134991 
0.03983603681136195507 0.08187862879032524466 1.08055700990587966182 
0.22723007323629784704 1.01983171150652252024 2.01326244761343220446 
0.00950341734025671181 -0.03982274226241983711 2.41523134464663469245 
0.96084901283472523570 0.17221778980879845489 2.03554906111244182654 
-0.05098236310947239225 1.17067344480725266109 1.99313334471637282341 
0.94224089307866831788 1.02230837636579607874 2.29558114023396875325 
1.04705742206807594918 0.94817515850515732279 1.08282954359152716606 
0.04109707833438722147 0.96600746907019330312 2.57095194324516462814 
-0.00908741929310759658 0.29090972670453474347 1.92830469789154679283 
-0.08585919940016563390 1.07709376802325040856 0.96869531512398210360 
0.77148718374598368452 0.00411802629028231587 2.03029325781388392258 
0.91548310553895473340 1.02477020360250525854 1.14174796817063795018 
0.03284315713744682258 1.63969276382194317776 2.01437468441569755839 
0.97295447226115561179 0.45366872145666137239 1.02764728873915855978 
-0.05651285754074680812 0.97683312133062250027 2.16232101782573060689 
0.00948615262990231897 1.05153874165433425247 2.09835422246304359462 
-0.01637576428868810219 -0.03873799200614017058 1.58799865771198756015 
0.04775522659885399201 0.66266161954791413802 1.01748483657033128580 
-0.33337923620385434553 0.98465420001886849732 2.02336194799776381004 
0.04823253335414297294 1.08846470227928082686 1.05699277049830575592 
0.10528594007905947572 0.94254240601302086144 1.06427068261491819534 
0.74270373392969235571 1.02905346291853372342 0.99422377993453114886 
0.04146286262365202202 1.47027018671112053028 0.99448089300767550380 
1.00518339206916373918 1.75782585313316830344 1.01689351712020448204 
0.83831375570435884281 1.01992363312121891994 1.04835375799658336859 
0.99724709062470529020 0.86491274502788917378 1.05735130103381202993 
1.00678593310548225581 0.22500887040667530425 1.02303705700535019218 
-0.04694266151201300502 1.06050937967984726384 0.90360710941608735070 
0.04091922562094230109 0.03551944422561378878 1.78524061235593767272 
-0.03780303299815668955 0.53772253832847538568 1.95806129722036659224 
-0.13696063385594908768 -0.01604019912936852435 1.05584405380327539525 
0.16642515225535606249 1.03631824372811331969 1.98633428506663411994 
1.18357882695365068670 -0.05157471738228519564 0.97824517793067833349 
0.03405144188601547106 0.34324297370013368003 2.01146757810512832876 
-0.04527282293008567243 1.41792638586601915662 1.96766718207492763426 
0.76626098204559500715 -0.03847869705210852503 1.02487360893622470037 
-0.09289038525972556637 1.03686045490671885361 1.05023641245231691421 
0.95732493214006830762 0.35340335782691328914 1.03447975244486323199 
0.70410255873535554372 1.01656899894572427812 2.01192949964192635548 
-0.46022757186642854199 1.00161923910435368690 2.01752885894557776325 
0.97986299358078787769 -0.19489443818282087273 2.02610287830407997944 
0.91099613601064088897 0.01685611049931653657 2.52625895104262321311 
0.06985790900241564683 -0.06475091853534371833 2.05549905066267335485 
0.03797829784291796573 1.57818707571569571968 1.01698559879651284632 
0.89932937664653878063 0.98929121246256235267 2.81580019156567828986 
0.19991434472898464425 1.02105304602882163145 1.93923185880373805112 
0.92090077122766089701 1.06285809671168740564 1.88779348765324539450 
0.03634362282244213427 1.31355033424948919318 1.01997858631208160318 
0.31738730036335383033 0.93234442095693825792 1.98047133008910347662 
0.86175185916441809919 0.04585199432964463806 1.05837024168156390580 
0.31928486422632029740 -0.01997487088828631477 0.94384862850364004139 
0.02234294871031588386 0.52000340824029323006 1.93863594035317565734 
-0.04037783448060715957 0.96494711821660550388 2.49482286226080640645 
0.92684064857500303436 0.28647265087439743869 2.00993528748609939782 
0.17139311262643699973 -0.03263549552199679349 2.02381963001666331792 
0.03617091195415852306 0.93844359583437353400 2.73860440358025103436 
0.99943078379243555087 0.02330569698923279365 1.44424290858209936061 
0.97279705904044300180 0.92874341841215279914 1.77541015246533206984 
-0.08040653757601563811 0.87264940544450364523 0.96976834198146577570 
0.91408331472681148000 0.01430485960145140567 2.30271037453836591169 
0.93041915867205471358 0.94353627971188414048 2.66873467862573710008 
-0.06232604862941238527 1.10653271253382112782 0.96020139166190265900 
0.29560586537725092038 0.92987997161162194715 1.97484431445689967433 
-0.10966142519596430716 0.00807774075270042448 2.06705725965618958284 
-0.31926737440351937725 -0.03622090721921554513 1.01731529717630975185 
-0.14822809511262394211 0.06149845020936492435 1.99370174276732803342 
-0.14876093419050898103 -0.03866137211784471256 1.92729266053619285870 
0.03295947939682188077 0.65753724937237345571 2.01389273791145217984 
0.92362618275615238073 0.95764737861754622994 1.59132896486028729832 
-0.09429680652698278764 0.97955030604497184132 0.89230339642704392666 
-0.04635841289379729474 0.97287517302084047799 1.34329558501483981026 
0.04418157290213582666 1.66379899314374379848 0.99281960543081126946 
0.99466760972308265742 0.26216026308417678115 1.93830819408492938116 
-0.08440579698666823838 -0.05568665189916142261 2.04741126009398888286 
0.99544919799883391232 1.27069523215098034719 2.01346030547591636761 
0.83842255921609420977 1.03805943418048673976 2.01704760694716700442 
0.91797353339136589234 0.93244100917768424353 1.78853522865102232409 
0.03871121820844727196 1.00386466700377452455 2.28037451402741364603 
-0.04925256927199804513 0.12675226224058963598 0.93703567846439095312 
0.03982410123494953269 -0.02305371956090010790 1.40892764739337161828 
0.90892973719537850652 0.92987615582594007613 2.83999616999352877400 
-0.04640801904904721942 1.35898124050906754512 1.96965508267314248769 
0.05608509795132384651 0.80588324638950570300 0.98413969975445447780 
-0.29799341609674101505 0.98458320504732299572 0.93368435196657972863 
1.08380028617326451545 -0.06313434146367316591 2.01203884567994251142 
0.87780472196628622772 0.97997954266203624041 2.08819759705410712414 
0.98865775156212953867 1.12282987200012818185 0.92859797394585430474 
0.03593571150004350873 1.03159808890614490551 2.77908855134819310351 
0.71932530091367685721 -0.03283252428044990123 1.93902761181663940704 
-0.01510455471278846114 0.93221269161076958376 1.73007396231838472822 
1.00722437072304482619 0.02010345826699449015 2.72956022101320350259 
0.37600723313655709523 1.02368963749827357468 1.98566402716550105545 
-0.52473216964301716558 0.93876184942971763192 0.96577652914746281443 
-0.00637455043978938860 -0.10368130019430901734 2.06515105703496226752 
0.04407422820075298370 0.43726770930705827212 1.97096411506313207163 
-0.56671510248618639505 1.02259595971486350052 1.98857759620738971940 
-0.04937816384629888089 0.01301027130283542027 1.22158726439801434971 
1.05867039222116976482 0.90192235816570509588 1.02374405211145558248 
0.95057914158769640789 0.05829549558008934040 2.77927529104857384823 
-0.58218695047676150001 -0.02474569442323679147 0.95123514328048575095 
-0.02974406824633244600 0.93815326245218699786 2.70996592022474791506 
0.02105850917589899632 1.58020962452158664213 0.95214161839995403724 
0.23490195514781220254 1.02006114624532129298 2.01118845706276117014 
0.01255373224574404291 0.39946088573156335322 1.93047192825890112644 
-0.04456485132391242027 0.94067890769239348447 1.17430051481954067505 
0.84753205454239732841 1.04557314790059563414 1.02434493518182168081 
1.00507538235275650784 1.29949932004344859138 0.97764348763141362131 
-0.04816409826063314942 1.11520986674750921530 1.92872171351023413699 
0.97837914179282137184 1.33357792418615317409 1.02688174279364297092 
-0.03374073416920884971 -0.04043324575589227199 2.77452801356788381071 
0.98709761709245191774 0.94331790493251721497 1.52916706267081670134 
1.00368097287052981947 1.78091108891610860887 0.95486242471028370815 
-0.16499060223954198356 0.98702873532079538066 0.92835694149897329819 
0.95434149917129384999 0.08987426662495193175 1.09019483718995213728 
0.13975378664484278124 0.92807565005878644993 1.02865207831564720031 
0.41893716560969296303 0.99057363736984671565 1.93231066065875300986 
0.97152232263641058463 1.04726292811055832210 2.83259171516580776640 
-0.10778171697722124800 1.05740953942671533916 1.96114026842354727265 
-0.02113515632615683634 0.72200582897209009126 2.02012901064441496857 
0.99457838354462235753 0.02995010450786887365 1.40326404341226562700 
0.95834318190516609715 -0.08052188452825551068 2.84521410184321554837 
-0.02982791390733344553 0.88730010191572195044 0.90064418512475497014 
0.05675986447838897442 1.14760452763357956307 0.97269976574246652667 
-0.06319413130739677531 1.14091956317359577433 0.98208611288458502742 
-0.44900524681516540415 -0.00911413282474516154 1.93205184573463761843 
0.03525152713597631132 0.93232563272300938984 1.16882080895774498330 
-0.04687804713108716104 -0.02865372836445490359 2.17357040528052714023 
0.62554164862544370251 0.98294191740010472547 2.02399488069283117753 
0.97264547520827393523 -0.04999875290434835362 2.75752608889845873819 
0.83094429060370955664 1.02285613563867272546 0.93338972329004821216 
0.99054905150075567288 1.42771867453296397166 2.01095660863824754472 
0.23260425292395736641 0.98059564479978988949 0.93322098114695661852 
1.03662268044823213664 0.90786188498772357747 2.03862305693382550587 
0.89350350945004275438 -0.05072805712908700498 0.89440426373738013410 
0.91481718787853127939 1.67811292761934538476 1.01164780461425118929 
0.87546658477743555249 0.04918553588985561525 1.06628953527630909726 
0.97582722096252572097 1.49513845195653893860 1.02659476606334543192 
1.03439314592595943409 0.09852876332328022735 1.93679083147570407775 
-0.38705704930773066064 -0.01504602253632335816 0.94568745787145713777 
0.47517585722500643719 -0.00616439347174069750 2.02013270894755647689 
0.67940995637302803445 0.93539820758240854737 0.96707442635868867686 
0.90921361326813832093 1.09622950341509661776 1.92374313913229855189 
-0.00103136159923029945 1.22428019917228336766 0.93450902880779995741 
0.01433770442901193334 1.05651222323610616272 1.10241517472408778744 
-0.24267595260517768607 1.02603549231027124655 0.96894620609751291873 
0.27510464214527957649 0.94616135817430191413 2.01501049076911842306 
0.04252236209500845354 0.99990763219079803470 1.23956664020568330109 
0.02546130088945808279 -0.03405989779887889229 2.58076077558752237096 
0.00220379984813112544 -0.07602503862365316001 2.09510136619549269810 
1.00154140815298520195 1.31346507546969126778 0.96864877521995185194 
1.03805850991625758795 0.08596054923968335371 1.03527674253477242061 
0.99450658928330870623 1.01006920284947177002 1.35328102755437562621 
-0.08459563940581914243 1.01636521340944629976 2.06744767244401250750 
0.02578737771781167143 0.94215302696468627985 1.51824877379249167930 
0.04822095341967403553 -0.04371511475339110581 1.84002665644296947711 
-0.05127697100569755112 0.05539869177273938627 0.87487230911471314254 
-0.04530336499671164252 0.51528161704423669498 0.98360865623193560747 
-0.03690555867357678266 0.11437378422996936911 1.05548529962593806708 
-0.01777260891467172949 1.33436457754627046945 2.01850426328070575721 
0.67133739747306597767 0.02171079628081750215 2.02140979490180416889 
1.03771697759341319234 -0.02826281650919885632 1.87044895525183152429 
0.41978536118629961038 1.02034586519740688715 1.01528023986492565989 
0.91493838902751745135 1.00318884998211310666 2.20825190370999502321 
0.03525154806599273966 -0.13539809904952004871 0.92824734198543112917 
0.91499801327534346918 0.69167776548286419303 0.96777539317739180724 
-0.16702030596102360183 -0.06002940267799229679 0.97221304274616315855 
0.99018828443953887941 0.71118288227917136890 0.95169233565987287893 
0.91430849338056430220 1.45929021505797917868 0.97373933639109033766 
0.75283332061584806727 0.04731704595413104009 1.99397487177198362573 
-0.04432201590047282064 1.72332593799976385718 1.01793622901245761625 
-0.35819752111285130258 0.94023785230193079876 0.96195655714826544536 
-0.04255153684747137871 1.74857889086772400056 2.01574954802959904754 
0.97003769903621495097 1.57269013282363334660 1.02928938700982164356 
0.38410941048073271586 0.93389428133003782317 0.98086748449098315472 
0.02397048030531512622 0.89984217491996965066 2.08101463340972525629 
0.99005926912737152179 1.21648531261240910872 1.93344533706265186979 
1.03041260403682155555 0.11098221839157834667 1.02179325763638928493 
0.98135338396861615529 -0.03663209938301957569 2.32133192870600746360 
0.01842699996246308092 1.02018605376207038837 2.53790478172915845434 
-0.26014406010952367820 1.01249145121107653189 2.01609504266434536035 
-0.05153295012089653682 -0.24977642684386108796 1.97828987625241659032 
-0.20663007598202925985 1.01712639480626942934 1.93528124936025536229 
-0.32158152447515070405 0.02087792575044706417 1.93064294836339489514 
-0.04506986389649429020 -0.02067456400724879823 2.61908493267073039235 
0.10262451413640642783 0.07178227137200586527 1.93285880513457808405 
-0.70281580007615318539 -0.04457049920498901835 1.00154030353477829784 
0.98140095686332384783 -0.03649221106908791257 2.31331274830898969697 
-0.00838738795768423709 0.93376515798197823326 1.53708613381886083360 
0.84700846793670903079 -0.04221221699432878977 0.92758013001576489209 
-0.00501487250043861424 0.26813231169160434142 0.93466066543623083085 
0.51779773164313336320 0.02655467718792344639 0.94640605132330724025 
1.03512566847806097847 0.02004257126702076869 2.09469623138761296133 
0.35576217246196095711 0.97397624113268965740 1.92979649011046627827 
0.94959248710880761468 0.28634407634931746678 1.03433344050787745516 
0.52567974108555470814 -0.02558705348229126098 2.01624378224566047635 
-0.04376081044365966177 0.29858068202597576324 1.01216407419181875227 
-0.61228970379201730356 1.02060879437765716915 1.95622881260391845437 
0.03012790549836258033 -0.03247899324974952429 1.60549759690265791967 
0.99719605817868772757 0.06129402989541560265 1.84911147370141915047 
-0.04698095341073225267 0.01801851286228799143 2.42447477614770434684 
1.00577688833817657788 1.00452993476632079783 2.16731568645868533096 
-0.56388539845925156335 -0.03689800949090288329 1.01516996700080408544 
0.91427740989766759228 0.63997590571906382007 0.98905624624066790229 
0.90987424545532091802 -0.08488574559145588283 2.05439216996793083680 
-0.20826474076479029041 0.02062019406877254810 0.93480182184569360349 
-0.06352979217613320684 0.14544192285758061889 1.98085259538967717319 
0.92140654495529672463 0.03597927756571036445 1.77829223952618353799 
0.77726404863659581679 0.05422304230956660753 1.00314314843631846585 
0.95793050839710558453 1.35946161125762787769 2.02343482556627840552 
-0.33250398745518472410 1.02209878023612832365 0.96751398462500126652 
1.00153487549370256993 1.42486361014766060862 1.98674867430598012241 
0.51549183292236511189 0.02195552839743249510 1.93336711859365206756 
0.66762201922226560580 1.02184403841107318556 1.01581645565464917524 
0.79878886482198507846 0.93685962264733113614 0.94600376649634121407 
-0.04508766876841276833 1.02573577599977050490 1.13473644991253119763 
-0.37680588600020237244 -0.04075774584223346847 1.98744281231086383777 
1.00070385669544692497 -0.02127180427094050447 1.46581203020536787740 
0.95923107997787382395 0.30696445732903143711 1.92804337866379515987 
0.03091430402167176170 0.63964849333302431500 2.01458094707162782555 
0.03748155050903875102 0.77608742422908361114 1.93424769500741278172 
0.90962409993322834723 0.00491399248954486889 2.19825255920617257388 
-0.12073976494259411330 -0.06105967171977561003 2.01932907207740042210 
0.76850460959516009307 -0.03849718696381639743 2.01627646125341097871 
0.26880098296638493816 0.99911547847362880415 1.02934967874425287171 
0.94412085852166360844 0.92672974130989438368 1.17437329968851167372 
0.03925637127238414126 0.14860422195311570603 1.04089221914883856002 
-0.04161102843043554961 0.99309610358226707572 1.39090251013098287203 
0.03719802615552508102 1.02173444738981977764 2.76929636805013101863 
0.46116677093257479880 0.96239280635599622205 1.02670407449863221316 
0.39769482057777522099 0.01843749897572438332 1.93176589682813415472 
0.00945082520856532250 0.27675895165119290819 0.94215091655105853707 
0.95580541638301852458 1.35552936600310269810 1.92837398712655905264 
1.22023527610447057867 0.93993953184161871395 2.01115535112661092398 
0.97954053628739323756 1.02289400469104307945 2.62958759495775495907 
-0.04653830321801992465 0.97658632283205848434 2.45730040271617689029 
0.87392124938201898310 1.07728289980057145847 0.96908252729525778957 
0.94927328159811541486 1.02370665939112726051 2.49385116853352384325 
-0.04398185910139169874 1.65872724541781968455 1.99257841189367623791 
0.16184241809868071815 -0.05951181050074937778 1.98535556690121639534 
1.00354799124922022813 0.00450043783766829186 2.29422608624860968618 
1.00278724110530315095 -0.01897405383449930760 2.38714101353615282264 
-0.25514077395667594805 1.02250875579556455008 0.96382261459068563347 
0.91275450521692236272 1.62551448854089519713 0.97672252609880927388 
0.07485643428657443033 0.99601813884430889789 2.09088143958231054143 
0.90669250261562372994 0.99030698736627287282 2.77773971855057233427 
0.93334921402854020833 1.02009866246952207725 1.25489975167984835203 
0.99699811465292820234 0.02792588987708485848 1.35153676080230122913 
0.91364270792880841743 0.61552356536689445399 0.97362892299784686845 
0.99943350240343209467 0.99633418449563460051 1.40920800302756354938 
-0.04644245195351277139 0.08720424390026026984 0.90870487256913567986 
0.03508395120950149465 1.02072947133476943371 2.73096253292857582551 
-0.22729121632408866294 0.00666331022459094521 2.02601528966447652635 
0.68345656204240246012 1.00446955650326241738 1.93463563677277239350 
0.01891895530916977430 0.22586933800292802177 0.94180110729668309322 
0.95133021832586117661 -0.20747404214051790028 0.93229454523317367709 
-0.51598340517648877412 -0.04407322657445544162 1.97848541403084166035 
0.91506467215961195816 -0.02042219106227715145 2.34680662030262654483 
0.03622791241402602974 1.02179178095934020121 2.75504633595628334319 
0.96156661926996378487 1.37370021518788965054 1.93015758768098200093 
0.03466313267172522333 -0.10017758376084331950 2.05582811279415400563 
0.56981394630353321418 1.02467361199606599165 1.98190601770112606594 
1.02362021743450504196 1.08067257721280540750 2.02645989210151311610 
0.97047088695936944980 -0.05872875060628322125 2.14699806851110430728 
1.19627836320595171138 -0.02879116501049094543 1.93340997779368506393 
0.19485856553221875265 0.02062482292837182832 0.93356934065879204621 
1.00567133042936429632 0.22276320349710002078 1.95908957502155822716 
0.92227196139362721539 0.30351304647931293124 0.96283691649799152401 
-0.02612038353285900741 0.72920341985029712983 2.01813848576028043169 
-0.07466676630573854112 -0.12302661276481038910 1.97019023343298949058 
0.99584511658069474471 1.39128143129042736170 2.00526240145905365608 
0.91068967853349436226 -0.12595654206762096905 0.93604705289062872797 
0.07662040018768927208 1.10031193805200633307 1.97470151224766943265 
0.94405222352865925117 1.02453636683087800918 1.26049871819528402916 
0.97304736902049748792 0.63539692767432731646 1.93254220508136098644 
0.36299533131769273764 0.99106656170337981138 0.94604930298860878679 
1.03103199692042246660 0.85993740545856300894 1.00922462670357671044 
0.96947449241741034953 0.47233320147436386183 1.04226325703466304873 
0.02382780572865377325 0.42348961767706538861 2.01559342662828377968 
0.91103150606500704622 0.93449579010534367107 2.82339827653988439948 
0.07517849658151863623 0.85822316975358703406 0.97566194764311642285 
0.97025584094286987380 0.04582963179408296173 2.71330878932249364155 
-0.07469800469752831129 0.03146623421483625560 1.87214043067046587154 
0.91477396162882818054 0.98925902179842528650 2.58761630976255840864 
-0.00102654687343802994 0.14289129319909274485 1.06225024423854508271 
-0.05530677928708057495 1.76047299637194254451 1.97618149394679898379 
0.94381427011873419985 1.02138142002043008638 1.52846226974287646705 
0.94626411419159317528 0.44929316029196197935 2.01949545926490392489 
-0.00690045441776823872 1.31501395727783543244 2.02406700790732063666 
0.01119705158640535610 1.67871397399230048997 1.93023158662106064654 
0.92978828654452660984 -0.02917822552797320543 1.41791082449943828259 
-0.33708452923725162886 0.93967704875598312420 1.01815745998509776804 
0.94349376789254879583 0.93736345548926180982 1.54639482076584977577 
0.91945177145389689333 0.69332013945802950516 1.99889857156711570063 
1.01905653200147749970 1.07789300076252070326 1.04520081248953000674 
-0.04603321852682505655 0.98474943109443335842 2.49698773442494781349 
0.89247567929114879348 0.00329605023187172497 1.12264719821744574091 
0.68860868528805507793 0.93368996087551825447 1.00257838641531749069 
0.13512095818757241528 -0.06681921221000358679 1.99045034101078965882 
0.02664475781174564795 1.01918915562093226335 1.29826095287258169719 
0.91509886996174183427 1.42891115708905180881 0.98861573668791569158 
-0.03592747615157064478 1.08101900130804806643 1.06467965326990321451 
0.93739403889568773121 0.04570214035269195424 2.75728925667056667947 
0.84911665778828782081 0.93804944462592221299 0.92037436169158914900 
-0.00870728683504524807 0.06148632566499104973 2.14709281739470814188 
0.32285482806674059564 0.93764715418473421060 1.01594042841418685796 
0.99861577781814614418 1.66072034084749997618 1.95130738903646583360 
1.01915395225818450342 -0.06443082207573110065 1.07747163087893671474 
0.99430201700773834794 0.03042624534567471908 1.49922948084650009548 
0.00749346817230989518 -0.16325424087438955567 1.04835719344818234511 
0.14829923825071092414 0.05879937298964767189 1.01714718612245613727 
-0.02393264147626246452 1.58600973170512160593 2.01677657103043328490 
1.00366279345405340351 0.94567840768715705213 1.53502815596951580623 
0.99774457957260587193 1.74826274637180323346 2.01655337375635346220 
-0.57720232536659754619 -0.02319838671982352163 1.02748606879456461094 
0.84722014474104023751 0.93428774824892768525 1.05086145421605015038 
0.07326935048882465829 1.06044574801599278402 0.93048126703274536276 
0.85394844345709775002 0.96832646799967425633 1.89431539137728899291 
0.89983914657194508102 1.08619639521294031326 1.92577709736776681027 
-0.04886017389611780476 0.24680476812561272237 0.98869004307189733982 
0.96204483325659384541 1.75604562384324180968 0.93195219667790085705 
0.02451712841333518120 0.40893971533182521538 1.93950733642665995582 
-0.20407713094921625663 0.92815249965741786209 1.98631006696681611245 
0.74874532908451851831 -0.02319403759337804183 0.93462912552371213426 
0.99555661561656005887 0.93854232208260746084 2.72985656633196427379 
0.91807323481023406231 0.53193054458480826252 1.00065373132317247951 
1.11869023011048840388 -0.04435835810939756790 0.95079559301562732720 
0.97149619303733669717 0.93661438926072848599 2.39982520875684635087 
0.04294636565619514706 0.94549457725387542339 1.18343816864670481337 
-0.05106280533510678538 1.09746754398381130002 1.92509973635217335186 
-0.04596373913985180720 0.75012702757851046353 1.01662869444496806182 
-0.02605764980480943654 0.03232757431150904553 1.37985447514279147008 
-0.32052666480938019067 0.94183799166214754450 1.01978487021106833943 
-0.05563646517434614469 -0.08097607983247230579 2.05249561823328008359 
-0.24937191637260375243 0.02939050841768389363 2.01760230349669189565 
-0.03559036622334167677 1.65870740598430854718 1.01903442160924928572 
0.01644969437836734868 0.03689157241683591743 1.52297655848243018717 
0.99561239979270488298 1.55361623696358064350 2.00620833181990354532 
0.93715192948752878976 1.72293384841823637998 1.03049849378387126109 
0.03721371060262584213 1.00183039670341100802 2.44446591417496472687 
0.91358134433729731860 1.01638372165247070633 1.80311259025151704449 
-0.03669021690811365144 1.29624607101653888108 0.96273012256828338629 
0.96159591743875039160 1.76143894260893429937 0.93230009196804519700 
-0.57232658756828846958 -0.00257113236155120939 2.02060806752214539017 
-0.31050761628545020532 -0.03793978526777963545 1.95567843563678156471 
0.93048035098711068258 1.03821101078886557367 1.12471234814854059714 
0.83736989078817747334 0.03777407630602644395 2.03511290365822627990 
-0.28589292158257162413 1.00904056409895592772 2.01532127629639745692 
0.81014856197156426276 1.02836617832712073906 1.93501340221404927178 
-0.02365572389431564587 0.40600068253880883251 2.01514229995697968789 
1.10394286408080311013 0.98012167758687418484 1.90822296792561396650 
-0.61768747177978589047 0.93718539741459028214 1.01487646933091424373 
-0.00751473427087007758 0.65110863907141791618 1.92851726772993270487 
1.00011848602054476132 0.93910501670555746045 2.16640719130564773920 
-0.40329412134190661954 1.00771800946499534568 1.02160783626497031484 
-0.15308277402537909251 0.93956561556551410064 0.93788651750180906941 
0.30825521270857719758 0.95495989618576326841 1.93568075201548972508 
0.20281986394403953011 0.94806185081015459382 1.93177972424696964282 
0.91228322359756763849 0.37072652411340883960 1.97666792944363267637 
-0.04305139686756667000 0.06364877588505363226 2.09182580784153682174 
-0.12408961177389860042 -0.04871579572028311711 1.92699434885205711510 
0.37869434541485336165 -0.01248438817116563973 1.93154939939160064100 
0.98828983533194714184 1.01226095189278608721 2.47990885607552113967 
0.98342149236926634792 1.02037421432325459136 1.30630751835952629847 
0.10324820571739742880 -0.01976801855186530524 1.89128809716181245371 
0.11142983738248915526 0.89604020821340857328 1.97194130921777421861 
0.65073382780973465511 0.93752626887173651227 1.01623743768841245938 
-0.37046806630139622607 0.94029192312954490429 1.01825757564300145575 
0.03523874535168556449 -0.03073479347878373125 1.62511969500603026262 
1.02499761248969312177 0.93958121474613820467 1.86141409659969325752 
0.01912106732431757827 0.03920015482124154099 2.27712773329295670166 
0.03173510261734990845 0.24607165647422662991 1.93371159664549807644 
0.12259420827410201504 0.07295237716227906399 0.98382457847067850132 
0.99466577460216942796 1.00985991473230973803 1.35547993845537884106 
1.04030706439923115170 0.98803810848583450976 2.84492937318898952981 
-0.04502392463223878899 1.51775312756038949225 0.97230551138008647349 
0.98293588329364722789 1.23480527350322843994 1.93242534950752076206 
-0.02745506744513551145 0.05188140713240907420 2.13879312756934503170 
0.34127260402350018120 1.02540624309717176565 0.98016326102498496642 
-0.15450372498124334553 -0.04956824561040541754 2.01518361885731689398 
0.97216635528352646212 0.54705809740321675871 1.02808887074789345739 
-0.44527416094266841773 1.02054908355859308422 1.01483431120620193333 
1.00178354221682219816 0.45042254167259315745 0.99216366992296822769 
0.91349779309494760771 -0.02788401347619200860 2.17949896328876224771 
-0.00980923860642941153 0.05311064022313929239 1.76263615728735278942 
-0.02298544483998326074 1.24090896293877728240 1.93320383967010211990 
-0.03623343532220781732 0.81565772836553007696 1.03270402099874814006 
0.99661623801023069280 -0.12835155660269750855 0.92611743325809248173 
1.17124611406664902447 -0.03297126595569923463 2.01794497351248569572 
1.14633512290886852014 1.02318897547391429725 2.01518274274699304982 
0.38221620148151097540 0.01091322875973694748 2.02067319575637416307 
1.01025074434750261609 -0.04231360019443256015 1.84255264264247520245 
0.01777473343681474846 -0.16563476894197026734 1.04408770827247510127 
1.05414151119833299219 1.03639230642638291435 1.05179343921961310215 
-0.00278470082860784833 0.22026810672226715404 0.93260785883577845823 
0.00812350628082328732 0.65305899042987669567 1.03133668659060129258 
0.92022703650324688684 0.04413586955221420610 1.15045999658153208500 
-0.38260051534249078786 0.02123610529945435879 2.01978902804045423736 
0.02334600857404339411 1.04540879643971340585 1.85271704243055657102 
0.04944436324562135471 -0.01982437455888802838 1.76416810209240870755 
-0.70641646212135467131 0.00267999540518281667 1.92821679603555251603 
-0.04806158339427872572 1.30946243238188930746 1.97238163366908603180 
-0.00654673644926973258 0.93192532788499771179 1.33675415329840197032 
1.00701373135714211671 1.72526688186796062219 0.99578462036663473178 
0.03676454171074864524 -0.09640929857709448769 1.89535815280609654110 
-0.10222131618255661523 0.06036096784616450106 2.03117849292874508293 
0.99516806980526995030 1.01671160737509946870 2.69806813974835346670 
0.86592215198231092810 1.02961925310642699039 1.05706679638976153157 
0.23268744597032892107 1.02846031465810661132 1.98469817764304456986 
0.04177347734940672908 0.02044083611811254447 2.54983232716114516236 
0.00248679743768693770 1.49659152042046961206 1.92409460759383987849 
-0.03525300611336248252 0.95478771118673300133 1.33676925758466103034 
-0.31496841252232093966 0.04783518603221913884 1.00718388405280778741 
1.16304606946794830691 -0.01575126155623918917 0.93392719921394651283 
0.58015626429452749058 0.00378599121554993104 1.03036164370441896132 
-0.42300220188782250430 0.02650223321966977200 0.95404749531118859807 
0.27013224820009362759 0.95159148509061119992 2.01718009102682405143 
0.53902767077934021778 0.95473154879701094266 2.01523349324901301927 
0.91269401607699451873 0.22064294691612565402 0.96334665307895239739 
0.02497690708076203553 0.26694338162565700578 0.94909224336132336219 
0.31064444931085227752 0.98232326117994461789 2.02478745226872147711 
0.99591763301041591472 0.62224583843290648399 0.95993787052893986278 
-0.60548706447810907161 0.02276420424547762750 0.94832951507002793967 
-0.08463684988850869728 1.05335440396940405172 1.03649227112589414901 
-0.21323413624592751914 0.03839083892023476691 1.94472615330738052286 
0.96434268462446603998 0.93352006363896689045 1.32696417192817595065 
0.99735598096158950554 0.59931743638740508917 2.01211446793786441489 
0.94857389997996444109 1.02380129722252677382 1.57651621625311744168 
-0.37197449987109532099 0.98534794368189193570 1.92999236367323101504 
0.02467188084758529729 1.15129492088755802648 1.03953141274327687249 
0.04339249329044944647 1.70354349882995226295 1.99381348739339259168 
-0.09721529715610098543 0.07179516106501052097 0.94398769752033284686 
-0.06834303167590756456 0.04184350467817279234 0.88484544974610279677 
0.90578813938067315181 -0.02385934486162258339 1.15912784738642171689 
1.00272456143621635505 -0.01856606632636021575 2.46329992057044444564 
-0.67853540337428330798 -0.04548542287738600864 0.98603272849579515213 
0.44967583638834712767 0.03510952438690652377 1.99823198163911941450 
0.36587844923619983195 1.02095429574219043189 1.01513884676092258630 
0.47517281799967048261 0.02999375430619251673 1.94597423208388264904 
-0.31640447278567396250 -0.04610606151438254030 1.97912461019240271121 
0.99508627963099416380 0.10062634822286981029 2.05532418104121150648 
0.03023957977517575946 -0.15844254774138896713 1.92291322158786792684 
-0.00089300947376152063 0.58094853198339135858 1.03304712475984650233 
0.07772510666491302955 -0.06016001113925611987 2.05239118992594482549 
-0.04952712391055208441 -0.15097624352920682722 1.93566803354106475865 
1.15151584444231569471 0.95104383791695401573 2.02306317764508492019 
0.99910869592885920287 0.47780398585871164396 1.99415245120444817317 
0.03350934515993488766 0.15789873753014768698 1.92280564940930376316 
-0.16335356754747859531 1.01446433960406778851 2.02445546016117638999 
0.93042064914178501667 0.95038368841719345070 2.46087152761623073616 
0.99674018600885860852 0.95324891414822665592 1.37391847246520137915 
1.07525320305637039908 0.90208713903475146179 0.97838355884937733276 
0.04413794787347303378 1.10485303618507302303 0.93317034686190214465 
-0.04619042360185136864 0.76763598924507370214 1.01694307770202740926 
-0.04119439367318458028 0.99276802832658894715 1.46103750527513742696 
0.95721485634367309281 -0.05997377044558103304 1.17503016767321355474 
-0.04260708205572032170 0.93314120805754885435 1.14985718858949059751 
1.18386573084270674272 1.02264455773689943996 0.96053299718799400875 
0.00552109808677051297 0.26677527209408730124 1.92832006079739692872 
1.13729608864286069192 1.03432635211721990487 1.01126053200195920034 
0.95579477227673115269 -0.11097402655403286464 1.89246240154209099948 
0.04933487826747774002 0.97247120380386398164 1.21106113534061043957 
0.88455023213522143699 1.06932769200401511789 2.02422170885242014293 
-0.42487809232226386724 1.01386263858239189517 2.00359318451011292339 
0.93970439593326926531 0.47786357107312127379 0.95275308050491591683 
-0.43242811419980742293 0.93835893451470675508 1.01514044966375283074 
-0.61779565594169216780 0.99739612128212207232 2.01824153489277335893 
1.15484991487795340959 -0.06242152411721767213 1.98146987872250446294 
0.92110571282366715540 0.84399320785296716441 0.93173881712267803135 
0.86201563975796835493 1.02387889658787600844 0.91508138075073119921 
0.03531976853203769307 1.26042306083606359124 2.01483994747138162040 
0.20728780501928331659 0.04009639510113390676 1.02131222273620037022 
0.96299123029248179240 0.04554027852120185599 1.67284826496065708312 
-0.02733498966150454262 0.94741749594803970069 1.48754225240672810493 
0.03550667032351972202 0.94051656818015250128 2.24841410615311732002 
-0.37875270627416807168 0.99608126858146173177 1.93387307390627416481 
1.19819652087924644057 0.97523652930414361784 0.93467378744009288472 
-0.04534709089995993259 0.47246923485159408873 0.98298433324902501074 
0.06913910146165370973 -0.08750333364766545163 0.93985530246753556938 
-0.09166882536868388442 1.05455619194189820220 0.94405998886000663806 
-0.60387963757781271124 1.02899191570997916578 1.97941941387889230874 
1.07062345271540082514 0.02706212117331147776 0.91465925580819285035 
-0.72651175148235880297 0.02438362058986949521 0.94295341812099464640 
0.00601875332892536086 0.92025891035161733189 2.79991066099811147794 
-0.39898209936103606887 0.94056029139615271450 1.01771756158427040262 
0.04218067551529228881 1.39581938393880111704 0.99092656114714694482 
0.05528600947292272583 0.10396634896421022565 1.92237078480107470568 
0.95875154083033875541 1.10246776414825209400 1.90047853369615205033 
0.69649361957018296465 -0.04561556171840649293 0.99224283649320887957 
-0.05093059259015590007 1.77473379299543032594 1.01558709756323173323 
1.00801936372475564596 0.74442257487982455011 1.98371043311097428052 
0.99507338153258362290 1.00723906834716681047 1.49045723913534877703 
1.15205523898092887514 0.93579003877374533626 2.01429164298036322833 
0.99778925249036642953 1.19005164493233062117 2.01605884005750368715 
-0.10863557165396539594 0.95531058012693192971 1.90112048977386316473 
-0.20164987891293029154 -0.02004353421549620595 0.93375914221511324698 
0.93977552808876829715 1.02206106906416338553 1.26976165852294475833 
0.03680160444821871379 0.59467164912966130608 2.00333011810708860878 
0.04148951744135276343 -0.02891304900087358562 2.19935863629354866333 
-0.04920361422408367491 1.02261613209578161587 1.83055811987979244471 
0.74891230162833777317 -0.01078314185922849694 0.93461747909576464721 
0.87452553943477662202 0.06920963515198576277 1.92025321195620479742 
1.11042085425074277261 -0.06413170467008370845 0.98181041437395799587 
-0.24021086641377367710 0.96255058842421648002 0.94255540074460342215 
0.12497673819668526918 -0.07459847595024307609 1.97573549929183456264 
0.99935457432938501476 0.94073874347996178091 1.76536100970754317174 
0.91236030673635204469 0.88093243682840771669 1.90611055997314493560 
0.94307821336704233950 -0.19850465282402421363 0.93479207283984044885 
1.00102611300043697895 0.96549301464375725246 1.59484119079106601014 
-0.09649010706876795518 -0.09279044376785619552 0.97315520516732101353 
-0.05016010012372926208 0.72033705968540073794 0.97563646954112293042 
0.98326602248569239251 0.14414515267631028417 1.91769947138405538745 
1.01455360637150437952 0.02695668353815178567 2.15376927350373437164 
0.03658432700129592846 1.12677978879508278176 0.93267711892312166189 
0.01849771720085327184 1.02461656723174465711 2.71909442225987652009 
0.00775309853981560968 1.11214868805031130705 2.04671953390058147804 
0.99509324301538348845 0.34346688902651417719 0.95816806230928597277 
0.08000613037720356868 0.09851190008685595245 1.95008080453155163703 
0.93166314393380145198 1.11393369205472025918 1.91553608592077218020 
0.87130209099479516421 -0.04776983078786073422 1.06408830782288088557 
-0.04454390689845327822 -0.02528185078842141997 1.71344890504138303022 
-0.00554314963105490954 0.21901521672361887183 0.93223830631798609847 
1.00325832879310139489 1.53124144475813284139 1.98176923221081002779 
1.03934159742700082951 -0.05553444472012124267 2.05473794929528619235 
-0.03762600255061489263 1.52991181477768023456 1.99531769649859413995 
1.03419306822484879937 0.05870652700569634758 1.89737664631633218271 
-0.04537779234378887944 0.54784266113049850944 0.98400560861711106053 
0.91503108476903283197 1.45418489444785259401 1.96685890015712527834 
-0.04895844369574067767 -0.02050789491302411338 1.22349769525615292842 
-0.74686902661847531792 1.01822915539114866590 2.01689360898967340319 
-0.35614512617270766004 0.93414005644602204903 0.98633904621753276665 
0.03652831144289588744 0.94371335227553432290 2.24466378327138027515 
1.06884659228472544967 -0.08120632904071808933 1.96876858586828507036 
0.47867553283608510473 -0.02177184006660022944 1.93330350033875930649 
0.83019737951845862245 0.02291300962634079674 1.05632694104105429034 
-0.09985874864878577228 0.90085182558732179725 2.00767112603708719476 
1.14889651451470076182 -0.02180617876084306114 0.93347872946044008202 
-0.14284322062301890721 0.99522669865481916407 1.05177138600871278307 
0.91407113527543104592 1.13595506484302721795 1.93316771499868411688 
0.99530208382984586279 1.10021765339876309575 1.05478675726124215828 
-0.31727838251160439542 0.01818339097444697863 0.94367207761404936495 
0.91474383639811407409 -0.20496807259752045094 2.00838196168445826117 
-0.05075634161247843251 0.23518131660912566794 0.97668504517232679341 
1.00356218903867788761 1.37873024175196157159 0.97942689564293328175 
0.91515077667767552594 1.59298043723201421251 0.99592723421698725605 
0.01063172921403505652 1.32358442189720371118 2.02038328413279888451 
-0.05483505959151962345 1.19415850207221962975 0.97930797234308319954 
0.49122179124167331121 0.01044395758160833118 2.02015467368384804558 
1.17171346205186455158 0.01441150638857408017 2.02738257313519998348 
1.00428267286447003848 1.64201908136380914094 0.98410810673583359875 
0.04627576730772242630 -0.21372131424279927625 0.96657914427865632145 
0.10216394110549537055 1.03512800395551218813 1.92539792530324027631 
1.19147496957222842617 0.94755909525286463602 2.01793172201211357120 
0.78086388190358912986 -0.06077262721947956914 1.97555952617124286341 
-0.04288258202995805929 1.58890587898588653282 1.96240596426745894654 
-0.16396730453930444260 0.95245149688821106881 0.93543134998945021152 
1.07184867741122369367 0.07705189069004904356 0.99206097145686522598 
0.88685675523836760004 0.86529851557004555662 1.01081685748400773583 
0.96301175482272949324 0.45027340098687906877 1.93092046594876975973 
0.47443202068701723073 0.02217977594779809228 2.01857275662302360075 
1.08266118334909555720 0.06607735552455454298 2.00319786608208216805 
-0.58059274526390969307 0.99177440068117617145 2.01990561572243931820 
1.08898591791356191827 -0.06252355929868322337 1.02121878926475351257 
-0.19584518886683438543 1.03074337785699898795 0.96998712126138308953 
0.57716747981833138592 0.01833731708348212280 1.92326186045151836801 
0.91921974999043676302 0.96278699920131416423 2.59899751345326768259 
-0.41051253567937845412 -0.02175587122632362952 1.02842079350839443741 
0.03089260670284424415 0.63452441346296406532 2.01427832957011121451 
1.01716645339805977777 0.98941052997820067016 2.75646957774008694031 
0.92334320025692873113 0.59367029709385055192 1.95534204319916682380 
0.24379145716847300251 -0.03580006750700166773 1.02140499728510580901 
0.27312433647642947454 0.02221985226869717042 1.93074469886924737771 
0.99875863321751368051 0.28147793402022408538 2.00446130787164156217 
-0.36443202277717512416 -0.00703174537972507934 1.03057877138022391250 
0.08175294661259299711 0.92169551786531611626 1.90514004194027442018 
1.00135366910024181664 -0.02196831159107195605 1.34411501778361763826 
0.96161811996662160951 0.91705677526707141123 2.78440831252075726709 
0.04523815829305766201 0.98045132279975677481 1.48732574278987961236 
0.05295841468533858676 1.01083412562118435396 1.82559781795463194065 
1.24951925311416078834 0.94484816479444455606 1.94390297671735856611 
0.99887911693531505897 0.13189963271777166431 0.93004249049687837125 
0.04407374236441259641 0.02105251841573018909 1.27119906776440516616 
0.45064593445279504946 0.03572041140735772446 1.95631735243248616740 
1.27548147246500276353 -0.03400739759271365070 1.01934415303502623473 
0.94921504102473452935 1.19785919091942005821 0.93412214201424825788 
-0.55871409899421187184 -0.00136352234975814154 1.03003004496431316284 
0.98942902093047757628 1.01152821724166530615 1.48588562095071807789 
-0.35031498606949174057 -0.04680305501880277497 1.97538352686200058272 
1.02598895384150501364 0.15992964162035236408 1.96531959821080359774 
-0.02005994741974169090 0.03568439877400334664 2.41484159039826717930 
-0.23651976740139216138 0.93032182213667502513 1.98419582501649571782 
0.01198359829155899031 0.33428071526987723772 1.93207634405044914594 
0.91488156736146131198 1.39243463744032514029 0.98730778752519043895 
0.03537186457914925225 -0.03488846118231116872 2.23371187057821529720 
0.97224785052077533631 1.62743693599827077279 0.94643457461424995714 
0.97325912265864922279 -0.05856564006971105157 2.79283639634188851630 
0.91284317083826904682 1.49587292598566334867 1.97333701377307990654 
0.03534732739489321318 1.74026734228578328079 1.93363281334082892648 
0.17546665363171895513 1.02065653512860698982 1.93261842880844780801 
0.03600824817616582463 0.78284058437702230826 1.93207251483759767652 
-0.03624456314182296357 0.94192869261116185520 1.21475258817905817921 
-0.33573246474538426254 0.93281864778672751726 0.97772375945090073124 
0.99455189347792727350 0.05608526915794870282 2.12443270306899867350 
0.92030684565881915038 0.06028854445442047988 2.10241997964843774227 
0.78331975082997606918 0.96901979902957391388 1.92252595724749908435 
0.97860085162256860158 -0.19806875034097973232 2.02612397715510361706 
-0.01202932436295854959 0.34036305458390098133 2.02151170107231248352 
-0.04401223630549547239 0.92753304083511389777 1.83939466706058851742 
0.94887142444969163613 -0.05426510841291241893 2.17580055325884158535 
0.40306655196376617312 0.93450965772185723424 0.97278476149231141168 
-0.04779185083762575725 0.02229884999358555317 1.74065082494769729493 
0.03683982882409849585 1.36333849806917783987 1.01836444750567700623 
0.05942639368695467467 0.07350441608255381398 1.06992775884640978212 
0.54501084968656454688 -0.03313306651942073133 1.95112666501134301988 
0.07565196930964765420 1.03269952611270321441 1.89526284752772755660 
-0.02172228898211067682 0.03585534501960930404 2.33237075011459049634 
-0.00470025869061721415 0.05970479487633819499 2.77248882276808794600 
0.14144944252532204443 0.05139738553281805039 0.95021684228165814723 
0.14348830975846177394 1.00129217858523666962 0.92774179576900583921 
-0.64735869716244842653 0.99358954582422387425 2.02039497293616632234 
-0.14270363129239585498 0.99558899572542414180 1.90135988266978039896 
-0.00694856136783020967 0.04408675164150576559 1.46797698833886403058 
-0.01417594858347476922 -0.09078679984988841101 2.07434945782783008994 
0.53633782798609308529 -0.01692740801357942720 1.03259373212387028929 
0.03779469752420870632 1.00452073329183666495 1.64975992610039745578 
0.03475302343793666704 0.94131765099080189074 2.26139242067773471589 
0.89322855347696950012 1.10548331695266854879 1.00977624215404082619 
0.91208754760566135289 0.83450910796756683219 2.02136632483674150151 
0.04037503897012257453 0.30521096718480761334 1.95624001598245977895 
-0.68449543103385634968 1.00961606352635846484 2.01549043361050195244 
0.99864962867463535900 1.62216885808796762447 0.96390910685209063580 
0.98780007609759989951 1.02260247438329754388 2.21246057309365351529 
1.00543044454543162303 0.93838932420681508972 1.19338178011861240080 
0.91071094583160361324 0.72690598181388699217 1.98248451893612909203 
1.00403646132640944622 -0.01093693666364318334 1.28773915300857511035 
0.03575559923298426285 -0.07014146965901678354 0.87267310711325452033 
1.03304424608208278435 1.05947066589586369467 1.04472381192901919711 
1.03222905325029534751 0.89544787476757425893 0.93126183506865145567 
-0.59314964633122801985 0.93801686232754866168 1.01543964191642621664 
0.93797750104324151277 -0.04604721452595337411 2.75717671214988779838 
0.11512807740005025214 0.94009305972107171101 1.05456371008164251357 
0.05088742895271797240 1.77131783012416832435 1.00481624949805170566 
0.03748765547121320207 -0.02649038928243211896 2.38786974049774469719 
1.07550907794439210008 0.91888520649958749242 0.94871955855942780023 
0.88529464388536582842 0.12282493557183535304 1.98073877960969313428 
-0.23812897922504286385 0.04797945722677142422 0.98991862096804383864 
1.00545833669358097850 1.30106204079258613859 1.97069994912504564688 
-0.01966676189791418186 0.93646520684997747175 1.54791567389439110869 
1.00269479689416640689 0.39681975991644136137 0.98747035456433263079 
0.27874048932727629735 -0.03293118753091550666 0.95721747751630203993 
0.99968843407867002959 0.89408616661372264378 2.06416126783019482360 
0.03468451510862724518 0.04163460472159714876 2.76763495574685203238 
1.27415992760345653245 0.95448331184406887129 1.93659042326817276702 
0.03341668537619164880 0.27207659335017386759 1.93826892104913062198 
0.96211330560761720854 -0.05115411216137278477 2.34909117942980794069 
-0.08934853216821425637 1.00186576722720421806 2.06821435664972064217 
0.23433764086425162843 -0.00876199235235649090 2.03352266325437547323 
0.91510274719720929859 0.94013652786634593905 1.17225139658485688621 
0.51920652257030563970 1.02362632857673530040 0.98719968671970803609 
-0.04621312166493794782 0.36648894397358439123 0.97343795072306926741 
-0.00801986253430049187 1.72182587618553673003 1.92493961808859359586 
0.04154196989754357916 -0.02282524912023222233 1.30987612720130086608 
-0.28490478016288467433 0.99568174335718817591 1.03011284149495718765 
0.97482030421836218803 1.04497614215017731176 2.11448186230107548766 
1.00793471868520545520 0.02089958916451815224 2.73790038730933549260 
-0.02694422272184907041 0.39265239825218689607 2.01168115050393492282 
0.06912748339350288651 0.87635200734387030952 1.94342372575450239580 
-0.29130716868073597281 0.04445405819713326573 0.98825622415899261330 
1.01617071846536499713 0.75992147906977280947 1.96317504771567064026 
0.08094528850652828178 -0.05247379939582217517 1.89851811246268531441 
0.99115114672630755255 -0.03116183986335397532 2.53751620597892868503 
0.92471358480793464096 0.09851780474593076209 1.90008480478391916790 
-0.22746883722738625577 0.95764050536621259102 2.02132520550918348690 
-0.04546250549177675848 -0.02596460783941603040 1.22475919712013947560 
0.83587277552843464168 0.98171668004644341288 2.05210347605838805407 
0.97457582177196233619 1.69940025899089741657 1.03193059761259808838 
0.09085020797115549163 -0.06313700377210614001 0.92814356960058763679 
-0.66596665198686288978 0.03054299237172472536 1.02327126308668114874 
0.05841199210901585476 1.76551247078702755466 1.96621492584919366209 
0.26146560765292203854 1.01516038553326648497 1.94317270628787874820 
0.99975895150969784630 -0.03617056775512347139 2.73978812969662177679 
0.92224112870984409351 0.17733965217057648389 1.02956745886552547553 
0.03419261230643138444 1.01371689232300221661 2.28472432132728053844 
1.00087779174226376711 -0.02335068396045548306 2.30749788519920384644 
0.87327699838671557497 0.09823745398326505507 0.97007916023638784964 
1.01284316147114283879 0.80239717323869319543 1.96171824327317989578 
0.98159779678794290003 1.54747438168982021089 1.93758275079166164545 
-0.46029361796248408067 -0.03869853395033848176 1.00390896370468118981 
0.92201629549573227429 -0.10688884120057633165 2.04634796112294781167 
0.18817830138515706517 0.05616301479711308109 1.98124140751723709641 
0.76494367235088456258 0.93073286716696357335 1.95477234336375538248 
0.96301988957228323862 0.08860265325773056255 1.08921734696083616356 
1.02758613308697532851 0.95918971866971725060 1.11543659178090859285 
0.45718293767114454029 -0.02593629258794903636 2.01591563967648568223 
1.00231759631798533761 1.26512289335984617900 1.01096358933152141724 
0.44169483009108911897 -0.02635047138858618437 2.01562875832670052034 
0.04176012633932133650 0.01394990422309954139 1.48929090325283319807 
0.98833553571091192769 0.94030750464975842995 1.32289425059009002617 
0.84841167366838277086 -0.06503253667842223695 2.02003498975915496416 
-0.03737035839957089656 0.94623448785889241464 2.72288156814859938493 
0.03803704756322574820 -0.13571658722481205750 0.93094799351046164659 
0.99344950984715107989 1.01420719135498682562 2.28409093753624592438 
-0.36504082024760370340 0.02022188942327607375 2.02071123240006222943 
0.07567308676155665159 -0.02062905797211633113 2.84922812250561552361 
0.97949332677609235454 1.76501125384408852348 2.02645771335181956729 
0.21842460982387257307 1.01982360679413708304 1.94048268661219203146 
0.99168185321684332312 1.01780863696508294680 2.68224806787497982441 
0.07350539033778231979 -0.05546831591537241396 2.06130472101869610668 
0.14583983552881618628 1.02474572819228670895 1.03258586295845344871 
-0.05189113096251880136 0.12778547406261775432 0.94650221343054186107 
-0.31805400387046661725 1.01412688265130768173 1.02025086236636952641 
-0.68110953615481728551 0.93358905781792778100 1.98805879475775837406 
-0.04312858003355553305 0.08892352013629926943 1.89673865623620385712 
0.96188227395859704494 1.26947798891019969503 1.04125087333514976251 
0.97534471742410333572 -0.05724565718744725057 2.14455561178907672115 
0.91503873298644100576 0.02001267750430275189 1.37779585337367249664 
-0.24550832451909085363 0.05211690892212311049 1.97465034368739900117 
0.99960972219265220584 0.24387718232044003352 1.02016177783503270149 
0.91418203887624549520 1.44353673697877149529 0.97390690155703574238 
0.92064567544901920737 0.31914262843160856598 1.01630196352797708137 
0.04222913338796544652 1.58366559121235761509 0.99424804230377772374 
0.03659171460343943472 1.66612801839484414579 1.94540990930143209425 
0.94119787558460099586 0.93796882979469275998 2.58245525627236638400 
-0.13609350785106888448 0.92825528778166110921 2.01958875057931441788 
0.03837369041124615021 0.95659098021222987995 2.60804538452828804651 
0.96859484719777377837 1.63617673526527251937 2.02144955535044168471 
0.07716164397065342073 0.00074476125755358266 1.86115966475558614057 
-0.15244052012779318872 0.93983385001580799223 1.92605781836290046449 
-0.01943089647405114861 0.48861699613645115381 1.93628735705006560508 
-0.22464758253532871035 0.93240606293899386259 1.01524645256991763453 
1.12668699100094049648 1.02497641990645305121 1.93690936000877322876 
-0.01061172328214159653 0.14694899805293765160 1.05476858140199425407 
0.03642591426869747767 0.95391278058473949475 1.48997940037879472719 
-0.26448199587122656062 -0.02457099929317666659 2.02039603784647781026 
-0.00733983956118756768 0.89382141083360444611 1.09524563194236579378 
0.95459525862998384493 1.61076372666334988182 1.92796335633753201932 
0.73765290599734945065 1.00997101900050734180 2.01848913700667420557 
0.98295473142628952967 -0.03663260865054820958 1.31233038651195421664 
1.00180662311241963636 -0.01407462974402131153 1.53183826257228838941 
0.97313324545937840426 0.51148505204404615121 1.93371025866619739020 
-0.04459224620521864274 -0.01745268747679891430 1.57267142130107839826 
0.18102866072887449644 0.03958110778909712524 1.02478032253345174851 
0.99657704497137133970 0.06970919967645584914 2.09084001429030763575 
0.34229102845542708211 -0.01585607381447777867 1.92821025718442706776 
0.91558900585065039479 0.67838124665161170235 1.99333951306775092327 
0.01316281142639571383 0.92120558480343328611 1.81824920195910699761 
0.99875898133459573014 0.99957638891022204675 2.34957662597958494288 
0.15968327505503820962 -0.02828062334214017856 0.93332760805018466499 
0.58293309572467988389 0.96166466177508724833 2.01804117052876064164 
0.50480588870877174390 0.93822282775851728598 1.01485931145988184099 
0.42608895554176234866 0.93724879455556098229 1.00800888356324525041 
0.92185685481775880845 0.95956642183661911005 1.60367494264813448268 
-0.71934697323800556035 1.00779287812194806584 1.02704620444993621753 
0.94935550081857311699 -0.04244866318927238008 2.57479108080860097374 
0.91766943457959571084 -0.03389055517728704198 1.76464649983913668407 
1.15123078539747414339 1.02049712738582831761 1.93518894540589680986 
-0.71839874616326693246 0.02903795873069559344 1.93383186278518115486 
-0.55417733059046137001 0.94235594209932715959 0.96188693858553164784 
0.76754680037809830395 1.02041740586563434157 1.93545614356893236341 
0.03750318339797321932 -0.02600381457163875379 1.46508419383512067391 
0.92362582367222423319 0.08908116471997845620 1.89299229572564398083 
-0.01672304349891472197 0.04080904219967682045 1.29345655480018995043 
1.00630387682688526851 0.98626087933170958344 2.25281716563122902386 
0.07524810875183178538 0.87544090966742993398 1.02163771577945117208 
0.01575526147319882345 0.34793248765209267015 0.94873649484789079889 
0.04610659838311086806 1.67123221380751973975 1.98132200188097140625 
0.95088314522351990998 0.05235340220106768361 2.69592748895406852938 
0.04059619416981859186 0.88849528830307089589 2.05773271954639236370 
0.90259969253447891457 1.05887676300879052249 1.06202201962775633071 
0.97988033290989173807 0.90013111252377864258 1.86938313248756093898 
1.00316124352881730353 0.51202782676796820827 1.98138990863531794240 
0.89232676102750208003 0.10738099096996184256 1.93541514658694091544 
-0.04549720651594284238 0.97261021564484351210 1.41998251557687016344 
-0.56230162044152143253 0.93908043376071326236 0.96481032685673384641 
1.03297114050999039314 -0.09045654449288109689 1.92651550463095366794 
-0.13880968360395318228 0.06107898262573870085 0.96124684514660807544 
0.95602450258509252823 1.65209181770055590910 0.93646966861052094444 
0.91334369865188480553 0.21418225066893442632 0.96352380409121329841 
-0.41148772822059814791 1.02509889476232762817 1.97988226695941538225 
-0.62391674877051117587 0.98490830623675829081 1.92920210372905809315 
-0.00941858868270572386 1.61416995388542394707 1.92975988016277755221 
0.99498190416418241799 0.94083876665633403569 2.68699187761433933019 
-0.02564993795789859143 1.07479375431664569973 0.88223602044886439977 
0.89640301750041495588 0.04378649599230954870 0.88018970038405697220 
-0.31467667440723889882 0.93374427514369107151 0.97170824846222059179 
0.99866491849398575376 -0.09660262396195114232 1.06816816333189845700 
0.11479758474031112603 0.05288028738858869399 0.93663667567088304544 
0.04226160269540189113 -0.00997089864833411790 1.58102170768471417261 
-0.15952909877724430476 -0.03075838665984736292 1.92503866189808392484 
-0.00957482664387420551 0.04394956969748130965 1.34027944081576477764 
0.60889803368880290879 0.94225457163222714474 1.94541280119194737175 
0.86672924334952761161 -0.03258146855918340329 0.90578764118458332533 
0.56739878979652391688 0.93571302539905587548 1.98749869796011968681 
-0.04782111746602822622 -0.18874331670775482128 1.01774950771414274264 
-0.00348386346041642744 0.54111678799831197662 1.92912385856320245381 
-0.08679990525442743410 0.89633698613800438793 2.01781611042137809520 
0.77927025592125642728 0.05159594566886516881 1.99001672158737630269 
0.24746791204187237878 0.98273302728925726601 1.92535916615873103908 
0.04186810939572566809 0.63309270165334918801 1.01284925668486325279 
0.86997216358970230754 0.89994525962471560998 1.93379769082114183476 
-0.40480110147125947240 0.93691784349195417203 1.96128493489495880908 
0.04165360146262483271 1.06076382189152385038 2.06482178314461650714 
0.00249540309218706374 0.04243958413057096618 2.46286862827092800643 
0.91131972707746355944 0.73092281173309547881 0.98698944534239441140 
-0.05745012193936436390 0.81133049280027647043 0.98480730192448240334 
-0.16193609716951390398 0.06033626148053998495 0.97077972052500272060 
0.23740058254651563718 0.93348351801024898045 1.95834171526846456679 
0.92119825416911893523 1.34128988954358230323 1.02004552664520931060 
0.97659615341908845298 0.07136220484257400909 2.09545655723577661789 
0.91981602354278524381 -0.02293856818502901587 1.39553614755808363945 
0.13020528438442588448 -0.01607877439684812088 2.04700562234418192986 
1.00032640674169659434 -0.02196054423288040791 1.46359349770824120895 
0.97270386427926902595 1.02171086064586025266 2.40476997645024637151 
-0.51431653988580749992 -0.03771078660793203419 1.99251732314002816260 
-0.04442351187656586042 0.93698801220351313201 2.14567319228074060433 
-0.44411471662666529570 -0.02456936946179620260 1.93588245101869760312 
-0.00697123149289364391 0.14171489683972821050 1.90906157346949489906 
0.17453957276813816812 -0.01250048413135869396 2.03821723961737433228 
-0.03629032588546254878 0.95264273293600343351 1.67535254122553611822 
-0.72431116188613653417 0.05262809192602251745 1.92733438090415765132 
0.93643280350193058847 1.02174656316049117244 2.70240238122464759840 
1.01531768376887554517 1.74883371239137574982 1.96879216040592752712 
0.91289927573099061142 0.99491158076333252591 1.73474438182635215533 
0.95804406602882774546 1.30731030820264559900 0.93952000889953557472 
-0.04295891870387623379 -0.03405857618573527451 1.19215080712443710631 
0.03523245451431710612 0.93742228113112846533 1.75007234693769908596 
1.11441068933211018255 1.02838459307532081866 2.01512436449616005874 
0.94280194286938534542 0.93395753495142341816 1.71388171787331811124 
0.98658017063307956729 1.54754058348654899291 1.94116997400065627311 
0.97761402683519460499 0.07280811878181775443 2.09169952531287206554 
1.04753682418817595234 -0.06565266294800739533 1.04813409347065533694 
-0.43753390991787249886 0.04044995662449310525 0.97102102479820218139 
0.04112808810653178354 1.75851918970699339084 2.01483667967588653269 
-0.05170703317629927326 0.83911447290753526929 2.01863218439135527760 
0.01515267219658313590 0.20322172666302673605 1.03646133897379599809 
0.03473304002762811482 0.32831258276842434363 2.01193348845571495787 
1.00446900749659873142 0.30624014961063555917 0.98652702972964911865 
0.06621858976693326126 1.02364078861440588319 1.87208018494045558278 
0.06097528089933099832 1.10260706312296874465 0.95528079280301325671 
0.99244667413478659945 1.46513879933039614656 2.00900541432198442848 
0.97515708337015827301 0.03754567870051427059 2.41317005334629319790 
-0.04648058070338756398 0.56601339434521169558 1.97077764715893777314 
0.00832297087026176441 0.04032886978771145492 2.41203124157331183497 
0.94163541432593322877 0.05893382558708579189 2.13574405677844625373 
-0.05258350989828434324 0.03762529594912613490 2.11723648697353139525 
-0.01956160692541048657 1.27109241059927802198 1.93291342937074150932 
0.80273020177436427147 0.02386972582842495499 0.92959139097909027072 
0.01104226264166358572 0.05987013724314035196 1.81194235278086424046 
0.05524359101826330221 -0.19895616665870588524 0.95598044443930085823 
-0.03356684943036016694 0.69268514678843107202 1.94618435775513320962 
-0.04492349533290528746 1.21923089628114200700 1.95411656944379719114 
0.43323669756226046434 0.02608998818452014021 1.93854574614899388685 
1.07850293700826016519 0.06279095306858291370 2.01612649997941373314 
-0.07289173877400746682 -0.09233374662033726199 2.02291506076976412842 
-0.04665769477280962141 1.29111112488686297084 1.98400542452603967369 
-0.00496806422977723490 0.06004303317261662498 2.77455780369452487122 
0.99438918633244199885 0.58797013562126432262 0.95808234122962654400 
1.02409407668087948373 -0.13911623193299166301 1.98544700055136758010 
0.04558426485856426069 0.94960580033608188444 2.16537272109819323163 
0.94887651597812006088 0.92929944620268800648 2.20823032985368028491 
0.35651378629930646769 0.01079149991276494649 1.03072490989625054070 
0.04872382384695842644 0.22928741665589580379 0.98361988207283845842 
-0.01330373990979609976 1.03898193051872977932 2.13025309128560946803 
0.81416878492781419308 -0.06134385463265978888 1.99735048970186901407 
0.98898302927623249481 -0.19888223385959546974 1.03301903053513033370 
0.76287778414984175335 0.04390682745362604195 0.96040619921184766650 
0.97618840096448356025 0.35244651057619696966 1.93356388531785161611 
0.93317987704290505935 -0.08578178163391313171 0.89483237859552333671 
0.95559688433194933666 0.82151987212889643342 1.05446464090981217865 
-0.04468087433856819668 0.61336128712776394334 0.99551275460030819175 
0.91264327119617993933 0.97882244096121673316 2.51764267650023176870 
-0.55183418011627327626 0.02513189135802480767 2.01674046044487642604 
0.91468603406674653389 1.37849968178886128634 0.98728726888594275923 
1.01436348151494337699 0.97558214658792408169 1.78521666252814914522 
0.79262180702302065249 -0.06055918519767679309 0.97338410739221881141 
0.94881848865814921723 0.04230911256672881260 2.58477316918220623165 
-0.04563550069602400477 0.93649287067449205058 2.13513124585493496710 
1.03030140820434734650 0.11320466672648947515 2.00847642112304747286 
0.90690650919924864493 0.95647421086380879363 1.15745800072067805964 
-0.12321665484496389931 0.90710075382680654954 0.98204491697646656423 
1.15398310524152170053 0.95173775783271352680 1.92954704346011118865 
-0.62629175773513068304 -0.04724251604037140589 1.97542967426680893261 
-0.01117282798220680003 1.02884113100402685426 2.33828521751725793010 
-0.41959666193218453367 0.02821774328183571448 1.94239521910413159844 
-0.04542126558238653022 -0.00963496098503784267 2.61604607843676939538 
1.25799603075968424726 0.02005635231686095366 0.94276494121143972205 
0.35593133259342707442 0.94636324395463911063 2.00940936372114897779 
0.01300326027752110244 0.05329925530171774478 1.78768836154098775815 
0.04914705750845407839 0.24301329095059753804 1.97122802133709185135 
1.06732955121295725043 -0.02122110905276897164 1.07014115517314101211 
0.91439205186112748613 0.29552796655308322116 0.96943844392911016072 
0.91667266811640368829 -0.13102883319094113523 1.04172677744883945827 
1.03895220194475368380 -0.10587981514084533752 1.99429055051247083874 
0.91203874731763345807 0.97904345781354507050 1.50955924577035371925 
1.00154643531317866234 0.31555396374658806202 1.96006152166294844719 
-0.43504768399403226375 1.00697830970853696719 2.01148887976762091867 
0.03893466684861680155 -0.03029046055510131036 2.64334245762229036458 
1.07458679870739803874 0.05370683924763772210 1.03691216368956906635 
-0.11539302405714850497 -0.03946319980240798470 2.05293923816280798889 
-0.01476731456752601590 1.64186370301444406472 2.02083036646108515910 
0.83574792769999073361 0.99491252865522861182 2.04580521902142464796 
0.93767932254970542960 0.89670802960567941309 0.88631480761575287541 
0.97499600090059890256 1.30488262266723187288 2.01948550244490343530 
-0.08397370639354065358 0.93701475382445931217 0.90277854057268824839 
0.00143401392461279392 0.83778144998726966630 1.05797423365015119678 
-0.04165648608676470604 1.00417854098396408524 2.22753231570896925717 
-0.01702812653953213184 0.07054858757820360593 2.09673785840918514012 
1.02828435400746509565 0.90337314763965903541 2.04258492174983352641 
-0.00269904170992942699 0.52981205320185864593 2.02303536728778876608 
1.13511002527060433920 0.02611331035522610269 0.93419204732251037715 
1.21846342144078967351 0.94574908647976052567 1.92917774377862283330 
-0.04298524395646289437 0.67546873310257116163 1.01445763451045811721 
0.66498267468576421901 1.02842185549754772111 1.97547846695841489151 
1.25563349741102969759 -0.04454791030804094998 1.98451539842073221287 
0.03872120922278749627 -0.03050722240522615869 1.30607453062357947715 
0.94193298775468481399 0.47405695700898975442 2.01744484317187744438 
0.03418225027658127607 1.54695882052035327270 0.95797586774282295075 
0.03558882336739280228 0.88346375533668397573 2.05852568777786038012 
0.02364638065793995408 0.68077705169291047316 1.93429866801695049539 
0.02872549331967267153 1.30018842184977057030 0.95412189704419592129 
0.72883003939306889585 0.94348774516026134851 1.93676872246358944274 
0.99934693610564617750 -0.03500809408735838096 1.22661957806032240192 
1.02965023603277328057 0.88775390928872732754 1.03900813649035139719 
0.01540940252504149552 0.34853458238046075568 1.93327237450129185703 
0.91065199269405983085 1.04952282600435209403 2.07128541320934811409 
0.77626483913911004109 0.98033126692211824960 1.91820226718758579665 
0.91378996243049248616 1.51384325171269118471 1.98003217370354422933 
1.06087295855724916827 1.06286496822717890787 1.99123833338730404918 
0.90979396115710753357 0.52509263985219034598 0.97624902222428044940 
0.74044077619784876010 1.01503406768002957250 1.93613403616646628791 
0.91529751998569908178 1.25961222295923147563 1.01441520996163903057 
-0.04543557713374061363 0.02032676098642418466 1.63792328627685179754 
-0.25834313057584362694 -0.00368455453085799953 1.03443537931442808286 
0.03142483376673127493 1.02390683790901881878 1.77131705587181453865 
-0.50167330499432127855 0.04186189264926752640 0.98437222731900841932 
-0.12393361948381852178 0.93092379274178815862 1.03797928018684548768 
-0.00484828142683460181 0.70755140958571993703 0.93481779287166011372 
0.08185636154843992096 0.87107149324145416447 0.96919273003861228233 
0.91511761930165158585 0.02037815797054284492 2.35303213760317442294 
0.95598982850248492849 1.22006338783195578124 0.93360461372249248235 
0.99685999252812407256 0.94570175778735443561 2.69024051247386886132 
-0.25177477337339237984 0.97961370792474189440 0.93406008697997466861 
0.54962183738908476638 0.02570645314519282021 1.93752349673529633556 
0.96598799554099290532 1.25224004295822610722 1.03410082224842780896 
0.07292675373600993050 -0.08429939476976593127 1.92044113542575023423 
0.03480333375464499807 0.09065014275770134911 1.07588799854590555505 
0.00434488754693954440 -0.16134671310589071558 2.03758585012835791161 
-0.10192145604645184986 -0.04341231362524423237 1.05765451837653601252 
1.03430618314566191707 0.02063156524539385903 2.09664632937764761067 
0.93060850521065829888 0.76996667301551779961 1.02939921820911073347 
0.79526523439567020635 -0.03714695183845041770 1.93119928781850158650 
1.00094996337660147034 1.62382088105181554560 1.01096304484671017931 
0.81586950919486045386 0.98768932810647269704 1.05510286535798769592 
0.22876455626122813025 0.93930097345650620522 2.01475199966917895011 
0.99596277828389323528 1.02100015132113886018 1.20822642839741423160 
1.00355956163114190538 1.66115028605223269409 1.98770752459273691848 
0.91800339028144395392 1.63441722392707844413 1.95894457261707488627 
-0.07295315443140149014 0.98329731440466938697 2.10328700668483392633 
-0.00964748441228198070 1.42677116890139887850 1.03130012610092336445 
0.98962642270281497847 0.10925466134783676231 2.04260742703500364215 
0.50402679945185002719 0.96787800184730299335 2.01963401356299465661 
0.99057858268139120650 0.94265780233056861714 1.63378218411101583385 
0.03669763118080662107 -0.20496433007592618214 1.93347120950335416012 
0.03871137075438245423 0.40748499594541615076 1.95657598527200793370 
-0.04721033195297102969 -0.01158436141920311455 2.68714696956026077856 
0.02724283235504578946 0.90639180612650493973 2.08881520929245212415 
-0.43623831932542761480 -0.00704579861174642330 1.93199858749153285942 
1.03077045984407811297 -0.04454778428712374838 0.89295825540253748187 
0.95682572182723746312 0.92994030737994193281 2.30611077121828200731 
1.03111227954262307804 1.10387126402300772554 0.97047503859566142115 
0.05004178905610654621 0.92373704983800375423 2.08802418321061811213 
0.87584880340332516013 0.92918341093571110711 1.89937306455762344726 
0.91439416452835264870 0.08583013471279828110 2.05975158403153946196 
0.00903570783286405943 0.92116289631794079362 2.14045297156961034091 
1.00147873176971824449 1.11293854512278489466 1.04179953071417408239 
0.98708191806409362190 -0.16612401922976827162 1.04071476213803815192 
0.00969517401559311792 0.06183777452097881377 1.15102273961736067953 
1.04671023050291345236 0.98053838252379699192 1.86565094848159218621 
1.05122312029690201385 -0.08682666166743917280 1.02177242474342833134 
0.69730443621888926753 -0.00167178235042369627 0.94030714424133443607 
-0.44092164268057504328 -0.02675177460612329292 2.01536953020277787019 
