1.0043452978134155 1.0153745412826538
0.9803274273872375 0.9818577766418457
0.9693215489387512 0.9720156192779541
0.9672093391418457 0.9675627946853638
0.9441846013069153 0.9514251947402954
0.8692260384559631 1.021135687828064
0.5878424048423767 0.5900048613548279
0.5862795114517212 0.659567654132843
0.44439834356307983 0.5798459053039551
0.44308358430862427 0.45159319043159485
0.4422534108161926 0.4466738998889923
0.43793970346450806 0.7158291935920715
0.42989635467529297 0.4387032389640808
0.4152242839336395 0.5230721235275269
0.40897804498672485 0.4150291681289673
0.3845018148422241 0.39238691329956055
0.36039164662361145 0.3770308494567871
0.35615333914756775 0.38899365067481995
0.3276609480381012 0.3521025478839874
0.3253721594810486 0.3303784132003784
0.2909334599971771 0.3079225420951843
0.28185704350471497 0.2818954885005951
0.2785680592060089 0.2815520167350769
0.269405722618103 0.2785061299800873
0.26339060068130493 0.26921015977859497
0.2537188231945038 0.25791579484939575
0.2534077763557434 0.2535829544067383
0.24868005514144897 0.2595081329345703
0.2444477379322052 0.24648094177246094
0.24304574728012085 0.2453029602766037
0.23957407474517822 0.24166232347488403
0.23487138748168945 0.24065585434436798
0.23181071877479553 0.26786381006240845
0.22953732311725616 0.26255175471305847
0.2247842699289322 0.24237968027591705
0.22179968655109406 0.24072137475013733
0.22110821306705475 0.2211744636297226
0.2209537774324417 0.2302704006433487
0.22045646607875824 0.23562555015087128
0.21896487474441528 0.286750853061676
0.21883219480514526 0.22280067205429077
0.21798428893089294 0.2619953155517578
0.2177266627550125 0.2201942801475525
0.21766337752342224 0.22160281240940094
0.21667057275772095 0.24640412628650665
0.21563087403774261 0.2512663006782532
0.21559178829193115 0.22645558416843414
0.21459944546222687 0.2502566874027252
0.21359848976135254 0.4036903381347656
0.21284575760364532 0.2326509803533554
0.21251057088375092 0.21508502960205078
0.21240277588367462 0.24034859240055084
0.21082279086112976 0.2478717565536499
0.21066589653491974 0.24057139456272125
0.21008391678333282 0.2152477204799652
0.20998026430606842 0.22680552303791046
0.20979203283786774 0.2332438826560974
0.2092946618795395 0.21749676764011383
0.20822319388389587 0.21116411685943604
0.20759882032871246 0.21963302791118622
0.20757485926151276 0.2477688044309616
0.20740766823291779 0.7151325345039368
0.20630329847335815 0.21643957495689392
0.20587047934532166 0.21057148277759552
0.20556560158729553 0.21404939889907837
0.2044021189212799 0.22022806107997894
0.2043997347354889 0.30766159296035767
0.2043205052614212 0.2668837904930115
0.20375923812389374 0.2232874035835266
0.2032996267080307 0.21258772909641266
0.2030220925807953 0.425747811794281
0.2018437534570694 0.21060341596603394
0.2013622671365738 0.21085135638713837
0.20105929672718048 0.21085135638713837
0.2005547732114792 0.23455102741718292
0.19967922568321228 0.2643599212169647
0.1993785947561264 0.3128814995288849
0.19883157312870026 0.20827683806419373
0.19878357648849487 0.8539484739303589
0.19838567078113556 0.456315279006958
0.19827471673488617 0.21778978407382965
0.19711944460868835 0.20142902433872223
0.19594866037368774 0.22381798923015594
0.19574660062789917 0.23298203945159912
0.19561515748500824 0.19852954149246216
0.1955077350139618 0.359157919883728
0.19477742910385132 0.20956845581531525
0.19437341392040253 0.19628576934337616
0.19356462359428406 0.22989706695079803
0.19354240596294403 0.7483230233192444
0.1933666616678238 0.21288996934890747
0.19245947897434235 0.1947006732225418
0.19227024912834167 0.30056288838386536
0.19134919345378876 0.20130550861358643
0.19116586446762085 0.19861480593681335
0.1908671110868454 0.4103458523750305
0.18486253917217255 0.19241146743297577
0.18371883034706116 0.2069995403289795
0.18357230722904205 0.1932660937309265
0.18356257677078247 0.20036807656288147
0.18332210183143616 0.21499764919281006
0.182747483253479 0.2543155550956726
0.18211303651332855 0.20310592651367188
0.17655843496322632 0.1791376918554306
0.1755196899175644 0.18237146735191345
0.1752321422100067 0.17923936247825623
0.17468586564064026 0.18237146735191345
0.17437316477298737 0.21981677412986755
0.17205052077770233 0.22305803000926971
0.1707836538553238 0.1787528246641159
0.170460045337677 0.19303983449935913
0.16926483809947968 0.17958880960941315
0.16833215951919556 0.16856761276721954
0.1682475209236145 0.19107024371623993
0.16696448624134064 0.16993984580039978
0.1668192446231842 0.18447254598140717
0.16635306179523468 0.18712009489536285
0.1651313751935959 0.16705738008022308
0.164919912815094 0.1816827356815338
0.16376210749149323 0.1842300146818161
0.16371573507785797 0.25067761540412903
0.16213996708393097 0.17478293180465698
0.16202832758426666 0.18082988262176514
0.16100025177001953 0.16418103873729706
0.15985585749149323 0.1642208993434906
0.15970972180366516 0.19310885667800903
0.15824754536151886 0.16669388115406036
0.1558493673801422 0.15683627128601074
0.1554848551750183 0.1972188949584961
0.15539716184139252 0.1608959585428238
0.15502570569515228 0.1587102711200714
0.15480142831802368 0.17220938205718994
0.15411844849586487 0.15668895840644836
0.15392538905143738 0.15844930708408356
0.15233232080936432 0.16745133697986603
0.14978331327438354 0.15549050271511078
0.1494894027709961 0.15577363967895508
0.1490747034549713 0.2483939528465271
0.14869067072868347 0.15452803671360016
0.14469344913959503 0.15242749452590942
0.14426568150520325 0.15587884187698364
0.14408567547798157 0.1560516506433487
0.1438772827386856 0.31228548288345337
0.14350615441799164 0.1560680866241455
0.1411263644695282 0.14429117739200592
0.14028748869895935 0.1584528386592865
0.1341574341058731 0.15549050271511078
0.13243992626667023 0.13345827162265778
0.12779483199119568 0.13384419679641724
0.12663501501083374 0.13723325729370117
0.12600494921207428 0.13836777210235596
0.1255251169204712 0.13382650911808014
0.12487398087978363 0.12957464158535004
0.12005127221345901 0.12605616450309753
0.11549273878335953 0.1225491464138031
0.1148018091917038 0.11916662752628326
