0.0 0.02324683964252472
0.0 0.02324683964252472
0.0 0.02324683964252472
0.0 0.02324683964252472
0.0 0.02324683964252472
0.0 0.02324683964252472
0.0 0.02324683964252472
0.0 0.02324683964252472
0.0 0.02324683964252472
0.0 0.02324683964252472
0.0 0.02324683964252472
0.0 0.02324683964252472
0.0 0.02324683964252472
0.0 0.02324683964252472
0.0 0.02324683964252472
0.0 0.02324683964252472
0.0 0.02324683964252472
0.0 0.02324683964252472
0.0 0.02324683964252472
0.0 0.02324683964252472
0.0 0.02324683964252472
0.0 0.02324683964252472
0.0 0.02324683964252472
0.0 0.02324683964252472
0.0 0.033823952078819275
0.02324683964252472 0.033823952078819275
0.02324683964252472 0.033823952078819275
0.0 0.033823952078819275
0.02324683964252472 0.033823952078819275
0.02324683964252472 0.033823952078819275
0.02324683964252472 0.033823952078819275
0.0 0.033823952078819275
0.0 0.033823952078819275
0.02324683964252472 0.033823952078819275
0.02324683964252472 0.033823952078819275
0.0 0.033823952078819275
0.0 0.033823952078819275
0.0 0.033823952078819275
0.02324683964252472 0.033823952078819275
0.0 0.033823952078819275
0.02324683964252472 0.033823952078819275
0.02324683964252472 0.033823952078819275
0.0 0.033823952078819275
0.033823952078819275 0.03832755982875824
0.0 0.03832755982875824
0.0 0.03832755982875824
0.033823952078819275 0.03832755982875824
0.033823952078819275 0.03832755982875824
0.033823952078819275 0.03832755982875824
0.033823952078819275 0.03832755982875824
0.033823952078819275 0.03832755982875824
0.033823952078819275 0.03832755982875824
0.033823952078819275 0.03832755982875824
0.033823952078819275 0.03832755982875824
0.033823952078819275 0.03832755982875824
0.033823952078819275 0.03832755982875824
0.02324683964252472 0.03832755982875824
0.033823952078819275 0.03832755982875824
0.0 0.03832755982875824
0.033823952078819275 0.03832755982875824
0.033823952078819275 0.03832755982875824
0.033823952078819275 0.03832755982875824
0.02324683964252472 0.03832755982875824
0.0 0.03832755982875824
0.02324683964252472 0.03832755982875824
0.033823952078819275 0.03832755982875824
0.033823952078819275 0.03832755982875824
0.033823952078819275 0.03832755982875824
0.0 0.03832755982875824
0.033823952078819275 0.03832755982875824
0.0 0.04649367928504944
0.03832755982875824 0.04649367928504944
0.033823952078819275 0.049213558435440063
0.033823952078819275 0.049213558435440063
0.0 0.049213558435440063
0.03832755982875824 0.049213558435440063
0.033823952078819275 0.049213558435440063
0.0 0.049213558435440063
0.02324683964252472 0.049213558435440063
0.033823952078819275 0.049213558435440063
0.033823952078819275 0.049213558435440063
0.02324683964252472 0.049213558435440063
0.0 0.049213558435440063
0.0 0.049213558435440063
0.0 0.0557662695646286
0.0 0.0557662695646286
0.049213558435440063 0.0557662695646286
0.049213558435440063 0.0557662695646286
0.049213558435440063 0.0557662695646286
0.049213558435440063 0.0557662695646286
0.049213558435440063 0.0557662695646286
0.049213558435440063 0.0557662695646286
0.0 0.0557662695646286
0.049213558435440063 0.0557662695646286
0.049213558435440063 0.0557662695646286
0.049213558435440063 0.0557662695646286
0.049213558435440063 0.0557662695646286
0.049213558435440063 0.0557662695646286
0.049213558435440063 0.0557662695646286
0.049213558435440063 0.0557662695646286
0.049213558435440063 0.0557662695646286
0.049213558435440063 0.0557662695646286
0.033823952078819275 0.0557662695646286
0.033823952078819275 0.0557662695646286
0.03832755982875824 0.0557662695646286
0.049213558435440063 0.0557662695646286
0.0 0.0557662695646286
0.049213558435440063 0.0557662695646286
0.049213558435440063 0.0557662695646286
0.02324683964252472 0.0557662695646286
0.049213558435440063 0.0557662695646286
0.0 0.0557662695646286
0.049213558435440063 0.0557662695646286
0.049213558435440063 0.0557662695646286
0.049213558435440063 0.0557662695646286
0.049213558435440063 0.0557662695646286
0.049213558435440063 0.0557662695646286
0.049213558435440063 0.0557662695646286
0.049213558435440063 0.0557662695646286
0.049213558435440063 0.0557662695646286
0.033823952078819275 0.0557662695646286
0.0 0.0557662695646286
0.0 0.0557662695646286
0.0 0.0557662695646286
0.049213558435440063 0.0557662695646286
0.049213558435440063 0.0557662695646286
0.049213558435440063 0.0557662695646286
0.049213558435440063 0.0557662695646286
0.049213558435440063 0.0557662695646286
0.0 0.0557662695646286
0.0 0.0557662695646286
0.0 0.0557662695646286
0.02324683964252472 0.057070791721343994
0.049213558435440063 0.057070791721343994
0.049213558435440063 0.057070791721343994
0.033823952078819275 0.057070791721343994
0.049213558435440063 0.057070791721343994
0.049213558435440063 0.057070791721343994
0.0 0.057070791721343994
0.0557662695646286 0.057070791721343994
0.049213558435440063 0.057070791721343994
0.049213558435440063 0.057070791721343994
0.0557662695646286 0.057070791721343994
0.049213558435440063 0.057070791721343994
0.033823952078819275 0.057070791721343994
0.0557662695646286 0.06319145858287811
0.0557662695646286 0.06319145858287811
0.0557662695646286 0.06319145858287811
0.03832755982875824 0.06319145858287811
0.0557662695646286 0.06319145858287811
0.06157439947128296 0.06764790415763855
0.057070791721343994 0.06764790415763855
0.057070791721343994 0.06764790415763855
0.049213558435440063 0.06764790415763855
0.06764790415763855 0.06974051892757416
0.049213558435440063 0.07215151190757751
0.049213558435440063 0.07215151190757751
0.049213558435440063 0.07215151190757751
0.0557662695646286 0.07215151190757751
0.049213558435440063 0.07215151190757751
0.057070791721343994 0.07215151190757751
0.049213558435440063 0.07215151190757751
0.049213558435440063 0.07215151190757751
0.06319145858287811 0.07246039807796478
0.049213558435440063 0.07246039807796478
0.0557662695646286 0.07246039807796478
0.03832755982875824 0.07246039807796478
0.0557662695646286 0.07665511965751648
0.0557662695646286 0.07665511965751648
0.06319145858287811 0.07901310920715332
0.0557662695646286 0.07901310920715332
0.07246039807796478 0.07901310920715332
0.0557662695646286 0.08031763136386871
0.07215151190757751 0.08031763136386871
0.07901310920715332 0.08303751051425934
0.07215151190757751 0.08303751051425934
0.07901310920715332 0.08303751051425934
0.0 0.08303751051425934
0.049213558435440063 0.08482123911380768
0.08303751051425934 0.08643830567598343
0.02324683964252472 0.0875411182641983
0.0 0.08959022164344788
0.06764790415763855 0.08959022164344788
0.07246039807796478 0.08959022164344788
0.033823952078819275 0.08959022164344788
0.0875411182641983 0.08959022164344788
0.0875411182641983 0.08959022164344788
0.07665511965751648 0.08959022164344788
0.08959022164344788 0.09089474380016327
0.0557662695646286 0.09089474380016327
0.08303751051425934 0.09089474380016327
0.08303751051425934 0.09298735857009888
0.09089474380016327 0.09298735857009888
0.08303751051425934 0.09409382939338684
0.049213558435440063 0.09539835155010223
0.07215151190757751 0.09539835155010223
0.049213558435440063 0.09842712432146072
0.08959022164344788 0.09842712432146072
0.09842712432146072 0.10147186368703842
0.09409382939338684 0.10151901841163635
0.049213558435440063 0.10225994884967804
0.10147186368703842 0.10356447100639343
0.02324683964252472 0.10497982800006866
0.10497982800006866 0.10597545653581619
0.0875411182641983 0.10597545653581619
0.08303751051425934 0.10597545653581619
0.10497982800006866 0.10597545653581619
0.09409382939338684 0.10597545653581619
0.10497982800006866 0.11047907173633575
0.09842712432146072 0.1115325391292572
0.09539835155010223 0.11414158344268799
0.10497982800006866 0.12136507034301758
0.1128370612859726 0.12136507034301758
0.1115325391292572 0.12167395651340485
0.09842712432146072 0.12341417372226715
0.10628435015678406 0.12341417372226715
0.09842712432146072 0.12471870332956314
0.12341417372226715 0.12471870332956314
0.1128370612859726 0.12791778147220612
0.12791778147220612 0.1292223036289215
0.1322510689496994 0.13477937877178192
0.09842712432146072 0.13534297049045563
0.1356518566608429 0.13675467669963837
0.08303751051425934 0.13880378007888794
0.1322510689496994 0.14010831713676453
0.12136507034301758 0.14010831713676453
0.12822666764259338 0.14010831713676453
0.08303751051425934 0.14010831713676453
0.12341417372226715 0.14666101336479187
0.14535649120807648 0.15116462111473083
0.07215151190757751 0.1602068841457367
0.13880378007888794 0.16205061972141266
0.1506854146718979 0.16655422747135162
0.14666101336479187 0.16785874962806702
0.1672988086938858 0.17367053031921387
0.16655422747135162 0.17602486908435822
0.1726277470588684 0.17744022607803345
0.16000151634216309 0.17918044328689575
0.09089474380016327 0.18399293720722198
0.13880378007888794 0.1849885731935501
0.1726277470588684 0.2016827017068863
0.24959173798561096 0.2555702030658722
0.19110924005508423 0.2574489712715149
0.2574489712715149 0.26933062076568604
0.2886638939380646 0.2926282584667206
0.2793912887573242 0.3028928339481354
