0.0 0.02324683964252472
0.0 0.02324683964252472
0.0 0.02324683964252472
0.0 0.02324683964252472
0.0 0.02324683964252472
0.0 0.02324683964252472
0.0 0.02324683964252472
0.0 0.02324683964252472
0.0 0.02324683964252472
0.0 0.02324683964252472
0.0 0.02324683964252472
0.0 0.02324683964252472
0.0 0.02324683964252472
0.0 0.02324683964252472
0.0 0.02324683964252472
0.0 0.02324683964252472
0.0 0.02324683964252472
0.0 0.02324683964252472
0.0 0.02324683964252472
0.0 0.02324683964252472
0.0 0.02324683964252472
0.0 0.02324683964252472
0.0 0.02324683964252472
0.0 0.02324683964252472
0.0 0.02324683964252472
0.02324683964252472 0.033823952078819275
0.0 0.033823952078819275
0.0 0.033823952078819275
0.0 0.033823952078819275
0.02324683964252472 0.033823952078819275
0.0 0.033823952078819275
0.02324683964252472 0.033823952078819275
0.02324683964252472 0.033823952078819275
0.02324683964252472 0.033823952078819275
0.0 0.033823952078819275
0.0 0.033823952078819275
0.02324683964252472 0.033823952078819275
0.02324683964252472 0.033823952078819275
0.0 0.033823952078819275
0.0 0.033823952078819275
0.0 0.033823952078819275
0.02324683964252472 0.033823952078819275
0.0 0.033823952078819275
0.0 0.033823952078819275
0.0 0.033823952078819275
0.02324683964252472 0.03832755982875824
0.0 0.03832755982875824
0.033823952078819275 0.03832755982875824
0.02324683964252472 0.03832755982875824
0.033823952078819275 0.03832755982875824
0.0 0.03832755982875824
0.033823952078819275 0.03832755982875824
0.033823952078819275 0.03832755982875824
0.033823952078819275 0.03832755982875824
0.033823952078819275 0.03832755982875824
0.033823952078819275 0.03832755982875824
0.033823952078819275 0.03832755982875824
0.033823952078819275 0.03832755982875824
0.0 0.03832755982875824
0.033823952078819275 0.03832755982875824
0.033823952078819275 0.03832755982875824
0.0 0.03832755982875824
0.033823952078819275 0.03832755982875824
0.0 0.03832755982875824
0.033823952078819275 0.03832755982875824
0.033823952078819275 0.03832755982875824
0.033823952078819275 0.03832755982875824
0.0 0.03832755982875824
0.0 0.03832755982875824
0.033823952078819275 0.04649367928504944
0.0 0.04649367928504944
0.033823952078819275 0.04649367928504944
0.033823952078819275 0.04649367928504944
0.033823952078819275 0.04649367928504944
0.033823952078819275 0.04649367928504944
0.033823952078819275 0.04649367928504944
0.0 0.049213558435440063
0.033823952078819275 0.049213558435440063
0.0 0.049213558435440063
0.0 0.049213558435440063
0.0 0.049213558435440063
0.033823952078819275 0.049213558435440063
0.033823952078819275 0.049213558435440063
0.02324683964252472 0.049213558435440063
0.033823952078819275 0.049213558435440063
0.033823952078819275 0.049213558435440063
0.0 0.049213558435440063
0.049213558435440063 0.0557662695646286
0.0 0.0557662695646286
0.0 0.0557662695646286
0.049213558435440063 0.0557662695646286
0.049213558435440063 0.0557662695646286
0.049213558435440063 0.0557662695646286
0.049213558435440063 0.0557662695646286
0.0 0.0557662695646286
0.033823952078819275 0.0557662695646286
0.033823952078819275 0.0557662695646286
0.0 0.0557662695646286
0.049213558435440063 0.0557662695646286
0.033823952078819275 0.0557662695646286
0.049213558435440063 0.0557662695646286
0.049213558435440063 0.0557662695646286
0.049213558435440063 0.0557662695646286
0.049213558435440063 0.0557662695646286
0.033823952078819275 0.0557662695646286
0.049213558435440063 0.0557662695646286
0.049213558435440063 0.0557662695646286
0.049213558435440063 0.0557662695646286
0.02324683964252472 0.0557662695646286
0.049213558435440063 0.0557662695646286
0.049213558435440063 0.0557662695646286
0.0 0.0557662695646286
0.049213558435440063 0.0557662695646286
0.049213558435440063 0.0557662695646286
0.049213558435440063 0.0557662695646286
0.049213558435440063 0.0557662695646286
0.049213558435440063 0.0557662695646286
0.049213558435440063 0.0557662695646286
0.033823952078819275 0.0557662695646286
0.049213558435440063 0.0557662695646286
0.0 0.0557662695646286
0.033823952078819275 0.0557662695646286
0.049213558435440063 0.0557662695646286
0.049213558435440063 0.0557662695646286
0.049213558435440063 0.0557662695646286
0.049213558435440063 0.0557662695646286
0.049213558435440063 0.0557662695646286
0.0 0.0557662695646286
0.0 0.0557662695646286
0.049213558435440063 0.0557662695646286
0.033823952078819275 0.057070791721343994
0.033823952078819275 0.057070791721343994
0.0 0.057070791721343994
0.049213558435440063 0.057070791721343994
0.03832755982875824 0.057070791721343994
0.0 0.057070791721343994
0.033823952078819275 0.057070791721343994
0.033823952078819275 0.057070791721343994
0.049213558435440063 0.057070791721343994
0.02324683964252472 0.057070791721343994
0.03832755982875824 0.057070791721343994
0.0557662695646286 0.057070791721343994
0.033823952078819275 0.057070791721343994
0.033823952078819275 0.057070791721343994
0.0 0.057070791721343994
0.0557662695646286 0.057070791721343994
0.049213558435440063 0.057070791721343994
0.033823952078819275 0.057070791721343994
0.049213558435440063 0.057070791721343994
0.049213558435440063 0.06157439947128296
0.0 0.06157439947128296
0.0557662695646286 0.06157439947128296
0.0557662695646286 0.06157439947128296
0.0557662695646286 0.06319145858287811
0.0557662695646286 0.06319145858287811
0.0557662695646286 0.06319145858287811
0.0 0.06319145858287811
0.0557662695646286 0.06319145858287811
0.0557662695646286 0.06319145858287811
0.0 0.06319145858287811
0.0557662695646286 0.06319145858287811
0.0 0.06764790415763855
0.0 0.06764790415763855
0.06157439947128296 0.06764790415763855
0.049213558435440063 0.06764790415763855
0.06157439947128296 0.06764790415763855
0.033823952078819275 0.06764790415763855
0.03832755982875824 0.06764790415763855
0.0557662695646286 0.06764790415763855
0.06157439947128296 0.06764790415763855
0.049213558435440063 0.07215151190757751
0.057070791721343994 0.07215151190757751
0.033823952078819275 0.07215151190757751
0.049213558435440063 0.07215151190757751
0.049213558435440063 0.07215151190757751
0.07215151190757751 0.07246039807796478
0.0 0.07246039807796478
0.06319145858287811 0.07246039807796478
0.06157439947128296 0.07246039807796478
0.06764790415763855 0.07665511965751648
0.0 0.07665511965751648
0.0 0.07901310920715332
0.0557662695646286 0.07901310920715332
0.07215151190757751 0.07901310920715332
0.057070791721343994 0.07901310920715332
0.02324683964252472 0.08031763136386871
0.07665511965751648 0.08031763136386871
0.049213558435440063 0.08031763136386871
0.049213558435440063 0.08031763136386871
0.049213558435440063 0.08303751051425934
0.07901310920715332 0.08303751051425934
0.07215151190757751 0.08303751051425934
0.0557662695646286 0.08303751051425934
0.07246039807796478 0.08482123911380768
0.07246039807796478 0.08482123911380768
0.06764790415763855 0.08482123911380768
0.033823952078819275 0.08482123911380768
0.02324683964252472 0.08643830567598343
0.07246039807796478 0.08643830567598343
0.0557662695646286 0.08643830567598343
0.0 0.0875411182641983
0.08031763136386871 0.08959022164344788
0.0875411182641983 0.08959022164344788
0.0875411182641983 0.08959022164344788
0.08303751051425934 0.09089474380016327
0.08959022164344788 0.09089474380016327
0.057070791721343994 0.09089474380016327
0.08303751051425934 0.09089474380016327
0.08303751051425934 0.09409382939338684
0.033823952078819275 0.09409382939338684
0.08303751051425934 0.09409382939338684
0.08303751051425934 0.09409382939338684
0.07246039807796478 0.09539835155010223
0.0557662695646286 0.09539835155010223
0.0557662695646286 0.09539835155010223
0.03832755982875824 0.0957072377204895
0.09409382939338684 0.09701541811227798
0.0 0.09701541811227798
0.049213558435440063 0.09842712432146072
0.0875411182641983 0.10147186368703842
0.09842712432146072 0.10147186368703842
0.0875411182641983 0.10147186368703842
0.09842712432146072 0.10151901841163635
0.0557662695646286 0.10497982800006866
0.06764790415763855 0.10497982800006866
0.10497982800006866 0.10597545653581619
0.09842712432146072 0.10597545653581619
0.09842712432146072 0.10597545653581619
0.10497982800006866 0.10597545653581619
0.09539835155010223 0.10597545653581619
0.0 0.10597545653581619
0.07215151190757751 0.10628435015678406
0.10597545653581619 0.10628435015678406
0.0 0.11078795790672302
0.11078795790672302 0.1115325391292572
0.09842712432146072 0.1115325391292572
0.1115325391292572 0.11240501701831818
0.09409382939338684 0.11686147004365921
0.10497982800006866 0.11686147004365921
0.1128370612859726 0.11686147004365921
0.10497982800006866 0.11686147004365921
0.11686147004365921 0.12136507034301758
0.09701541811227798 0.12136507034301758
0.0 0.12136507034301758
0.1115325391292572 0.12638291716575623
0.08031763136386871 0.12791778147220612
0.10225994884967804 0.12822666764259338
0.12822666764259338 0.13372591137886047
0.1322510689496994 0.13372591137886047
0.1322510689496994 0.13372591137886047
0.12471870332956314 0.13372591137886047
0.13477937877178192 0.1356518566608429
0.1202622503042221 0.14010831713676453
0.13880378007888794 0.1433073878288269
0.13880378007888794 0.1446119099855423
0.1506854146718979 0.15246914327144623
0.1433073878288269 0.15246914327144623
0.11686147004365921 0.15408621728420258
0.13880378007888794 0.15518902242183685
0.13880378007888794 0.15969263017177582
0.12341417372226715 0.1617417335510254
0.16205061972141266 0.16304625570774078
0.15723812580108643 0.1630934178829193
0.1708875149488449 0.17918044328689575
0.15728528797626495 0.18980106711387634
0.12638291716575623 0.1910620778799057
0.12791778147220612 0.19110924005508423
0.1893218755722046 0.19556568562984467
0.188017338514328 0.1990736573934555
0.1954425424337387 0.20112276077270508
0.20373180508613586 0.21225981414318085
0.22314581274986267 0.22331613302230835
0.10147186368703842 0.224929541349411
0.2266537845134735 0.2296985238790512
0.15518902242183685 0.22974568605422974
0.19079670310020447 0.2310030460357666
0.23451101779937744 0.2622179687023163
0.25033631920814514 0.26518669724464417
0.2776075601577759 0.2833085060119629
