0.0 0.02324683964252472
0.0 0.02324683964252472
0.0 0.02324683964252472
0.0 0.02324683964252472
0.0 0.02324683964252472
0.0 0.02324683964252472
0.0 0.02324683964252472
0.0 0.02324683964252472
0.0 0.02324683964252472
0.0 0.02324683964252472
0.0 0.02324683964252472
0.0 0.02324683964252472
0.0 0.02324683964252472
0.0 0.02324683964252472
0.0 0.02324683964252472
0.0 0.02324683964252472
0.0 0.02324683964252472
0.0 0.02324683964252472
0.0 0.033823952078819275
0.02324683964252472 0.033823952078819275
0.0 0.033823952078819275
0.0 0.033823952078819275
0.02324683964252472 0.033823952078819275
0.0 0.033823952078819275
0.02324683964252472 0.033823952078819275
0.0 0.033823952078819275
0.02324683964252472 0.033823952078819275
0.02324683964252472 0.033823952078819275
0.0 0.033823952078819275
0.02324683964252472 0.033823952078819275
0.0 0.033823952078819275
0.0 0.033823952078819275
0.0 0.033823952078819275
0.0 0.033823952078819275
0.02324683964252472 0.033823952078819275
0.02324683964252472 0.033823952078819275
0.0 0.033823952078819275
0.02324683964252472 0.033823952078819275
0.02324683964252472 0.033823952078819275
0.0 0.033823952078819275
0.0 0.033823952078819275
0.0 0.033823952078819275
0.0 0.033823952078819275
0.02324683964252472 0.033823952078819275
0.02324683964252472 0.033823952078819275
0.0 0.03832755982875824
0.033823952078819275 0.03832755982875824
0.0 0.03832755982875824
0.033823952078819275 0.03832755982875824
0.0 0.03832755982875824
0.033823952078819275 0.03832755982875824
0.033823952078819275 0.03832755982875824
0.033823952078819275 0.03832755982875824
0.033823952078819275 0.03832755982875824
0.033823952078819275 0.03832755982875824
0.033823952078819275 0.03832755982875824
0.0 0.03832755982875824
0.02324683964252472 0.03832755982875824
0.033823952078819275 0.03832755982875824
0.033823952078819275 0.03832755982875824
0.0 0.03832755982875824
0.033823952078819275 0.03832755982875824
0.0 0.03832755982875824
0.02324683964252472 0.03832755982875824
0.033823952078819275 0.03832755982875824
0.033823952078819275 0.03832755982875824
0.0 0.03832755982875824
0.0 0.03832755982875824
0.033823952078819275 0.03832755982875824
0.0 0.03832755982875824
0.033823952078819275 0.04649367928504944
0.033823952078819275 0.04649367928504944
0.033823952078819275 0.04649367928504944
0.033823952078819275 0.04649367928504944
0.0 0.049213558435440063
0.0 0.049213558435440063
0.02324683964252472 0.049213558435440063
0.033823952078819275 0.049213558435440063
0.033823952078819275 0.049213558435440063
0.033823952078819275 0.049213558435440063
0.0 0.049213558435440063
0.0 0.049213558435440063
0.02324683964252472 0.049213558435440063
0.02324683964252472 0.049213558435440063
0.0 0.049213558435440063
0.02324683964252472 0.049213558435440063
0.02324683964252472 0.049213558435440063
0.049213558435440063 0.0557662695646286
0.049213558435440063 0.0557662695646286
0.049213558435440063 0.0557662695646286
0.0 0.0557662695646286
0.0 0.0557662695646286
0.049213558435440063 0.0557662695646286
0.049213558435440063 0.0557662695646286
0.049213558435440063 0.0557662695646286
0.049213558435440063 0.0557662695646286
0.049213558435440063 0.0557662695646286
0.049213558435440063 0.0557662695646286
0.033823952078819275 0.0557662695646286
0.02324683964252472 0.0557662695646286
0.049213558435440063 0.0557662695646286
0.049213558435440063 0.0557662695646286
0.049213558435440063 0.0557662695646286
0.049213558435440063 0.0557662695646286
0.0 0.0557662695646286
0.049213558435440063 0.0557662695646286
0.049213558435440063 0.0557662695646286
0.049213558435440063 0.0557662695646286
0.0 0.0557662695646286
0.049213558435440063 0.0557662695646286
0.049213558435440063 0.0557662695646286
0.049213558435440063 0.0557662695646286
0.0 0.0557662695646286
0.049213558435440063 0.0557662695646286
0.049213558435440063 0.0557662695646286
0.033823952078819275 0.0557662695646286
0.049213558435440063 0.0557662695646286
0.049213558435440063 0.0557662695646286
0.049213558435440063 0.0557662695646286
0.049213558435440063 0.0557662695646286
0.049213558435440063 0.0557662695646286
0.049213558435440063 0.0557662695646286
0.049213558435440063 0.0557662695646286
0.049213558435440063 0.0557662695646286
0.049213558435440063 0.0557662695646286
0.03832755982875824 0.057070791721343994
0.049213558435440063 0.057070791721343994
0.0557662695646286 0.057070791721343994
0.049213558435440063 0.057070791721343994
0.0557662695646286 0.057070791721343994
0.0 0.057070791721343994
0.0 0.057070791721343994
0.049213558435440063 0.057070791721343994
0.033823952078819275 0.057070791721343994
0.049213558435440063 0.057070791721343994
0.0557662695646286 0.057070791721343994
0.049213558435440063 0.057070791721343994
0.0557662695646286 0.06319145858287811
0.033823952078819275 0.06319145858287811
0.0557662695646286 0.06319145858287811
0.03832755982875824 0.06319145858287811
0.0557662695646286 0.06319145858287811
0.0557662695646286 0.06319145858287811
0.0557662695646286 0.06319145858287811
0.033823952078819275 0.06764790415763855
0.049213558435440063 0.06764790415763855
0.06157439947128296 0.06764790415763855
0.03832755982875824 0.06764790415763855
0.0557662695646286 0.07215151190757751
0.06764790415763855 0.07215151190757751
0.0 0.07215151190757751
0.0557662695646286 0.07215151190757751
0.0557662695646286 0.07215151190757751
0.06319145858287811 0.07246039807796478
0.0557662695646286 0.07246039807796478
0.049213558435440063 0.07246039807796478
0.0557662695646286 0.07246039807796478
0.06764790415763855 0.07665511965751648
0.03832755982875824 0.07901310920715332
0.06319145858287811 0.07901310920715332
0.06764790415763855 0.08031763136386871
0.06764790415763855 0.08031763136386871
0.07246039807796478 0.08482123911380768
0.08303751051425934 0.08643830567598343
0.057070791721343994 0.08643830567598343
0.08303751051425934 0.08643830567598343
0.07901310920715332 0.0875411182641983
0.08643830567598343 0.0875411182641983
0.08643830567598343 0.0875411182641983
0.0 0.0875411182641983
0.0875411182641983 0.08959022164344788
0.0875411182641983 0.08959022164344788
0.08303751051425934 0.09089474380016327
0.06764790415763855 0.09089474380016327
0.08959022164344788 0.09089474380016327
0.049213558435440063 0.09089474380016327
0.09409382939338684 0.09539835155010223
0.08303751051425934 0.09539835155010223
0.0875411182641983 0.09539835155010223
0.0557662695646286 0.09701541811227798
0.07901310920715332 0.09701541811227798
0.09409382939338684 0.09701541811227798
0.08303751051425934 0.09842712432146072
0.08959022164344788 0.09842712432146072
0.0 0.09842712432146072
0.0957072377204895 0.10147186368703842
0.07665511965751648 0.10147186368703842
0.09842712432146072 0.10147186368703842
0.09842712432146072 0.10151901841163635
0.0 0.10497982800006866
0.033823952078819275 0.10497982800006866
0.0875411182641983 0.10597545653581619
0.0 0.10628435015678406
0.033823952078819275 0.10628435015678406
0.1115325391292572 0.11240501701831818
0.1115325391292572 0.11240501701831818
0.09842712432146072 0.1128370612859726
0.09539835155010223 0.11414158344268799
0.10497982800006866 0.11686147004365921
0.11686147004365921 0.11864519119262695
0.10497982800006866 0.11895772814750671
0.10497982800006866 0.11895772814750671
0.1128370612859726 0.12136507034301758
0.11686147004365921 0.12136507034301758
0.08959022164344788 0.12471870332956314
0.0 0.12586867809295654
0.11240501701831818 0.12791778147220612
0.11414158344268799 0.1292223036289215
0.13477937877178192 0.13534297049045563
0.13477937877178192 0.1356518566608429
0.07215151190757751 0.13608390092849731
0.12341417372226715 0.13822951912879944
0.13242138922214508 0.13880378007888794
0.12341417372226715 0.14911551773548126
0.07246039807796478 0.15518902242183685
0.13242138922214508 0.16205061972141266
0.1433073878288269 0.16205061972141266
0.16205061972141266 0.16304625570774078
0.033823952078819275 0.16335515677928925
0.08959022164344788 0.16785874962806702
0.16000151634216309 0.16911976039409637
0.14986009895801544 0.17057862877845764
0.15728528797626495 0.17057862877845764
0.16817128658294678 0.1726277470588684
0.1115325391292572 0.1726277470588684
0.1672988086938858 0.17397941648960114
0.1672988086938858 0.18486541509628296
0.18660564720630646 0.188017338514328
0.1128370612859726 0.188017338514328
0.18660564720630646 0.19457004964351654
0.033823952078819275 0.1954425424337387
0.1726277470588684 0.2016827017068863
0.2064516842365265 0.20890618860721588
0.21195092797279358 0.23451101779937744
0.217508003115654 0.2513754665851593
0.2574489712715149 0.2587571442127228
0.25776150822639465 0.2591732144355774
0.23289760947227478 0.2715340554714203
