0.0 0.02324683964252472
0.0 0.02324683964252472
0.0 0.02324683964252472
0.0 0.02324683964252472
0.0 0.02324683964252472
0.0 0.02324683964252472
0.0 0.02324683964252472
0.0 0.02324683964252472
0.0 0.02324683964252472
0.0 0.02324683964252472
0.0 0.02324683964252472
0.0 0.02324683964252472
0.0 0.02324683964252472
0.0 0.02324683964252472
0.0 0.02324683964252472
0.0 0.02324683964252472
0.0 0.02324683964252472
0.0 0.02324683964252472
0.0 0.02324683964252472
0.0 0.02324683964252472
0.0 0.033823952078819275
0.0 0.033823952078819275
0.02324683964252472 0.033823952078819275
0.02324683964252472 0.033823952078819275
0.0 0.033823952078819275
0.02324683964252472 0.033823952078819275
0.0 0.033823952078819275
0.0 0.033823952078819275
0.02324683964252472 0.033823952078819275
0.0 0.033823952078819275
0.0 0.033823952078819275
0.0 0.033823952078819275
0.0 0.033823952078819275
0.0 0.033823952078819275
0.02324683964252472 0.033823952078819275
0.02324683964252472 0.033823952078819275
0.0 0.033823952078819275
0.0 0.033823952078819275
0.0 0.033823952078819275
0.02324683964252472 0.033823952078819275
0.02324683964252472 0.033823952078819275
0.02324683964252472 0.033823952078819275
0.02324683964252472 0.033823952078819275
0.02324683964252472 0.033823952078819275
0.02324683964252472 0.033823952078819275
0.02324683964252472 0.033823952078819275
0.0 0.033823952078819275
0.02324683964252472 0.033823952078819275
0.02324683964252472 0.033823952078819275
0.02324683964252472 0.033823952078819275
0.0 0.03832755982875824
0.033823952078819275 0.03832755982875824
0.0 0.03832755982875824
0.033823952078819275 0.03832755982875824
0.033823952078819275 0.03832755982875824
0.0 0.03832755982875824
0.02324683964252472 0.03832755982875824
0.02324683964252472 0.03832755982875824
0.033823952078819275 0.03832755982875824
0.033823952078819275 0.03832755982875824
0.033823952078819275 0.03832755982875824
0.033823952078819275 0.03832755982875824
0.033823952078819275 0.03832755982875824
0.033823952078819275 0.03832755982875824
0.02324683964252472 0.03832755982875824
0.033823952078819275 0.03832755982875824
0.0 0.03832755982875824
0.0 0.03832755982875824
0.033823952078819275 0.03832755982875824
0.02324683964252472 0.03832755982875824
0.033823952078819275 0.03832755982875824
0.02324683964252472 0.03832755982875824
0.02324683964252472 0.03832755982875824
0.033823952078819275 0.03832755982875824
0.033823952078819275 0.03832755982875824
0.0 0.03832755982875824
0.033823952078819275 0.03832755982875824
0.033823952078819275 0.03832755982875824
0.033823952078819275 0.03832755982875824
0.0 0.03832755982875824
0.0 0.03832755982875824
0.033823952078819275 0.03832755982875824
0.0 0.03832755982875824
0.033823952078819275 0.04649367928504944
0.02324683964252472 0.049213558435440063
0.0 0.049213558435440063
0.0 0.049213558435440063
0.0 0.049213558435440063
0.033823952078819275 0.049213558435440063
0.0 0.049213558435440063
0.033823952078819275 0.049213558435440063
0.03832755982875824 0.049213558435440063
0.033823952078819275 0.049213558435440063
0.033823952078819275 0.049213558435440063
0.033823952078819275 0.049213558435440063
0.02324683964252472 0.049213558435440063
0.0 0.049213558435440063
0.033823952078819275 0.0557662695646286
0.02324683964252472 0.0557662695646286
0.049213558435440063 0.0557662695646286
0.049213558435440063 0.0557662695646286
0.049213558435440063 0.0557662695646286
0.049213558435440063 0.0557662695646286
0.049213558435440063 0.0557662695646286
0.03832755982875824 0.0557662695646286
0.049213558435440063 0.0557662695646286
0.033823952078819275 0.0557662695646286
0.049213558435440063 0.0557662695646286
0.049213558435440063 0.0557662695646286
0.049213558435440063 0.0557662695646286
0.049213558435440063 0.0557662695646286
0.049213558435440063 0.0557662695646286
0.03832755982875824 0.0557662695646286
0.02324683964252472 0.0557662695646286
0.049213558435440063 0.0557662695646286
0.0 0.0557662695646286
0.0 0.0557662695646286
0.049213558435440063 0.0557662695646286
0.0 0.0557662695646286
0.033823952078819275 0.0557662695646286
0.049213558435440063 0.0557662695646286
0.049213558435440063 0.0557662695646286
0.0 0.0557662695646286
0.049213558435440063 0.0557662695646286
0.049213558435440063 0.0557662695646286
0.049213558435440063 0.0557662695646286
0.049213558435440063 0.0557662695646286
0.049213558435440063 0.0557662695646286
0.0 0.0557662695646286
0.049213558435440063 0.0557662695646286
0.049213558435440063 0.0557662695646286
0.049213558435440063 0.0557662695646286
0.0 0.0557662695646286
0.049213558435440063 0.0557662695646286
0.049213558435440063 0.0557662695646286
0.049213558435440063 0.0557662695646286
0.049213558435440063 0.0557662695646286
0.049213558435440063 0.0557662695646286
0.049213558435440063 0.0557662695646286
0.049213558435440063 0.0557662695646286
0.0 0.0557662695646286
0.049213558435440063 0.0557662695646286
0.0 0.0557662695646286
0.049213558435440063 0.0557662695646286
0.049213558435440063 0.0557662695646286
0.049213558435440063 0.0557662695646286
0.033823952078819275 0.0557662695646286
0.049213558435440063 0.0557662695646286
0.033823952078819275 0.0557662695646286
0.0 0.0557662695646286
0.049213558435440063 0.0557662695646286
0.049213558435440063 0.0557662695646286
0.0 0.0557662695646286
0.049213558435440063 0.057070791721343994
0.04649367928504944 0.057070791721343994
0.049213558435440063 0.057070791721343994
0.0557662695646286 0.057070791721343994
0.049213558435440063 0.057070791721343994
0.049213558435440063 0.057070791721343994
0.02324683964252472 0.057070791721343994
0.03832755982875824 0.057070791721343994
0.049213558435440063 0.057070791721343994
0.033823952078819275 0.057070791721343994
0.0557662695646286 0.057070791721343994
0.0557662695646286 0.057070791721343994
0.0557662695646286 0.057070791721343994
0.049213558435440063 0.057070791721343994
0.02324683964252472 0.057070791721343994
0.049213558435440063 0.06157439947128296
0.049213558435440063 0.06157439947128296
0.057070791721343994 0.06157439947128296
0.057070791721343994 0.06157439947128296
0.0 0.06157439947128296
0.0557662695646286 0.06157439947128296
0.057070791721343994 0.06157439947128296
0.033823952078819275 0.06157439947128296
0.0557662695646286 0.06319145858287811
0.0557662695646286 0.06319145858287811
0.0557662695646286 0.06319145858287811
0.0557662695646286 0.06319145858287811
0.0557662695646286 0.06319145858287811
0.049213558435440063 0.06764790415763855
0.049213558435440063 0.06764790415763855
0.0 0.06764790415763855
0.049213558435440063 0.06764790415763855
0.049213558435440063 0.06764790415763855
0.049213558435440063 0.06764790415763855
0.06157439947128296 0.06764790415763855
0.049213558435440063 0.07215151190757751
0.033823952078819275 0.07215151190757751
0.049213558435440063 0.07215151190757751
0.033823952078819275 0.07246039807796478
0.033823952078819275 0.07246039807796478
0.0557662695646286 0.07246039807796478
0.06157439947128296 0.07901310920715332
0.07215151190757751 0.07901310920715332
0.07215151190757751 0.07901310920715332
0.06764790415763855 0.08303751051425934
0.07901310920715332 0.08303751051425934
0.07901310920715332 0.08303751051425934
0.07246039807796478 0.08482123911380768
0.06157439947128296 0.08482123911380768
0.08303751051425934 0.08643830567598343
0.08643830567598343 0.0875411182641983
0.0875411182641983 0.08959022164344788
0.08643830567598343 0.08959022164344788
0.08303751051425934 0.09089474380016327
0.08303751051425934 0.09089474380016327
0.08303751051425934 0.09089474380016327
0.08303751051425934 0.09089474380016327
0.08303751051425934 0.09089474380016327
0.0557662695646286 0.09409382939338684
0.08482123911380768 0.09539835155010223
0.09089474380016327 0.09539835155010223
0.06764790415763855 0.09539835155010223
0.033823952078819275 0.09701541811227798
0.0875411182641983 0.10147186368703842
0.09842712432146072 0.10147186368703842
0.08303751051425934 0.10356447100639343
0.09701541811227798 0.10497982800006866
0.09842712432146072 0.10597545653581619
0.10497982800006866 0.10597545653581619
0.0999019593000412 0.10597545653581619
0.08959022164344788 0.10628435015678406
0.08303751051425934 0.10628435015678406
0.09539835155010223 0.10628435015678406
0.08959022164344788 0.10628435015678406
0.09409382939338684 0.11078795790672302
0.07215151190757751 0.11240501701831818
0.1115325391292572 0.11240501701831818
0.09701541811227798 0.1128370612859726
0.07215151190757751 0.1128370612859726
0.10628435015678406 0.11864519119262695
0.11686147004365921 0.1202622503042221
0.11240501701831818 0.12136507034301758
0.12167395651340485 0.12314879894256592
0.10628435015678406 0.12341417372226715
0.11734066903591156 0.1292223036289215
0.12822666764259338 0.1292223036289215
0.12822666764259338 0.12953118979930878
0.12471870332956314 0.13083936274051666
0.10597545653581619 0.1352958083152771
0.1322510689496994 0.1352958083152771
0.12136507034301758 0.13822951912879944
0.13675467669963837 0.1446119099855423
0.08959022164344788 0.1506854146718979
0.14622898399829865 0.1514735072851181
0.15969263017177582 0.1617417335510254
0.16817128658294678 0.1726277470588684
0.1514735072851181 0.1849885731935501
0.18005293607711792 0.19185017049312592
0.14796553552150726 0.19587458670139313
0.2034069448709488 0.20693089067935944
0.21095529198646545 0.2119980901479721
