0.0 0.02324683964252472
0.0 0.02324683964252472
0.0 0.02324683964252472
0.0 0.02324683964252472
0.0 0.02324683964252472
0.0 0.02324683964252472
0.0 0.02324683964252472
0.0 0.02324683964252472
0.0 0.02324683964252472
0.0 0.02324683964252472
0.0 0.02324683964252472
0.0 0.02324683964252472
0.0 0.02324683964252472
0.0 0.02324683964252472
0.0 0.02324683964252472
0.0 0.02324683964252472
0.0 0.02324683964252472
0.0 0.02324683964252472
0.0 0.02324683964252472
0.0 0.02324683964252472
0.0 0.02324683964252472
0.0 0.02324683964252472
0.0 0.02324683964252472
0.0 0.02324683964252472
0.0 0.02324683964252472
0.0 0.02324683964252472
0.0 0.033823952078819275
0.0 0.033823952078819275
0.02324683964252472 0.033823952078819275
0.02324683964252472 0.033823952078819275
0.02324683964252472 0.033823952078819275
0.02324683964252472 0.033823952078819275
0.0 0.033823952078819275
0.02324683964252472 0.033823952078819275
0.0 0.033823952078819275
0.0 0.033823952078819275
0.0 0.033823952078819275
0.0 0.033823952078819275
0.0 0.033823952078819275
0.02324683964252472 0.033823952078819275
0.0 0.033823952078819275
0.02324683964252472 0.033823952078819275
0.02324683964252472 0.033823952078819275
0.0 0.033823952078819275
0.0 0.033823952078819275
0.0 0.033823952078819275
0.0 0.033823952078819275
0.0 0.033823952078819275
0.0 0.033823952078819275
0.02324683964252472 0.033823952078819275
0.0 0.033823952078819275
0.02324683964252472 0.033823952078819275
0.0 0.033823952078819275
0.0 0.033823952078819275
0.0 0.033823952078819275
0.02324683964252472 0.033823952078819275
0.0 0.033823952078819275
0.02324683964252472 0.033823952078819275
0.0 0.033823952078819275
0.02324683964252472 0.033823952078819275
0.02324683964252472 0.03832755982875824
0.033823952078819275 0.03832755982875824
0.02324683964252472 0.03832755982875824
0.0 0.03832755982875824
0.033823952078819275 0.03832755982875824
0.033823952078819275 0.03832755982875824
0.0 0.03832755982875824
0.033823952078819275 0.03832755982875824
0.02324683964252472 0.03832755982875824
0.02324683964252472 0.03832755982875824
0.0 0.03832755982875824
0.033823952078819275 0.03832755982875824
0.033823952078819275 0.03832755982875824
0.0 0.03832755982875824
0.033823952078819275 0.03832755982875824
0.033823952078819275 0.03832755982875824
0.033823952078819275 0.03832755982875824
0.033823952078819275 0.03832755982875824
0.033823952078819275 0.03832755982875824
0.0 0.03832755982875824
0.0 0.03832755982875824
0.02324683964252472 0.03832755982875824
0.033823952078819275 0.03832755982875824
0.033823952078819275 0.03832755982875824
0.0 0.03832755982875824
0.02324683964252472 0.03832755982875824
0.033823952078819275 0.03832755982875824
0.033823952078819275 0.03832755982875824
0.033823952078819275 0.04649367928504944
0.033823952078819275 0.04649367928504944
0.033823952078819275 0.04649367928504944
0.0 0.04649367928504944
0.0 0.04649367928504944
0.033823952078819275 0.049213558435440063
0.033823952078819275 0.049213558435440063
0.033823952078819275 0.049213558435440063
0.0 0.049213558435440063
0.033823952078819275 0.049213558435440063
0.0 0.049213558435440063
0.033823952078819275 0.049213558435440063
0.0 0.049213558435440063
0.02324683964252472 0.049213558435440063
0.033823952078819275 0.049213558435440063
0.0 0.049213558435440063
0.02324683964252472 0.049213558435440063
0.0 0.049213558435440063
0.0 0.049213558435440063
0.0 0.049213558435440063
0.033823952078819275 0.049213558435440063
0.0 0.049213558435440063
0.0 0.049213558435440063
0.049213558435440063 0.0557662695646286
0.049213558435440063 0.0557662695646286
0.049213558435440063 0.0557662695646286
0.03832755982875824 0.0557662695646286
0.049213558435440063 0.0557662695646286
0.049213558435440063 0.0557662695646286
0.0 0.0557662695646286
0.049213558435440063 0.0557662695646286
0.049213558435440063 0.0557662695646286
0.0 0.0557662695646286
0.033823952078819275 0.0557662695646286
0.02324683964252472 0.0557662695646286
0.0 0.0557662695646286
0.049213558435440063 0.0557662695646286
0.033823952078819275 0.0557662695646286
0.049213558435440063 0.0557662695646286
0.033823952078819275 0.0557662695646286
0.049213558435440063 0.0557662695646286
0.049213558435440063 0.0557662695646286
0.0 0.0557662695646286
0.049213558435440063 0.0557662695646286
0.049213558435440063 0.0557662695646286
0.033823952078819275 0.0557662695646286
0.049213558435440063 0.0557662695646286
0.0 0.0557662695646286
0.049213558435440063 0.0557662695646286
0.049213558435440063 0.0557662695646286
0.049213558435440063 0.0557662695646286
0.0 0.0557662695646286
0.049213558435440063 0.0557662695646286
0.049213558435440063 0.0557662695646286
0.049213558435440063 0.0557662695646286
0.049213558435440063 0.0557662695646286
0.049213558435440063 0.0557662695646286
0.0 0.0557662695646286
0.049213558435440063 0.0557662695646286
0.0 0.0557662695646286
0.049213558435440063 0.0557662695646286
0.033823952078819275 0.0557662695646286
0.049213558435440063 0.0557662695646286
0.0 0.0557662695646286
0.049213558435440063 0.0557662695646286
0.0 0.0557662695646286
0.049213558435440063 0.0557662695646286
0.049213558435440063 0.0557662695646286
0.03832755982875824 0.0557662695646286
0.049213558435440063 0.0557662695646286
0.049213558435440063 0.0557662695646286
0.049213558435440063 0.0557662695646286
0.049213558435440063 0.0557662695646286
0.049213558435440063 0.0557662695646286
0.033823952078819275 0.0557662695646286
0.049213558435440063 0.0557662695646286
0.033823952078819275 0.0557662695646286
0.033823952078819275 0.0557662695646286
0.049213558435440063 0.0557662695646286
0.0 0.0557662695646286
0.0 0.0557662695646286
0.049213558435440063 0.057070791721343994
0.049213558435440063 0.057070791721343994
0.0 0.057070791721343994
0.03832755982875824 0.057070791721343994
0.049213558435440063 0.057070791721343994
0.0557662695646286 0.057070791721343994
0.0 0.057070791721343994
0.0557662695646286 0.057070791721343994
0.049213558435440063 0.057070791721343994
0.04649367928504944 0.057070791721343994
0.033823952078819275 0.057070791721343994
0.0557662695646286 0.057070791721343994
0.049213558435440063 0.057070791721343994
0.049213558435440063 0.057070791721343994
0.0557662695646286 0.06157439947128296
0.0557662695646286 0.06157439947128296
0.0557662695646286 0.06157439947128296
0.0557662695646286 0.06157439947128296
0.033823952078819275 0.06157439947128296
0.057070791721343994 0.06157439947128296
0.0557662695646286 0.06319145858287811
0.0557662695646286 0.06319145858287811
0.0 0.06319145858287811
0.033823952078819275 0.06319145858287811
0.049213558435440063 0.06319145858287811
0.0557662695646286 0.06319145858287811
0.0557662695646286 0.06319145858287811
0.0557662695646286 0.06319145858287811
0.0557662695646286 0.06319145858287811
0.0557662695646286 0.06319145858287811
0.03832755982875824 0.06319145858287811
0.0557662695646286 0.06319145858287811
0.03832755982875824 0.06764790415763855
0.033823952078819275 0.06764790415763855
0.0 0.06764790415763855
0.06157439947128296 0.06764790415763855
0.02324683964252472 0.06764790415763855
0.0 0.06764790415763855
0.049213558435440063 0.06764790415763855
0.0 0.06764790415763855
0.03832755982875824 0.06764790415763855
0.0557662695646286 0.06764790415763855
0.0557662695646286 0.06764790415763855
0.02324683964252472 0.06764790415763855
0.049213558435440063 0.06764790415763855
0.057070791721343994 0.06974051892757416
0.06157439947128296 0.07215151190757751
0.0557662695646286 0.07215151190757751
0.049213558435440063 0.07215151190757751
0.049213558435440063 0.07215151190757751
0.049213558435440063 0.07215151190757751
0.0557662695646286 0.07215151190757751
0.0557662695646286 0.07215151190757751
0.0557662695646286 0.07215151190757751
0.06764790415763855 0.07246039807796478
0.0 0.07246039807796478
0.0 0.07246039807796478
0.0557662695646286 0.07665511965751648
0.07215151190757751 0.07901310920715332
0.049213558435440063 0.07901310920715332
0.06319145858287811 0.07901310920715332
0.02324683964252472 0.07901310920715332
0.03832755982875824 0.08031763136386871
0.07901310920715332 0.08303751051425934
0.07901310920715332 0.08303751051425934
0.06764790415763855 0.08303751051425934
0.07901310920715332 0.08303751051425934
0.0557662695646286 0.08303751051425934
0.03832755982875824 0.08303751051425934
0.08303751051425934 0.08482123911380768
0.07246039807796478 0.08482123911380768
0.06764790415763855 0.0875411182641983
0.0557662695646286 0.0875411182641983
0.06764790415763855 0.0875411182641983
0.08643830567598343 0.0875411182641983
0.0875411182641983 0.08959022164344788
0.07215151190757751 0.09089474380016327
0.08303751051425934 0.09089474380016327
0.08303751051425934 0.09089474380016327
0.08959022164344788 0.09089474380016327
0.08959022164344788 0.09089474380016327
0.0875411182641983 0.09089474380016327
0.06157439947128296 0.09089474380016327
0.08303751051425934 0.09089474380016327
0.07901310920715332 0.09089474380016327
0.0 0.09089474380016327
0.08482123911380768 0.09089474380016327
0.08959022164344788 0.09089474380016327
0.0 0.09089474380016327
0.08303751051425934 0.09089474380016327
0.08303751051425934 0.09409382939338684
0.06319145858287811 0.09409382939338684
0.08643830567598343 0.09409382939338684
0.08959022164344788 0.09539835155010223
0.06764790415763855 0.09539835155010223
0.0 0.09539835155010223
0.08959022164344788 0.09539835155010223
0.08643830567598343 0.0957072377204895
0.08959022164344788 0.09842712432146072
0.07665511965751648 0.09842712432146072
0.0557662695646286 0.0999019593000412
0.09842712432146072 0.0999019593000412
0.09842712432146072 0.0999019593000412
0.0957072377204895 0.10147186368703842
0.09842712432146072 0.10151901841163635
0.08959022164344788 0.10151901841163635
0.09539835155010223 0.10225994884967804
0.06764790415763855 0.10497982800006866
0.033823952078819275 0.10497982800006866
0.08303751051425934 0.10497982800006866
0.09409382939338684 0.10597545653581619
0.10497982800006866 0.10597545653581619
0.0875411182641983 0.10597545653581619
0.09842712432146072 0.10597545653581619
0.0875411182641983 0.10597545653581619
0.06764790415763855 0.10628435015678406
0.10151901841163635 0.10628435015678406
0.06764790415763855 0.10628435015678406
0.10597545653581619 0.11047907173633575
0.10497982800006866 0.11047907173633575
0.0875411182641983 0.11047907173633575
0.08303751051425934 0.11078795790672302
0.10147186368703842 0.11078795790672302
0.10151901841163635 0.1115325391292572
0.06764790415763855 0.11240501701831818
0.1115325391292572 0.11240501701831818
0.1115325391292572 0.1128370612859726
0.08303751051425934 0.1128370612859726
0.11240501701831818 0.1128370612859726
0.11240501701831818 0.1128370612859726
0.08959022164344788 0.11498267948627472
0.07246039807796478 0.11686147004365921
0.10497982800006866 0.11686147004365921
0.10497982800006866 0.11686147004365921
0.10147186368703842 0.11864519119262695
0.08959022164344788 0.11895407736301422
0.07215151190757751 0.11895772814750671
0.08303751051425934 0.12136507034301758
0.033823952078819275 0.12136507034301758
0.1128370612859726 0.12167395651340485
0.09089474380016327 0.12341417372226715
0.11078795790672302 0.12341417372226715
0.0 0.12471870332956314
0.02324683964252472 0.12791778147220612
0.09409382939338684 0.12822666764259338
0.12822666764259338 0.12953118979930878
0.10497982800006866 0.13083936274051666
0.11686147004365921 0.13242138922214508
0.12791778147220612 0.13534297049045563
0.0957072377204895 0.13534297049045563
0.13534297049045563 0.13608390092849731
0.12822666764259338 0.13608390092849731
0.13534297049045563 0.13880378007888794
0.13675467669963837 0.13979941606521606
0.11078795790672302 0.1398465782403946
0.08303751051425934 0.14430302381515503
0.13880378007888794 0.14430302381515503
0.13880378007888794 0.1446119099855423
0.14535649120807648 0.14622898399829865
0.049213558435440063 0.14666101336479187
0.1433073878288269 0.14796553552150726
0.1322510689496994 0.14986009895801544
0.12953118979930878 0.1506854146718979
0.1433073878288269 0.1506854146718979
0.12136507034301758 0.15116462111473083
0.14535649120807648 0.15116462111473083
0.14622898399829865 0.15116462111473083
0.12136507034301758 0.15246914327144623
0.15518902242183685 0.1556682288646698
0.11047907173633575 0.15723812580108643
0.15419338643550873 0.15933074057102203
0.15419338643550873 0.1617417335510254
0.1433073878288269 0.1617417335510254
0.11498267948627472 0.16205061972141266
0.16205061972141266 0.16466331481933594
0.16074609756469727 0.16607503592967987
0.16074609756469727 0.16817128658294678
0.1476406753063202 0.1686033308506012
0.16205061972141266 0.1691669225692749
0.1672988086938858 0.1708875149488449
0.1446119099855423 0.17121237516403198
0.16655422747135162 0.1726277470588684
0.1686033308506012 0.17310693860054016
0.16817128658294678 0.17310693860054016
0.13880378007888794 0.17441146075725555
0.14189203083515167 0.1750822365283966
0.12341417372226715 0.17918044328689575
0.15723812580108643 0.17918044328689575
0.15549790859222412 0.18048496544361115
0.17918044328689575 0.18048496544361115
0.1726277470588684 0.18368405103683472
0.16947582364082336 0.18529745936393738
0.18399293720722198 0.18901297450065613
0.1849885731935501 0.1910620778799057
0.1686033308506012 0.1931546926498413
0.19252094626426697 0.19457004964351654
0.19054564833641052 0.1954425424337387
0.19457004964351654 0.2003781795501709
0.1691669225692749 0.2003781795501709
0.12341417372226715 0.2003781795501709
0.18980106711387634 0.20137381553649902
0.1849885731935501 0.20329977571964264
0.20137381553649902 0.205877423286438
0.2003781795501709 0.20985248684883118
0.20693089067935944 0.21225981414318085
0.1691669225692749 0.2125687152147293
0.2003781795501709 0.2167634218931198
0.049213558435440063 0.217508003115654
0.14911551773548126 0.21912141144275665
0.2085479497909546 0.22362501919269562
0.21126417815685272 0.2283303290605545
0.14986009895801544 0.2296985238790512
0.23723089694976807 0.23970137536525726
0.23372292518615723 0.24959173798561096
0.2437836080789566 0.25472909212112427
0.23945032060146332 0.278603196144104
0.282983660697937 0.2841602563858032
0.24173450469970703 0.2854647934436798
0.2899684011936188 0.2941945195198059
0.2880738377571106 0.29770249128341675
0.259594589471817 0.3111661374568939
0.3179842233657837 0.32148152589797974
0.340054452419281 0.3507547080516815
0.35272783041000366 0.37881404161453247
