0.0 0.02324683964252472
0.0 0.02324683964252472
0.0 0.02324683964252472
0.0 0.02324683964252472
0.0 0.02324683964252472
0.0 0.02324683964252472
0.0 0.02324683964252472
0.0 0.02324683964252472
0.0 0.02324683964252472
0.0 0.02324683964252472
0.0 0.02324683964252472
0.0 0.02324683964252472
0.0 0.02324683964252472
0.0 0.02324683964252472
0.0 0.02324683964252472
0.0 0.02324683964252472
0.0 0.02324683964252472
0.0 0.02324683964252472
0.0 0.02324683964252472
0.0 0.02324683964252472
0.0 0.02324683964252472
0.0 0.02324683964252472
0.0 0.02324683964252472
0.0 0.02324683964252472
0.0 0.02324683964252472
0.0 0.02324683964252472
0.0 0.02324683964252472
0.0 0.02324683964252472
0.0 0.02324683964252472
0.0 0.02324683964252472
0.0 0.02324683964252472
0.0 0.02324683964252472
0.0 0.033823952078819275
0.0 0.033823952078819275
0.02324683964252472 0.033823952078819275
0.0 0.033823952078819275
0.02324683964252472 0.033823952078819275
0.0 0.033823952078819275
0.02324683964252472 0.033823952078819275
0.02324683964252472 0.033823952078819275
0.0 0.033823952078819275
0.02324683964252472 0.033823952078819275
0.0 0.033823952078819275
0.0 0.033823952078819275
0.0 0.033823952078819275
0.02324683964252472 0.033823952078819275
0.02324683964252472 0.033823952078819275
0.0 0.033823952078819275
0.02324683964252472 0.033823952078819275
0.02324683964252472 0.033823952078819275
0.0 0.033823952078819275
0.0 0.033823952078819275
0.0 0.033823952078819275
0.02324683964252472 0.033823952078819275
0.02324683964252472 0.033823952078819275
0.02324683964252472 0.033823952078819275
0.0 0.033823952078819275
0.0 0.033823952078819275
0.02324683964252472 0.033823952078819275
0.0 0.033823952078819275
0.02324683964252472 0.033823952078819275
0.0 0.033823952078819275
0.0 0.033823952078819275
0.0 0.033823952078819275
0.0 0.033823952078819275
0.0 0.033823952078819275
0.033823952078819275 0.03832755982875824
0.033823952078819275 0.03832755982875824
0.0 0.03832755982875824
0.0 0.03832755982875824
0.033823952078819275 0.03832755982875824
0.033823952078819275 0.03832755982875824
0.033823952078819275 0.03832755982875824
0.0 0.03832755982875824
0.0 0.03832755982875824
0.0 0.03832755982875824
0.033823952078819275 0.03832755982875824
0.033823952078819275 0.03832755982875824
0.0 0.03832755982875824
0.033823952078819275 0.03832755982875824
0.02324683964252472 0.03832755982875824
0.033823952078819275 0.03832755982875824
0.02324683964252472 0.03832755982875824
0.033823952078819275 0.03832755982875824
0.033823952078819275 0.03832755982875824
0.033823952078819275 0.03832755982875824
0.0 0.03832755982875824
0.0 0.03832755982875824
0.033823952078819275 0.03832755982875824
0.033823952078819275 0.03832755982875824
0.033823952078819275 0.03832755982875824
0.033823952078819275 0.03832755982875824
0.0 0.03832755982875824
0.033823952078819275 0.03832755982875824
0.0 0.03832755982875824
0.033823952078819275 0.03832755982875824
0.033823952078819275 0.03832755982875824
0.0 0.03832755982875824
0.0 0.03832755982875824
0.02324683964252472 0.04649367928504944
0.033823952078819275 0.04649367928504944
0.033823952078819275 0.04649367928504944
0.033823952078819275 0.04649367928504944
0.033823952078819275 0.04649367928504944
0.03832755982875824 0.04649367928504944
0.0 0.049213558435440063
0.03832755982875824 0.049213558435440063
0.033823952078819275 0.049213558435440063
0.02324683964252472 0.049213558435440063
0.033823952078819275 0.049213558435440063
0.0 0.049213558435440063
0.02324683964252472 0.049213558435440063
0.0 0.049213558435440063
0.0 0.049213558435440063
0.033823952078819275 0.049213558435440063
0.0 0.049213558435440063
0.0 0.049213558435440063
0.02324683964252472 0.049213558435440063
0.033823952078819275 0.049213558435440063
0.02324683964252472 0.049213558435440063
0.02324683964252472 0.049213558435440063
0.033823952078819275 0.049213558435440063
0.0 0.049213558435440063
0.0 0.049213558435440063
0.0 0.049213558435440063
0.0 0.049213558435440063
0.02324683964252472 0.049213558435440063
0.033823952078819275 0.049213558435440063
0.0 0.049213558435440063
0.049213558435440063 0.0557662695646286
0.049213558435440063 0.0557662695646286
0.033823952078819275 0.0557662695646286
0.0 0.0557662695646286
0.0 0.0557662695646286
0.049213558435440063 0.0557662695646286
0.049213558435440063 0.0557662695646286
0.049213558435440063 0.0557662695646286
0.0 0.0557662695646286
0.0 0.0557662695646286
0.049213558435440063 0.0557662695646286
0.049213558435440063 0.0557662695646286
0.0 0.0557662695646286
0.0 0.0557662695646286
0.049213558435440063 0.0557662695646286
0.0 0.0557662695646286
0.033823952078819275 0.0557662695646286
0.033823952078819275 0.0557662695646286
0.0 0.0557662695646286
0.0 0.0557662695646286
0.0 0.0557662695646286
0.049213558435440063 0.0557662695646286
0.0 0.0557662695646286
0.049213558435440063 0.0557662695646286
0.049213558435440063 0.0557662695646286
0.0 0.0557662695646286
0.049213558435440063 0.0557662695646286
0.0 0.0557662695646286
0.049213558435440063 0.0557662695646286
0.0 0.0557662695646286
0.049213558435440063 0.0557662695646286
0.049213558435440063 0.0557662695646286
0.049213558435440063 0.0557662695646286
0.033823952078819275 0.0557662695646286
0.049213558435440063 0.0557662695646286
0.049213558435440063 0.0557662695646286
0.049213558435440063 0.0557662695646286
0.049213558435440063 0.0557662695646286
0.0 0.0557662695646286
0.049213558435440063 0.0557662695646286
0.049213558435440063 0.0557662695646286
0.0 0.0557662695646286
0.0 0.0557662695646286
0.049213558435440063 0.0557662695646286
0.049213558435440063 0.0557662695646286
0.049213558435440063 0.0557662695646286
0.049213558435440063 0.0557662695646286
0.0 0.0557662695646286
0.03832755982875824 0.0557662695646286
0.049213558435440063 0.0557662695646286
0.02324683964252472 0.0557662695646286
0.049213558435440063 0.0557662695646286
0.049213558435440063 0.0557662695646286
0.049213558435440063 0.0557662695646286
0.049213558435440063 0.0557662695646286
0.049213558435440063 0.0557662695646286
0.0 0.0557662695646286
0.02324683964252472 0.0557662695646286
0.049213558435440063 0.0557662695646286
0.049213558435440063 0.0557662695646286
0.0 0.0557662695646286
0.049213558435440063 0.0557662695646286
0.0 0.0557662695646286
0.049213558435440063 0.0557662695646286
0.049213558435440063 0.0557662695646286
0.049213558435440063 0.0557662695646286
0.049213558435440063 0.0557662695646286
0.03832755982875824 0.0557662695646286
0.049213558435440063 0.057070791721343994
0.049213558435440063 0.057070791721343994
0.033823952078819275 0.057070791721343994
0.049213558435440063 0.057070791721343994
0.049213558435440063 0.057070791721343994
0.033823952078819275 0.057070791721343994
0.049213558435440063 0.057070791721343994
0.049213558435440063 0.057070791721343994
0.0557662695646286 0.057070791721343994
0.033823952078819275 0.057070791721343994
0.0 0.057070791721343994
0.03832755982875824 0.057070791721343994
0.02324683964252472 0.057070791721343994
0.049213558435440063 0.057070791721343994
0.049213558435440063 0.057070791721343994
0.049213558435440063 0.057070791721343994
0.033823952078819275 0.057070791721343994
0.033823952078819275 0.057070791721343994
0.049213558435440063 0.057070791721343994
0.049213558435440063 0.057070791721343994
0.02324683964252472 0.057070791721343994
0.033823952078819275 0.057070791721343994
0.033823952078819275 0.06157439947128296
0.0557662695646286 0.06157439947128296
0.0557662695646286 0.06157439947128296
0.057070791721343994 0.06157439947128296
0.0557662695646286 0.06157439947128296
0.0557662695646286 0.06157439947128296
0.049213558435440063 0.06157439947128296
0.0557662695646286 0.06157439947128296
0.057070791721343994 0.06157439947128296
0.0557662695646286 0.06319145858287811
0.03832755982875824 0.06319145858287811
0.0557662695646286 0.06319145858287811
0.0557662695646286 0.06319145858287811
0.0557662695646286 0.06319145858287811
0.0557662695646286 0.06319145858287811
0.0557662695646286 0.06319145858287811
0.0557662695646286 0.06319145858287811
0.0557662695646286 0.06319145858287811
0.033823952078819275 0.06319145858287811
0.049213558435440063 0.06319145858287811
0.0557662695646286 0.06319145858287811
0.049213558435440063 0.06319145858287811
0.0557662695646286 0.06319145858287811
0.0557662695646286 0.06319145858287811
0.0557662695646286 0.06319145858287811
0.0 0.06319145858287811
0.0557662695646286 0.06319145858287811
0.06157439947128296 0.06764790415763855
0.049213558435440063 0.06764790415763855
0.0557662695646286 0.06764790415763855
0.0557662695646286 0.06764790415763855
0.033823952078819275 0.06764790415763855
0.0 0.06764790415763855
0.06157439947128296 0.06764790415763855
0.033823952078819275 0.06764790415763855
0.049213558435440063 0.06764790415763855
0.049213558435440063 0.06764790415763855
0.06157439947128296 0.06764790415763855
0.0 0.06764790415763855
0.057070791721343994 0.06764790415763855
0.049213558435440063 0.06764790415763855
0.04649367928504944 0.06974051892757416
0.049213558435440063 0.07215151190757751
0.0557662695646286 0.07215151190757751
0.033823952078819275 0.07215151190757751
0.049213558435440063 0.07215151190757751
0.049213558435440063 0.07215151190757751
0.0557662695646286 0.07215151190757751
0.0557662695646286 0.07215151190757751
0.049213558435440063 0.07215151190757751
0.0557662695646286 0.07246039807796478
0.057070791721343994 0.07246039807796478
0.06764790415763855 0.07246039807796478
0.07215151190757751 0.07246039807796478
0.0 0.07246039807796478
0.06319145858287811 0.07246039807796478
0.033823952078819275 0.07246039807796478
0.06319145858287811 0.07246039807796478
0.03832755982875824 0.07246039807796478
0.0557662695646286 0.07246039807796478
0.0557662695646286 0.07665511965751648
0.0557662695646286 0.07901310920715332
0.07215151190757751 0.07901310920715332
0.06319145858287811 0.07901310920715332
0.07215151190757751 0.08031763136386871
0.057070791721343994 0.08031763136386871
0.02324683964252472 0.08031763136386871
0.049213558435440063 0.08031763136386871
0.06764790415763855 0.08031763136386871
0.033823952078819275 0.08303751051425934
0.07901310920715332 0.08303751051425934
0.07665511965751648 0.08303751051425934
0.06764790415763855 0.08303751051425934
0.0557662695646286 0.08303751051425934
0.07901310920715332 0.08482123911380768
0.06764790415763855 0.08482123911380768
0.02324683964252472 0.0875411182641983
0.02324683964252472 0.0875411182641983
0.049213558435440063 0.0875411182641983
0.08643830567598343 0.0875411182641983
0.0 0.0875411182641983
0.049213558435440063 0.08959022164344788
0.0 0.08959022164344788
0.0875411182641983 0.08959022164344788
0.0875411182641983 0.08959022164344788
0.049213558435440063 0.08959022164344788
0.08643830567598343 0.08959022164344788
0.0875411182641983 0.08959022164344788
0.057070791721343994 0.08959022164344788
0.0875411182641983 0.09089474380016327
0.08303751051425934 0.09089474380016327
0.07246039807796478 0.09089474380016327
0.0875411182641983 0.09089474380016327
0.07665511965751648 0.09089474380016327
0.07665511965751648 0.09089474380016327
0.0 0.09298735857009888
0.08959022164344788 0.09409382939338684
0.0 0.09409382939338684
0.07215151190757751 0.09539835155010223
0.08303751051425934 0.09539835155010223
0.08303751051425934 0.09539835155010223
0.0 0.09539835155010223
0.08303751051425934 0.09539835155010223
0.0875411182641983 0.0957072377204895
0.09409382939338684 0.09701541811227798
0.049213558435440063 0.09701541811227798
0.09409382939338684 0.09701541811227798
0.049213558435440063 0.09842712432146072
0.0875411182641983 0.10147186368703842
0.09842712432146072 0.10147186368703842
0.08303751051425934 0.10225994884967804
0.08303751051425934 0.10225994884967804
0.07665511965751648 0.10225994884967804
0.09089474380016327 0.10356447100639343
0.08303751051425934 0.10497982800006866
0.033823952078819275 0.10497982800006866
0.09409382939338684 0.10497982800006866
0.08959022164344788 0.10497982800006866
0.09701541811227798 0.10497982800006866
0.09842712432146072 0.10597545653581619
0.10497982800006866 0.10597545653581619
0.10497982800006866 0.10597545653581619
0.07665511965751648 0.10597545653581619
0.10497982800006866 0.10597545653581619
0.0875411182641983 0.10597545653581619
0.07901310920715332 0.10628435015678406
0.10597545653581619 0.10628435015678406
0.07215151190757751 0.11078795790672302
0.0999019593000412 0.11078795790672302
0.06157439947128296 0.11078795790672302
0.10151901841163635 0.1115325391292572
0.09842712432146072 0.1115325391292572
0.1115325391292572 0.11240501701831818
0.1115325391292572 0.11240501701831818
0.11240501701831818 0.1128370612859726
0.049213558435440063 0.1128370612859726
0.10497982800006866 0.11686147004365921
0.0875411182641983 0.11686147004365921
0.10497982800006866 0.11686147004365921
0.10628435015678406 0.11734066903591156
0.10225994884967804 0.11734066903591156
0.09842712432146072 0.11864519119262695
0.07901310920715332 0.12136507034301758
0.09409382939338684 0.12136507034301758
0.06764790415763855 0.12136507034301758
0.10497982800006866 0.12136507034301758
0.1202622503042221 0.12167395651340485
0.08959022164344788 0.12314879894256592
0.1115325391292572 0.12341417372226715
0.0557662695646286 0.12341417372226715
0.049213558435440063 0.12341417372226715
0.06764790415763855 0.12471870332956314
0.09409382939338684 0.12476585805416107
0.0 0.12586867809295654
0.12341417372226715 0.12586867809295654
0.11895772814750671 0.12791778147220612
0.1202622503042221 0.12791778147220612
0.10497982800006866 0.12822666764259338
0.033823952078819275 0.12822666764259338
0.09539835155010223 0.12953118979930878
0.09409382939338684 0.13083936274051666
0.1128370612859726 0.13372591137886047
0.1322510689496994 0.13372591137886047
0.11686147004365921 0.13372591137886047
0.1322510689496994 0.13372591137886047
0.1322510689496994 0.13477937877178192
0.0 0.13477937877178192
0.13477937877178192 0.13534297049045563
0.0 0.13608390092849731
0.1322510689496994 0.13880378007888794
0.09089474380016327 0.13880378007888794
0.12341417372226715 0.13880378007888794
0.13675467669963837 0.1398465782403946
0.13979941606521606 0.14010831713676453
0.13979941606521606 0.14189203083515167
0.10597545653581619 0.1433073878288269
0.12791778147220612 0.1433073878288269
0.12791778147220612 0.14430302381515503
0.09539835155010223 0.14430302381515503
0.14189203083515167 0.1446119099855423
0.1115325391292572 0.14622898399829865
0.10628435015678406 0.148806631565094
0.1446119099855423 0.14911551773548126
0.033823952078819275 0.1506854146718979
0.15073257684707642 0.15116462111473083
0.13880378007888794 0.15116462111473083
0.1322510689496994 0.1514735072851181
0.13372591137886047 0.15246914327144623
0.13880378007888794 0.15408621728420258
0.12791778147220612 0.15518902242183685
0.13880378007888794 0.15728528797626495
0.13880378007888794 0.16074609756469727
0.1602068841457367 0.16074609756469727
0.15419338643550873 0.1617417335510254
0.11047907173633575 0.16304625570774078
0.12822666764259338 0.16335515677928925
0.10225994884967804 0.16335515677928925
0.16304625570774078 0.163834348320961
0.16607503592967987 0.1691669225692749
0.15518902242183685 0.1691669225692749
0.16466331481933594 0.1699078530073166
0.16205061972141266 0.1773330569267273
0.17918044328689575 0.18293946981430054
0.15723812580108643 0.1832483559846878
0.14010831713676453 0.18399293720722198
0.13880378007888794 0.1849885731935501
0.0 0.1893218755722046
0.18399293720722198 0.19403083622455597
0.19382546842098236 0.19556568562984467
0.18368405103683472 0.2016827017068863
0.1556682288646698 0.20373180508613586
0.15723812580108643 0.2044025957584381
0.13979941606521606 0.21095529198646545
0.2085479497909546 0.21126417815685272
0.20299087464809418 0.21225981414318085
0.20649884641170502 0.21868938207626343
0.21126417815685272 0.2262377142906189
0.16335515677928925 0.23069415986537933
0.23394040763378143 0.23853543400764465
0.25906604528427124 0.26802608370780945
0.272097647190094 0.3189798593521118
0.2926246225833893 0.3326292634010315
0.3241012394428253 0.3352419435977936
0.32817280292510986 0.3446318507194519
