0.0 0.02324683964252472
0.0 0.02324683964252472
0.0 0.02324683964252472
0.0 0.02324683964252472
0.0 0.02324683964252472
0.0 0.02324683964252472
0.0 0.02324683964252472
0.0 0.02324683964252472
0.0 0.02324683964252472
0.0 0.02324683964252472
0.0 0.02324683964252472
0.0 0.02324683964252472
0.0 0.02324683964252472
0.0 0.02324683964252472
0.0 0.02324683964252472
0.0 0.02324683964252472
0.0 0.02324683964252472
0.0 0.02324683964252472
0.0 0.02324683964252472
0.0 0.02324683964252472
0.0 0.02324683964252472
0.0 0.02324683964252472
0.0 0.02324683964252472
0.0 0.02324683964252472
0.0 0.02324683964252472
0.0 0.02324683964252472
0.0 0.02324683964252472
0.0 0.02324683964252472
0.0 0.02324683964252472
0.0 0.02324683964252472
0.0 0.02324683964252472
0.0 0.02324683964252472
0.0 0.02324683964252472
0.0 0.02324683964252472
0.0 0.033823952078819275
0.0 0.033823952078819275
0.0 0.033823952078819275
0.0 0.033823952078819275
0.02324683964252472 0.033823952078819275
0.02324683964252472 0.033823952078819275
0.02324683964252472 0.033823952078819275
0.0 0.033823952078819275
0.0 0.033823952078819275
0.02324683964252472 0.033823952078819275
0.0 0.033823952078819275
0.0 0.033823952078819275
0.0 0.033823952078819275
0.02324683964252472 0.033823952078819275
0.0 0.033823952078819275
0.02324683964252472 0.033823952078819275
0.0 0.033823952078819275
0.0 0.033823952078819275
0.0 0.033823952078819275
0.0 0.033823952078819275
0.0 0.033823952078819275
0.0 0.033823952078819275
0.02324683964252472 0.033823952078819275
0.0 0.033823952078819275
0.0 0.033823952078819275
0.02324683964252472 0.033823952078819275
0.02324683964252472 0.033823952078819275
0.0 0.033823952078819275
0.0 0.033823952078819275
0.02324683964252472 0.033823952078819275
0.02324683964252472 0.033823952078819275
0.0 0.033823952078819275
0.0 0.033823952078819275
0.02324683964252472 0.033823952078819275
0.0 0.033823952078819275
0.0 0.033823952078819275
0.02324683964252472 0.033823952078819275
0.0 0.033823952078819275
0.0 0.033823952078819275
0.02324683964252472 0.033823952078819275
0.0 0.033823952078819275
0.0 0.033823952078819275
0.0 0.033823952078819275
0.02324683964252472 0.033823952078819275
0.0 0.033823952078819275
0.0 0.033823952078819275
0.0 0.033823952078819275
0.0 0.033823952078819275
0.0 0.033823952078819275
0.02324683964252472 0.033823952078819275
0.033823952078819275 0.03832755982875824
0.02324683964252472 0.03832755982875824
0.033823952078819275 0.03832755982875824
0.033823952078819275 0.03832755982875824
0.033823952078819275 0.03832755982875824
0.02324683964252472 0.03832755982875824
0.033823952078819275 0.03832755982875824
0.02324683964252472 0.03832755982875824
0.033823952078819275 0.03832755982875824
0.033823952078819275 0.03832755982875824
0.033823952078819275 0.03832755982875824
0.0 0.03832755982875824
0.033823952078819275 0.03832755982875824
0.033823952078819275 0.03832755982875824
0.033823952078819275 0.03832755982875824
0.033823952078819275 0.03832755982875824
0.033823952078819275 0.03832755982875824
0.033823952078819275 0.03832755982875824
0.0 0.03832755982875824
0.033823952078819275 0.03832755982875824
0.0 0.03832755982875824
0.033823952078819275 0.03832755982875824
0.033823952078819275 0.03832755982875824
0.033823952078819275 0.03832755982875824
0.0 0.03832755982875824
0.033823952078819275 0.03832755982875824
0.0 0.03832755982875824
0.033823952078819275 0.03832755982875824
0.0 0.03832755982875824
0.02324683964252472 0.03832755982875824
0.0 0.03832755982875824
0.02324683964252472 0.03832755982875824
0.033823952078819275 0.03832755982875824
0.033823952078819275 0.04649367928504944
0.033823952078819275 0.04649367928504944
0.033823952078819275 0.04649367928504944
0.033823952078819275 0.04649367928504944
0.0 0.04649367928504944
0.033823952078819275 0.04649367928504944
0.033823952078819275 0.04649367928504944
0.033823952078819275 0.04649367928504944
0.033823952078819275 0.04649367928504944
0.033823952078819275 0.04649367928504944
0.03832755982875824 0.049213558435440063
0.0 0.049213558435440063
0.0 0.049213558435440063
0.0 0.049213558435440063
0.03832755982875824 0.049213558435440063
0.033823952078819275 0.049213558435440063
0.033823952078819275 0.049213558435440063
0.0 0.049213558435440063
0.0 0.049213558435440063
0.033823952078819275 0.049213558435440063
0.03832755982875824 0.049213558435440063
0.0 0.049213558435440063
0.033823952078819275 0.049213558435440063
0.02324683964252472 0.049213558435440063
0.0 0.049213558435440063
0.033823952078819275 0.049213558435440063
0.0 0.049213558435440063
0.0 0.049213558435440063
0.0 0.049213558435440063
0.0 0.049213558435440063
0.0 0.049213558435440063
0.0 0.049213558435440063
0.0 0.0557662695646286
0.049213558435440063 0.0557662695646286
0.0 0.0557662695646286
0.0 0.0557662695646286
0.049213558435440063 0.0557662695646286
0.049213558435440063 0.0557662695646286
0.0 0.0557662695646286
0.049213558435440063 0.0557662695646286
0.0 0.0557662695646286
0.049213558435440063 0.0557662695646286
0.049213558435440063 0.0557662695646286
0.049213558435440063 0.0557662695646286
0.049213558435440063 0.0557662695646286
0.049213558435440063 0.0557662695646286
0.0 0.0557662695646286
0.02324683964252472 0.0557662695646286
0.049213558435440063 0.0557662695646286
0.049213558435440063 0.0557662695646286
0.049213558435440063 0.0557662695646286
0.033823952078819275 0.0557662695646286
0.049213558435440063 0.0557662695646286
0.049213558435440063 0.0557662695646286
0.02324683964252472 0.0557662695646286
0.049213558435440063 0.0557662695646286
0.0 0.0557662695646286
0.049213558435440063 0.0557662695646286
0.049213558435440063 0.0557662695646286
0.049213558435440063 0.0557662695646286
0.049213558435440063 0.0557662695646286
0.049213558435440063 0.0557662695646286
0.049213558435440063 0.0557662695646286
0.049213558435440063 0.0557662695646286
0.049213558435440063 0.0557662695646286
0.033823952078819275 0.0557662695646286
0.049213558435440063 0.0557662695646286
0.049213558435440063 0.0557662695646286
0.049213558435440063 0.0557662695646286
0.0 0.0557662695646286
0.033823952078819275 0.0557662695646286
0.049213558435440063 0.0557662695646286
0.033823952078819275 0.0557662695646286
0.0 0.0557662695646286
0.049213558435440063 0.0557662695646286
0.0 0.0557662695646286
0.049213558435440063 0.0557662695646286
0.033823952078819275 0.0557662695646286
0.049213558435440063 0.0557662695646286
0.049213558435440063 0.0557662695646286
0.049213558435440063 0.0557662695646286
0.049213558435440063 0.0557662695646286
0.049213558435440063 0.0557662695646286
0.049213558435440063 0.0557662695646286
0.049213558435440063 0.0557662695646286
0.049213558435440063 0.0557662695646286
0.049213558435440063 0.0557662695646286
0.0 0.0557662695646286
0.049213558435440063 0.0557662695646286
0.033823952078819275 0.0557662695646286
0.049213558435440063 0.0557662695646286
0.049213558435440063 0.0557662695646286
0.049213558435440063 0.0557662695646286
0.049213558435440063 0.0557662695646286
0.049213558435440063 0.0557662695646286
0.049213558435440063 0.0557662695646286
0.049213558435440063 0.0557662695646286
0.049213558435440063 0.0557662695646286
0.033823952078819275 0.057070791721343994
0.02324683964252472 0.057070791721343994
0.049213558435440063 0.057070791721343994
0.049213558435440063 0.057070791721343994
0.049213558435440063 0.057070791721343994
0.02324683964252472 0.057070791721343994
0.033823952078819275 0.057070791721343994
0.033823952078819275 0.057070791721343994
0.049213558435440063 0.057070791721343994
0.049213558435440063 0.057070791721343994
0.033823952078819275 0.057070791721343994
0.049213558435440063 0.057070791721343994
0.033823952078819275 0.057070791721343994
0.033823952078819275 0.057070791721343994
0.02324683964252472 0.057070791721343994
0.0557662695646286 0.057070791721343994
0.02324683964252472 0.057070791721343994
0.0 0.057070791721343994
0.049213558435440063 0.057070791721343994
0.049213558435440063 0.057070791721343994
0.049213558435440063 0.057070791721343994
0.0 0.057070791721343994
0.049213558435440063 0.057070791721343994
0.0557662695646286 0.057070791721343994
0.04649367928504944 0.057070791721343994
0.033823952078819275 0.057070791721343994
0.0 0.057070791721343994
0.02324683964252472 0.057070791721343994
0.049213558435440063 0.06157439947128296
0.0 0.06157439947128296
0.0 0.06157439947128296
0.0557662695646286 0.06157439947128296
0.0557662695646286 0.06157439947128296
0.0557662695646286 0.06157439947128296
0.033823952078819275 0.06157439947128296
0.0557662695646286 0.06157439947128296
0.0557662695646286 0.06157439947128296
0.0557662695646286 0.06319145858287811
0.0557662695646286 0.06319145858287811
0.02324683964252472 0.06319145858287811
0.0557662695646286 0.06319145858287811
0.0557662695646286 0.06319145858287811
0.0557662695646286 0.06319145858287811
0.0557662695646286 0.06319145858287811
0.0557662695646286 0.06319145858287811
0.02324683964252472 0.06319145858287811
0.0557662695646286 0.06319145858287811
0.033823952078819275 0.06319145858287811
0.03832755982875824 0.06319145858287811
0.0 0.06319145858287811
0.0557662695646286 0.06319145858287811
0.06157439947128296 0.06764790415763855
0.049213558435440063 0.06764790415763855
0.06157439947128296 0.06764790415763855
0.0557662695646286 0.06764790415763855
0.033823952078819275 0.06764790415763855
0.033823952078819275 0.06764790415763855
0.0557662695646286 0.06764790415763855
0.049213558435440063 0.06764790415763855
0.0 0.06764790415763855
0.0557662695646286 0.06764790415763855
0.0557662695646286 0.06974051892757416
0.0557662695646286 0.07215151190757751
0.0 0.07215151190757751
0.057070791721343994 0.07215151190757751
0.06157439947128296 0.07215151190757751
0.0557662695646286 0.07215151190757751
0.0557662695646286 0.07215151190757751
0.057070791721343994 0.07215151190757751
0.02324683964252472 0.07215151190757751
0.02324683964252472 0.07246039807796478
0.06157439947128296 0.07246039807796478
0.06764790415763855 0.07246039807796478
0.06764790415763855 0.07246039807796478
0.033823952078819275 0.07246039807796478
0.0 0.07246039807796478
0.0557662695646286 0.07665511965751648
0.07246039807796478 0.07665511965751648
0.07246039807796478 0.07901310920715332
0.07215151190757751 0.07901310920715332
0.0 0.07901310920715332
0.07215151190757751 0.07901310920715332
0.03832755982875824 0.07901310920715332
0.06319145858287811 0.07901310920715332
0.04649367928504944 0.07901310920715332
0.06319145858287811 0.07901310920715332
0.07215151190757751 0.07901310920715332
0.07215151190757751 0.08031763136386871
0.0557662695646286 0.08031763136386871
0.049213558435440063 0.08031763136386871
0.07246039807796478 0.08031763136386871
0.07901310920715332 0.08303751051425934
0.07665511965751648 0.08303751051425934
0.07215151190757751 0.08303751051425934
0.0 0.08303751051425934
0.057070791721343994 0.08303751051425934
0.07901310920715332 0.08303751051425934
0.06764790415763855 0.08303751051425934
0.08303751051425934 0.08643830567598343
0.0557662695646286 0.08643830567598343
0.08643830567598343 0.0875411182641983
0.02324683964252472 0.0875411182641983
0.08643830567598343 0.0875411182641983
0.033823952078819275 0.0875411182641983
0.0 0.0875411182641983
0.0875411182641983 0.08959022164344788
0.033823952078819275 0.08959022164344788
0.07246039807796478 0.08959022164344788
0.057070791721343994 0.08959022164344788
0.03832755982875824 0.09089474380016327
0.08303751051425934 0.09089474380016327
0.06764790415763855 0.09089474380016327
0.033823952078819275 0.09089474380016327
0.08643830567598343 0.09089474380016327
0.0557662695646286 0.09409382939338684
0.08303751051425934 0.09409382939338684
0.08303751051425934 0.09539835155010223
0.08959022164344788 0.09539835155010223
0.07215151190757751 0.09539835155010223
0.08303751051425934 0.09539835155010223
0.09089474380016327 0.09539835155010223
0.08959022164344788 0.09539835155010223
0.08959022164344788 0.0957072377204895
0.08959022164344788 0.0957072377204895
0.09409382939338684 0.09701541811227798
0.02324683964252472 0.09701541811227798
0.0 0.09701541811227798
0.08303751051425934 0.09701541811227798
0.06157439947128296 0.09701541811227798
0.0875411182641983 0.09842712432146072
0.08959022164344788 0.0999019593000412
0.0957072377204895 0.10147186368703842
0.0875411182641983 0.10147186368703842
0.06764790415763855 0.10147186368703842
0.0999019593000412 0.10147186368703842
0.08303751051425934 0.10151901841163635
0.08303751051425934 0.10356447100639343
0.08959022164344788 0.10356447100639343
0.09409382939338684 0.10497982800006866
0.09701541811227798 0.10497982800006866
0.08959022164344788 0.10497982800006866
0.09842712432146072 0.10597545653581619
0.08959022164344788 0.10597545653581619
0.0875411182641983 0.10597545653581619
0.09842712432146072 0.10597545653581619
0.0875411182641983 0.10597545653581619
0.0875411182641983 0.10597545653581619
0.10151901841163635 0.10628435015678406
0.0875411182641983 0.10628435015678406
0.0 0.10628435015678406
0.08303751051425934 0.11047907173633575
0.10497982800006866 0.11047907173633575
0.10147186368703842 0.11078795790672302
0.1115325391292572 0.11240501701831818
0.1115325391292572 0.11240501701831818
0.1115325391292572 0.11240501701831818
0.1115325391292572 0.11240501701831818
0.1115325391292572 0.11240501701831818
0.1115325391292572 0.11240501701831818
0.049213558435440063 0.1128370612859726
0.11240501701831818 0.1128370612859726
0.09842712432146072 0.1128370612859726
0.0999019593000412 0.11414158344268799
0.10628435015678406 0.11414158344268799
0.09701541811227798 0.11734066903591156
0.08303751051425934 0.11734066903591156
0.11686147004365921 0.11734066903591156
0.09409382939338684 0.11734066903591156
0.10628435015678406 0.11864519119262695
0.11895772814750671 0.12136507034301758
0.11734066903591156 0.12136507034301758
0.057070791721343994 0.12136507034301758
0.07246039807796478 0.12136507034301758
0.07901310920715332 0.12136507034301758
0.033823952078819275 0.12341417372226715
0.12167395651340485 0.12341417372226715
0.06764790415763855 0.12341417372226715
0.12136507034301758 0.12471870332956314
0.09539835155010223 0.12471870332956314
0.09701541811227798 0.12791778147220612
0.10497982800006866 0.12791778147220612
0.1202622503042221 0.12791778147220612
0.10628435015678406 0.1292223036289215
0.10597545653581619 0.1292223036289215
0.10597545653581619 0.1292223036289215
0.11686147004365921 0.13372591137886047
0.0 0.13372591137886047
0.06764790415763855 0.1352958083152771
0.12822666764259338 0.13880378007888794
0.10597545653581619 0.13979941606521606
0.12791778147220612 0.14010831713676453
0.12791778147220612 0.14010831713676453
0.11686147004365921 0.14058750867843628
0.13880378007888794 0.14058750867843628
0.12822666764259338 0.1433073878288269
0.07215151190757751 0.14350908994674683
0.06764790415763855 0.14350908994674683
0.13880378007888794 0.14430302381515503
0.1356518566608429 0.14535649120807648
0.057070791721343994 0.14622898399829865
0.14622898399829865 0.14911551773548126
0.14535649120807648 0.14911551773548126
0.14986009895801544 0.1506854146718979
0.1446119099855423 0.1506854146718979
0.14535649120807648 0.15073257684707642
0.14622898399829865 0.15116462111473083
0.09539835155010223 0.1514735072851181
0.14220456779003143 0.15246914327144623
0.13675467669963837 0.15246914327144623
0.152781680226326 0.15518902242183685
0.13477937877178192 0.15549790859222412
0.11686147004365921 0.1556682288646698
0.14535649120807648 0.15889869630336761
0.1506854146718979 0.15969263017177582
0.10628435015678406 0.16205061972141266
0.1556682288646698 0.16205061972141266
0.1569727510213852 0.16304625570774078
0.16205061972141266 0.16607503592967987
0.1617417335510254 0.16655422747135162
0.16624534130096436 0.16655422747135162
0.16607503592967987 0.1691669225692749
0.14220456779003143 0.1720534712076187
0.16607503592967987 0.1726277470588684
0.15518902242183685 0.1739322543144226
0.1686033308506012 0.17874474823474884
0.18146462738513947 0.18368405103683472
0.1617417335510254 0.18399293720722198
0.16817128658294678 0.18529745936393738
0.1446119099855423 0.18869824707508087
0.1726277470588684 0.1935165822505951
0.188017338514328 0.19457004964351654
0.19252094626426697 0.19457004964351654
0.1893218755722046 0.19556568562984467
0.1845565289258957 0.19587458670139313
0.19587458670139313 0.19687020778656006
0.18450936675071716 0.19687020778656006
0.1990736573934555 0.2003781795501709
0.20112276077270508 0.20142097771167755
0.19252094626426697 0.20299087464809418
0.1322510689496994 0.20373180508613586
0.19587458670139313 0.21095529198646545
0.14189203083515167 0.2197921872138977
0.20995965600013733 0.22734053432941437
0.22184130549430847 0.22943679988384247
0.22839400172233582 0.24001026153564453
0.2363477498292923 0.2403191477060318
0.23870573937892914 0.24687550961971283
0.2471843957901001 0.2492828518152237
0.2382265329360962 0.250278502702713
0.2715340554714203 0.28341567516326904
0.293992817401886 0.3104953467845917
0.4165816605091095 0.4203757345676422
