0.0 0.02324683964252472
0.0 0.02324683964252472
0.0 0.02324683964252472
0.0 0.02324683964252472
0.0 0.02324683964252472
0.0 0.02324683964252472
0.0 0.02324683964252472
0.0 0.02324683964252472
0.0 0.02324683964252472
0.0 0.02324683964252472
0.0 0.02324683964252472
0.0 0.02324683964252472
0.0 0.02324683964252472
0.0 0.02324683964252472
0.0 0.02324683964252472
0.0 0.02324683964252472
0.0 0.02324683964252472
0.0 0.02324683964252472
0.0 0.02324683964252472
0.0 0.02324683964252472
0.0 0.02324683964252472
0.0 0.02324683964252472
0.0 0.02324683964252472
0.0 0.02324683964252472
0.0 0.02324683964252472
0.0 0.02324683964252472
0.0 0.02324683964252472
0.0 0.02324683964252472
0.02324683964252472 0.033823952078819275
0.0 0.033823952078819275
0.0 0.033823952078819275
0.02324683964252472 0.033823952078819275
0.02324683964252472 0.033823952078819275
0.02324683964252472 0.033823952078819275
0.02324683964252472 0.033823952078819275
0.0 0.033823952078819275
0.0 0.033823952078819275
0.0 0.033823952078819275
0.02324683964252472 0.033823952078819275
0.02324683964252472 0.033823952078819275
0.0 0.033823952078819275
0.02324683964252472 0.033823952078819275
0.0 0.033823952078819275
0.02324683964252472 0.033823952078819275
0.02324683964252472 0.033823952078819275
0.0 0.033823952078819275
0.02324683964252472 0.033823952078819275
0.0 0.033823952078819275
0.0 0.033823952078819275
0.0 0.033823952078819275
0.0 0.033823952078819275
0.0 0.033823952078819275
0.0 0.033823952078819275
0.0 0.033823952078819275
0.0 0.033823952078819275
0.0 0.033823952078819275
0.02324683964252472 0.033823952078819275
0.0 0.033823952078819275
0.02324683964252472 0.033823952078819275
0.02324683964252472 0.033823952078819275
0.0 0.033823952078819275
0.02324683964252472 0.033823952078819275
0.0 0.033823952078819275
0.02324683964252472 0.033823952078819275
0.02324683964252472 0.033823952078819275
0.0 0.033823952078819275
0.0 0.033823952078819275
0.02324683964252472 0.033823952078819275
0.0 0.033823952078819275
0.0 0.033823952078819275
0.02324683964252472 0.033823952078819275
0.02324683964252472 0.033823952078819275
0.0 0.033823952078819275
0.033823952078819275 0.03832755982875824
0.02324683964252472 0.03832755982875824
0.0 0.03832755982875824
0.033823952078819275 0.03832755982875824
0.0 0.03832755982875824
0.0 0.03832755982875824
0.033823952078819275 0.03832755982875824
0.0 0.03832755982875824
0.0 0.03832755982875824
0.033823952078819275 0.03832755982875824
0.033823952078819275 0.03832755982875824
0.033823952078819275 0.03832755982875824
0.0 0.03832755982875824
0.033823952078819275 0.03832755982875824
0.033823952078819275 0.03832755982875824
0.033823952078819275 0.03832755982875824
0.033823952078819275 0.03832755982875824
0.0 0.03832755982875824
0.033823952078819275 0.03832755982875824
0.0 0.03832755982875824
0.033823952078819275 0.03832755982875824
0.0 0.03832755982875824
0.02324683964252472 0.03832755982875824
0.033823952078819275 0.03832755982875824
0.033823952078819275 0.03832755982875824
0.0 0.03832755982875824
0.0 0.03832755982875824
0.02324683964252472 0.03832755982875824
0.033823952078819275 0.03832755982875824
0.02324683964252472 0.03832755982875824
0.033823952078819275 0.03832755982875824
0.0 0.03832755982875824
0.033823952078819275 0.03832755982875824
0.0 0.03832755982875824
0.0 0.03832755982875824
0.033823952078819275 0.03832755982875824
0.02324683964252472 0.03832755982875824
0.0 0.03832755982875824
0.033823952078819275 0.03832755982875824
0.033823952078819275 0.03832755982875824
0.02324683964252472 0.03832755982875824
0.033823952078819275 0.03832755982875824
0.033823952078819275 0.03832755982875824
0.033823952078819275 0.03832755982875824
0.0 0.03832755982875824
0.033823952078819275 0.03832755982875824
0.033823952078819275 0.03832755982875824
0.033823952078819275 0.03832755982875824
0.033823952078819275 0.03832755982875824
0.0 0.03832755982875824
0.0 0.03832755982875824
0.02324683964252472 0.03832755982875824
0.033823952078819275 0.03832755982875824
0.033823952078819275 0.04649367928504944
0.033823952078819275 0.04649367928504944
0.0 0.04649367928504944
0.033823952078819275 0.04649367928504944
0.033823952078819275 0.04649367928504944
0.0 0.04649367928504944
0.03832755982875824 0.049213558435440063
0.03832755982875824 0.049213558435440063
0.0 0.049213558435440063
0.0 0.049213558435440063
0.0 0.049213558435440063
0.0 0.049213558435440063
0.0 0.049213558435440063
0.0 0.049213558435440063
0.033823952078819275 0.049213558435440063
0.02324683964252472 0.049213558435440063
0.0 0.049213558435440063
0.03832755982875824 0.049213558435440063
0.0 0.049213558435440063
0.02324683964252472 0.049213558435440063
0.033823952078819275 0.049213558435440063
0.0 0.049213558435440063
0.033823952078819275 0.049213558435440063
0.049213558435440063 0.0557662695646286
0.0 0.0557662695646286
0.0 0.0557662695646286
0.033823952078819275 0.0557662695646286
0.049213558435440063 0.0557662695646286
0.0 0.0557662695646286
0.049213558435440063 0.0557662695646286
0.033823952078819275 0.0557662695646286
0.049213558435440063 0.0557662695646286
0.0 0.0557662695646286
0.033823952078819275 0.0557662695646286
0.049213558435440063 0.0557662695646286
0.049213558435440063 0.0557662695646286
0.049213558435440063 0.0557662695646286
0.049213558435440063 0.0557662695646286
0.0 0.0557662695646286
0.049213558435440063 0.0557662695646286
0.0 0.0557662695646286
0.049213558435440063 0.0557662695646286
0.049213558435440063 0.0557662695646286
0.0 0.0557662695646286
0.049213558435440063 0.0557662695646286
0.02324683964252472 0.0557662695646286
0.049213558435440063 0.0557662695646286
0.049213558435440063 0.0557662695646286
0.033823952078819275 0.0557662695646286
0.033823952078819275 0.0557662695646286
0.033823952078819275 0.0557662695646286
0.0 0.0557662695646286
0.033823952078819275 0.0557662695646286
0.049213558435440063 0.0557662695646286
0.049213558435440063 0.0557662695646286
0.049213558435440063 0.0557662695646286
0.049213558435440063 0.0557662695646286
0.0 0.0557662695646286
0.049213558435440063 0.0557662695646286
0.049213558435440063 0.0557662695646286
0.049213558435440063 0.0557662695646286
0.0 0.0557662695646286
0.049213558435440063 0.0557662695646286
0.049213558435440063 0.0557662695646286
0.03832755982875824 0.0557662695646286
0.02324683964252472 0.0557662695646286
0.049213558435440063 0.0557662695646286
0.0 0.0557662695646286
0.0 0.0557662695646286
0.033823952078819275 0.0557662695646286
0.049213558435440063 0.0557662695646286
0.049213558435440063 0.0557662695646286
0.033823952078819275 0.0557662695646286
0.049213558435440063 0.0557662695646286
0.033823952078819275 0.0557662695646286
0.0 0.0557662695646286
0.049213558435440063 0.0557662695646286
0.049213558435440063 0.0557662695646286
0.049213558435440063 0.0557662695646286
0.02324683964252472 0.0557662695646286
0.033823952078819275 0.0557662695646286
0.033823952078819275 0.0557662695646286
0.049213558435440063 0.0557662695646286
0.033823952078819275 0.0557662695646286
0.049213558435440063 0.0557662695646286
0.0 0.0557662695646286
0.0 0.0557662695646286
0.049213558435440063 0.0557662695646286
0.049213558435440063 0.0557662695646286
0.049213558435440063 0.0557662695646286
0.049213558435440063 0.0557662695646286
0.049213558435440063 0.0557662695646286
0.049213558435440063 0.0557662695646286
0.049213558435440063 0.0557662695646286
0.033823952078819275 0.0557662695646286
0.049213558435440063 0.0557662695646286
0.049213558435440063 0.0557662695646286
0.049213558435440063 0.0557662695646286
0.049213558435440063 0.0557662695646286
0.049213558435440063 0.0557662695646286
0.049213558435440063 0.0557662695646286
0.049213558435440063 0.0557662695646286
0.0 0.0557662695646286
0.0 0.0557662695646286
0.049213558435440063 0.0557662695646286
0.049213558435440063 0.0557662695646286
0.049213558435440063 0.0557662695646286
0.049213558435440063 0.0557662695646286
0.049213558435440063 0.057070791721343994
0.0 0.057070791721343994
0.049213558435440063 0.057070791721343994
0.03832755982875824 0.057070791721343994
0.049213558435440063 0.057070791721343994
0.049213558435440063 0.057070791721343994
0.033823952078819275 0.057070791721343994
0.03832755982875824 0.057070791721343994
0.033823952078819275 0.057070791721343994
0.049213558435440063 0.057070791721343994
0.033823952078819275 0.057070791721343994
0.049213558435440063 0.057070791721343994
0.033823952078819275 0.057070791721343994
0.0557662695646286 0.057070791721343994
0.033823952078819275 0.057070791721343994
0.049213558435440063 0.057070791721343994
0.0557662695646286 0.057070791721343994
0.049213558435440063 0.057070791721343994
0.049213558435440063 0.057070791721343994
0.0557662695646286 0.057070791721343994
0.0557662695646286 0.06157439947128296
0.049213558435440063 0.06157439947128296
0.049213558435440063 0.06157439947128296
0.0 0.06157439947128296
0.0557662695646286 0.06157439947128296
0.049213558435440063 0.06157439947128296
0.0557662695646286 0.06157439947128296
0.049213558435440063 0.06157439947128296
0.049213558435440063 0.06157439947128296
0.057070791721343994 0.06157439947128296
0.0557662695646286 0.06157439947128296
0.0557662695646286 0.06157439947128296
0.0557662695646286 0.06319145858287811
0.0557662695646286 0.06319145858287811
0.0557662695646286 0.06319145858287811
0.0557662695646286 0.06319145858287811
0.0557662695646286 0.06319145858287811
0.0557662695646286 0.06319145858287811
0.0557662695646286 0.06319145858287811
0.0557662695646286 0.06319145858287811
0.03832755982875824 0.06319145858287811
0.033823952078819275 0.06319145858287811
0.03832755982875824 0.06319145858287811
0.0 0.06319145858287811
0.0 0.06319145858287811
0.0557662695646286 0.06764790415763855
0.06157439947128296 0.06764790415763855
0.049213558435440063 0.06764790415763855
0.049213558435440063 0.06764790415763855
0.02324683964252472 0.06764790415763855
0.057070791721343994 0.06764790415763855
0.02324683964252472 0.06764790415763855
0.03832755982875824 0.06764790415763855
0.057070791721343994 0.06764790415763855
0.049213558435440063 0.06764790415763855
0.049213558435440063 0.06764790415763855
0.049213558435440063 0.06764790415763855
0.049213558435440063 0.06764790415763855
0.06764790415763855 0.06974051892757416
0.049213558435440063 0.07215151190757751
0.049213558435440063 0.07215151190757751
0.049213558435440063 0.07215151190757751
0.0557662695646286 0.07215151190757751
0.0 0.07215151190757751
0.049213558435440063 0.07215151190757751
0.02324683964252472 0.07215151190757751
0.0557662695646286 0.07215151190757751
0.0 0.07215151190757751
0.057070791721343994 0.07215151190757751
0.033823952078819275 0.07246039807796478
0.0 0.07246039807796478
0.06764790415763855 0.07246039807796478
0.06157439947128296 0.07246039807796478
0.06319145858287811 0.07246039807796478
0.049213558435440063 0.07246039807796478
0.02324683964252472 0.07246039807796478
0.06764790415763855 0.07246039807796478
0.06764790415763855 0.07665511965751648
0.07215151190757751 0.07901310920715332
0.07215151190757751 0.07901310920715332
0.049213558435440063 0.07901310920715332
0.0 0.07901310920715332
0.033823952078819275 0.07901310920715332
0.0557662695646286 0.07901310920715332
0.02324683964252472 0.07901310920715332
0.0 0.07901310920715332
0.04649367928504944 0.07901310920715332
0.06764790415763855 0.07901310920715332
0.06764790415763855 0.08031763136386871
0.07215151190757751 0.08031763136386871
0.0557662695646286 0.08303751051425934
0.0557662695646286 0.08303751051425934
0.02324683964252472 0.08303751051425934
0.049213558435440063 0.08303751051425934
0.07901310920715332 0.08303751051425934
0.02324683964252472 0.08303751051425934
0.0 0.08303751051425934
0.07215151190757751 0.08303751051425934
0.07246039807796478 0.08482123911380768
0.07901310920715332 0.08482123911380768
0.08303751051425934 0.08482123911380768
0.033823952078819275 0.08643830567598343
0.07246039807796478 0.08643830567598343
0.07246039807796478 0.08643830567598343
0.02324683964252472 0.08643830567598343
0.033823952078819275 0.08643830567598343
0.08303751051425934 0.0875411182641983
0.06764790415763855 0.0875411182641983
0.07246039807796478 0.08959022164344788
0.08303751051425934 0.08959022164344788
0.06319145858287811 0.08959022164344788
0.0875411182641983 0.08959022164344788
0.0875411182641983 0.08959022164344788
0.0875411182641983 0.08959022164344788
0.049213558435440063 0.08959022164344788
0.02324683964252472 0.08959022164344788
0.06157439947128296 0.08959022164344788
0.0557662695646286 0.08959022164344788
0.07246039807796478 0.08959022164344788
0.06764790415763855 0.09089474380016327
0.08303751051425934 0.09089474380016327
0.08643830567598343 0.09409382939338684
0.08303751051425934 0.09539835155010223
0.08303751051425934 0.09539835155010223
0.07901310920715332 0.09539835155010223
0.08959022164344788 0.09701541811227798
0.09842712432146072 0.0999019593000412
0.09539835155010223 0.0999019593000412
0.09842712432146072 0.0999019593000412
0.08959022164344788 0.0999019593000412
0.09842712432146072 0.0999019593000412
0.09842712432146072 0.10147186368703842
0.0875411182641983 0.10147186368703842
0.09409382939338684 0.10225994884967804
0.09539835155010223 0.10225994884967804
0.08959022164344788 0.10497982800006866
0.09409382939338684 0.10497982800006866
0.02324683964252472 0.10497982800006866
0.0557662695646286 0.10497982800006866
0.0 0.10497982800006866
0.09701541811227798 0.10497982800006866
0.10497982800006866 0.10597545653581619
0.09409382939338684 0.10597545653581619
0.10497982800006866 0.10597545653581619
0.10497982800006866 0.10597545653581619
0.07215151190757751 0.10597545653581619
0.09409382939338684 0.10628435015678406
0.10497982800006866 0.10628435015678406
0.10497982800006866 0.10628435015678406
0.10497982800006866 0.10628435015678406
0.02324683964252472 0.10628435015678406
0.09539835155010223 0.10628435015678406
0.08959022164344788 0.11047907173633575
0.10497982800006866 0.11047907173633575
0.09842712432146072 0.1115325391292572
0.1115325391292572 0.11240501701831818
0.0 0.11240501701831818
0.11240501701831818 0.1128370612859726
0.09539835155010223 0.1128370612859726
0.1115325391292572 0.11498267948627472
0.11078795790672302 0.11686147004365921
0.08303751051425934 0.11686147004365921
0.11686147004365921 0.11734066903591156
0.04649367928504944 0.12136507034301758
0.1115325391292572 0.12136507034301758
0.09842712432146072 0.12314879894256592
0.09409382939338684 0.12341417372226715
0.0875411182641983 0.12341417372226715
0.08959022164344788 0.12471870332956314
0.1128370612859726 0.12471870332956314
0.11734066903591156 0.12471870332956314
0.1115325391292572 0.12476585805416107
0.12341417372226715 0.12586867809295654
0.1115325391292572 0.12586867809295654
0.11686147004365921 0.12791778147220612
0.09409382939338684 0.12791778147220612
0.09842712432146072 0.12791778147220612
0.06764790415763855 0.12791778147220612
0.11240501701831818 0.12791778147220612
0.057070791721343994 0.12822666764259338
0.10497982800006866 0.12953118979930878
0.0999019593000412 0.12953118979930878
0.12638291716575623 0.1322510689496994
0.07215151190757751 0.13477937877178192
0.1322510689496994 0.13477937877178192
0.1322510689496994 0.13477937877178192
0.13403479754924774 0.1352958083152771
0.1322510689496994 0.1352958083152771
0.12136507034301758 0.13880378007888794
0.13242138922214508 0.13880378007888794
0.13880378007888794 0.14010831713676453
0.13880378007888794 0.14010831713676453
0.12136507034301758 0.14010831713676453
0.14220456779003143 0.1433073878288269
0.13242138922214508 0.1433073878288269
0.11686147004365921 0.1446119099855423
0.10628435015678406 0.1446119099855423
0.13675467669963837 0.1446119099855423
0.12167395651340485 0.1476406753063202
0.11047907173633575 0.14962975680828094
0.08303751051425934 0.1506854146718979
0.13372591137886047 0.15408621728420258
0.152781680226326 0.15419338643550873
0.1506854146718979 0.15549790859222412
0.1398465782403946 0.1569727510213852
0.15419338643550873 0.1569727510213852
0.14010831713676453 0.16304625570774078
0.14010831713676453 0.16304625570774078
0.13880378007888794 0.16607503592967987
0.06764790415763855 0.16754986345767975
0.12476585805416107 0.16785874962806702
0.14058750867843628 0.1686033308506012
0.14535649120807648 0.16947582364082336
0.16655422747135162 0.1739322543144226
0.15246914327144623 0.1760285198688507
0.09701541811227798 0.17874474823474884
0.17057862877845764 0.17918044328689575
0.16607503592967987 0.18048496544361115
0.17918044328689575 0.1832483559846878
0.16947582364082336 0.18368405103683472
0.18005293607711792 0.1849885731935501
0.18005293607711792 0.18660198152065277
0.17310693860054016 0.188017338514328
0.188017338514328 0.18949218094348907
0.18660564720630646 0.19252094626426697
0.14350908994674683 0.19587458670139313
0.18980106711387634 0.19587458670139313
0.19382546842098236 0.19717909395694733
0.18529745936393738 0.19717909395694733
0.17472399771213531 0.20199525356292725
0.13293197751045227 0.20488178730010986
0.1849885731935501 0.2078033685684204
0.2034069448709488 0.21095529198646545
0.20693089067935944 0.21509701013565063
0.1984872668981552 0.21912141144275665
0.213876873254776 0.22126702964305878
0.22232049703598022 0.2249332070350647
0.22524207830429077 0.22839400172233582
0.2321530282497406 0.2338932454586029
0.21707230806350708 0.24001026153564453
0.22201161086559296 0.26400166749954224
0.26139265298843384 0.26877066493034363
0.25776150822639465 0.26933062076568604
0.2450881451368332 0.2725296914577484
0.2632136046886444 0.273834228515625
0.06764790415763855 0.2899684011936188
0.15549790859222412 0.30059269070625305
