0.0 0.02324683964252472
0.0 0.02324683964252472
0.0 0.02324683964252472
0.0 0.02324683964252472
0.0 0.02324683964252472
0.0 0.02324683964252472
0.0 0.02324683964252472
0.0 0.02324683964252472
0.0 0.02324683964252472
0.0 0.02324683964252472
0.0 0.02324683964252472
0.0 0.02324683964252472
0.0 0.02324683964252472
0.0 0.02324683964252472
0.0 0.02324683964252472
0.0 0.02324683964252472
0.0 0.02324683964252472
0.0 0.02324683964252472
0.0 0.02324683964252472
0.0 0.02324683964252472
0.0 0.02324683964252472
0.0 0.02324683964252472
0.0 0.02324683964252472
0.0 0.02324683964252472
0.0 0.02324683964252472
0.0 0.02324683964252472
0.0 0.02324683964252472
0.0 0.02324683964252472
0.0 0.02324683964252472
0.0 0.02324683964252472
0.0 0.02324683964252472
0.0 0.02324683964252472
0.0 0.02324683964252472
0.0 0.02324683964252472
0.0 0.02324683964252472
0.0 0.02324683964252472
0.0 0.02324683964252472
0.0 0.02324683964252472
0.0 0.02324683964252472
0.0 0.02324683964252472
0.0 0.02324683964252472
0.02324683964252472 0.033823952078819275
0.0 0.033823952078819275
0.0 0.033823952078819275
0.0 0.033823952078819275
0.02324683964252472 0.033823952078819275
0.0 0.033823952078819275
0.0 0.033823952078819275
0.02324683964252472 0.033823952078819275
0.0 0.033823952078819275
0.0 0.033823952078819275
0.0 0.033823952078819275
0.0 0.033823952078819275
0.0 0.033823952078819275
0.0 0.033823952078819275
0.0 0.033823952078819275
0.0 0.033823952078819275
0.02324683964252472 0.033823952078819275
0.02324683964252472 0.033823952078819275
0.02324683964252472 0.033823952078819275
0.0 0.033823952078819275
0.02324683964252472 0.033823952078819275
0.0 0.033823952078819275
0.0 0.033823952078819275
0.02324683964252472 0.033823952078819275
0.02324683964252472 0.033823952078819275
0.02324683964252472 0.033823952078819275
0.0 0.033823952078819275
0.02324683964252472 0.033823952078819275
0.0 0.033823952078819275
0.0 0.033823952078819275
0.02324683964252472 0.033823952078819275
0.02324683964252472 0.033823952078819275
0.02324683964252472 0.033823952078819275
0.0 0.033823952078819275
0.02324683964252472 0.033823952078819275
0.0 0.033823952078819275
0.02324683964252472 0.033823952078819275
0.02324683964252472 0.033823952078819275
0.02324683964252472 0.033823952078819275
0.0 0.033823952078819275
0.02324683964252472 0.033823952078819275
0.0 0.033823952078819275
0.02324683964252472 0.033823952078819275
0.0 0.033823952078819275
0.02324683964252472 0.033823952078819275
0.0 0.033823952078819275
0.0 0.033823952078819275
0.02324683964252472 0.033823952078819275
0.0 0.03832755982875824
0.033823952078819275 0.03832755982875824
0.0 0.03832755982875824
0.033823952078819275 0.03832755982875824
0.0 0.03832755982875824
0.033823952078819275 0.03832755982875824
0.02324683964252472 0.03832755982875824
0.0 0.03832755982875824
0.033823952078819275 0.03832755982875824
0.02324683964252472 0.03832755982875824
0.0 0.03832755982875824
0.033823952078819275 0.03832755982875824
0.033823952078819275 0.03832755982875824
0.033823952078819275 0.03832755982875824
0.033823952078819275 0.03832755982875824
0.0 0.03832755982875824
0.033823952078819275 0.03832755982875824
0.033823952078819275 0.03832755982875824
0.02324683964252472 0.03832755982875824
0.0 0.03832755982875824
0.0 0.03832755982875824
0.033823952078819275 0.03832755982875824
0.0 0.03832755982875824
0.033823952078819275 0.03832755982875824
0.0 0.03832755982875824
0.0 0.03832755982875824
0.0 0.03832755982875824
0.033823952078819275 0.03832755982875824
0.0 0.03832755982875824
0.033823952078819275 0.03832755982875824
0.033823952078819275 0.03832755982875824
0.02324683964252472 0.03832755982875824
0.033823952078819275 0.03832755982875824
0.033823952078819275 0.03832755982875824
0.02324683964252472 0.03832755982875824
0.0 0.03832755982875824
0.033823952078819275 0.03832755982875824
0.02324683964252472 0.03832755982875824
0.033823952078819275 0.03832755982875824
0.02324683964252472 0.03832755982875824
0.033823952078819275 0.03832755982875824
0.02324683964252472 0.03832755982875824
0.0 0.03832755982875824
0.02324683964252472 0.03832755982875824
0.0 0.03832755982875824
0.033823952078819275 0.04649367928504944
0.033823952078819275 0.04649367928504944
0.033823952078819275 0.04649367928504944
0.033823952078819275 0.04649367928504944
0.033823952078819275 0.04649367928504944
0.033823952078819275 0.049213558435440063
0.02324683964252472 0.049213558435440063
0.03832755982875824 0.049213558435440063
0.0 0.049213558435440063
0.0 0.049213558435440063
0.02324683964252472 0.049213558435440063
0.0 0.049213558435440063
0.0 0.049213558435440063
0.033823952078819275 0.049213558435440063
0.03832755982875824 0.049213558435440063
0.033823952078819275 0.049213558435440063
0.0 0.049213558435440063
0.033823952078819275 0.049213558435440063
0.033823952078819275 0.049213558435440063
0.0 0.049213558435440063
0.049213558435440063 0.0557662695646286
0.049213558435440063 0.0557662695646286
0.049213558435440063 0.0557662695646286
0.049213558435440063 0.0557662695646286
0.02324683964252472 0.0557662695646286
0.049213558435440063 0.0557662695646286
0.049213558435440063 0.0557662695646286
0.049213558435440063 0.0557662695646286
0.049213558435440063 0.0557662695646286
0.049213558435440063 0.0557662695646286
0.049213558435440063 0.0557662695646286
0.049213558435440063 0.0557662695646286
0.0 0.0557662695646286
0.033823952078819275 0.0557662695646286
0.0 0.0557662695646286
0.033823952078819275 0.0557662695646286
0.049213558435440063 0.0557662695646286
0.033823952078819275 0.0557662695646286
0.049213558435440063 0.0557662695646286
0.033823952078819275 0.0557662695646286
0.0 0.0557662695646286
0.0 0.0557662695646286
0.049213558435440063 0.0557662695646286
0.049213558435440063 0.0557662695646286
0.033823952078819275 0.0557662695646286
0.049213558435440063 0.0557662695646286
0.049213558435440063 0.0557662695646286
0.0 0.0557662695646286
0.0 0.0557662695646286
0.049213558435440063 0.0557662695646286
0.049213558435440063 0.0557662695646286
0.03832755982875824 0.0557662695646286
0.0 0.0557662695646286
0.033823952078819275 0.0557662695646286
0.02324683964252472 0.0557662695646286
0.049213558435440063 0.0557662695646286
0.049213558435440063 0.0557662695646286
0.049213558435440063 0.0557662695646286
0.049213558435440063 0.0557662695646286
0.03832755982875824 0.0557662695646286
0.0 0.0557662695646286
0.033823952078819275 0.0557662695646286
0.049213558435440063 0.0557662695646286
0.049213558435440063 0.0557662695646286
0.033823952078819275 0.0557662695646286
0.02324683964252472 0.0557662695646286
0.049213558435440063 0.0557662695646286
0.0 0.0557662695646286
0.0 0.0557662695646286
0.049213558435440063 0.0557662695646286
0.02324683964252472 0.0557662695646286
0.049213558435440063 0.0557662695646286
0.0 0.0557662695646286
0.033823952078819275 0.0557662695646286
0.02324683964252472 0.0557662695646286
0.0 0.0557662695646286
0.0 0.0557662695646286
0.049213558435440063 0.0557662695646286
0.049213558435440063 0.0557662695646286
0.033823952078819275 0.0557662695646286
0.049213558435440063 0.0557662695646286
0.0 0.0557662695646286
0.049213558435440063 0.0557662695646286
0.049213558435440063 0.0557662695646286
0.049213558435440063 0.0557662695646286
0.0 0.0557662695646286
0.033823952078819275 0.0557662695646286
0.049213558435440063 0.0557662695646286
0.049213558435440063 0.0557662695646286
0.049213558435440063 0.0557662695646286
0.049213558435440063 0.0557662695646286
0.049213558435440063 0.0557662695646286
0.049213558435440063 0.0557662695646286
0.049213558435440063 0.0557662695646286
0.049213558435440063 0.0557662695646286
0.0 0.0557662695646286
0.033823952078819275 0.057070791721343994
0.049213558435440063 0.057070791721343994
0.033823952078819275 0.057070791721343994
0.0557662695646286 0.057070791721343994
0.0557662695646286 0.057070791721343994
0.0557662695646286 0.057070791721343994
0.033823952078819275 0.057070791721343994
0.0557662695646286 0.057070791721343994
0.04649367928504944 0.057070791721343994
0.049213558435440063 0.057070791721343994
0.02324683964252472 0.057070791721343994
0.0 0.057070791721343994
0.049213558435440063 0.057070791721343994
0.0557662695646286 0.057070791721343994
0.0 0.057070791721343994
0.033823952078819275 0.057070791721343994
0.049213558435440063 0.057070791721343994
0.02324683964252472 0.057070791721343994
0.049213558435440063 0.057070791721343994
0.0557662695646286 0.057070791721343994
0.049213558435440063 0.057070791721343994
0.049213558435440063 0.057070791721343994
0.0 0.057070791721343994
0.049213558435440063 0.057070791721343994
0.0557662695646286 0.057070791721343994
0.033823952078819275 0.057070791721343994
0.0557662695646286 0.057070791721343994
0.033823952078819275 0.057070791721343994
0.057070791721343994 0.06157439947128296
0.049213558435440063 0.06157439947128296
0.0 0.06157439947128296
0.049213558435440063 0.06157439947128296
0.0557662695646286 0.06157439947128296
0.0557662695646286 0.06157439947128296
0.0557662695646286 0.06319145858287811
0.0557662695646286 0.06319145858287811
0.02324683964252472 0.06319145858287811
0.0557662695646286 0.06319145858287811
0.0557662695646286 0.06319145858287811
0.0 0.06319145858287811
0.0557662695646286 0.06319145858287811
0.0557662695646286 0.06319145858287811
0.0 0.06319145858287811
0.0 0.06319145858287811
0.03832755982875824 0.06319145858287811
0.0 0.06319145858287811
0.049213558435440063 0.06764790415763855
0.0 0.06764790415763855
0.033823952078819275 0.06764790415763855
0.0 0.06764790415763855
0.049213558435440063 0.06764790415763855
0.049213558435440063 0.06764790415763855
0.04649367928504944 0.06764790415763855
0.049213558435440063 0.06764790415763855
0.03832755982875824 0.06764790415763855
0.049213558435440063 0.06764790415763855
0.06157439947128296 0.06764790415763855
0.06157439947128296 0.06764790415763855
0.049213558435440063 0.06764790415763855
0.06157439947128296 0.06764790415763855
0.03832755982875824 0.06764790415763855
0.057070791721343994 0.06974051892757416
0.0 0.07215151190757751
0.0 0.07215151190757751
0.02324683964252472 0.07215151190757751
0.0557662695646286 0.07215151190757751
0.06764790415763855 0.07246039807796478
0.03832755982875824 0.07246039807796478
0.03832755982875824 0.07246039807796478
0.06157439947128296 0.07246039807796478
0.06764790415763855 0.07665511965751648
0.049213558435440063 0.07901310920715332
0.06319145858287811 0.07901310920715332
0.07215151190757751 0.07901310920715332
0.07215151190757751 0.07901310920715332
0.06764790415763855 0.08031763136386871
0.0 0.08031763136386871
0.06764790415763855 0.08031763136386871
0.04649367928504944 0.08303751051425934
0.07901310920715332 0.08303751051425934
0.033823952078819275 0.08303751051425934
0.033823952078819275 0.08303751051425934
0.06764790415763855 0.08482123911380768
0.08303751051425934 0.08643830567598343
0.07665511965751648 0.0875411182641983
0.07246039807796478 0.08959022164344788
0.07246039807796478 0.08959022164344788
0.06764790415763855 0.08959022164344788
0.0875411182641983 0.08959022164344788
0.07665511965751648 0.08959022164344788
0.0875411182641983 0.08959022164344788
0.0 0.08959022164344788
0.0875411182641983 0.08959022164344788
0.0875411182641983 0.08959022164344788
0.0875411182641983 0.08959022164344788
0.06764790415763855 0.09089474380016327
0.06764790415763855 0.09089474380016327
0.08959022164344788 0.09089474380016327
0.08959022164344788 0.09089474380016327
0.049213558435440063 0.09089474380016327
0.057070791721343994 0.09409382939338684
0.07215151190757751 0.09409382939338684
0.08303751051425934 0.09409382939338684
0.033823952078819275 0.09409382939338684
0.0 0.09409382939338684
0.07901310920715332 0.09539835155010223
0.08959022164344788 0.09539835155010223
0.08959022164344788 0.09539835155010223
0.08303751051425934 0.09539835155010223
0.09409382939338684 0.09701541811227798
0.09409382939338684 0.09701541811227798
0.08959022164344788 0.09842712432146072
0.08303751051425934 0.0999019593000412
0.09842712432146072 0.10147186368703842
0.0875411182641983 0.10147186368703842
0.07246039807796478 0.10147186368703842
0.09842712432146072 0.10151901841163635
0.09701541811227798 0.10225994884967804
0.09701541811227798 0.10497982800006866
0.08303751051425934 0.10497982800006866
0.0 0.10497982800006866
0.08959022164344788 0.10597545653581619
0.10497982800006866 0.10597545653581619
0.10497982800006866 0.10597545653581619
0.09842712432146072 0.10597545653581619
0.10497982800006866 0.10597545653581619
0.06157439947128296 0.10628435015678406
0.10597545653581619 0.10628435015678406
0.10497982800006866 0.10628435015678406
0.10597545653581619 0.10628435015678406
0.08303751051425934 0.10628435015678406
0.09842712432146072 0.11047907173633575
0.10151901841163635 0.11078795790672302
0.08959022164344788 0.11078795790672302
0.10151901841163635 0.11078795790672302
0.10147186368703842 0.11078795790672302
0.09842712432146072 0.1115325391292572
0.057070791721343994 0.11240501701831818
0.1115325391292572 0.11240501701831818
0.049213558435440063 0.1128370612859726
0.11240501701831818 0.1128370612859726
0.0 0.1128370612859726
0.0 0.1128370612859726
0.10497982800006866 0.1128370612859726
0.033823952078819275 0.1128370612859726
0.049213558435440063 0.11414158344268799
0.06157439947128296 0.11414158344268799
0.10147186368703842 0.11414158344268799
0.09409382939338684 0.11686147004365921
0.10497982800006866 0.11686147004365921
0.057070791721343994 0.11686147004365921
0.0557662695646286 0.11686147004365921
0.0999019593000412 0.11686147004365921
0.10151901841163635 0.11734066903591156
0.11686147004365921 0.11734066903591156
0.11686147004365921 0.11895772814750671
0.10497982800006866 0.1202622503042221
0.1115325391292572 0.12136507034301758
0.11240501701831818 0.12341417372226715
0.11240501701831818 0.12341417372226715
0.12341417372226715 0.12471870332956314
0.09701541811227798 0.12791778147220612
0.10497982800006866 0.12791778147220612
0.11240501701831818 0.12791778147220612
0.11686147004365921 0.12822666764259338
0.10497982800006866 0.12822666764259338
0.12822666764259338 0.13083936274051666
0.08303751051425934 0.13372591137886047
0.11686147004365921 0.13372591137886047
0.0 0.13477937877178192
0.07215151190757751 0.13477937877178192
0.12822666764259338 0.13534297049045563
0.07901310920715332 0.13880378007888794
0.0 0.13880378007888794
0.13534297049045563 0.13880378007888794
0.06764790415763855 0.13880378007888794
0.13880378007888794 0.14010831713676453
0.13880378007888794 0.14058750867843628
0.13880378007888794 0.14189203083515167
0.13880378007888794 0.1433073878288269
0.13880378007888794 0.1446119099855423
0.10597545653581619 0.1446119099855423
0.12476585805416107 0.14535649120807648
0.11240501701831818 0.14535649120807648
0.12791778147220612 0.148806631565094
0.14535649120807648 0.148806631565094
0.14535649120807648 0.14911551773548126
0.0 0.14986009895801544
0.09842712432146072 0.1506854146718979
0.15073257684707642 0.15116462111473083
0.12136507034301758 0.15116462111473083
0.13880378007888794 0.15116462111473083
0.13880378007888794 0.15116462111473083
0.1506854146718979 0.15246914327144623
0.10497982800006866 0.15408621728420258
0.14986009895801544 0.15549790859222412
0.15518902242183685 0.1556682288646698
0.14622898399829865 0.15802621841430664
0.07215151190757751 0.15858981013298035
0.12136507034301758 0.15858981013298035
0.15073257684707642 0.15969263017177582
0.13880378007888794 0.1617417335510254
0.10497982800006866 0.1617417335510254
0.15419338643550873 0.16205061972141266
0.16607503592967987 0.16624534130096436
0.16205061972141266 0.16624534130096436
0.1202622503042221 0.1699078530073166
0.12791778147220612 0.17057862877845764
0.1617417335510254 0.1739322543144226
0.17397941648960114 0.1750822365283966
0.1726277470588684 0.18053212761878967
0.13880378007888794 0.18949218094348907
0.1910620778799057 0.1956091970205307
0.188017338514328 0.19989897310733795
0.19687020778656006 0.2016827017068863
0.18368405103683472 0.2078033685684204
0.08482123911380768 0.21126417815685272
0.22926649451255798 0.23289760947227478
0.23289760947227478 0.2492828518152237
0.2450881451368332 0.262948215007782
0.2492828518152237 0.26802608370780945
0.2601688504219055 0.26933062076568604
0.2758673429489136 0.29604190587997437
0.4037851393222809 0.4055253565311432
