0.0 0.02324683964252472
0.0 0.02324683964252472
0.0 0.02324683964252472
0.0 0.02324683964252472
0.0 0.02324683964252472
0.0 0.02324683964252472
0.0 0.02324683964252472
0.0 0.02324683964252472
0.0 0.02324683964252472
0.0 0.02324683964252472
0.0 0.02324683964252472
0.0 0.02324683964252472
0.0 0.02324683964252472
0.0 0.02324683964252472
0.0 0.02324683964252472
0.0 0.02324683964252472
0.0 0.02324683964252472
0.0 0.02324683964252472
0.0 0.02324683964252472
0.0 0.02324683964252472
0.0 0.02324683964252472
0.0 0.02324683964252472
0.0 0.02324683964252472
0.0 0.02324683964252472
0.0 0.02324683964252472
0.0 0.02324683964252472
0.0 0.02324683964252472
0.0 0.02324683964252472
0.0 0.02324683964252472
0.0 0.02324683964252472
0.0 0.02324683964252472
0.0 0.02324683964252472
0.0 0.02324683964252472
0.0 0.02324683964252472
0.0 0.02324683964252472
0.0 0.02324683964252472
0.0 0.02324683964252472
0.0 0.02324683964252472
0.0 0.02324683964252472
0.0 0.02324683964252472
0.0 0.02324683964252472
0.0 0.02324683964252472
0.0 0.02324683964252472
0.02324683964252472 0.033823952078819275
0.0 0.033823952078819275
0.02324683964252472 0.033823952078819275
0.0 0.033823952078819275
0.0 0.033823952078819275
0.0 0.033823952078819275
0.0 0.033823952078819275
0.02324683964252472 0.033823952078819275
0.0 0.033823952078819275
0.02324683964252472 0.033823952078819275
0.02324683964252472 0.033823952078819275
0.0 0.033823952078819275
0.0 0.033823952078819275
0.0 0.033823952078819275
0.0 0.033823952078819275
0.02324683964252472 0.033823952078819275
0.02324683964252472 0.033823952078819275
0.02324683964252472 0.033823952078819275
0.0 0.033823952078819275
0.0 0.033823952078819275
0.0 0.033823952078819275
0.02324683964252472 0.033823952078819275
0.02324683964252472 0.033823952078819275
0.02324683964252472 0.033823952078819275
0.0 0.033823952078819275
0.02324683964252472 0.033823952078819275
0.02324683964252472 0.033823952078819275
0.02324683964252472 0.033823952078819275
0.02324683964252472 0.033823952078819275
0.02324683964252472 0.033823952078819275
0.0 0.033823952078819275
0.0 0.033823952078819275
0.0 0.033823952078819275
0.0 0.033823952078819275
0.02324683964252472 0.033823952078819275
0.0 0.033823952078819275
0.02324683964252472 0.033823952078819275
0.0 0.033823952078819275
0.0 0.033823952078819275
0.0 0.033823952078819275
0.0 0.033823952078819275
0.0 0.033823952078819275
0.0 0.033823952078819275
0.0 0.033823952078819275
0.0 0.033823952078819275
0.0 0.033823952078819275
0.02324683964252472 0.033823952078819275
0.0 0.03832755982875824
0.0 0.03832755982875824
0.033823952078819275 0.03832755982875824
0.0 0.03832755982875824
0.0 0.03832755982875824
0.033823952078819275 0.03832755982875824
0.033823952078819275 0.03832755982875824
0.033823952078819275 0.03832755982875824
0.02324683964252472 0.03832755982875824
0.033823952078819275 0.03832755982875824
0.0 0.03832755982875824
0.033823952078819275 0.03832755982875824
0.033823952078819275 0.03832755982875824
0.0 0.03832755982875824
0.02324683964252472 0.03832755982875824
0.033823952078819275 0.03832755982875824
0.0 0.03832755982875824
0.033823952078819275 0.03832755982875824
0.0 0.03832755982875824
0.033823952078819275 0.03832755982875824
0.033823952078819275 0.03832755982875824
0.033823952078819275 0.03832755982875824
0.033823952078819275 0.03832755982875824
0.033823952078819275 0.03832755982875824
0.0 0.03832755982875824
0.0 0.03832755982875824
0.0 0.03832755982875824
0.02324683964252472 0.03832755982875824
0.033823952078819275 0.03832755982875824
0.033823952078819275 0.03832755982875824
0.0 0.03832755982875824
0.033823952078819275 0.03832755982875824
0.0 0.03832755982875824
0.02324683964252472 0.03832755982875824
0.0 0.03832755982875824
0.0 0.03832755982875824
0.0 0.03832755982875824
0.02324683964252472 0.03832755982875824
0.033823952078819275 0.03832755982875824
0.033823952078819275 0.03832755982875824
0.02324683964252472 0.03832755982875824
0.02324683964252472 0.03832755982875824
0.0 0.03832755982875824
0.02324683964252472 0.03832755982875824
0.033823952078819275 0.03832755982875824
0.033823952078819275 0.03832755982875824
0.0 0.03832755982875824
0.0 0.03832755982875824
0.033823952078819275 0.03832755982875824
0.033823952078819275 0.03832755982875824
0.033823952078819275 0.03832755982875824
0.0 0.03832755982875824
0.033823952078819275 0.04649367928504944
0.0 0.04649367928504944
0.0 0.04649367928504944
0.033823952078819275 0.04649367928504944
0.033823952078819275 0.04649367928504944
0.0 0.04649367928504944
0.033823952078819275 0.04649367928504944
0.0 0.04649367928504944
0.033823952078819275 0.049213558435440063
0.033823952078819275 0.049213558435440063
0.033823952078819275 0.049213558435440063
0.0 0.049213558435440063
0.0 0.049213558435440063
0.0 0.049213558435440063
0.0 0.049213558435440063
0.03832755982875824 0.049213558435440063
0.0 0.049213558435440063
0.033823952078819275 0.049213558435440063
0.0 0.049213558435440063
0.03832755982875824 0.049213558435440063
0.02324683964252472 0.049213558435440063
0.0 0.049213558435440063
0.0 0.049213558435440063
0.033823952078819275 0.049213558435440063
0.033823952078819275 0.049213558435440063
0.033823952078819275 0.049213558435440063
0.02324683964252472 0.049213558435440063
0.033823952078819275 0.049213558435440063
0.033823952078819275 0.049213558435440063
0.0 0.049213558435440063
0.0 0.049213558435440063
0.049213558435440063 0.0557662695646286
0.049213558435440063 0.0557662695646286
0.0 0.0557662695646286
0.03832755982875824 0.0557662695646286
0.049213558435440063 0.0557662695646286
0.0 0.0557662695646286
0.049213558435440063 0.0557662695646286
0.049213558435440063 0.0557662695646286
0.0 0.0557662695646286
0.049213558435440063 0.0557662695646286
0.049213558435440063 0.0557662695646286
0.049213558435440063 0.0557662695646286
0.02324683964252472 0.0557662695646286
0.033823952078819275 0.0557662695646286
0.033823952078819275 0.0557662695646286
0.0 0.0557662695646286
0.049213558435440063 0.0557662695646286
0.049213558435440063 0.0557662695646286
0.049213558435440063 0.0557662695646286
0.049213558435440063 0.0557662695646286
0.033823952078819275 0.0557662695646286
0.033823952078819275 0.0557662695646286
0.049213558435440063 0.0557662695646286
0.0 0.0557662695646286
0.049213558435440063 0.0557662695646286
0.049213558435440063 0.0557662695646286
0.049213558435440063 0.0557662695646286
0.049213558435440063 0.0557662695646286
0.049213558435440063 0.0557662695646286
0.049213558435440063 0.0557662695646286
0.033823952078819275 0.0557662695646286
0.049213558435440063 0.0557662695646286
0.049213558435440063 0.0557662695646286
0.049213558435440063 0.0557662695646286
0.0 0.0557662695646286
0.049213558435440063 0.0557662695646286
0.049213558435440063 0.0557662695646286
0.0 0.0557662695646286
0.0 0.0557662695646286
0.049213558435440063 0.0557662695646286
0.049213558435440063 0.0557662695646286
0.033823952078819275 0.0557662695646286
0.0 0.0557662695646286
0.049213558435440063 0.0557662695646286
0.0 0.0557662695646286
0.0 0.0557662695646286
0.0 0.0557662695646286
0.049213558435440063 0.0557662695646286
0.049213558435440063 0.0557662695646286
0.049213558435440063 0.0557662695646286
0.049213558435440063 0.0557662695646286
0.049213558435440063 0.0557662695646286
0.049213558435440063 0.0557662695646286
0.049213558435440063 0.0557662695646286
0.049213558435440063 0.0557662695646286
0.049213558435440063 0.0557662695646286
0.049213558435440063 0.0557662695646286
0.049213558435440063 0.0557662695646286
0.049213558435440063 0.0557662695646286
0.049213558435440063 0.0557662695646286
0.049213558435440063 0.0557662695646286
0.0 0.0557662695646286
0.02324683964252472 0.0557662695646286
0.0 0.0557662695646286
0.049213558435440063 0.0557662695646286
0.0 0.0557662695646286
0.049213558435440063 0.0557662695646286
0.033823952078819275 0.0557662695646286
0.049213558435440063 0.0557662695646286
0.04649367928504944 0.0557662695646286
0.0 0.0557662695646286
0.049213558435440063 0.0557662695646286
0.049213558435440063 0.0557662695646286
0.049213558435440063 0.0557662695646286
0.049213558435440063 0.0557662695646286
0.0 0.0557662695646286
0.033823952078819275 0.0557662695646286
0.049213558435440063 0.0557662695646286
0.049213558435440063 0.0557662695646286
0.0 0.0557662695646286
0.0 0.0557662695646286
0.0 0.0557662695646286
0.049213558435440063 0.0557662695646286
0.049213558435440063 0.0557662695646286
0.0 0.0557662695646286
0.0 0.0557662695646286
0.049213558435440063 0.0557662695646286
0.049213558435440063 0.0557662695646286
0.049213558435440063 0.0557662695646286
0.0 0.0557662695646286
0.049213558435440063 0.0557662695646286
0.049213558435440063 0.0557662695646286
0.0 0.0557662695646286
0.0 0.0557662695646286
0.0 0.057070791721343994
0.04649367928504944 0.057070791721343994
0.03832755982875824 0.057070791721343994
0.049213558435440063 0.057070791721343994
0.0557662695646286 0.057070791721343994
0.049213558435440063 0.057070791721343994
0.049213558435440063 0.057070791721343994
0.033823952078819275 0.057070791721343994
0.02324683964252472 0.057070791721343994
0.033823952078819275 0.057070791721343994
0.033823952078819275 0.057070791721343994
0.049213558435440063 0.057070791721343994
0.049213558435440063 0.057070791721343994
0.049213558435440063 0.057070791721343994
0.03832755982875824 0.057070791721343994
0.02324683964252472 0.057070791721343994
0.049213558435440063 0.057070791721343994
0.0 0.057070791721343994
0.0557662695646286 0.057070791721343994
0.033823952078819275 0.057070791721343994
0.033823952078819275 0.057070791721343994
0.033823952078819275 0.057070791721343994
0.049213558435440063 0.057070791721343994
0.0 0.057070791721343994
0.049213558435440063 0.057070791721343994
0.049213558435440063 0.06157439947128296
0.0 0.06157439947128296
0.049213558435440063 0.06157439947128296
0.0557662695646286 0.06157439947128296
0.033823952078819275 0.06157439947128296
0.057070791721343994 0.06157439947128296
0.033823952078819275 0.06157439947128296
0.057070791721343994 0.06157439947128296
0.0557662695646286 0.06157439947128296
0.0557662695646286 0.06157439947128296
0.0557662695646286 0.06157439947128296
0.02324683964252472 0.06157439947128296
0.03832755982875824 0.06319145858287811
0.0557662695646286 0.06319145858287811
0.03832755982875824 0.06319145858287811
0.0 0.06319145858287811
0.0557662695646286 0.06319145858287811
0.0557662695646286 0.06319145858287811
0.0557662695646286 0.06319145858287811
0.0 0.06319145858287811
0.0557662695646286 0.06319145858287811
0.0557662695646286 0.06319145858287811
0.0557662695646286 0.06319145858287811
0.0 0.06319145858287811
0.0557662695646286 0.06319145858287811
0.0557662695646286 0.06319145858287811
0.0557662695646286 0.06319145858287811
0.0 0.06764790415763855
0.049213558435440063 0.06764790415763855
0.0557662695646286 0.06764790415763855
0.0557662695646286 0.06764790415763855
0.03832755982875824 0.06764790415763855
0.049213558435440063 0.06764790415763855
0.049213558435440063 0.06764790415763855
0.03832755982875824 0.06764790415763855
0.057070791721343994 0.06764790415763855
0.06764790415763855 0.06974051892757416
0.0 0.07215151190757751
0.0557662695646286 0.07215151190757751
0.057070791721343994 0.07215151190757751
0.0 0.07215151190757751
0.0557662695646286 0.07215151190757751
0.049213558435440063 0.07215151190757751
0.06764790415763855 0.07215151190757751
0.06764790415763855 0.07215151190757751
0.049213558435440063 0.07215151190757751
0.049213558435440063 0.07215151190757751
0.03832755982875824 0.07215151190757751
0.06764790415763855 0.07246039807796478
0.033823952078819275 0.07246039807796478
0.06764790415763855 0.07246039807796478
0.0 0.07246039807796478
0.06764790415763855 0.07246039807796478
0.049213558435440063 0.07246039807796478
0.0 0.07246039807796478
0.0 0.07246039807796478
0.06157439947128296 0.07246039807796478
0.06764790415763855 0.07246039807796478
0.06319145858287811 0.07246039807796478
0.06319145858287811 0.07246039807796478
0.0557662695646286 0.07246039807796478
0.049213558435440063 0.07665511965751648
0.06764790415763855 0.07665511965751648
0.057070791721343994 0.07665511965751648
0.0 0.07665511965751648
0.0557662695646286 0.07665511965751648
0.06764790415763855 0.07665511965751648
0.06764790415763855 0.07901310920715332
0.0 0.07901310920715332
0.07215151190757751 0.07901310920715332
0.07215151190757751 0.07901310920715332
0.0557662695646286 0.07901310920715332
0.0 0.07901310920715332
0.07215151190757751 0.07901310920715332
0.06319145858287811 0.07901310920715332
0.0 0.07901310920715332
0.06319145858287811 0.07901310920715332
0.0 0.07901310920715332
0.07246039807796478 0.08031763136386871
0.02324683964252472 0.08031763136386871
0.07215151190757751 0.08031763136386871
0.033823952078819275 0.08031763136386871
0.033823952078819275 0.08031763136386871
0.07215151190757751 0.08031763136386871
0.06764790415763855 0.08031763136386871
0.049213558435440063 0.08303751051425934
0.0557662695646286 0.08303751051425934
0.02324683964252472 0.08303751051425934
0.0 0.08303751051425934
0.049213558435440063 0.08303751051425934
0.08031763136386871 0.08303751051425934
0.07901310920715332 0.08303751051425934
0.0 0.08303751051425934
0.057070791721343994 0.08303751051425934
0.0 0.08303751051425934
0.07901310920715332 0.08303751051425934
0.06157439947128296 0.08303751051425934
0.033823952078819275 0.08303751051425934
0.033823952078819275 0.08303751051425934
0.06764790415763855 0.08303751051425934
0.0 0.08303751051425934
0.07246039807796478 0.08303751051425934
0.0 0.08482123911380768
0.0557662695646286 0.0875411182641983
0.0557662695646286 0.0875411182641983
0.07901310920715332 0.0875411182641983
0.033823952078819275 0.0875411182641983
0.0 0.08959022164344788
0.07215151190757751 0.08959022164344788
0.049213558435440063 0.08959022164344788
0.0 0.08959022164344788
0.07665511965751648 0.08959022164344788
0.0875411182641983 0.08959022164344788
0.0875411182641983 0.08959022164344788
0.0875411182641983 0.08959022164344788
0.0875411182641983 0.08959022164344788
0.0 0.08959022164344788
0.0 0.08959022164344788
0.0557662695646286 0.08959022164344788
0.0875411182641983 0.08959022164344788
0.0875411182641983 0.08959022164344788
0.07215151190757751 0.08959022164344788
0.0875411182641983 0.08959022164344788
0.033823952078819275 0.09089474380016327
0.08959022164344788 0.09089474380016327
0.02324683964252472 0.09089474380016327
0.057070791721343994 0.09089474380016327
0.07246039807796478 0.09089474380016327
0.0875411182641983 0.09089474380016327
0.0 0.09089474380016327
0.07215151190757751 0.09089474380016327
0.0875411182641983 0.09089474380016327
0.03832755982875824 0.09089474380016327
0.08303751051425934 0.09089474380016327
0.049213558435440063 0.09089474380016327
0.057070791721343994 0.09089474380016327
0.07901310920715332 0.09409382939338684
0.0 0.09409382939338684
0.08303751051425934 0.09409382939338684
0.08303751051425934 0.09409382939338684
0.033823952078819275 0.09409382939338684
0.08031763136386871 0.09409382939338684
0.08303751051425934 0.09409382939338684
0.08959022164344788 0.09539835155010223
0.08303751051425934 0.09539835155010223
0.0875411182641983 0.09539835155010223
0.08959022164344788 0.09539835155010223
0.07901310920715332 0.09539835155010223
0.0 0.0957072377204895
0.09409382939338684 0.09701541811227798
0.09409382939338684 0.09701541811227798
0.0875411182641983 0.09842712432146072
0.08959022164344788 0.09842712432146072
0.08959022164344788 0.0999019593000412
0.08959022164344788 0.0999019593000412
0.09842712432146072 0.10147186368703842
0.09842712432146072 0.10147186368703842
0.09842712432146072 0.10151901841163635
0.08959022164344788 0.10151901841163635
0.08303751051425934 0.10225994884967804
0.07246039807796478 0.10225994884967804
0.09701541811227798 0.10225994884967804
0.049213558435440063 0.10225994884967804
0.07901310920715332 0.10225994884967804
0.07901310920715332 0.10356447100639343
0.0875411182641983 0.10497982800006866
0.08303751051425934 0.10497982800006866
0.033823952078819275 0.10497982800006866
0.0875411182641983 0.10497982800006866
0.09409382939338684 0.10497982800006866
0.10497982800006866 0.10597545653581619
0.09409382939338684 0.10597545653581619
0.10497982800006866 0.10597545653581619
0.10497982800006866 0.10597545653581619
0.09842712432146072 0.10597545653581619
0.10497982800006866 0.10597545653581619
0.10497982800006866 0.10597545653581619
0.10497982800006866 0.10597545653581619
0.08303751051425934 0.10597545653581619
0.10497982800006866 0.10628435015678406
0.09089474380016327 0.10628435015678406
0.10497982800006866 0.10628435015678406
0.08959022164344788 0.10628435015678406
0.0557662695646286 0.10628435015678406
0.10497982800006866 0.10628435015678406
0.09842712432146072 0.10628435015678406
0.09539835155010223 0.10628435015678406
0.07901310920715332 0.11047907173633575
0.10597545653581619 0.11047907173633575
0.09842712432146072 0.11047907173633575
0.09539835155010223 0.11078795790672302
0.08959022164344788 0.11078795790672302
0.11078795790672302 0.1115325391292572
0.0 0.1115325391292572
0.10151901841163635 0.1115325391292572
0.0875411182641983 0.11240501701831818
0.1115325391292572 0.11240501701831818
0.09842712432146072 0.1128370612859726
0.1115325391292572 0.1128370612859726
0.10628435015678406 0.1128370612859726
0.08303751051425934 0.1128370612859726
0.09409382939338684 0.11414158344268799
0.09089474380016327 0.11414158344268799
0.09409382939338684 0.11686147004365921
0.09701541811227798 0.11686147004365921
0.10497982800006866 0.11686147004365921
0.0875411182641983 0.11686147004365921
0.10628435015678406 0.11686147004365921
0.10497982800006866 0.11734066903591156
0.08959022164344788 0.11734066903591156
0.08303751051425934 0.11734066903591156
0.08959022164344788 0.11734066903591156
0.033823952078819275 0.11864519119262695
0.11686147004365921 0.11864519119262695
0.0 0.11895772814750671
0.10497982800006866 0.11895772814750671
0.10497982800006866 0.12136507034301758
0.1115325391292572 0.12136507034301758
0.10497982800006866 0.12136507034301758
0.049213558435440063 0.12136507034301758
0.1115325391292572 0.12136507034301758
0.09089474380016327 0.12167395651340485
0.1115325391292572 0.12167395651340485
0.10151901841163635 0.12167395651340485
0.0 0.12341417372226715
0.10151901841163635 0.12341417372226715
0.1115325391292572 0.12341417372226715
0.0875411182641983 0.12341417372226715
0.033823952078819275 0.12471870332956314
0.049213558435440063 0.12586867809295654
0.09842712432146072 0.12638291716575623
0.02324683964252472 0.12791778147220612
0.11686147004365921 0.1292223036289215
0.12791778147220612 0.1292223036289215
0.12822666764259338 0.1292223036289215
0.12791778147220612 0.12953118979930878
0.11686147004365921 0.12953118979930878
0.10628435015678406 0.13131491839885712
0.1128370612859726 0.1322510689496994
0.11895772814750671 0.13242138922214508
0.12471870332956314 0.13477937877178192
0.12791778147220612 0.13477937877178192
0.13403479754924774 0.1352958083152771
0.1322510689496994 0.1352958083152771
0.07246039807796478 0.13534297049045563
0.12822666764259338 0.13534297049045563
0.1115325391292572 0.13534297049045563
0.13477937877178192 0.1356518566608429
0.12341417372226715 0.1356518566608429
0.12341417372226715 0.13822951912879944
0.07215151190757751 0.13880378007888794
0.12822666764259338 0.13979941606521606
0.1322510689496994 0.13979941606521606
0.13880378007888794 0.14010831713676453
0.11686147004365921 0.14010831713676453
0.1322510689496994 0.14010831713676453
0.13880378007888794 0.1433073878288269
0.13880378007888794 0.1433073878288269
0.13242138922214508 0.1433073878288269
0.12791778147220612 0.14350908994674683
0.10225994884967804 0.14430302381515503
0.13880378007888794 0.14430302381515503
0.07246039807796478 0.1446119099855423
0.12586867809295654 0.14492079615592957
0.07901310920715332 0.14492079615592957
0.11047907173633575 0.14535649120807648
0.14535649120807648 0.14622898399829865
0.06319145858287811 0.14666101336479187
0.12341417372226715 0.14986009895801544
0.1322510689496994 0.1506854146718979
0.07246039807796478 0.1506854146718979
0.12586867809295654 0.1506854146718979
0.11734066903591156 0.1506854146718979
0.13880378007888794 0.15116462111473083
0.12341417372226715 0.15246914327144623
0.14010831713676453 0.1527780294418335
0.11686147004365921 0.1556682288646698
0.13979941606521606 0.1556682288646698
0.08303751051425934 0.1569727510213852
0.14986009895801544 0.15723812580108643
0.1476406753063202 0.15723812580108643
0.14622898399829865 0.16074609756469727
0.14622898399829865 0.16205061972141266
0.15723812580108643 0.16419623792171478
0.15116462111473083 0.16466331481933594
0.15419338643550873 0.16466331481933594
0.1506854146718979 0.16624534130096436
0.16161857545375824 0.1672988086938858
0.16074609756469727 0.16947582364082336
0.1686033308506012 0.17057862877845764
0.17057862877845764 0.1712595373392105
0.1514735072851181 0.1720534712076187
0.1514735072851181 0.1726277470588684
0.16817128658294678 0.1726277470588684
0.15518902242183685 0.17441146075725555
0.16205061972141266 0.17602486908435822
0.057070791721343994 0.17744022607803345
0.13880378007888794 0.17744022607803345
0.1506854146718979 0.17744022607803345
0.14535649120807648 0.17918044328689575
0.11078795790672302 0.18005293607711792
0.1726277470588684 0.18053212761878967
0.14535649120807648 0.18146462738513947
0.15549790859222412 0.18450936675071716
0.17744022607803345 0.18450936675071716
0.18127305805683136 0.1845565289258957
0.15854264795780182 0.1845565289258957
0.17843586206436157 0.1849885731935501
0.1760285198688507 0.1849885731935501
0.17713133990764618 0.18529745936393738
0.17713133990764618 0.18660564720630646
0.18399293720722198 0.1893218755722046
0.13477937877178192 0.19079670310020447
0.1686033308506012 0.1910620778799057
0.17918044328689575 0.19110558927059174
0.19185017049312592 0.1935165822505951
0.19252094626426697 0.19457004964351654
0.19382546842098236 0.19556568562984467
0.1956128478050232 0.19587458670139313
0.1352958083152771 0.2003781795501709
0.18660564720630646 0.2003781795501709
0.18368405103683472 0.20299087464809418
0.1506854146718979 0.20329977571964264
0.11047907173633575 0.20373180508613586
0.18949218094348907 0.2044025957584381
0.2003781795501709 0.205877423286438
0.19556568562984467 0.20618630945682526
0.2044025957584381 0.20823541283607483
0.2044025957584381 0.20823541283607483
0.19252094626426697 0.20953993499279022
0.20995965600013733 0.21225981414318085
0.1726277470588684 0.2157677859067917
0.20649884641170502 0.217508003115654
0.21707230806350708 0.21881252527236938
0.19797083735466003 0.21996250748634338
0.20242728292942047 0.2243696004152298
0.21651236712932587 0.2249332070350647
0.2243696004152298 0.22764942049980164
0.17744022607803345 0.2321530282497406
0.0999019593000412 0.2321530282497406
0.22362501919269562 0.2330993264913559
0.18791015446186066 0.23550665378570557
0.19457004964351654 0.24162733554840088
0.17571598291397095 0.24236825108528137
0.19252094626426697 0.24723374843597412
0.2540953457355499 0.25509098172187805
0.23629839718341827 0.26672154664993286
0.2570169270038605 0.26759403944015503
0.2622179687023163 0.26937776803970337
0.27235937118530273 0.2725296914577484
0.25811976194381714 0.2783378064632416
0.2715340554714203 0.27891209721565247
0.2776075601577759 0.2806957960128784
0.2824200689792633 0.2840965986251831
0.2919436991214752 0.30054551362991333
0.27142688632011414 0.302158921957016
0.2806957960128784 0.3087116479873657
0.3630995750427246 0.36639317870140076
0.3583608865737915 0.3760506510734558
0.33232036232948303 0.37740233540534973
