0.0 0.02324683964252472
0.0 0.02324683964252472
0.0 0.02324683964252472
0.0 0.02324683964252472
0.0 0.02324683964252472
0.0 0.02324683964252472
0.0 0.02324683964252472
0.0 0.02324683964252472
0.0 0.02324683964252472
0.0 0.02324683964252472
0.0 0.02324683964252472
0.0 0.02324683964252472
0.0 0.02324683964252472
0.0 0.02324683964252472
0.0 0.02324683964252472
0.0 0.02324683964252472
0.0 0.02324683964252472
0.0 0.02324683964252472
0.0 0.02324683964252472
0.0 0.02324683964252472
0.0 0.02324683964252472
0.0 0.02324683964252472
0.0 0.02324683964252472
0.0 0.02324683964252472
0.0 0.02324683964252472
0.0 0.02324683964252472
0.0 0.02324683964252472
0.0 0.02324683964252472
0.0 0.02324683964252472
0.0 0.02324683964252472
0.0 0.02324683964252472
0.0 0.02324683964252472
0.0 0.02324683964252472
0.0 0.02324683964252472
0.0 0.02324683964252472
0.0 0.02324683964252472
0.0 0.02324683964252472
0.0 0.02324683964252472
0.0 0.02324683964252472
0.0 0.033823952078819275
0.02324683964252472 0.033823952078819275
0.02324683964252472 0.033823952078819275
0.02324683964252472 0.033823952078819275
0.0 0.033823952078819275
0.02324683964252472 0.033823952078819275
0.0 0.033823952078819275
0.02324683964252472 0.033823952078819275
0.02324683964252472 0.033823952078819275
0.0 0.033823952078819275
0.0 0.033823952078819275
0.02324683964252472 0.033823952078819275
0.0 0.033823952078819275
0.0 0.033823952078819275
0.02324683964252472 0.033823952078819275
0.02324683964252472 0.033823952078819275
0.02324683964252472 0.033823952078819275
0.02324683964252472 0.033823952078819275
0.0 0.033823952078819275
0.0 0.033823952078819275
0.02324683964252472 0.033823952078819275
0.0 0.033823952078819275
0.0 0.033823952078819275
0.0 0.033823952078819275
0.0 0.033823952078819275
0.02324683964252472 0.033823952078819275
0.0 0.033823952078819275
0.02324683964252472 0.033823952078819275
0.0 0.033823952078819275
0.02324683964252472 0.033823952078819275
0.0 0.033823952078819275
0.0 0.033823952078819275
0.02324683964252472 0.033823952078819275
0.0 0.033823952078819275
0.02324683964252472 0.033823952078819275
0.02324683964252472 0.033823952078819275
0.0 0.033823952078819275
0.02324683964252472 0.033823952078819275
0.02324683964252472 0.033823952078819275
0.0 0.033823952078819275
0.02324683964252472 0.033823952078819275
0.0 0.033823952078819275
0.0 0.033823952078819275
0.0 0.03832755982875824
0.0 0.03832755982875824
0.033823952078819275 0.03832755982875824
0.0 0.03832755982875824
0.02324683964252472 0.03832755982875824
0.033823952078819275 0.03832755982875824
0.033823952078819275 0.03832755982875824
0.0 0.03832755982875824
0.033823952078819275 0.03832755982875824
0.033823952078819275 0.03832755982875824
0.0 0.03832755982875824
0.033823952078819275 0.03832755982875824
0.0 0.03832755982875824
0.02324683964252472 0.03832755982875824
0.0 0.03832755982875824
0.033823952078819275 0.03832755982875824
0.033823952078819275 0.03832755982875824
0.0 0.03832755982875824
0.033823952078819275 0.03832755982875824
0.033823952078819275 0.03832755982875824
0.033823952078819275 0.03832755982875824
0.033823952078819275 0.03832755982875824
0.033823952078819275 0.03832755982875824
0.033823952078819275 0.03832755982875824
0.033823952078819275 0.03832755982875824
0.033823952078819275 0.03832755982875824
0.033823952078819275 0.03832755982875824
0.0 0.03832755982875824
0.033823952078819275 0.03832755982875824
0.02324683964252472 0.03832755982875824
0.033823952078819275 0.03832755982875824
0.033823952078819275 0.03832755982875824
0.033823952078819275 0.03832755982875824
0.02324683964252472 0.03832755982875824
0.0 0.03832755982875824
0.02324683964252472 0.03832755982875824
0.033823952078819275 0.03832755982875824
0.02324683964252472 0.03832755982875824
0.033823952078819275 0.03832755982875824
0.0 0.03832755982875824
0.033823952078819275 0.03832755982875824
0.033823952078819275 0.03832755982875824
0.033823952078819275 0.03832755982875824
0.0 0.03832755982875824
0.033823952078819275 0.03832755982875824
0.02324683964252472 0.03832755982875824
0.0 0.03832755982875824
0.033823952078819275 0.03832755982875824
0.0 0.03832755982875824
0.033823952078819275 0.03832755982875824
0.0 0.03832755982875824
0.0 0.03832755982875824
0.0 0.03832755982875824
0.02324683964252472 0.03832755982875824
0.033823952078819275 0.03832755982875824
0.033823952078819275 0.03832755982875824
0.02324683964252472 0.03832755982875824
0.02324683964252472 0.03832755982875824
0.033823952078819275 0.03832755982875824
0.033823952078819275 0.03832755982875824
0.033823952078819275 0.03832755982875824
0.033823952078819275 0.03832755982875824
0.0 0.04649367928504944
0.033823952078819275 0.04649367928504944
0.033823952078819275 0.04649367928504944
0.033823952078819275 0.04649367928504944
0.033823952078819275 0.04649367928504944
0.033823952078819275 0.04649367928504944
0.033823952078819275 0.04649367928504944
0.033823952078819275 0.04649367928504944
0.033823952078819275 0.04649367928504944
0.0 0.049213558435440063
0.02324683964252472 0.049213558435440063
0.0 0.049213558435440063
0.033823952078819275 0.049213558435440063
0.033823952078819275 0.049213558435440063
0.0 0.049213558435440063
0.0 0.049213558435440063
0.02324683964252472 0.049213558435440063
0.033823952078819275 0.049213558435440063
0.033823952078819275 0.049213558435440063
0.033823952078819275 0.049213558435440063
0.0 0.049213558435440063
0.0 0.049213558435440063
0.02324683964252472 0.049213558435440063
0.0 0.049213558435440063
0.033823952078819275 0.049213558435440063
0.033823952078819275 0.049213558435440063
0.0 0.049213558435440063
0.0 0.049213558435440063
0.049213558435440063 0.0557662695646286
0.049213558435440063 0.0557662695646286
0.0 0.0557662695646286
0.049213558435440063 0.0557662695646286
0.049213558435440063 0.0557662695646286
0.049213558435440063 0.0557662695646286
0.049213558435440063 0.0557662695646286
0.049213558435440063 0.0557662695646286
0.049213558435440063 0.0557662695646286
0.049213558435440063 0.0557662695646286
0.033823952078819275 0.0557662695646286
0.049213558435440063 0.0557662695646286
0.033823952078819275 0.0557662695646286
0.049213558435440063 0.0557662695646286
0.049213558435440063 0.0557662695646286
0.049213558435440063 0.0557662695646286
0.049213558435440063 0.0557662695646286
0.033823952078819275 0.0557662695646286
0.049213558435440063 0.0557662695646286
0.049213558435440063 0.0557662695646286
0.049213558435440063 0.0557662695646286
0.049213558435440063 0.0557662695646286
0.02324683964252472 0.0557662695646286
0.049213558435440063 0.0557662695646286
0.049213558435440063 0.0557662695646286
0.033823952078819275 0.0557662695646286
0.049213558435440063 0.0557662695646286
0.0 0.0557662695646286
0.0 0.0557662695646286
0.049213558435440063 0.0557662695646286
0.049213558435440063 0.0557662695646286
0.049213558435440063 0.0557662695646286
0.03832755982875824 0.0557662695646286
0.0 0.0557662695646286
0.033823952078819275 0.0557662695646286
0.0 0.0557662695646286
0.049213558435440063 0.0557662695646286
0.049213558435440063 0.0557662695646286
0.049213558435440063 0.0557662695646286
0.049213558435440063 0.0557662695646286
0.049213558435440063 0.0557662695646286
0.049213558435440063 0.0557662695646286
0.049213558435440063 0.0557662695646286
0.049213558435440063 0.0557662695646286
0.049213558435440063 0.0557662695646286
0.0 0.0557662695646286
0.049213558435440063 0.0557662695646286
0.02324683964252472 0.0557662695646286
0.02324683964252472 0.0557662695646286
0.0 0.0557662695646286
0.0 0.0557662695646286
0.049213558435440063 0.0557662695646286
0.049213558435440063 0.0557662695646286
0.049213558435440063 0.0557662695646286
0.0 0.0557662695646286
0.033823952078819275 0.0557662695646286
0.033823952078819275 0.0557662695646286
0.049213558435440063 0.0557662695646286
0.033823952078819275 0.0557662695646286
0.049213558435440063 0.0557662695646286
0.03832755982875824 0.0557662695646286
0.0 0.0557662695646286
0.0 0.0557662695646286
0.049213558435440063 0.0557662695646286
0.049213558435440063 0.0557662695646286
0.049213558435440063 0.0557662695646286
0.049213558435440063 0.0557662695646286
0.049213558435440063 0.0557662695646286
0.0 0.0557662695646286
0.049213558435440063 0.0557662695646286
0.0 0.0557662695646286
0.049213558435440063 0.0557662695646286
0.033823952078819275 0.0557662695646286
0.02324683964252472 0.0557662695646286
0.0 0.0557662695646286
0.049213558435440063 0.0557662695646286
0.033823952078819275 0.0557662695646286
0.049213558435440063 0.0557662695646286
0.049213558435440063 0.0557662695646286
0.049213558435440063 0.0557662695646286
0.049213558435440063 0.0557662695646286
0.049213558435440063 0.0557662695646286
0.049213558435440063 0.0557662695646286
0.049213558435440063 0.0557662695646286
0.0 0.0557662695646286
0.033823952078819275 0.0557662695646286
0.0 0.0557662695646286
0.0 0.0557662695646286
0.049213558435440063 0.0557662695646286
0.049213558435440063 0.0557662695646286
0.033823952078819275 0.0557662695646286
0.049213558435440063 0.0557662695646286
0.0 0.0557662695646286
0.0 0.0557662695646286
0.0 0.0557662695646286
0.0 0.0557662695646286
0.0 0.0557662695646286
0.0 0.0557662695646286
0.049213558435440063 0.0557662695646286
0.049213558435440063 0.0557662695646286
0.049213558435440063 0.0557662695646286
0.03832755982875824 0.0557662695646286
0.02324683964252472 0.0557662695646286
0.03832755982875824 0.0557662695646286
0.033823952078819275 0.0557662695646286
0.0 0.0557662695646286
0.033823952078819275 0.0557662695646286
0.0557662695646286 0.057070791721343994
0.02324683964252472 0.057070791721343994
0.0 0.057070791721343994
0.0 0.057070791721343994
0.049213558435440063 0.057070791721343994
0.033823952078819275 0.057070791721343994
0.0 0.057070791721343994
0.033823952078819275 0.057070791721343994
0.0 0.057070791721343994
0.0557662695646286 0.057070791721343994
0.0557662695646286 0.057070791721343994
0.049213558435440063 0.057070791721343994
0.03832755982875824 0.057070791721343994
0.049213558435440063 0.057070791721343994
0.049213558435440063 0.057070791721343994
0.033823952078819275 0.057070791721343994
0.049213558435440063 0.057070791721343994
0.0557662695646286 0.057070791721343994
0.033823952078819275 0.057070791721343994
0.049213558435440063 0.057070791721343994
0.0557662695646286 0.057070791721343994
0.049213558435440063 0.057070791721343994
0.03832755982875824 0.057070791721343994
0.033823952078819275 0.057070791721343994
0.033823952078819275 0.057070791721343994
0.049213558435440063 0.057070791721343994
0.049213558435440063 0.057070791721343994
0.0 0.057070791721343994
0.0557662695646286 0.057070791721343994
0.033823952078819275 0.057070791721343994
0.049213558435440063 0.057070791721343994
0.0 0.057070791721343994
0.033823952078819275 0.057070791721343994
0.03832755982875824 0.057070791721343994
0.0 0.057070791721343994
0.049213558435440063 0.057070791721343994
0.049213558435440063 0.057070791721343994
0.0557662695646286 0.057070791721343994
0.02324683964252472 0.057070791721343994
0.0557662695646286 0.06157439947128296
0.033823952078819275 0.06157439947128296
0.0557662695646286 0.06157439947128296
0.0 0.06157439947128296
0.057070791721343994 0.06157439947128296
0.0557662695646286 0.06157439947128296
0.0557662695646286 0.06157439947128296
0.0557662695646286 0.06157439947128296
0.0557662695646286 0.06157439947128296
0.0557662695646286 0.06157439947128296
0.0557662695646286 0.06157439947128296
0.049213558435440063 0.06157439947128296
0.0557662695646286 0.06319145858287811
0.0557662695646286 0.06319145858287811
0.0557662695646286 0.06319145858287811
0.0557662695646286 0.06319145858287811
0.0557662695646286 0.06319145858287811
0.0557662695646286 0.06319145858287811
0.02324683964252472 0.06319145858287811
0.0557662695646286 0.06319145858287811
0.033823952078819275 0.06319145858287811
0.033823952078819275 0.06319145858287811
0.0557662695646286 0.06319145858287811
0.049213558435440063 0.06764790415763855
0.06157439947128296 0.06764790415763855
0.033823952078819275 0.06764790415763855
0.02324683964252472 0.06764790415763855
0.0557662695646286 0.06764790415763855
0.049213558435440063 0.06764790415763855
0.057070791721343994 0.06764790415763855
0.0 0.06764790415763855
0.049213558435440063 0.06764790415763855
0.057070791721343994 0.06764790415763855
0.049213558435440063 0.06764790415763855
0.033823952078819275 0.06764790415763855
0.06157439947128296 0.06764790415763855
0.033823952078819275 0.06764790415763855
0.0 0.06764790415763855
0.057070791721343994 0.07215151190757751
0.0557662695646286 0.07215151190757751
0.0 0.07215151190757751
0.049213558435440063 0.07215151190757751
0.0557662695646286 0.07215151190757751
0.049213558435440063 0.07215151190757751
0.0 0.07215151190757751
0.0557662695646286 0.07215151190757751
0.057070791721343994 0.07215151190757751
0.0557662695646286 0.07215151190757751
0.0 0.07215151190757751
0.0557662695646286 0.07215151190757751
0.02324683964252472 0.07215151190757751
0.057070791721343994 0.07215151190757751
0.06764790415763855 0.07215151190757751
0.049213558435440063 0.07246039807796478
0.03832755982875824 0.07246039807796478
0.03832755982875824 0.07246039807796478
0.06764790415763855 0.07246039807796478
0.04649367928504944 0.07246039807796478
0.03832755982875824 0.07246039807796478
0.03832755982875824 0.07246039807796478
0.033823952078819275 0.07246039807796478
0.06764790415763855 0.07246039807796478
0.07215151190757751 0.07246039807796478
0.06764790415763855 0.07665511965751648
0.033823952078819275 0.07665511965751648
0.07215151190757751 0.07901310920715332
0.0557662695646286 0.07901310920715332
0.07215151190757751 0.07901310920715332
0.033823952078819275 0.07901310920715332
0.057070791721343994 0.07901310920715332
0.07246039807796478 0.07901310920715332
0.07901310920715332 0.08031763136386871
0.07215151190757751 0.08303751051425934
0.07901310920715332 0.08303751051425934
0.049213558435440063 0.08303751051425934
0.06764790415763855 0.08303751051425934
0.0557662695646286 0.08303751051425934
0.07901310920715332 0.08303751051425934
0.07901310920715332 0.08303751051425934
0.07901310920715332 0.08303751051425934
0.049213558435440063 0.08303751051425934
0.07901310920715332 0.08303751051425934
0.0 0.08303751051425934
0.07901310920715332 0.08303751051425934
0.0 0.08303751051425934
0.06764790415763855 0.08482123911380768
0.08643830567598343 0.0875411182641983
0.07215151190757751 0.0875411182641983
0.08643830567598343 0.0875411182641983
0.08643830567598343 0.0875411182641983
0.0875411182641983 0.08959022164344788
0.07246039807796478 0.08959022164344788
0.033823952078819275 0.08959022164344788
0.07215151190757751 0.08959022164344788
0.0875411182641983 0.08959022164344788
0.0557662695646286 0.08959022164344788
0.049213558435440063 0.08959022164344788
0.033823952078819275 0.08959022164344788
0.0 0.08959022164344788
0.0557662695646286 0.08959022164344788
0.033823952078819275 0.08959022164344788
0.0875411182641983 0.08959022164344788
0.0 0.08959022164344788
0.0875411182641983 0.08959022164344788
0.057070791721343994 0.09089474380016327
0.02324683964252472 0.09089474380016327
0.08303751051425934 0.09089474380016327
0.0875411182641983 0.09089474380016327
0.0 0.09089474380016327
0.033823952078819275 0.09089474380016327
0.0557662695646286 0.09089474380016327
0.0875411182641983 0.09089474380016327
0.049213558435440063 0.09409382939338684
0.0 0.09409382939338684
0.033823952078819275 0.09409382939338684
0.08303751051425934 0.09409382939338684
0.06764790415763855 0.09539835155010223
0.08959022164344788 0.09539835155010223
0.07901310920715332 0.09539835155010223
0.08303751051425934 0.09539835155010223
0.07901310920715332 0.09539835155010223
0.0557662695646286 0.09539835155010223
0.0 0.0957072377204895
0.08959022164344788 0.0957072377204895
0.09089474380016327 0.0957072377204895
0.09409382939338684 0.09701541811227798
0.08959022164344788 0.09842712432146072
0.0875411182641983 0.09842712432146072
0.08959022164344788 0.09842712432146072
0.0875411182641983 0.09842712432146072
0.09842712432146072 0.0999019593000412
0.07246039807796478 0.10147186368703842
0.0875411182641983 0.10147186368703842
0.07901310920715332 0.10147186368703842
0.09842712432146072 0.10147186368703842
0.0875411182641983 0.10147186368703842
0.09842712432146072 0.10147186368703842
0.07665511965751648 0.10356447100639343
0.09409382939338684 0.10497982800006866
0.057070791721343994 0.10497982800006866
0.03832755982875824 0.10497982800006866
0.10497982800006866 0.10597545653581619
0.10497982800006866 0.10597545653581619
0.09842712432146072 0.10597545653581619
0.10497982800006866 0.10597545653581619
0.10497982800006866 0.10597545653581619
0.08303751051425934 0.10597545653581619
0.0875411182641983 0.10597545653581619
0.09409382939338684 0.10597545653581619
0.10597545653581619 0.10628435015678406
0.09842712432146072 0.1080680787563324
0.08031763136386871 0.11047907173633575
0.08959022164344788 0.11047907173633575
0.06764790415763855 0.11078795790672302
0.0 0.1115325391292572
0.10597545653581619 0.1115325391292572
0.09842712432146072 0.1115325391292572
0.09842712432146072 0.1115325391292572
0.09842712432146072 0.1128370612859726
0.09701541811227798 0.1128370612859726
0.07215151190757751 0.1128370612859726
0.10628435015678406 0.11414158344268799
0.10597545653581619 0.11414158344268799
0.07665511965751648 0.11414158344268799
0.10497982800006866 0.11686147004365921
0.10497982800006866 0.11686147004365921
0.09409382939338684 0.11686147004365921
0.09409382939338684 0.11686147004365921
0.10628435015678406 0.11734066903591156
0.0 0.11734066903591156
0.10497982800006866 0.11734066903591156
0.10497982800006866 0.11864519119262695
0.049213558435440063 0.11864519119262695
0.10497982800006866 0.1202622503042221
0.11686147004365921 0.12136507034301758
0.10497982800006866 0.12136507034301758
0.10497982800006866 0.12136507034301758
0.1115325391292572 0.12136507034301758
0.09089474380016327 0.12136507034301758
0.11686147004365921 0.12136507034301758
0.10497982800006866 0.12136507034301758
0.08959022164344788 0.12314879894256592
0.11078795790672302 0.12341417372226715
0.12136507034301758 0.12341417372226715
0.06319145858287811 0.12471870332956314
0.10497982800006866 0.12471870332956314
0.0 0.12471870332956314
0.12167395651340485 0.12471870332956314
0.12341417372226715 0.12476585805416107
0.1115325391292572 0.12476585805416107
0.12341417372226715 0.12476585805416107
0.08959022164344788 0.12550678849220276
0.08303751051425934 0.12681131064891815
0.0 0.12791778147220612
0.11895772814750671 0.12791778147220612
0.09089474380016327 0.12791778147220612
0.057070791721343994 0.12791778147220612
0.11895772814750671 0.12791778147220612
0.07901310920715332 0.12791778147220612
0.12136507034301758 0.12791778147220612
0.08303751051425934 0.12791778147220612
0.02324683964252472 0.12822666764259338
0.11686147004365921 0.1292223036289215
0.10628435015678406 0.1292223036289215
0.1128370612859726 0.1292223036289215
0.12822666764259338 0.13083936274051666
0.11414158344268799 0.13131491839885712
0.1322510689496994 0.13372591137886047
0.12791778147220612 0.13477937877178192
0.11686147004365921 0.13477937877178192
0.12341417372226715 0.13477937877178192
0.11686147004365921 0.13608390092849731
0.1115325391292572 0.13675467669963837
0.049213558435440063 0.13880378007888794
0.13534297049045563 0.13880378007888794
0.12136507034301758 0.13880378007888794
0.06157439947128296 0.13979941606521606
0.11734066903591156 0.14010831713676453
0.13880378007888794 0.14010831713676453
0.13242138922214508 0.14010831713676453
0.13880378007888794 0.14058750867843628
0.13880378007888794 0.14220456779003143
0.13880378007888794 0.14220456779003143
0.12822666764259338 0.14220456779003143
0.13880378007888794 0.1433073878288269
0.13880378007888794 0.1433073878288269
0.09409382939338684 0.14350908994674683
0.1433073878288269 0.14430302381515503
0.13880378007888794 0.14430302381515503
0.09409382939338684 0.1446119099855423
0.0 0.1446119099855423
0.13477937877178192 0.1446119099855423
0.10597545653581619 0.1446119099855423
0.13477937877178192 0.1446119099855423
0.14535649120807648 0.14622898399829865
0.14535649120807648 0.14666101336479187
0.1292223036289215 0.1506854146718979
0.1398465782403946 0.15073257684707642
0.14535649120807648 0.15073257684707642
0.14220456779003143 0.15116462111473083
0.14666101336479187 0.15408621728420258
0.152781680226326 0.15419338643550873
0.15116462111473083 0.15518902242183685
0.1433073878288269 0.15518902242183685
0.12136507034301758 0.15549790859222412
0.1322510689496994 0.15723812580108643
0.1322510689496994 0.15802621841430664
0.1322510689496994 0.15854264795780182
0.15728528797626495 0.16074609756469727
0.15419338643550873 0.16074609756469727
0.14535649120807648 0.16161857545375824
0.1433073878288269 0.16304625570774078
0.1433073878288269 0.163834348320961
0.13608390092849731 0.16607503592967987
0.14622898399829865 0.16624534130096436
0.14622898399829865 0.16655422747135162
0.16074609756469727 0.16785874962806702
0.16074609756469727 0.16817128658294678
0.13880378007888794 0.1691669225692749
0.12791778147220612 0.1691669225692749
0.09539835155010223 0.1699078530073166
0.15854264795780182 0.17057862877845764
0.14350908994674683 0.17074894905090332
0.16624534130096436 0.17441146075725555
0.16205061972141266 0.1760285198688507
0.10497982800006866 0.17843586206436157
0.09842712432146072 0.17874474823474884
0.07215151190757751 0.17874474823474884
0.16785874962806702 0.18048496544361115
0.10147186368703842 0.18146462738513947
0.17918044328689575 0.18146462738513947
0.18146462738513947 0.18263058364391327
0.17918044328689575 0.18293946981430054
0.17744022607803345 0.18450936675071716
0.16655422747135162 0.18901297450065613
0.1726277470588684 0.19079670310020447
0.1910620778799057 0.19382546842098236
0.14666101336479187 0.19457004964351654
0.188017338514328 0.19587458670139313
0.15419338643550873 0.19687020778656006
0.19457004964351654 0.2045729011297226
0.18660564720630646 0.20775620639324188
0.188017338514328 0.20995965600013733
0.14058750867843628 0.21038103103637695
0.21528859436511993 0.2209581434726715
0.2064516842365265 0.23870573937892914
0.22184130549430847 0.23870573937892914
0.23625123500823975 0.24303902685642242
0.21881252527236938 0.24817638099193573
0.2614733874797821 0.2643105685710907
0.2712251842021942 0.29127293825149536
0.28515592217445374 0.3001098334789276
0.30535802245140076 0.30896633863449097
0.2670304477214813 0.3111661374568939
0.31099581718444824 0.33484867215156555
