0.0 0.02324683964252472
0.0 0.02324683964252472
0.0 0.02324683964252472
0.0 0.02324683964252472
0.0 0.02324683964252472
0.0 0.02324683964252472
0.0 0.02324683964252472
0.0 0.02324683964252472
0.0 0.02324683964252472
0.0 0.02324683964252472
0.0 0.02324683964252472
0.0 0.02324683964252472
0.0 0.02324683964252472
0.0 0.02324683964252472
0.0 0.02324683964252472
0.0 0.02324683964252472
0.0 0.02324683964252472
0.0 0.02324683964252472
0.0 0.02324683964252472
0.0 0.02324683964252472
0.0 0.02324683964252472
0.0 0.02324683964252472
0.0 0.02324683964252472
0.0 0.02324683964252472
0.0 0.02324683964252472
0.0 0.02324683964252472
0.0 0.02324683964252472
0.0 0.02324683964252472
0.0 0.02324683964252472
0.0 0.02324683964252472
0.0 0.02324683964252472
0.0 0.02324683964252472
0.0 0.02324683964252472
0.0 0.02324683964252472
0.0 0.02324683964252472
0.0 0.02324683964252472
0.0 0.02324683964252472
0.0 0.02324683964252472
0.0 0.02324683964252472
0.0 0.02324683964252472
0.0 0.02324683964252472
0.0 0.02324683964252472
0.0 0.02324683964252472
0.0 0.02324683964252472
0.0 0.02324683964252472
0.0 0.02324683964252472
0.0 0.02324683964252472
0.0 0.02324683964252472
0.0 0.02324683964252472
0.0 0.02324683964252472
0.0 0.033823952078819275
0.0 0.033823952078819275
0.0 0.033823952078819275
0.0 0.033823952078819275
0.0 0.033823952078819275
0.0 0.033823952078819275
0.0 0.033823952078819275
0.02324683964252472 0.033823952078819275
0.0 0.033823952078819275
0.0 0.033823952078819275
0.0 0.033823952078819275
0.0 0.033823952078819275
0.0 0.033823952078819275
0.02324683964252472 0.033823952078819275
0.0 0.033823952078819275
0.0 0.033823952078819275
0.0 0.033823952078819275
0.0 0.033823952078819275
0.02324683964252472 0.033823952078819275
0.02324683964252472 0.033823952078819275
0.02324683964252472 0.033823952078819275
0.0 0.033823952078819275
0.0 0.033823952078819275
0.0 0.033823952078819275
0.0 0.033823952078819275
0.02324683964252472 0.033823952078819275
0.02324683964252472 0.033823952078819275
0.0 0.033823952078819275
0.0 0.033823952078819275
0.0 0.033823952078819275
0.02324683964252472 0.033823952078819275
0.0 0.033823952078819275
0.0 0.033823952078819275
0.02324683964252472 0.033823952078819275
0.02324683964252472 0.033823952078819275
0.0 0.033823952078819275
0.02324683964252472 0.033823952078819275
0.02324683964252472 0.033823952078819275
0.0 0.033823952078819275
0.02324683964252472 0.033823952078819275
0.0 0.033823952078819275
0.0 0.033823952078819275
0.0 0.033823952078819275
0.0 0.033823952078819275
0.0 0.033823952078819275
0.02324683964252472 0.033823952078819275
0.02324683964252472 0.033823952078819275
0.0 0.033823952078819275
0.0 0.033823952078819275
0.0 0.033823952078819275
0.0 0.033823952078819275
0.02324683964252472 0.033823952078819275
0.0 0.033823952078819275
0.02324683964252472 0.033823952078819275
0.0 0.033823952078819275
0.0 0.033823952078819275
0.0 0.03832755982875824
0.02324683964252472 0.03832755982875824
0.033823952078819275 0.03832755982875824
0.033823952078819275 0.03832755982875824
0.0 0.03832755982875824
0.033823952078819275 0.03832755982875824
0.033823952078819275 0.03832755982875824
0.0 0.03832755982875824
0.033823952078819275 0.03832755982875824
0.0 0.03832755982875824
0.033823952078819275 0.03832755982875824
0.033823952078819275 0.03832755982875824
0.0 0.03832755982875824
0.0 0.03832755982875824
0.02324683964252472 0.03832755982875824
0.0 0.03832755982875824
0.033823952078819275 0.03832755982875824
0.02324683964252472 0.03832755982875824
0.033823952078819275 0.03832755982875824
0.033823952078819275 0.03832755982875824
0.02324683964252472 0.03832755982875824
0.0 0.03832755982875824
0.0 0.03832755982875824
0.0 0.03832755982875824
0.033823952078819275 0.03832755982875824
0.0 0.03832755982875824
0.033823952078819275 0.03832755982875824
0.0 0.03832755982875824
0.0 0.03832755982875824
0.033823952078819275 0.03832755982875824
0.02324683964252472 0.03832755982875824
0.033823952078819275 0.03832755982875824
0.02324683964252472 0.03832755982875824
0.0 0.03832755982875824
0.0 0.03832755982875824
0.0 0.03832755982875824
0.0 0.03832755982875824
0.0 0.03832755982875824
0.033823952078819275 0.03832755982875824
0.02324683964252472 0.03832755982875824
0.0 0.03832755982875824
0.0 0.03832755982875824
0.0 0.03832755982875824
0.0 0.03832755982875824
0.033823952078819275 0.03832755982875824
0.033823952078819275 0.03832755982875824
0.0 0.03832755982875824
0.0 0.04649367928504944
0.02324683964252472 0.04649367928504944
0.033823952078819275 0.04649367928504944
0.033823952078819275 0.04649367928504944
0.0 0.04649367928504944
0.033823952078819275 0.04649367928504944
0.033823952078819275 0.04649367928504944
0.0 0.04649367928504944
0.0 0.04649367928504944
0.0 0.04649367928504944
0.0 0.04649367928504944
0.0 0.04649367928504944
0.0 0.04649367928504944
0.0 0.049213558435440063
0.03832755982875824 0.049213558435440063
0.0 0.049213558435440063
0.033823952078819275 0.049213558435440063
0.033823952078819275 0.049213558435440063
0.0 0.049213558435440063
0.033823952078819275 0.049213558435440063
0.0 0.049213558435440063
0.0 0.049213558435440063
0.0 0.049213558435440063
0.02324683964252472 0.049213558435440063
0.0 0.049213558435440063
0.0 0.049213558435440063
0.0 0.049213558435440063
0.0 0.049213558435440063
0.033823952078819275 0.049213558435440063
0.03832755982875824 0.049213558435440063
0.03832755982875824 0.049213558435440063
0.0 0.049213558435440063
0.033823952078819275 0.049213558435440063
0.0 0.049213558435440063
0.049213558435440063 0.0557662695646286
0.033823952078819275 0.0557662695646286
0.049213558435440063 0.0557662695646286
0.0 0.0557662695646286
0.049213558435440063 0.0557662695646286
0.0 0.0557662695646286
0.049213558435440063 0.0557662695646286
0.049213558435440063 0.0557662695646286
0.0 0.0557662695646286
0.049213558435440063 0.0557662695646286
0.049213558435440063 0.0557662695646286
0.049213558435440063 0.0557662695646286
0.0 0.0557662695646286
0.033823952078819275 0.0557662695646286
0.033823952078819275 0.0557662695646286
0.049213558435440063 0.0557662695646286
0.033823952078819275 0.0557662695646286
0.049213558435440063 0.0557662695646286
0.033823952078819275 0.0557662695646286
0.0 0.0557662695646286
0.049213558435440063 0.0557662695646286
0.049213558435440063 0.0557662695646286
0.049213558435440063 0.0557662695646286
0.049213558435440063 0.0557662695646286
0.049213558435440063 0.0557662695646286
0.049213558435440063 0.0557662695646286
0.049213558435440063 0.0557662695646286
0.049213558435440063 0.0557662695646286
0.049213558435440063 0.0557662695646286
0.049213558435440063 0.0557662695646286
0.033823952078819275 0.0557662695646286
0.049213558435440063 0.0557662695646286
0.0 0.0557662695646286
0.049213558435440063 0.0557662695646286
0.049213558435440063 0.0557662695646286
0.049213558435440063 0.0557662695646286
0.033823952078819275 0.0557662695646286
0.049213558435440063 0.0557662695646286
0.049213558435440063 0.0557662695646286
0.049213558435440063 0.0557662695646286
0.049213558435440063 0.0557662695646286
0.033823952078819275 0.0557662695646286
0.049213558435440063 0.0557662695646286
0.0 0.0557662695646286
0.049213558435440063 0.0557662695646286
0.033823952078819275 0.0557662695646286
0.049213558435440063 0.0557662695646286
0.0 0.0557662695646286
0.033823952078819275 0.0557662695646286
0.0 0.0557662695646286
0.03832755982875824 0.0557662695646286
0.049213558435440063 0.0557662695646286
0.049213558435440063 0.0557662695646286
0.0 0.0557662695646286
0.049213558435440063 0.0557662695646286
0.049213558435440063 0.0557662695646286
0.033823952078819275 0.0557662695646286
0.0 0.0557662695646286
0.049213558435440063 0.0557662695646286
0.0 0.0557662695646286
0.033823952078819275 0.0557662695646286
0.0 0.0557662695646286
0.049213558435440063 0.0557662695646286
0.049213558435440063 0.0557662695646286
0.0 0.0557662695646286
0.049213558435440063 0.0557662695646286
0.0 0.0557662695646286
0.049213558435440063 0.0557662695646286
0.049213558435440063 0.0557662695646286
0.049213558435440063 0.0557662695646286
0.049213558435440063 0.0557662695646286
0.049213558435440063 0.0557662695646286
0.033823952078819275 0.0557662695646286
0.049213558435440063 0.0557662695646286
0.049213558435440063 0.0557662695646286
0.049213558435440063 0.0557662695646286
0.049213558435440063 0.0557662695646286
0.049213558435440063 0.0557662695646286
0.049213558435440063 0.0557662695646286
0.049213558435440063 0.0557662695646286
0.049213558435440063 0.0557662695646286
0.0 0.0557662695646286
0.0 0.0557662695646286
0.0 0.0557662695646286
0.0 0.0557662695646286
0.049213558435440063 0.0557662695646286
0.049213558435440063 0.0557662695646286
0.049213558435440063 0.0557662695646286
0.049213558435440063 0.0557662695646286
0.049213558435440063 0.0557662695646286
0.0 0.057070791721343994
0.033823952078819275 0.057070791721343994
0.049213558435440063 0.057070791721343994
0.0557662695646286 0.057070791721343994
0.049213558435440063 0.057070791721343994
0.049213558435440063 0.057070791721343994
0.049213558435440063 0.057070791721343994
0.0 0.057070791721343994
0.0 0.057070791721343994
0.049213558435440063 0.057070791721343994
0.0 0.057070791721343994
0.0 0.057070791721343994
0.0557662695646286 0.057070791721343994
0.033823952078819275 0.057070791721343994
0.049213558435440063 0.057070791721343994
0.033823952078819275 0.057070791721343994
0.049213558435440063 0.057070791721343994
0.049213558435440063 0.057070791721343994
0.049213558435440063 0.057070791721343994
0.049213558435440063 0.057070791721343994
0.049213558435440063 0.057070791721343994
0.0557662695646286 0.057070791721343994
0.049213558435440063 0.057070791721343994
0.033823952078819275 0.057070791721343994
0.0 0.057070791721343994
0.049213558435440063 0.057070791721343994
0.0 0.057070791721343994
0.03832755982875824 0.057070791721343994
0.0 0.057070791721343994
0.0 0.057070791721343994
0.049213558435440063 0.057070791721343994
0.0557662695646286 0.06157439947128296
0.0557662695646286 0.06157439947128296
0.049213558435440063 0.06157439947128296
0.049213558435440063 0.06157439947128296
0.033823952078819275 0.06157439947128296
0.049213558435440063 0.06157439947128296
0.0557662695646286 0.06319145858287811
0.0557662695646286 0.06319145858287811
0.03832755982875824 0.06319145858287811
0.03832755982875824 0.06319145858287811
0.0557662695646286 0.06319145858287811
0.0557662695646286 0.06319145858287811
0.0557662695646286 0.06319145858287811
0.0557662695646286 0.06319145858287811
0.0557662695646286 0.06319145858287811
0.02324683964252472 0.06764790415763855
0.049213558435440063 0.06764790415763855
0.049213558435440063 0.06764790415763855
0.033823952078819275 0.06764790415763855
0.0 0.06764790415763855
0.06157439947128296 0.06764790415763855
0.049213558435440063 0.06764790415763855
0.049213558435440063 0.06764790415763855
0.06157439947128296 0.06764790415763855
0.049213558435440063 0.06764790415763855
0.049213558435440063 0.06764790415763855
0.049213558435440063 0.06764790415763855
0.0 0.06764790415763855
0.0 0.06764790415763855
0.03832755982875824 0.06764790415763855
0.0 0.06764790415763855
0.0557662695646286 0.07215151190757751
0.033823952078819275 0.07215151190757751
0.0557662695646286 0.07215151190757751
0.057070791721343994 0.07215151190757751
0.0 0.07215151190757751
0.057070791721343994 0.07215151190757751
0.057070791721343994 0.07215151190757751
0.049213558435440063 0.07215151190757751
0.0557662695646286 0.07215151190757751
0.03832755982875824 0.07246039807796478
0.06764790415763855 0.07246039807796478
0.03832755982875824 0.07246039807796478
0.033823952078819275 0.07246039807796478
0.06764790415763855 0.07246039807796478
0.0 0.07246039807796478
0.033823952078819275 0.07246039807796478
0.03832755982875824 0.07246039807796478
0.06319145858287811 0.07246039807796478
0.0557662695646286 0.07246039807796478
0.02324683964252472 0.07246039807796478
0.033823952078819275 0.07246039807796478
0.0 0.07246039807796478
0.0557662695646286 0.07665511965751648
0.07215151190757751 0.07901310920715332
0.049213558435440063 0.07901310920715332
0.06319145858287811 0.07901310920715332
0.07215151190757751 0.07901310920715332
0.06764790415763855 0.07901310920715332
0.06319145858287811 0.07901310920715332
0.057070791721343994 0.08031763136386871
0.033823952078819275 0.08031763136386871
0.0557662695646286 0.08031763136386871
0.07215151190757751 0.08031763136386871
0.0557662695646286 0.08303751051425934
0.02324683964252472 0.08303751051425934
0.07901310920715332 0.08303751051425934
0.033823952078819275 0.08303751051425934
0.033823952078819275 0.08303751051425934
0.049213558435440063 0.08303751051425934
0.08031763136386871 0.08303751051425934
0.0557662695646286 0.08303751051425934
0.08303751051425934 0.08482123911380768
0.08303751051425934 0.08643830567598343
0.0557662695646286 0.08643830567598343
0.07246039807796478 0.08643830567598343
0.08643830567598343 0.0875411182641983
0.049213558435440063 0.0875411182641983
0.08643830567598343 0.0875411182641983
0.06764790415763855 0.08959022164344788
0.08643830567598343 0.08959022164344788
0.06319145858287811 0.08959022164344788
0.08643830567598343 0.08959022164344788
0.0875411182641983 0.08959022164344788
0.0875411182641983 0.08959022164344788
0.033823952078819275 0.08959022164344788
0.08643830567598343 0.08959022164344788
0.0875411182641983 0.08959022164344788
0.07215151190757751 0.08959022164344788
0.07246039807796478 0.08959022164344788
0.06157439947128296 0.09089474380016327
0.06157439947128296 0.09089474380016327
0.08303751051425934 0.09089474380016327
0.07901310920715332 0.09089474380016327
0.08303751051425934 0.09089474380016327
0.08303751051425934 0.09089474380016327
0.0875411182641983 0.09089474380016327
0.08303751051425934 0.09089474380016327
0.08303751051425934 0.09089474380016327
0.08303751051425934 0.09089474380016327
0.08303751051425934 0.09089474380016327
0.07901310920715332 0.09089474380016327
0.049213558435440063 0.09089474380016327
0.07215151190757751 0.09089474380016327
0.07215151190757751 0.09089474380016327
0.0 0.09409382939338684
0.049213558435440063 0.09409382939338684
0.0 0.09409382939338684
0.08303751051425934 0.09409382939338684
0.08303751051425934 0.09409382939338684
0.0557662695646286 0.09409382939338684
0.08303751051425934 0.09409382939338684
0.057070791721343994 0.09409382939338684
0.033823952078819275 0.09409382939338684
0.02324683964252472 0.09409382939338684
0.09089474380016327 0.09539835155010223
0.08959022164344788 0.09539835155010223
0.09409382939338684 0.09539835155010223
0.09409382939338684 0.09539835155010223
0.08303751051425934 0.09539835155010223
0.07901310920715332 0.09539835155010223
0.07215151190757751 0.09539835155010223
0.09089474380016327 0.09539835155010223
0.07901310920715332 0.09539835155010223
0.0 0.0957072377204895
0.0875411182641983 0.0957072377204895
0.0 0.09701541811227798
0.09409382939338684 0.09701541811227798
0.09539835155010223 0.09842712432146072
0.09842712432146072 0.0999019593000412
0.09842712432146072 0.0999019593000412
0.08303751051425934 0.10147186368703842
0.09842712432146072 0.10147186368703842
0.07246039807796478 0.10147186368703842
0.0999019593000412 0.10147186368703842
0.0557662695646286 0.10225994884967804
0.04649367928504944 0.10225994884967804
0.033823952078819275 0.10225994884967804
0.07215151190757751 0.10225994884967804
0.07901310920715332 0.10356447100639343
0.0 0.10497982800006866
0.09409382939338684 0.10497982800006866
0.049213558435440063 0.10497982800006866
0.09701541811227798 0.10497982800006866
0.09409382939338684 0.10497982800006866
0.0 0.10497982800006866
0.06157439947128296 0.10497982800006866
0.0 0.10597545653581619
0.10225994884967804 0.10597545653581619
0.07215151190757751 0.10597545653581619
0.07665511965751648 0.10597545653581619
0.0557662695646286 0.10597545653581619
0.08303751051425934 0.10597545653581619
0.10497982800006866 0.10597545653581619
0.10497982800006866 0.10597545653581619
0.07901310920715332 0.10597545653581619
0.08303751051425934 0.10628435015678406
0.03832755982875824 0.10628435015678406
0.07215151190757751 0.10628435015678406
0.10497982800006866 0.11047907173633575
0.10628435015678406 0.11047907173633575
0.10147186368703842 0.11078795790672302
0.10151901841163635 0.1115325391292572
0.1115325391292572 0.11240501701831818
0.1115325391292572 0.11240501701831818
0.1115325391292572 0.11240501701831818
0.10147186368703842 0.1128370612859726
0.08303751051425934 0.1128370612859726
0.033823952078819275 0.1128370612859726
0.09842712432146072 0.1128370612859726
0.09409382939338684 0.1128370612859726
0.10497982800006866 0.1128370612859726
0.11240501701831818 0.1128370612859726
0.08959022164344788 0.1128370612859726
0.09842712432146072 0.1128370612859726
0.09539835155010223 0.1128370612859726
0.10628435015678406 0.1128370612859726
0.09539835155010223 0.1128370612859726
0.09409382939338684 0.11414158344268799
0.10628435015678406 0.11414158344268799
0.033823952078819275 0.11414158344268799
0.1115325391292572 0.11498267948627472
0.10497982800006866 0.11686147004365921
0.07215151190757751 0.11686147004365921
0.06764790415763855 0.11686147004365921
0.0 0.11686147004365921
0.08959022164344788 0.11734066903591156
0.11686147004365921 0.11734066903591156
0.10597545653581619 0.11734066903591156
0.09409382939338684 0.11734066903591156
0.08303751051425934 0.11864519119262695
0.11895772814750671 0.12136507034301758
0.11686147004365921 0.12136507034301758
0.10147186368703842 0.12314879894256592
0.12167395651340485 0.12341417372226715
0.10968513786792755 0.12341417372226715
0.0557662695646286 0.12341417372226715
0.11686147004365921 0.12471870332956314
0.057070791721343994 0.12471870332956314
0.11047907173633575 0.12471870332956314
0.12136507034301758 0.12471870332956314
0.08303751051425934 0.12791778147220612
0.11895772814750671 0.12791778147220612
0.09409382939338684 0.12822666764259338
0.12341417372226715 0.1292223036289215
0.10497982800006866 0.1292223036289215
0.11686147004365921 0.1292223036289215
0.10597545653581619 0.12953118979930878
0.11686147004365921 0.12953118979930878
0.0 0.1322510689496994
0.09539835155010223 0.1322510689496994
0.1322510689496994 0.13372591137886047
0.1322510689496994 0.13477937877178192
0.13242138922214508 0.13534297049045563
0.10225994884967804 0.13675467669963837
0.11686147004365921 0.13880378007888794
0.13242138922214508 0.13880378007888794
0.13534297049045563 0.13880378007888794
0.12791778147220612 0.13880378007888794
0.12167395651340485 0.13979941606521606
0.13880378007888794 0.13979941606521606
0.1322510689496994 0.13979941606521606
0.13880378007888794 0.14010831713676453
0.10597545653581619 0.1433073878288269
0.08031763136386871 0.1433073878288269
0.1322510689496994 0.14430302381515503
0.13880378007888794 0.14430302381515503
0.13477937877178192 0.1446119099855423
0.1115325391292572 0.14622898399829865
0.033823952078819275 0.14622898399829865
0.04649367928504944 0.14622898399829865
0.11240501701831818 0.14666101336479187
0.12136507034301758 0.14666101336479187
0.14535649120807648 0.1476406753063202
0.12341417372226715 0.14911551773548126
0.12822666764259338 0.1506854146718979
0.13880378007888794 0.1506854146718979
0.14535649120807648 0.15073257684707642
0.11686147004365921 0.15419338643550873
0.14986009895801544 0.15518902242183685
0.15419338643550873 0.15518902242183685
0.13880378007888794 0.1556682288646698
0.15419338643550873 0.1569727510213852
0.15549790859222412 0.15802621841430664
0.14666101336479187 0.15969263017177582
0.11240501701831818 0.1617417335510254
0.15419338643550873 0.16205061972141266
0.033823952078819275 0.16205061972141266
0.15723812580108643 0.16419623792171478
0.08303751051425934 0.16466331481933594
0.13880378007888794 0.16607503592967987
0.12136507034301758 0.16624534130096436
0.16074609756469727 0.16624534130096436
0.14666101336479187 0.1672988086938858
0.16000151634216309 0.1672988086938858
0.16607503592967987 0.16754986345767975
0.08959022164344788 0.16785874962806702
0.16161857545375824 0.1686033308506012
0.17057862877845764 0.17236235737800598
0.14666101336479187 0.17236235737800598
0.15549790859222412 0.1726277470588684
0.16655422747135162 0.1726277470588684
0.08959022164344788 0.17362336814403534
0.1726277470588684 0.17367053031921387
0.16205061972141266 0.1739322543144226
0.1617417335510254 0.17472399771213531
0.1726277470588684 0.17713133990764618
0.16817128658294678 0.17713133990764618
0.17472399771213531 0.17843586206436157
0.18399293720722198 0.1845565289258957
0.17713133990764618 0.188017338514328
0.15518902242183685 0.188017338514328
0.16304625570774078 0.18949218094348907
0.10147186368703842 0.1910620778799057
0.15073257684707642 0.19185017049312592
0.1617417335510254 0.19241377711296082
0.19252094626426697 0.1935165822505951
0.18146462738513947 0.19556568562984467
0.15116462111473083 0.19556568562984467
0.19457004964351654 0.19635377824306488
0.18660564720630646 0.19796718657016754
0.1726277470588684 0.20057989656925201
0.1726277470588684 0.2016827017068863
0.14430302381515503 0.20329977571964264
0.09539835155010223 0.2064516842365265
0.19252094626426697 0.2064516842365265
0.18048496544361115 0.2078033685684204
0.2044025957584381 0.20942044258117676
0.1935165822505951 0.21528859436511993
0.21781688928604126 0.21838049590587616
0.2159731537103653 0.22314581274986267
0.21838049590587616 0.22331613302230835
0.21781688928604126 0.224929541349411
0.22184130549430847 0.2262377142906189
0.21305155754089355 0.22634489834308624
0.21651236712932587 0.22764942049980164
0.2034069448709488 0.23289760947227478
0.11047907173633575 0.23377010226249695
0.23377010226249695 0.23625123500823975
0.15549790859222412 0.24193622171878815
0.24959173798561096 0.25164082646369934
0.2512088119983673 0.2635696530342102
0.057070791721343994 0.2675468921661377
0.2862565517425537 0.2879193127155304
0.2893820106983185 0.2960854172706604
0.376034677028656 0.3978698253631592
