0.0 0.02324683964252472
0.0 0.02324683964252472
0.0 0.02324683964252472
0.0 0.02324683964252472
0.0 0.02324683964252472
0.0 0.02324683964252472
0.0 0.02324683964252472
0.0 0.02324683964252472
0.0 0.02324683964252472
0.0 0.02324683964252472
0.0 0.02324683964252472
0.0 0.02324683964252472
0.0 0.02324683964252472
0.0 0.02324683964252472
0.0 0.02324683964252472
0.0 0.02324683964252472
0.0 0.02324683964252472
0.0 0.02324683964252472
0.0 0.02324683964252472
0.0 0.02324683964252472
0.0 0.02324683964252472
0.0 0.02324683964252472
0.0 0.02324683964252472
0.0 0.02324683964252472
0.0 0.02324683964252472
0.0 0.02324683964252472
0.0 0.02324683964252472
0.0 0.02324683964252472
0.0 0.02324683964252472
0.0 0.02324683964252472
0.0 0.02324683964252472
0.0 0.02324683964252472
0.0 0.02324683964252472
0.0 0.02324683964252472
0.0 0.02324683964252472
0.0 0.02324683964252472
0.0 0.02324683964252472
0.0 0.02324683964252472
0.0 0.02324683964252472
0.0 0.033823952078819275
0.0 0.033823952078819275
0.02324683964252472 0.033823952078819275
0.0 0.033823952078819275
0.02324683964252472 0.033823952078819275
0.0 0.033823952078819275
0.0 0.033823952078819275
0.02324683964252472 0.033823952078819275
0.0 0.033823952078819275
0.02324683964252472 0.033823952078819275
0.0 0.033823952078819275
0.0 0.033823952078819275
0.0 0.033823952078819275
0.02324683964252472 0.033823952078819275
0.0 0.033823952078819275
0.0 0.033823952078819275
0.0 0.033823952078819275
0.0 0.033823952078819275
0.02324683964252472 0.033823952078819275
0.0 0.033823952078819275
0.0 0.033823952078819275
0.0 0.033823952078819275
0.0 0.033823952078819275
0.02324683964252472 0.033823952078819275
0.02324683964252472 0.033823952078819275
0.02324683964252472 0.033823952078819275
0.0 0.033823952078819275
0.0 0.033823952078819275
0.0 0.033823952078819275
0.02324683964252472 0.033823952078819275
0.0 0.033823952078819275
0.02324683964252472 0.033823952078819275
0.02324683964252472 0.033823952078819275
0.02324683964252472 0.033823952078819275
0.02324683964252472 0.033823952078819275
0.0 0.033823952078819275
0.02324683964252472 0.033823952078819275
0.0 0.033823952078819275
0.02324683964252472 0.033823952078819275
0.0 0.033823952078819275
0.02324683964252472 0.033823952078819275
0.02324683964252472 0.033823952078819275
0.0 0.033823952078819275
0.0 0.033823952078819275
0.0 0.033823952078819275
0.02324683964252472 0.033823952078819275
0.0 0.033823952078819275
0.0 0.033823952078819275
0.0 0.033823952078819275
0.02324683964252472 0.033823952078819275
0.02324683964252472 0.033823952078819275
0.0 0.033823952078819275
0.0 0.033823952078819275
0.02324683964252472 0.033823952078819275
0.0 0.033823952078819275
0.02324683964252472 0.033823952078819275
0.0 0.033823952078819275
0.0 0.033823952078819275
0.0 0.033823952078819275
0.0 0.033823952078819275
0.02324683964252472 0.033823952078819275
0.02324683964252472 0.033823952078819275
0.0 0.033823952078819275
0.0 0.033823952078819275
0.0 0.033823952078819275
0.033823952078819275 0.03832755982875824
0.033823952078819275 0.03832755982875824
0.033823952078819275 0.03832755982875824
0.0 0.03832755982875824
0.033823952078819275 0.03832755982875824
0.033823952078819275 0.03832755982875824
0.033823952078819275 0.03832755982875824
0.033823952078819275 0.03832755982875824
0.0 0.03832755982875824
0.0 0.03832755982875824
0.02324683964252472 0.03832755982875824
0.0 0.03832755982875824
0.033823952078819275 0.03832755982875824
0.033823952078819275 0.03832755982875824
0.033823952078819275 0.03832755982875824
0.0 0.03832755982875824
0.0 0.03832755982875824
0.033823952078819275 0.03832755982875824
0.0 0.03832755982875824
0.033823952078819275 0.03832755982875824
0.033823952078819275 0.03832755982875824
0.033823952078819275 0.03832755982875824
0.0 0.03832755982875824
0.02324683964252472 0.03832755982875824
0.033823952078819275 0.03832755982875824
0.033823952078819275 0.03832755982875824
0.033823952078819275 0.03832755982875824
0.02324683964252472 0.03832755982875824
0.02324683964252472 0.03832755982875824
0.033823952078819275 0.03832755982875824
0.033823952078819275 0.03832755982875824
0.033823952078819275 0.03832755982875824
0.033823952078819275 0.03832755982875824
0.0 0.03832755982875824
0.0 0.03832755982875824
0.0 0.03832755982875824
0.0 0.03832755982875824
0.0 0.03832755982875824
0.033823952078819275 0.03832755982875824
0.0 0.03832755982875824
0.033823952078819275 0.03832755982875824
0.02324683964252472 0.03832755982875824
0.033823952078819275 0.03832755982875824
0.033823952078819275 0.03832755982875824
0.033823952078819275 0.03832755982875824
0.033823952078819275 0.03832755982875824
0.033823952078819275 0.03832755982875824
0.0 0.03832755982875824
0.0 0.04649367928504944
0.033823952078819275 0.04649367928504944
0.033823952078819275 0.04649367928504944
0.0 0.04649367928504944
0.033823952078819275 0.04649367928504944
0.0 0.049213558435440063
0.03832755982875824 0.049213558435440063
0.0 0.049213558435440063
0.0 0.049213558435440063
0.033823952078819275 0.049213558435440063
0.0 0.049213558435440063
0.033823952078819275 0.049213558435440063
0.0 0.049213558435440063
0.0 0.049213558435440063
0.0 0.049213558435440063
0.0 0.049213558435440063
0.02324683964252472 0.049213558435440063
0.0 0.049213558435440063
0.033823952078819275 0.049213558435440063
0.0 0.049213558435440063
0.0 0.049213558435440063
0.033823952078819275 0.049213558435440063
0.0 0.049213558435440063
0.033823952078819275 0.049213558435440063
0.049213558435440063 0.0557662695646286
0.02324683964252472 0.0557662695646286
0.0 0.0557662695646286
0.049213558435440063 0.0557662695646286
0.049213558435440063 0.0557662695646286
0.049213558435440063 0.0557662695646286
0.049213558435440063 0.0557662695646286
0.049213558435440063 0.0557662695646286
0.033823952078819275 0.0557662695646286
0.033823952078819275 0.0557662695646286
0.049213558435440063 0.0557662695646286
0.033823952078819275 0.0557662695646286
0.049213558435440063 0.0557662695646286
0.0 0.0557662695646286
0.049213558435440063 0.0557662695646286
0.033823952078819275 0.0557662695646286
0.0 0.0557662695646286
0.049213558435440063 0.0557662695646286
0.033823952078819275 0.0557662695646286
0.049213558435440063 0.0557662695646286
0.0 0.0557662695646286
0.049213558435440063 0.0557662695646286
0.049213558435440063 0.0557662695646286
0.0 0.0557662695646286
0.049213558435440063 0.0557662695646286
0.0 0.0557662695646286
0.0 0.0557662695646286
0.049213558435440063 0.0557662695646286
0.0 0.0557662695646286
0.033823952078819275 0.0557662695646286
0.049213558435440063 0.0557662695646286
0.049213558435440063 0.0557662695646286
0.049213558435440063 0.0557662695646286
0.0 0.0557662695646286
0.033823952078819275 0.0557662695646286
0.02324683964252472 0.0557662695646286
0.049213558435440063 0.0557662695646286
0.049213558435440063 0.0557662695646286
0.033823952078819275 0.0557662695646286
0.049213558435440063 0.0557662695646286
0.049213558435440063 0.0557662695646286
0.049213558435440063 0.0557662695646286
0.033823952078819275 0.0557662695646286
0.049213558435440063 0.0557662695646286
0.049213558435440063 0.0557662695646286
0.033823952078819275 0.0557662695646286
0.049213558435440063 0.0557662695646286
0.049213558435440063 0.0557662695646286
0.049213558435440063 0.0557662695646286
0.0 0.0557662695646286
0.049213558435440063 0.0557662695646286
0.0 0.0557662695646286
0.049213558435440063 0.0557662695646286
0.049213558435440063 0.0557662695646286
0.033823952078819275 0.0557662695646286
0.049213558435440063 0.0557662695646286
0.049213558435440063 0.0557662695646286
0.0 0.0557662695646286
0.049213558435440063 0.0557662695646286
0.049213558435440063 0.0557662695646286
0.049213558435440063 0.0557662695646286
0.049213558435440063 0.0557662695646286
0.033823952078819275 0.0557662695646286
0.049213558435440063 0.0557662695646286
0.033823952078819275 0.0557662695646286
0.0 0.0557662695646286
0.049213558435440063 0.0557662695646286
0.049213558435440063 0.0557662695646286
0.0 0.0557662695646286
0.0 0.0557662695646286
0.049213558435440063 0.0557662695646286
0.0 0.0557662695646286
0.049213558435440063 0.0557662695646286
0.049213558435440063 0.0557662695646286
0.049213558435440063 0.0557662695646286
0.033823952078819275 0.0557662695646286
0.03832755982875824 0.0557662695646286
0.0 0.0557662695646286
0.03832755982875824 0.0557662695646286
0.0 0.0557662695646286
0.049213558435440063 0.0557662695646286
0.049213558435440063 0.0557662695646286
0.049213558435440063 0.0557662695646286
0.033823952078819275 0.0557662695646286
0.049213558435440063 0.0557662695646286
0.049213558435440063 0.0557662695646286
0.049213558435440063 0.0557662695646286
0.049213558435440063 0.0557662695646286
0.033823952078819275 0.0557662695646286
0.049213558435440063 0.0557662695646286
0.049213558435440063 0.0557662695646286
0.049213558435440063 0.0557662695646286
0.0 0.0557662695646286
0.02324683964252472 0.0557662695646286
0.049213558435440063 0.0557662695646286
0.0 0.0557662695646286
0.0 0.0557662695646286
0.049213558435440063 0.0557662695646286
0.049213558435440063 0.0557662695646286
0.0 0.0557662695646286
0.049213558435440063 0.0557662695646286
0.03832755982875824 0.057070791721343994
0.049213558435440063 0.057070791721343994
0.033823952078819275 0.057070791721343994
0.0 0.057070791721343994
0.049213558435440063 0.057070791721343994
0.02324683964252472 0.057070791721343994
0.049213558435440063 0.057070791721343994
0.03832755982875824 0.057070791721343994
0.033823952078819275 0.057070791721343994
0.03832755982875824 0.057070791721343994
0.033823952078819275 0.057070791721343994
0.033823952078819275 0.057070791721343994
0.049213558435440063 0.057070791721343994
0.049213558435440063 0.057070791721343994
0.0557662695646286 0.057070791721343994
0.049213558435440063 0.057070791721343994
0.049213558435440063 0.057070791721343994
0.049213558435440063 0.057070791721343994
0.049213558435440063 0.057070791721343994
0.0557662695646286 0.057070791721343994
0.0 0.057070791721343994
0.049213558435440063 0.057070791721343994
0.0 0.057070791721343994
0.049213558435440063 0.057070791721343994
0.0 0.057070791721343994
0.0 0.057070791721343994
0.033823952078819275 0.057070791721343994
0.0 0.057070791721343994
0.0557662695646286 0.057070791721343994
0.02324683964252472 0.057070791721343994
0.0557662695646286 0.06157439947128296
0.057070791721343994 0.06157439947128296
0.033823952078819275 0.06157439947128296
0.057070791721343994 0.06157439947128296
0.0557662695646286 0.06157439947128296
0.057070791721343994 0.06157439947128296
0.033823952078819275 0.06157439947128296
0.02324683964252472 0.06157439947128296
0.0557662695646286 0.06157439947128296
0.02324683964252472 0.06157439947128296
0.0 0.06157439947128296
0.0557662695646286 0.06319145858287811
0.0557662695646286 0.06319145858287811
0.0557662695646286 0.06319145858287811
0.0557662695646286 0.06319145858287811
0.0557662695646286 0.06319145858287811
0.0557662695646286 0.06319145858287811
0.0557662695646286 0.06319145858287811
0.0557662695646286 0.06319145858287811
0.033823952078819275 0.06319145858287811
0.0557662695646286 0.06319145858287811
0.02324683964252472 0.06764790415763855
0.049213558435440063 0.06764790415763855
0.057070791721343994 0.06764790415763855
0.06157439947128296 0.06764790415763855
0.049213558435440063 0.06764790415763855
0.0 0.06764790415763855
0.049213558435440063 0.06764790415763855
0.049213558435440063 0.06764790415763855
0.06764790415763855 0.06974051892757416
0.049213558435440063 0.07215151190757751
0.057070791721343994 0.07215151190757751
0.0557662695646286 0.07215151190757751
0.057070791721343994 0.07215151190757751
0.049213558435440063 0.07215151190757751
0.0 0.07215151190757751
0.049213558435440063 0.07215151190757751
0.049213558435440063 0.07215151190757751
0.0557662695646286 0.07215151190757751
0.06764790415763855 0.07215151190757751
0.0557662695646286 0.07215151190757751
0.06764790415763855 0.07246039807796478
0.06764790415763855 0.07246039807796478
0.06319145858287811 0.07246039807796478
0.06764790415763855 0.07246039807796478
0.06319145858287811 0.07246039807796478
0.033823952078819275 0.07246039807796478
0.049213558435440063 0.07246039807796478
0.0 0.07246039807796478
0.033823952078819275 0.07246039807796478
0.06764790415763855 0.07246039807796478
0.0 0.07246039807796478
0.07215151190757751 0.07246039807796478
0.06157439947128296 0.07246039807796478
0.033823952078819275 0.07246039807796478
0.0 0.07246039807796478
0.06764790415763855 0.07665511965751648
0.06764790415763855 0.07665511965751648
0.0 0.07901310920715332
0.033823952078819275 0.07901310920715332
0.07246039807796478 0.07901310920715332
0.049213558435440063 0.07901310920715332
0.07901310920715332 0.08031763136386871
0.06764790415763855 0.08031763136386871
0.06764790415763855 0.08031763136386871
0.07901310920715332 0.08303751051425934
0.07215151190757751 0.08303751051425934
0.0 0.08303751051425934
0.07215151190757751 0.08303751051425934
0.057070791721343994 0.08303751051425934
0.07901310920715332 0.08303751051425934
0.02324683964252472 0.08303751051425934
0.033823952078819275 0.08303751051425934
0.0 0.08482123911380768
0.06764790415763855 0.08482123911380768
0.06764790415763855 0.08482123911380768
0.06764790415763855 0.08643830567598343
0.0 0.0875411182641983
0.033823952078819275 0.0875411182641983
0.033823952078819275 0.0875411182641983
0.06764790415763855 0.0875411182641983
0.0875411182641983 0.08959022164344788
0.0875411182641983 0.08959022164344788
0.0875411182641983 0.08959022164344788
0.07665511965751648 0.08959022164344788
0.0875411182641983 0.08959022164344788
0.06764790415763855 0.08959022164344788
0.07246039807796478 0.08959022164344788
0.02324683964252472 0.08959022164344788
0.08303751051425934 0.08959022164344788
0.08643830567598343 0.08959022164344788
0.049213558435440063 0.08959022164344788
0.08303751051425934 0.08959022164344788
0.07246039807796478 0.08959022164344788
0.033823952078819275 0.09089474380016327
0.07665511965751648 0.09089474380016327
0.0875411182641983 0.09089474380016327
0.07901310920715332 0.09089474380016327
0.08959022164344788 0.09089474380016327
0.07246039807796478 0.09089474380016327
0.0875411182641983 0.09089474380016327
0.08303751051425934 0.09089474380016327
0.049213558435440063 0.09089474380016327
0.08303751051425934 0.09089474380016327
0.08303751051425934 0.09089474380016327
0.0875411182641983 0.09089474380016327
0.08959022164344788 0.09089474380016327
0.08959022164344788 0.09089474380016327
0.08959022164344788 0.09089474380016327
0.08303751051425934 0.09089474380016327
0.08303751051425934 0.09089474380016327
0.0 0.09089474380016327
0.08303751051425934 0.09409382939338684
0.0 0.09409382939338684
0.033823952078819275 0.09409382939338684
0.033823952078819275 0.09409382939338684
0.057070791721343994 0.09539835155010223
0.09409382939338684 0.09539835155010223
0.02324683964252472 0.09539835155010223
0.08959022164344788 0.0957072377204895
0.08959022164344788 0.0957072377204895
0.07215151190757751 0.09701541811227798
0.0557662695646286 0.09701541811227798
0.049213558435440063 0.09842712432146072
0.08303751051425934 0.09842712432146072
0.08303751051425934 0.09842712432146072
0.0875411182641983 0.0999019593000412
0.08959022164344788 0.0999019593000412
0.08959022164344788 0.0999019593000412
0.08959022164344788 0.0999019593000412
0.09409382939338684 0.10147186368703842
0.07246039807796478 0.10147186368703842
0.07215151190757751 0.10147186368703842
0.09842712432146072 0.10147186368703842
0.09409382939338684 0.10147186368703842
0.049213558435440063 0.10151901841163635
0.08303751051425934 0.10225994884967804
0.08303751051425934 0.10356447100639343
0.09842712432146072 0.10356447100639343
0.09701541811227798 0.10497982800006866
0.06764790415763855 0.10497982800006866
0.049213558435440063 0.10597545653581619
0.10497982800006866 0.10597545653581619
0.10497982800006866 0.10597545653581619
0.09409382939338684 0.10597545653581619
0.10497982800006866 0.10597545653581619
0.10497982800006866 0.10597545653581619
0.10497982800006866 0.10597545653581619
0.06157439947128296 0.10628435015678406
0.10497982800006866 0.10628435015678406
0.0875411182641983 0.10628435015678406
0.10497982800006866 0.10628435015678406
0.049213558435440063 0.10628435015678406
0.02324683964252472 0.10628435015678406
0.06764790415763855 0.1080680787563324
0.0 0.10968513786792755
0.09089474380016327 0.11047907173633575
0.10497982800006866 0.11047907173633575
0.0557662695646286 0.11047907173633575
0.09842712432146072 0.11047907173633575
0.09089474380016327 0.11078795790672302
0.09842712432146072 0.1115325391292572
0.09842712432146072 0.1115325391292572
0.10151901841163635 0.1115325391292572
0.1115325391292572 0.11240501701831818
0.1115325391292572 0.11240501701831818
0.1115325391292572 0.11240501701831818
0.03832755982875824 0.1128370612859726
0.07665511965751648 0.1128370612859726
0.1115325391292572 0.1128370612859726
0.10497982800006866 0.11414158344268799
0.08959022164344788 0.11414158344268799
0.10597545653581619 0.11414158344268799
0.1115325391292572 0.11498267948627472
0.10497982800006866 0.11686147004365921
0.09409382939338684 0.11686147004365921
0.07215151190757751 0.11686147004365921
0.033823952078819275 0.11686147004365921
0.11686147004365921 0.11734066903591156
0.10497982800006866 0.11864519119262695
0.10628435015678406 0.11864519119262695
0.11078795790672302 0.1202622503042221
0.1128370612859726 0.12136507034301758
0.08959022164344788 0.12167395651340485
0.06764790415763855 0.12167395651340485
0.09539835155010223 0.12341417372226715
0.11078795790672302 0.12341417372226715
0.09539835155010223 0.12341417372226715
0.11078795790672302 0.12341417372226715
0.10151901841163635 0.12341417372226715
0.09089474380016327 0.12341417372226715
0.11686147004365921 0.12471870332956314
0.12341417372226715 0.12586867809295654
0.033823952078819275 0.12791778147220612
0.10497982800006866 0.12791778147220612
0.11686147004365921 0.12822666764259338
0.12822666764259338 0.1292223036289215
0.11686147004365921 0.12953118979930878
0.1128370612859726 0.12953118979930878
0.11686147004365921 0.12953118979930878
0.12791778147220612 0.13083936274051666
0.06157439947128296 0.13083936274051666
0.10497982800006866 0.13083936274051666
0.12791778147220612 0.1322510689496994
0.12791778147220612 0.1322510689496994
0.11686147004365921 0.13372591137886047
0.1115325391292572 0.13403479754924774
0.12341417372226715 0.13477937877178192
0.1322510689496994 0.1352958083152771
0.12167395651340485 0.13534297049045563
0.08643830567598343 0.13675467669963837
0.033823952078819275 0.13880378007888794
0.13880378007888794 0.14220456779003143
0.033823952078819275 0.1433073878288269
0.13083936274051666 0.1433073878288269
0.06764790415763855 0.14350908994674683
0.13880378007888794 0.14350908994674683
0.13880378007888794 0.14430302381515503
0.12341417372226715 0.1446119099855423
0.09409382939338684 0.1446119099855423
0.10147186368703842 0.14535649120807648
0.0 0.14622898399829865
0.14535649120807648 0.14666101336479187
0.09089474380016327 0.14666101336479187
0.13979941606521606 0.14796553552150726
0.12341417372226715 0.14911551773548126
0.1352958083152771 0.14911551773548126
0.14535649120807648 0.14911551773548126
0.1322510689496994 0.14986009895801544
0.12822666764259338 0.1506854146718979
0.14535649120807648 0.15073257684707642
0.11686147004365921 0.15116462111473083
0.13880378007888794 0.15116462111473083
0.06764790415763855 0.15116462111473083
0.14058750867843628 0.1514735072851181
0.11686147004365921 0.15246914327144623
0.11734066903591156 0.152781680226326
0.06974051892757416 0.15408621728420258
0.152781680226326 0.15419338643550873
0.12791778147220612 0.15518902242183685
0.14535649120807648 0.15549790859222412
0.13880378007888794 0.1556682288646698
0.15073257684707642 0.15723812580108643
0.15073257684707642 0.15723812580108643
0.11686147004365921 0.15728528797626495
0.14875362813472748 0.15969263017177582
0.1322510689496994 0.1617417335510254
0.16000151634216309 0.1617417335510254
0.11686147004365921 0.16304625570774078
0.15518902242183685 0.16304625570774078
0.15723812580108643 0.1630934178829193
0.148806631565094 0.16607503592967987
0.15858981013298035 0.16607503592967987
0.09089474380016327 0.16655422747135162
0.16205061972141266 0.1699078530073166
0.16074609756469727 0.17057862877845764
0.17057862877845764 0.1726277470588684
0.16817128658294678 0.1726277470588684
0.1686033308506012 0.17287659645080566
0.16205061972141266 0.17362336814403534
0.033823952078819275 0.1739322543144226
0.15549790859222412 0.1739322543144226
0.16655422747135162 0.1760285198688507
0.16817128658294678 0.17713133990764618
0.11864519119262695 0.17713133990764618
0.16205061972141266 0.17744022607803345
0.04649367928504944 0.17744022607803345
0.12314879894256592 0.1781269758939743
0.15969263017177582 0.17843586206436157
0.14911551773548126 0.18048496544361115
0.10968513786792755 0.18293946981430054
0.1726277470588684 0.1849885731935501
0.18450936675071716 0.1849885731935501
0.1322510689496994 0.1849885731935501
0.17310693860054016 0.188017338514328
0.1433073878288269 0.188017338514328
0.17918044328689575 0.18906013667583466
0.18146462738513947 0.18980106711387634
0.18529745936393738 0.19556568562984467
0.06764790415763855 0.19722625613212585
0.19382546842098236 0.20006929337978363
0.17397941648960114 0.20112276077270508
0.19413435459136963 0.20252379775047302
0.2034069448709488 0.20985248684883118
0.21126417815685272 0.21435607969760895
0.19457004964351654 0.2157677859067917
0.19853444397449493 0.2279583066701889
0.21195092797279358 0.23069415986537933
0.23420213162899017 0.23760291934013367
0.19556568562984467 0.23760291934013367
0.2330993264913559 0.2382265329360962
0.19382546842098236 0.23870573937892914
0.22974568605422974 0.24027563631534576
0.057070791721343994 0.24236825108528137
0.23870573937892914 0.24818004667758942
0.21095529198646545 0.2492828518152237
0.24303902685642242 0.25263649225234985
0.11686147004365921 0.25263649225234985
0.23723089694976807 0.2529453635215759
0.24477924406528473 0.2587535083293915
0.16304625570774078 0.25906604528427124
0.2591732144355774 0.2653062045574188
0.25430071353912354 0.2657259404659271
0.2512088119983673 0.2712251842021942
0.2728385925292969 0.2775003910064697
0.22938963770866394 0.2776075601577759
0.23372292518615723 0.27908238768577576
0.26004570722579956 0.28065231442451477
0.26116231083869934 0.2838948965072632
0.22764942049980164 0.28724852204322815
0.2801358699798584 0.2896595299243927
0.17367053031921387 0.2899684011936188
0.24959173798561096 0.2907937169075012
0.24106372892856598 0.293992817401886
0.2587571442127228 0.29865095019340515
0.31068694591522217 0.33195847272872925
0.35618865489959717 0.35840439796447754
0.39673560857772827 0.40237343311309814
0.4108542799949646 0.41473427414894104
0.42383652925491333 0.4324818551540375
