0.0 0.02324683964252472
0.0 0.02324683964252472
0.0 0.02324683964252472
0.0 0.02324683964252472
0.0 0.02324683964252472
0.0 0.02324683964252472
0.0 0.02324683964252472
0.0 0.02324683964252472
0.0 0.02324683964252472
0.0 0.02324683964252472
0.0 0.02324683964252472
0.0 0.02324683964252472
0.0 0.02324683964252472
0.0 0.02324683964252472
0.0 0.02324683964252472
0.0 0.02324683964252472
0.0 0.02324683964252472
0.0 0.02324683964252472
0.0 0.02324683964252472
0.0 0.02324683964252472
0.0 0.02324683964252472
0.0 0.02324683964252472
0.0 0.02324683964252472
0.0 0.02324683964252472
0.0 0.02324683964252472
0.0 0.02324683964252472
0.0 0.02324683964252472
0.0 0.02324683964252472
0.0 0.02324683964252472
0.0 0.02324683964252472
0.0 0.02324683964252472
0.0 0.02324683964252472
0.0 0.02324683964252472
0.0 0.02324683964252472
0.0 0.02324683964252472
0.0 0.02324683964252472
0.0 0.02324683964252472
0.0 0.02324683964252472
0.0 0.02324683964252472
0.0 0.02324683964252472
0.0 0.02324683964252472
0.0 0.02324683964252472
0.0 0.02324683964252472
0.0 0.033823952078819275
0.0 0.033823952078819275
0.02324683964252472 0.033823952078819275
0.02324683964252472 0.033823952078819275
0.02324683964252472 0.033823952078819275
0.02324683964252472 0.033823952078819275
0.02324683964252472 0.033823952078819275
0.0 0.033823952078819275
0.02324683964252472 0.033823952078819275
0.0 0.033823952078819275
0.0 0.033823952078819275
0.02324683964252472 0.033823952078819275
0.0 0.033823952078819275
0.02324683964252472 0.033823952078819275
0.0 0.033823952078819275
0.02324683964252472 0.033823952078819275
0.0 0.033823952078819275
0.02324683964252472 0.033823952078819275
0.0 0.033823952078819275
0.02324683964252472 0.033823952078819275
0.0 0.033823952078819275
0.0 0.033823952078819275
0.0 0.033823952078819275
0.02324683964252472 0.033823952078819275
0.0 0.033823952078819275
0.0 0.033823952078819275
0.0 0.033823952078819275
0.0 0.033823952078819275
0.02324683964252472 0.033823952078819275
0.0 0.033823952078819275
0.0 0.033823952078819275
0.0 0.033823952078819275
0.02324683964252472 0.033823952078819275
0.0 0.033823952078819275
0.0 0.033823952078819275
0.0 0.033823952078819275
0.02324683964252472 0.033823952078819275
0.0 0.033823952078819275
0.0 0.033823952078819275
0.02324683964252472 0.033823952078819275
0.0 0.033823952078819275
0.0 0.033823952078819275
0.0 0.033823952078819275
0.0 0.033823952078819275
0.0 0.033823952078819275
0.033823952078819275 0.03832755982875824
0.033823952078819275 0.03832755982875824
0.02324683964252472 0.03832755982875824
0.033823952078819275 0.03832755982875824
0.033823952078819275 0.03832755982875824
0.033823952078819275 0.03832755982875824
0.033823952078819275 0.03832755982875824
0.02324683964252472 0.03832755982875824
0.02324683964252472 0.03832755982875824
0.02324683964252472 0.03832755982875824
0.033823952078819275 0.03832755982875824
0.033823952078819275 0.03832755982875824
0.033823952078819275 0.03832755982875824
0.02324683964252472 0.03832755982875824
0.033823952078819275 0.03832755982875824
0.0 0.03832755982875824
0.033823952078819275 0.03832755982875824
0.0 0.03832755982875824
0.0 0.03832755982875824
0.02324683964252472 0.03832755982875824
0.033823952078819275 0.03832755982875824
0.033823952078819275 0.03832755982875824
0.0 0.03832755982875824
0.02324683964252472 0.03832755982875824
0.02324683964252472 0.03832755982875824
0.033823952078819275 0.03832755982875824
0.033823952078819275 0.03832755982875824
0.0 0.03832755982875824
0.033823952078819275 0.03832755982875824
0.0 0.03832755982875824
0.033823952078819275 0.03832755982875824
0.0 0.03832755982875824
0.033823952078819275 0.03832755982875824
0.033823952078819275 0.03832755982875824
0.0 0.03832755982875824
0.0 0.03832755982875824
0.033823952078819275 0.03832755982875824
0.033823952078819275 0.03832755982875824
0.033823952078819275 0.03832755982875824
0.033823952078819275 0.03832755982875824
0.033823952078819275 0.03832755982875824
0.02324683964252472 0.03832755982875824
0.033823952078819275 0.03832755982875824
0.033823952078819275 0.03832755982875824
0.033823952078819275 0.03832755982875824
0.0 0.03832755982875824
0.033823952078819275 0.03832755982875824
0.0 0.03832755982875824
0.02324683964252472 0.04649367928504944
0.0 0.04649367928504944
0.033823952078819275 0.04649367928504944
0.033823952078819275 0.04649367928504944
0.0 0.04649367928504944
0.033823952078819275 0.04649367928504944
0.0 0.04649367928504944
0.033823952078819275 0.04649367928504944
0.033823952078819275 0.04649367928504944
0.033823952078819275 0.04649367928504944
0.0 0.049213558435440063
0.0 0.049213558435440063
0.0 0.049213558435440063
0.033823952078819275 0.049213558435440063
0.03832755982875824 0.049213558435440063
0.0 0.049213558435440063
0.03832755982875824 0.049213558435440063
0.0 0.049213558435440063
0.0 0.049213558435440063
0.0 0.049213558435440063
0.02324683964252472 0.049213558435440063
0.0 0.049213558435440063
0.0 0.049213558435440063
0.0 0.049213558435440063
0.0 0.049213558435440063
0.0 0.049213558435440063
0.0 0.049213558435440063
0.0 0.049213558435440063
0.0 0.049213558435440063
0.0 0.049213558435440063
0.033823952078819275 0.049213558435440063
0.0 0.049213558435440063
0.0 0.049213558435440063
0.0 0.049213558435440063
0.0 0.049213558435440063
0.033823952078819275 0.049213558435440063
0.0 0.049213558435440063
0.0 0.049213558435440063
0.02324683964252472 0.049213558435440063
0.0 0.049213558435440063
0.033823952078819275 0.049213558435440063
0.0 0.049213558435440063
0.0 0.049213558435440063
0.02324683964252472 0.0557662695646286
0.0 0.0557662695646286
0.0 0.0557662695646286
0.049213558435440063 0.0557662695646286
0.049213558435440063 0.0557662695646286
0.0 0.0557662695646286
0.02324683964252472 0.0557662695646286
0.049213558435440063 0.0557662695646286
0.049213558435440063 0.0557662695646286
0.049213558435440063 0.0557662695646286
0.049213558435440063 0.0557662695646286
0.049213558435440063 0.0557662695646286
0.049213558435440063 0.0557662695646286
0.033823952078819275 0.0557662695646286
0.049213558435440063 0.0557662695646286
0.033823952078819275 0.0557662695646286
0.049213558435440063 0.0557662695646286
0.049213558435440063 0.0557662695646286
0.02324683964252472 0.0557662695646286
0.0 0.0557662695646286
0.049213558435440063 0.0557662695646286
0.049213558435440063 0.0557662695646286
0.0 0.0557662695646286
0.049213558435440063 0.0557662695646286
0.033823952078819275 0.0557662695646286
0.049213558435440063 0.0557662695646286
0.049213558435440063 0.0557662695646286
0.049213558435440063 0.0557662695646286
0.049213558435440063 0.0557662695646286
0.049213558435440063 0.0557662695646286
0.0 0.0557662695646286
0.049213558435440063 0.0557662695646286
0.049213558435440063 0.0557662695646286
0.0 0.0557662695646286
0.0 0.0557662695646286
0.033823952078819275 0.0557662695646286
0.0 0.0557662695646286
0.0 0.0557662695646286
0.049213558435440063 0.0557662695646286
0.0 0.0557662695646286
0.049213558435440063 0.0557662695646286
0.0 0.0557662695646286
0.03832755982875824 0.0557662695646286
0.0 0.0557662695646286
0.049213558435440063 0.0557662695646286
0.0 0.0557662695646286
0.033823952078819275 0.0557662695646286
0.049213558435440063 0.0557662695646286
0.033823952078819275 0.0557662695646286
0.049213558435440063 0.0557662695646286
0.033823952078819275 0.0557662695646286
0.033823952078819275 0.0557662695646286
0.0 0.0557662695646286
0.049213558435440063 0.0557662695646286
0.0 0.0557662695646286
0.033823952078819275 0.0557662695646286
0.0 0.0557662695646286
0.02324683964252472 0.0557662695646286
0.049213558435440063 0.0557662695646286
0.0 0.0557662695646286
0.049213558435440063 0.0557662695646286
0.0 0.0557662695646286
0.049213558435440063 0.0557662695646286
0.0 0.0557662695646286
0.0 0.0557662695646286
0.049213558435440063 0.0557662695646286
0.049213558435440063 0.0557662695646286
0.049213558435440063 0.0557662695646286
0.0 0.0557662695646286
0.0 0.0557662695646286
0.0 0.0557662695646286
0.049213558435440063 0.0557662695646286
0.049213558435440063 0.0557662695646286
0.049213558435440063 0.0557662695646286
0.049213558435440063 0.0557662695646286
0.0 0.0557662695646286
0.049213558435440063 0.0557662695646286
0.049213558435440063 0.0557662695646286
0.049213558435440063 0.0557662695646286
0.049213558435440063 0.0557662695646286
0.049213558435440063 0.0557662695646286
0.033823952078819275 0.0557662695646286
0.049213558435440063 0.0557662695646286
0.0 0.0557662695646286
0.049213558435440063 0.0557662695646286
0.049213558435440063 0.0557662695646286
0.0 0.0557662695646286
0.049213558435440063 0.0557662695646286
0.049213558435440063 0.0557662695646286
0.049213558435440063 0.0557662695646286
0.049213558435440063 0.0557662695646286
0.033823952078819275 0.0557662695646286
0.03832755982875824 0.0557662695646286
0.049213558435440063 0.0557662695646286
0.049213558435440063 0.0557662695646286
0.0 0.0557662695646286
0.033823952078819275 0.0557662695646286
0.049213558435440063 0.0557662695646286
0.049213558435440063 0.0557662695646286
0.049213558435440063 0.0557662695646286
0.049213558435440063 0.0557662695646286
0.02324683964252472 0.0557662695646286
0.033823952078819275 0.0557662695646286
0.02324683964252472 0.0557662695646286
0.0 0.0557662695646286
0.0 0.0557662695646286
0.02324683964252472 0.0557662695646286
0.049213558435440063 0.0557662695646286
0.049213558435440063 0.0557662695646286
0.0 0.0557662695646286
0.049213558435440063 0.0557662695646286
0.0 0.0557662695646286
0.0 0.0557662695646286
0.049213558435440063 0.057070791721343994
0.02324683964252472 0.057070791721343994
0.03832755982875824 0.057070791721343994
0.033823952078819275 0.057070791721343994
0.0 0.057070791721343994
0.049213558435440063 0.057070791721343994
0.049213558435440063 0.057070791721343994
0.03832755982875824 0.057070791721343994
0.02324683964252472 0.057070791721343994
0.0 0.057070791721343994
0.049213558435440063 0.057070791721343994
0.049213558435440063 0.057070791721343994
0.049213558435440063 0.057070791721343994
0.049213558435440063 0.057070791721343994
0.0 0.057070791721343994
0.0557662695646286 0.057070791721343994
0.049213558435440063 0.057070791721343994
0.0557662695646286 0.057070791721343994
0.049213558435440063 0.057070791721343994
0.0557662695646286 0.057070791721343994
0.0 0.057070791721343994
0.0 0.057070791721343994
0.033823952078819275 0.057070791721343994
0.049213558435440063 0.057070791721343994
0.0557662695646286 0.057070791721343994
0.0 0.057070791721343994
0.049213558435440063 0.057070791721343994
0.049213558435440063 0.057070791721343994
0.049213558435440063 0.057070791721343994
0.049213558435440063 0.057070791721343994
0.033823952078819275 0.057070791721343994
0.0 0.057070791721343994
0.033823952078819275 0.057070791721343994
0.049213558435440063 0.057070791721343994
0.033823952078819275 0.057070791721343994
0.0 0.057070791721343994
0.033823952078819275 0.057070791721343994
0.033823952078819275 0.057070791721343994
0.0557662695646286 0.057070791721343994
0.049213558435440063 0.057070791721343994
0.049213558435440063 0.057070791721343994
0.0 0.057070791721343994
0.049213558435440063 0.057070791721343994
0.0557662695646286 0.057070791721343994
0.0557662695646286 0.06157439947128296
0.057070791721343994 0.06157439947128296
0.057070791721343994 0.06157439947128296
0.0 0.06157439947128296
0.0557662695646286 0.06157439947128296
0.049213558435440063 0.06157439947128296
0.033823952078819275 0.06157439947128296
0.0557662695646286 0.06157439947128296
0.049213558435440063 0.06157439947128296
0.049213558435440063 0.06319145858287811
0.0557662695646286 0.06319145858287811
0.0557662695646286 0.06319145858287811
0.0557662695646286 0.06319145858287811
0.0 0.06319145858287811
0.0557662695646286 0.06319145858287811
0.0 0.06319145858287811
0.0 0.06319145858287811
0.0557662695646286 0.06319145858287811
0.0557662695646286 0.06319145858287811
0.0557662695646286 0.06319145858287811
0.0 0.06764790415763855
0.049213558435440063 0.06764790415763855
0.03832755982875824 0.06764790415763855
0.049213558435440063 0.06764790415763855
0.0 0.06764790415763855
0.0 0.06764790415763855
0.049213558435440063 0.06764790415763855
0.033823952078819275 0.06764790415763855
0.049213558435440063 0.06764790415763855
0.0 0.06764790415763855
0.0 0.06764790415763855
0.0 0.06764790415763855
0.049213558435440063 0.06764790415763855
0.06157439947128296 0.06764790415763855
0.0557662695646286 0.06764790415763855
0.02324683964252472 0.06764790415763855
0.049213558435440063 0.06764790415763855
0.06157439947128296 0.06764790415763855
0.049213558435440063 0.06764790415763855
0.02324683964252472 0.06764790415763855
0.049213558435440063 0.06764790415763855
0.0 0.06764790415763855
0.0 0.07215151190757751
0.0557662695646286 0.07215151190757751
0.0557662695646286 0.07215151190757751
0.049213558435440063 0.07215151190757751
0.0 0.07215151190757751
0.0 0.07215151190757751
0.033823952078819275 0.07215151190757751
0.04649367928504944 0.07215151190757751
0.049213558435440063 0.07215151190757751
0.049213558435440063 0.07215151190757751
0.0557662695646286 0.07215151190757751
0.06764790415763855 0.07215151190757751
0.03832755982875824 0.07215151190757751
0.049213558435440063 0.07215151190757751
0.049213558435440063 0.07246039807796478
0.06764790415763855 0.07246039807796478
0.049213558435440063 0.07246039807796478
0.07215151190757751 0.07246039807796478
0.057070791721343994 0.07246039807796478
0.033823952078819275 0.07246039807796478
0.03832755982875824 0.07246039807796478
0.02324683964252472 0.07246039807796478
0.0557662695646286 0.07246039807796478
0.049213558435440063 0.07246039807796478
0.0 0.07246039807796478
0.0 0.07246039807796478
0.06764790415763855 0.07246039807796478
0.033823952078819275 0.07246039807796478
0.0 0.07665511965751648
0.0 0.07665511965751648
0.0 0.07665511965751648
0.06764790415763855 0.07665511965751648
0.057070791721343994 0.07901310920715332
0.0 0.07901310920715332
0.0 0.07901310920715332
0.03832755982875824 0.07901310920715332
0.07215151190757751 0.07901310920715332
0.07215151190757751 0.07901310920715332
0.0 0.07901310920715332
0.0 0.07901310920715332
0.049213558435440063 0.07901310920715332
0.0 0.07901310920715332
0.06319145858287811 0.07901310920715332
0.07215151190757751 0.07901310920715332
0.033823952078819275 0.07901310920715332
0.07215151190757751 0.07901310920715332
0.057070791721343994 0.07901310920715332
0.02324683964252472 0.07901310920715332
0.07215151190757751 0.08031763136386871
0.0557662695646286 0.08031763136386871
0.06764790415763855 0.08031763136386871
0.07246039807796478 0.08031763136386871
0.07246039807796478 0.08031763136386871
0.033823952078819275 0.08031763136386871
0.07901310920715332 0.08303751051425934
0.0 0.08303751051425934
0.0557662695646286 0.08303751051425934
0.033823952078819275 0.08303751051425934
0.02324683964252472 0.08303751051425934
0.07215151190757751 0.08303751051425934
0.07901310920715332 0.08303751051425934
0.049213558435440063 0.08303751051425934
0.07901310920715332 0.08303751051425934
0.049213558435440063 0.08303751051425934
0.0 0.08303751051425934
0.049213558435440063 0.08303751051425934
0.07901310920715332 0.08303751051425934
0.07901310920715332 0.08303751051425934
0.07901310920715332 0.08303751051425934
0.06764790415763855 0.08482123911380768
0.02324683964252472 0.08482123911380768
0.07901310920715332 0.08482123911380768
0.08303751051425934 0.08643830567598343
0.03832755982875824 0.08643830567598343
0.0557662695646286 0.08643830567598343
0.0 0.0875411182641983
0.07901310920715332 0.0875411182641983
0.08643830567598343 0.0875411182641983
0.02324683964252472 0.0875411182641983
0.0557662695646286 0.0875411182641983
0.07246039807796478 0.0875411182641983
0.0875411182641983 0.08959022164344788
0.0875411182641983 0.08959022164344788
0.0 0.08959022164344788
0.033823952078819275 0.08959022164344788
0.07901310920715332 0.08959022164344788
0.08643830567598343 0.08959022164344788
0.0 0.08959022164344788
0.07665511965751648 0.08959022164344788
0.04649367928504944 0.08959022164344788
0.02324683964252472 0.08959022164344788
0.0875411182641983 0.08959022164344788
0.0875411182641983 0.08959022164344788
0.0 0.08959022164344788
0.0 0.08959022164344788
0.06319145858287811 0.08959022164344788
0.033823952078819275 0.08959022164344788
0.08643830567598343 0.08959022164344788
0.08959022164344788 0.09089474380016327
0.07215151190757751 0.09089474380016327
0.0875411182641983 0.09089474380016327
0.07901310920715332 0.09089474380016327
0.049213558435440063 0.09089474380016327
0.06764790415763855 0.09089474380016327
0.057070791721343994 0.09089474380016327
0.08959022164344788 0.09089474380016327
0.0557662695646286 0.09089474380016327
0.07215151190757751 0.09089474380016327
0.08303751051425934 0.09089474380016327
0.057070791721343994 0.09089474380016327
0.08303751051425934 0.09089474380016327
0.08959022164344788 0.09409382939338684
0.07215151190757751 0.09409382939338684
0.0 0.09409382939338684
0.049213558435440063 0.09409382939338684
0.07246039807796478 0.09539835155010223
0.09409382939338684 0.09539835155010223
0.0557662695646286 0.09539835155010223
0.033823952078819275 0.09539835155010223
0.033823952078819275 0.09539835155010223
0.08303751051425934 0.09539835155010223
0.08959022164344788 0.09539835155010223
0.08959022164344788 0.0957072377204895
0.09539835155010223 0.0957072377204895
0.057070791721343994 0.09701541811227798
0.08959022164344788 0.09701541811227798
0.0 0.09701541811227798
0.09409382939338684 0.09701541811227798
0.08959022164344788 0.09842712432146072
0.0 0.09842712432146072
0.08959022164344788 0.09842712432146072
0.08959022164344788 0.09842712432146072
0.0 0.09842712432146072
0.08959022164344788 0.09842712432146072
0.08959022164344788 0.09842712432146072
0.08959022164344788 0.09842712432146072
0.0875411182641983 0.0999019593000412
0.0875411182641983 0.0999019593000412
0.09842712432146072 0.0999019593000412
0.0 0.0999019593000412
0.08482123911380768 0.10147186368703842
0.07215151190757751 0.10147186368703842
0.09842712432146072 0.10147186368703842
0.02324683964252472 0.10151901841163635
0.0 0.10151901841163635
0.09842712432146072 0.10151901841163635
0.09701541811227798 0.10225994884967804
0.02324683964252472 0.10356447100639343
0.07665511965751648 0.10356447100639343
0.08303751051425934 0.10356447100639343
0.02324683964252472 0.10356447100639343
0.0 0.10356447100639343
0.0 0.10497982800006866
0.09409382939338684 0.10497982800006866
0.0875411182641983 0.10497982800006866
0.06764790415763855 0.10497982800006866
0.08959022164344788 0.10497982800006866
0.0875411182641983 0.10497982800006866
0.049213558435440063 0.10497982800006866
0.09409382939338684 0.10497982800006866
0.033823952078819275 0.10497982800006866
0.07246039807796478 0.10597545653581619
0.0 0.10597545653581619
0.09842712432146072 0.10597545653581619
0.10497982800006866 0.10597545653581619
0.0557662695646286 0.10628435015678406
0.0 0.10628435015678406
0.10497982800006866 0.10628435015678406
0.08031763136386871 0.10628435015678406
0.08643830567598343 0.10628435015678406
0.08303751051425934 0.10628435015678406
0.08643830567598343 0.10628435015678406
0.10151901841163635 0.10628435015678406
0.033823952078819275 0.10628435015678406
0.10497982800006866 0.10628435015678406
0.0 0.10628435015678406
0.10147186368703842 0.10628435015678406
0.09409382939338684 0.10628435015678406
0.10497982800006866 0.11047907173633575
0.0 0.11047907173633575
0.10497982800006866 0.11047907173633575
0.0557662695646286 0.11078795790672302
0.10968513786792755 0.11078795790672302
0.06157439947128296 0.11078795790672302
0.0875411182641983 0.1115325391292572
0.08959022164344788 0.1115325391292572
0.033823952078819275 0.1115325391292572
0.1115325391292572 0.11240501701831818
0.1115325391292572 0.11240501701831818
0.1115325391292572 0.11240501701831818
0.06764790415763855 0.11240501701831818
0.0 0.11240501701831818
0.10628435015678406 0.1128370612859726
0.10597545653581619 0.1128370612859726
0.07246039807796478 0.1128370612859726
0.11047907173633575 0.1128370612859726
0.057070791721343994 0.1128370612859726
0.10497982800006866 0.1128370612859726
0.09701541811227798 0.1128370612859726
0.0 0.1128370612859726
0.10597545653581619 0.11414158344268799
0.1115325391292572 0.11498267948627472
0.0 0.11686147004365921
0.08303751051425934 0.11686147004365921
0.10628435015678406 0.11686147004365921
0.09409382939338684 0.11686147004365921
0.10225994884967804 0.11686147004365921
0.09409382939338684 0.11686147004365921
0.10497982800006866 0.11686147004365921
0.09089474380016327 0.11686147004365921
0.033823952078819275 0.11734066903591156
0.11686147004365921 0.11734066903591156
0.09539835155010223 0.11734066903591156
0.11686147004365921 0.11734066903591156
0.10597545653581619 0.11734066903591156
0.057070791721343994 0.11864519119262695
0.0875411182641983 0.11864519119262695
0.11078795790672302 0.11895407736301422
0.09701541811227798 0.1202622503042221
0.11734066903591156 0.1202622503042221
0.1115325391292572 0.12136507034301758
0.1128370612859726 0.12136507034301758
0.10597545653581619 0.12136507034301758
0.1128370612859726 0.12136507034301758
0.11686147004365921 0.12136507034301758
0.11414158344268799 0.12136507034301758
0.10628435015678406 0.12167395651340485
0.033823952078819275 0.12167395651340485
0.0 0.12167395651340485
0.07246039807796478 0.12167395651340485
0.1115325391292572 0.12167395651340485
0.12167395651340485 0.12314879894256592
0.12167395651340485 0.12314879894256592
0.02324683964252472 0.12341417372226715
0.0957072377204895 0.12341417372226715
0.0557662695646286 0.12341417372226715
0.11240501701831818 0.12341417372226715
0.04649367928504944 0.12341417372226715
0.0 0.12341417372226715
0.12167395651340485 0.12341417372226715
0.1128370612859726 0.12471870332956314
0.0557662695646286 0.12471870332956314
0.09539835155010223 0.12471870332956314
0.12136507034301758 0.12471870332956314
0.10147186368703842 0.12471870332956314
0.12136507034301758 0.12476585805416107
0.0 0.12476585805416107
0.12341417372226715 0.12586867809295654
0.10147186368703842 0.12586867809295654
0.10151901841163635 0.12791778147220612
0.1202622503042221 0.12791778147220612
0.0 0.12791778147220612
0.11240501701831818 0.12791778147220612
0.12586867809295654 0.12822666764259338
0.09539835155010223 0.12822666764259338
0.033823952078819275 0.12822666764259338
0.0957072377204895 0.12822666764259338
0.12167395651340485 0.1292223036289215
0.1128370612859726 0.1292223036289215
0.12136507034301758 0.1292223036289215
0.12136507034301758 0.1292223036289215
0.10597545653581619 0.13083936274051666
0.11686147004365921 0.13131491839885712
0.10628435015678406 0.1322510689496994
0.12791778147220612 0.13242138922214508
0.11895772814750671 0.13242138922214508
0.12136507034301758 0.13372591137886047
0.1322510689496994 0.13372591137886047
0.12136507034301758 0.13403479754924774
0.08643830567598343 0.13403479754924774
0.13083936274051666 0.13403479754924774
0.1322510689496994 0.13477937877178192
0.10628435015678406 0.13477937877178192
0.06764790415763855 0.13477937877178192
0.12341417372226715 0.1352958083152771
0.08959022164344788 0.13534297049045563
0.049213558435440063 0.13534297049045563
0.049213558435440063 0.1356518566608429
0.09842712432146072 0.13608390092849731
0.1115325391292572 0.13608390092849731
0.1292223036289215 0.13608390092849731
0.10628435015678406 0.13608390092849731
0.033823952078819275 0.13675467669963837
0.0 0.13675467669963837
0.06319145858287811 0.13675467669963837
0.11686147004365921 0.1373884230852127
0.1322510689496994 0.13822951912879944
0.13534297049045563 0.13880378007888794
0.033823952078819275 0.13880378007888794
0.1322510689496994 0.13880378007888794
0.0 0.13880378007888794
0.1322510689496994 0.13880378007888794
0.1322510689496994 0.13880378007888794
0.13880378007888794 0.13979941606521606
0.08959022164344788 0.13979941606521606
0.12341417372226715 0.13979941606521606
0.13372591137886047 0.13979941606521606
0.10497982800006866 0.13979941606521606
0.11734066903591156 0.14010831713676453
0.12136507034301758 0.14010831713676453
0.1202622503042221 0.14010831713676453
0.06157439947128296 0.14010831713676453
0.06764790415763855 0.14058750867843628
0.11414158344268799 0.14189203083515167
0.13880378007888794 0.14220456779003143
0.0 0.14350908994674683
0.08959022164344788 0.14350908994674683
0.10497982800006866 0.14430302381515503
0.11047907173633575 0.14430302381515503
0.06157439947128296 0.14430302381515503
0.12822666764259338 0.1446119099855423
0.11078795790672302 0.1446119099855423
0.13880378007888794 0.1446119099855423
0.11895772814750671 0.1446119099855423
0.057070791721343994 0.1446119099855423
0.09089474380016327 0.1446119099855423
0.14220456779003143 0.1446119099855423
0.13534297049045563 0.1446119099855423
0.13675467669963837 0.14535649120807648
0.0 0.14535649120807648
0.09539835155010223 0.14622898399829865
0.04649367928504944 0.14666101336479187
0.1322510689496994 0.14666101336479187
0.13675467669963837 0.14666101336479187
0.14535649120807648 0.14666101336479187
0.033823952078819275 0.14666101336479187
0.14535649120807648 0.14666101336479187
0.13534297049045563 0.14666101336479187
0.13534297049045563 0.14666101336479187
0.14535649120807648 0.1476406753063202
0.14010831713676453 0.14796553552150726
0.14010831713676453 0.14796553552150726
0.10597545653581619 0.148806631565094
0.14010831713676453 0.148806631565094
0.07901310920715332 0.14986009895801544
0.1433073878288269 0.14986009895801544
0.14986009895801544 0.1506854146718979
0.14058750867843628 0.15073257684707642
0.14535649120807648 0.15073257684707642
0.14430302381515503 0.15116462111473083
0.10497982800006866 0.15116462111473083
0.04649367928504944 0.15116462111473083
0.13880378007888794 0.15116462111473083
0.15116462111473083 0.1514735072851181
0.14492079615592957 0.15408621728420258
0.0875411182641983 0.15419338643550873
0.13880378007888794 0.15518902242183685
0.12822666764259338 0.15518902242183685
0.15116462111473083 0.15518902242183685
0.11686147004365921 0.1569727510213852
0.13675467669963837 0.1569727510213852
0.10225994884967804 0.15723812580108643
0.06764790415763855 0.15723812580108643
0.1476406753063202 0.15723812580108643
0.1476406753063202 0.15723812580108643
0.14666101336479187 0.15858981013298035
0.0 0.16063526272773743
0.08303751051425934 0.16074609756469727
0.15419338643550873 0.16074609756469727
0.12791778147220612 0.16161857545375824
0.15419338643550873 0.1617417335510254
0.12791778147220612 0.1617417335510254
0.15728528797626495 0.16205061972141266
0.12136507034301758 0.16205061972141266
0.1352958083152771 0.16304625570774078
0.14535649120807648 0.16419623792171478
0.1433073878288269 0.16466331481933594
0.13880378007888794 0.16607503592967987
0.14986009895801544 0.16607503592967987
0.15116462111473083 0.16607503592967987
0.1630934178829193 0.16607503592967987
0.15518902242183685 0.16624534130096436
0.16074609756469727 0.16655422747135162
0.13372591137886047 0.1672988086938858
0.16785874962806702 0.16911976039409637
0.14986009895801544 0.1691669225692749
0.11414158344268799 0.17057862877845764
0.1506854146718979 0.17074894905090332
0.15549790859222412 0.1726277470588684
0.15419338643550873 0.1726277470588684
0.03832755982875824 0.17367053031921387
0.06764790415763855 0.1739322543144226
0.1433073878288269 0.1739322543144226
0.1686033308506012 0.1750822365283966
0.1726277470588684 0.17713133990764618
0.15408621728420258 0.17713133990764618
0.16817128658294678 0.17713133990764618
0.16074609756469727 0.17713133990764618
0.1617417335510254 0.17744022607803345
0.1686033308506012 0.17874474823474884
0.13477937877178192 0.18005293607711792
0.17918044328689575 0.18048496544361115
0.13880378007888794 0.18052847683429718
0.17472399771213531 0.18053212761878967
0.17713133990764618 0.18163494765758514
0.1672988086938858 0.18450936675071716
0.18163494765758514 0.18450936675071716
0.15723812580108643 0.1849885731935501
0.10147186368703842 0.1849885731935501
0.14430302381515503 0.18660564720630646
0.17713133990764618 0.18791015446186066
0.1726277470588684 0.188017338514328
0.18399293720722198 0.18901297450065613
0.1726277470588684 0.18901297450065613
0.17713133990764618 0.1893218755722046
0.18214553594589233 0.1893218755722046
0.1739322543144226 0.1893218755722046
0.18399293720722198 0.18949218094348907
0.15116462111473083 0.19110924005508423
0.18368405103683472 0.19382546842098236
0.14666101336479187 0.19556568562984467
0.18713419139385223 0.19556568562984467
0.17472399771213531 0.1956128478050232
0.19382546842098236 0.19587458670139313
0.17057862877845764 0.20006929337978363
0.12136507034301758 0.2003781795501709
0.17713133990764618 0.20057989656925201
0.1910620778799057 0.20373180508613586
0.1914181262254715 0.2045729011297226
0.1954425424337387 0.20562636852264404
0.1954425424337387 0.20562636852264404
0.2037789672613144 0.2064516842365265
0.20471146702766418 0.2064516842365265
0.2044025957584381 0.20693089067935944
0.1433073878288269 0.20693089067935944
0.2034069448709488 0.20775620639324188
0.18901297450065613 0.20823541283607483
0.06764790415763855 0.20995965600013733
0.02324683964252472 0.21126417815685272
0.1726277470588684 0.21528859436511993
0.17744022607803345 0.2157677859067917
0.057070791721343994 0.21838049590587616
0.19382546842098236 0.21881252527236938
0.18901297450065613 0.22126702964305878
0.1617417335510254 0.22314581274986267
0.21300439536571503 0.22488602995872498
0.2243696004152298 0.22764942049980164
0.03832755982875824 0.2310030460357666
0.2003781795501709 0.2310030460357666
0.21912141144275665 0.23451101779937744
0.22839400172233582 0.23723089694976807
0.2167634218931198 0.23755575716495514
0.22839400172233582 0.23853543400764465
0.23372292518615723 0.23870573937892914
0.2157677859067917 0.23870573937892914
0.17713133990764618 0.24001026153564453
0.20618630945682526 0.24063168466091156
0.23289760947227478 0.24106372892856598
0.2296985238790512 0.24162733554840088
0.22634489834308624 0.24236825108528137
0.24613092839717865 0.24761644005775452
0.22393755614757538 0.24828721582889557
0.2492828518152237 0.24959173798561096
0.24477924406528473 0.24959173798561096
0.24613092839717865 0.25949808955192566
0.25949808955192566 0.2601088285446167
0.2548399269580841 0.26672154664993286
0.25033631920814514 0.26900574564933777
0.2659769654273987 0.26968666911125183
0.2548399269580841 0.26969030499458313
0.2712251842021942 0.27222082018852234
0.2016827017068863 0.273834228515625
0.2715340554714203 0.2806994616985321
0.2670304477214813 0.28520306944847107
0.2614733874797821 0.29127293825149536
0.27358317375183105 0.2991141974925995
0.28594401478767395 0.30363377928733826
0.3020781874656677 0.3043045401573181
0.29734644293785095 0.30666252970695496
0.2765541076660156 0.3091908395290375
0.28006207942962646 0.31006333231925964
0.30969130992889404 0.3189798593521118
0.3149394989013672 0.32095298171043396
0.2622179687023163 0.3227860629558563
0.28341567516326904 0.3255760669708252
0.29332202672958374 0.33843737840652466
0.34451088309288025 0.34703919291496277
0.35094043612480164 0.36416903138160706
0.3132152259349823 0.36446723341941833
0.35180819034576416 0.3645744323730469
0.30535802245140076 0.37400156259536743
0.42080777883529663 0.434892863035202
0.44065383076667786 0.4467708468437195
0.447562575340271 0.45127809047698975
0.45070382952690125 0.4704533815383911
0.46635517477989197 0.5275241732597351
0.5215615034103394 0.5282421112060547
