0.0 0.02324683964252472
0.0 0.02324683964252472
0.0 0.02324683964252472
0.0 0.02324683964252472
0.0 0.02324683964252472
0.0 0.02324683964252472
0.0 0.02324683964252472
0.0 0.02324683964252472
0.0 0.02324683964252472
0.0 0.02324683964252472
0.0 0.02324683964252472
0.0 0.02324683964252472
0.0 0.02324683964252472
0.0 0.02324683964252472
0.0 0.02324683964252472
0.0 0.02324683964252472
0.0 0.02324683964252472
0.0 0.02324683964252472
0.0 0.02324683964252472
0.0 0.02324683964252472
0.0 0.02324683964252472
0.0 0.02324683964252472
0.0 0.02324683964252472
0.0 0.02324683964252472
0.0 0.02324683964252472
0.0 0.02324683964252472
0.0 0.02324683964252472
0.0 0.02324683964252472
0.0 0.02324683964252472
0.0 0.02324683964252472
0.0 0.02324683964252472
0.0 0.02324683964252472
0.0 0.02324683964252472
0.0 0.02324683964252472
0.0 0.02324683964252472
0.0 0.02324683964252472
0.0 0.02324683964252472
0.0 0.02324683964252472
0.0 0.02324683964252472
0.0 0.02324683964252472
0.0 0.02324683964252472
0.0 0.02324683964252472
0.0 0.02324683964252472
0.0 0.02324683964252472
0.0 0.02324683964252472
0.0 0.02324683964252472
0.0 0.02324683964252472
0.0 0.02324683964252472
0.0 0.02324683964252472
0.0 0.02324683964252472
0.0 0.02324683964252472
0.0 0.02324683964252472
0.0 0.02324683964252472
0.0 0.033823952078819275
0.0 0.033823952078819275
0.0 0.033823952078819275
0.0 0.033823952078819275
0.0 0.033823952078819275
0.02324683964252472 0.033823952078819275
0.0 0.033823952078819275
0.0 0.033823952078819275
0.0 0.033823952078819275
0.0 0.033823952078819275
0.02324683964252472 0.033823952078819275
0.02324683964252472 0.033823952078819275
0.0 0.033823952078819275
0.02324683964252472 0.033823952078819275
0.02324683964252472 0.033823952078819275
0.02324683964252472 0.033823952078819275
0.0 0.033823952078819275
0.0 0.033823952078819275
0.0 0.033823952078819275
0.02324683964252472 0.033823952078819275
0.0 0.033823952078819275
0.0 0.033823952078819275
0.0 0.033823952078819275
0.0 0.033823952078819275
0.02324683964252472 0.033823952078819275
0.02324683964252472 0.033823952078819275
0.02324683964252472 0.033823952078819275
0.0 0.033823952078819275
0.0 0.033823952078819275
0.0 0.033823952078819275
0.02324683964252472 0.033823952078819275
0.0 0.033823952078819275
0.0 0.033823952078819275
0.02324683964252472 0.033823952078819275
0.0 0.033823952078819275
0.0 0.033823952078819275
0.0 0.033823952078819275
0.0 0.033823952078819275
0.0 0.033823952078819275
0.0 0.033823952078819275
0.02324683964252472 0.033823952078819275
0.0 0.033823952078819275
0.0 0.033823952078819275
0.02324683964252472 0.033823952078819275
0.02324683964252472 0.033823952078819275
0.02324683964252472 0.033823952078819275
0.02324683964252472 0.033823952078819275
0.0 0.033823952078819275
0.0 0.033823952078819275
0.0 0.033823952078819275
0.0 0.033823952078819275
0.02324683964252472 0.033823952078819275
0.02324683964252472 0.033823952078819275
0.0 0.033823952078819275
0.0 0.033823952078819275
0.0 0.033823952078819275
0.0 0.033823952078819275
0.0 0.033823952078819275
0.02324683964252472 0.033823952078819275
0.0 0.033823952078819275
0.0 0.03832755982875824
0.0 0.03832755982875824
0.0 0.03832755982875824
0.033823952078819275 0.03832755982875824
0.033823952078819275 0.03832755982875824
0.033823952078819275 0.03832755982875824
0.02324683964252472 0.03832755982875824
0.033823952078819275 0.03832755982875824
0.02324683964252472 0.03832755982875824
0.033823952078819275 0.03832755982875824
0.033823952078819275 0.03832755982875824
0.033823952078819275 0.03832755982875824
0.0 0.03832755982875824
0.033823952078819275 0.03832755982875824
0.033823952078819275 0.03832755982875824
0.0 0.03832755982875824
0.033823952078819275 0.03832755982875824
0.0 0.03832755982875824
0.033823952078819275 0.03832755982875824
0.0 0.03832755982875824
0.0 0.03832755982875824
0.02324683964252472 0.03832755982875824
0.033823952078819275 0.03832755982875824
0.033823952078819275 0.03832755982875824
0.033823952078819275 0.03832755982875824
0.033823952078819275 0.03832755982875824
0.033823952078819275 0.03832755982875824
0.0 0.03832755982875824
0.033823952078819275 0.03832755982875824
0.033823952078819275 0.03832755982875824
0.033823952078819275 0.03832755982875824
0.0 0.03832755982875824
0.033823952078819275 0.03832755982875824
0.0 0.03832755982875824
0.0 0.03832755982875824
0.0 0.03832755982875824
0.033823952078819275 0.03832755982875824
0.02324683964252472 0.03832755982875824
0.033823952078819275 0.03832755982875824
0.02324683964252472 0.03832755982875824
0.0 0.03832755982875824
0.02324683964252472 0.03832755982875824
0.033823952078819275 0.03832755982875824
0.033823952078819275 0.03832755982875824
0.033823952078819275 0.03832755982875824
0.02324683964252472 0.03832755982875824
0.033823952078819275 0.03832755982875824
0.0 0.03832755982875824
0.0 0.03832755982875824
0.02324683964252472 0.03832755982875824
0.0 0.03832755982875824
0.0 0.03832755982875824
0.033823952078819275 0.03832755982875824
0.033823952078819275 0.03832755982875824
0.02324683964252472 0.03832755982875824
0.033823952078819275 0.03832755982875824
0.0 0.03832755982875824
0.033823952078819275 0.03832755982875824
0.0 0.03832755982875824
0.033823952078819275 0.03832755982875824
0.02324683964252472 0.03832755982875824
0.02324683964252472 0.03832755982875824
0.02324683964252472 0.03832755982875824
0.033823952078819275 0.03832755982875824
0.033823952078819275 0.03832755982875824
0.033823952078819275 0.03832755982875824
0.033823952078819275 0.03832755982875824
0.033823952078819275 0.04649367928504944
0.033823952078819275 0.04649367928504944
0.033823952078819275 0.04649367928504944
0.0 0.04649367928504944
0.0 0.04649367928504944
0.033823952078819275 0.04649367928504944
0.0 0.04649367928504944
0.033823952078819275 0.04649367928504944
0.0 0.04649367928504944
0.02324683964252472 0.04649367928504944
0.0 0.04649367928504944
0.033823952078819275 0.04649367928504944
0.033823952078819275 0.04649367928504944
0.0 0.049213558435440063
0.033823952078819275 0.049213558435440063
0.03832755982875824 0.049213558435440063
0.033823952078819275 0.049213558435440063
0.03832755982875824 0.049213558435440063
0.0 0.049213558435440063
0.033823952078819275 0.049213558435440063
0.02324683964252472 0.049213558435440063
0.033823952078819275 0.049213558435440063
0.033823952078819275 0.049213558435440063
0.0 0.049213558435440063
0.0 0.049213558435440063
0.0 0.049213558435440063
0.02324683964252472 0.049213558435440063
0.0 0.049213558435440063
0.0 0.049213558435440063
0.0 0.049213558435440063
0.0 0.049213558435440063
0.0 0.049213558435440063
0.02324683964252472 0.049213558435440063
0.033823952078819275 0.049213558435440063
0.02324683964252472 0.049213558435440063
0.033823952078819275 0.049213558435440063
0.033823952078819275 0.049213558435440063
0.033823952078819275 0.049213558435440063
0.0 0.049213558435440063
0.03832755982875824 0.049213558435440063
0.033823952078819275 0.049213558435440063
0.0 0.049213558435440063
0.03832755982875824 0.049213558435440063
0.02324683964252472 0.049213558435440063
0.049213558435440063 0.0557662695646286
0.0 0.0557662695646286
0.033823952078819275 0.0557662695646286
0.03832755982875824 0.0557662695646286
0.033823952078819275 0.0557662695646286
0.0 0.0557662695646286
0.0 0.0557662695646286
0.033823952078819275 0.0557662695646286
0.0 0.0557662695646286
0.049213558435440063 0.0557662695646286
0.0 0.0557662695646286
0.049213558435440063 0.0557662695646286
0.049213558435440063 0.0557662695646286
0.033823952078819275 0.0557662695646286
0.033823952078819275 0.0557662695646286
0.033823952078819275 0.0557662695646286
0.049213558435440063 0.0557662695646286
0.049213558435440063 0.0557662695646286
0.049213558435440063 0.0557662695646286
0.049213558435440063 0.0557662695646286
0.049213558435440063 0.0557662695646286
0.03832755982875824 0.0557662695646286
0.0 0.0557662695646286
0.0 0.0557662695646286
0.049213558435440063 0.0557662695646286
0.033823952078819275 0.0557662695646286
0.049213558435440063 0.0557662695646286
0.033823952078819275 0.0557662695646286
0.049213558435440063 0.0557662695646286
0.0 0.0557662695646286
0.0 0.0557662695646286
0.03832755982875824 0.0557662695646286
0.049213558435440063 0.0557662695646286
0.049213558435440063 0.0557662695646286
0.0 0.0557662695646286
0.0 0.0557662695646286
0.049213558435440063 0.0557662695646286
0.033823952078819275 0.0557662695646286
0.0 0.0557662695646286
0.049213558435440063 0.0557662695646286
0.0 0.0557662695646286
0.0 0.0557662695646286
0.049213558435440063 0.0557662695646286
0.049213558435440063 0.0557662695646286
0.049213558435440063 0.0557662695646286
0.0 0.0557662695646286
0.02324683964252472 0.0557662695646286
0.049213558435440063 0.0557662695646286
0.049213558435440063 0.0557662695646286
0.049213558435440063 0.0557662695646286
0.049213558435440063 0.0557662695646286
0.0 0.0557662695646286
0.049213558435440063 0.0557662695646286
0.02324683964252472 0.0557662695646286
0.0 0.0557662695646286
0.0 0.0557662695646286
0.049213558435440063 0.0557662695646286
0.049213558435440063 0.0557662695646286
0.0 0.0557662695646286
0.0 0.0557662695646286
0.049213558435440063 0.0557662695646286
0.0 0.0557662695646286
0.049213558435440063 0.0557662695646286
0.049213558435440063 0.0557662695646286
0.049213558435440063 0.0557662695646286
0.0 0.0557662695646286
0.0 0.0557662695646286
0.049213558435440063 0.0557662695646286
0.049213558435440063 0.0557662695646286
0.0 0.0557662695646286
0.049213558435440063 0.0557662695646286
0.049213558435440063 0.0557662695646286
0.0 0.0557662695646286
0.0 0.0557662695646286
0.049213558435440063 0.0557662695646286
0.049213558435440063 0.0557662695646286
0.049213558435440063 0.0557662695646286
0.049213558435440063 0.0557662695646286
0.049213558435440063 0.0557662695646286
0.0 0.0557662695646286
0.033823952078819275 0.0557662695646286
0.049213558435440063 0.0557662695646286
0.049213558435440063 0.0557662695646286
0.02324683964252472 0.0557662695646286
0.0 0.0557662695646286
0.033823952078819275 0.0557662695646286
0.03832755982875824 0.0557662695646286
0.049213558435440063 0.0557662695646286
0.049213558435440063 0.0557662695646286
0.049213558435440063 0.0557662695646286
0.049213558435440063 0.0557662695646286
0.02324683964252472 0.0557662695646286
0.0 0.0557662695646286
0.033823952078819275 0.0557662695646286
0.0 0.0557662695646286
0.033823952078819275 0.0557662695646286
0.0 0.0557662695646286
0.049213558435440063 0.0557662695646286
0.049213558435440063 0.0557662695646286
0.049213558435440063 0.0557662695646286
0.049213558435440063 0.0557662695646286
0.049213558435440063 0.0557662695646286
0.049213558435440063 0.0557662695646286
0.033823952078819275 0.0557662695646286
0.049213558435440063 0.0557662695646286
0.049213558435440063 0.0557662695646286
0.049213558435440063 0.0557662695646286
0.0 0.0557662695646286
0.0 0.0557662695646286
0.0 0.0557662695646286
0.049213558435440063 0.0557662695646286
0.049213558435440063 0.0557662695646286
0.049213558435440063 0.0557662695646286
0.0557662695646286 0.057070791721343994
0.0 0.057070791721343994
0.049213558435440063 0.057070791721343994
0.0 0.057070791721343994
0.0557662695646286 0.057070791721343994
0.049213558435440063 0.057070791721343994
0.049213558435440063 0.057070791721343994
0.0557662695646286 0.057070791721343994
0.033823952078819275 0.057070791721343994
0.049213558435440063 0.057070791721343994
0.0 0.057070791721343994
0.033823952078819275 0.057070791721343994
0.0 0.057070791721343994
0.0 0.057070791721343994
0.0 0.057070791721343994
0.033823952078819275 0.057070791721343994
0.0 0.057070791721343994
0.0 0.057070791721343994
0.0 0.057070791721343994
0.0 0.057070791721343994
0.033823952078819275 0.057070791721343994
0.033823952078819275 0.057070791721343994
0.03832755982875824 0.057070791721343994
0.049213558435440063 0.057070791721343994
0.0557662695646286 0.057070791721343994
0.049213558435440063 0.057070791721343994
0.0 0.057070791721343994
0.0557662695646286 0.057070791721343994
0.049213558435440063 0.057070791721343994
0.0557662695646286 0.057070791721343994
0.049213558435440063 0.057070791721343994
0.049213558435440063 0.057070791721343994
0.049213558435440063 0.057070791721343994
0.0 0.057070791721343994
0.049213558435440063 0.06157439947128296
0.049213558435440063 0.06157439947128296
0.049213558435440063 0.06157439947128296
0.0 0.06157439947128296
0.033823952078819275 0.06157439947128296
0.02324683964252472 0.06157439947128296
0.0557662695646286 0.06157439947128296
0.049213558435440063 0.06157439947128296
0.033823952078819275 0.06157439947128296
0.049213558435440063 0.06157439947128296
0.0557662695646286 0.06157439947128296
0.049213558435440063 0.06157439947128296
0.02324683964252472 0.06157439947128296
0.057070791721343994 0.06157439947128296
0.033823952078819275 0.06157439947128296
0.0557662695646286 0.06157439947128296
0.057070791721343994 0.06157439947128296
0.0 0.06157439947128296
0.0557662695646286 0.06157439947128296
0.0 0.06319145858287811
0.0 0.06319145858287811
0.0557662695646286 0.06319145858287811
0.0557662695646286 0.06319145858287811
0.0 0.06319145858287811
0.0557662695646286 0.06319145858287811
0.0 0.06319145858287811
0.0 0.06319145858287811
0.03832755982875824 0.06319145858287811
0.0557662695646286 0.06319145858287811
0.0557662695646286 0.06319145858287811
0.0 0.06319145858287811
0.0557662695646286 0.06319145858287811
0.0 0.06764790415763855
0.0 0.06764790415763855
0.049213558435440063 0.06764790415763855
0.049213558435440063 0.06764790415763855
0.06157439947128296 0.06764790415763855
0.0 0.06764790415763855
0.049213558435440063 0.06764790415763855
0.033823952078819275 0.06764790415763855
0.0 0.06764790415763855
0.049213558435440063 0.06764790415763855
0.0 0.06764790415763855
0.049213558435440063 0.06764790415763855
0.02324683964252472 0.06764790415763855
0.049213558435440063 0.06764790415763855
0.0 0.06764790415763855
0.049213558435440063 0.06764790415763855
0.049213558435440063 0.06764790415763855
0.033823952078819275 0.06764790415763855
0.049213558435440063 0.06764790415763855
0.049213558435440063 0.06764790415763855
0.033823952078819275 0.06764790415763855
0.033823952078819275 0.06764790415763855
0.049213558435440063 0.06764790415763855
0.06764790415763855 0.06974051892757416
0.06157439947128296 0.06974051892757416
0.033823952078819275 0.06974051892757416
0.0557662695646286 0.07215151190757751
0.049213558435440063 0.07215151190757751
0.0557662695646286 0.07215151190757751
0.049213558435440063 0.07215151190757751
0.0557662695646286 0.07215151190757751
0.06764790415763855 0.07215151190757751
0.057070791721343994 0.07215151190757751
0.0 0.07215151190757751
0.0 0.07215151190757751
0.04649367928504944 0.07215151190757751
0.0557662695646286 0.07215151190757751
0.0 0.07215151190757751
0.049213558435440063 0.07215151190757751
0.049213558435440063 0.07215151190757751
0.06764790415763855 0.07246039807796478
0.06764790415763855 0.07246039807796478
0.0557662695646286 0.07246039807796478
0.02324683964252472 0.07246039807796478
0.033823952078819275 0.07246039807796478
0.0557662695646286 0.07246039807796478
0.0557662695646286 0.07246039807796478
0.07215151190757751 0.07246039807796478
0.0 0.07246039807796478
0.06157439947128296 0.07246039807796478
0.06319145858287811 0.07246039807796478
0.03832755982875824 0.07246039807796478
0.033823952078819275 0.07665511965751648
0.0 0.07665511965751648
0.06764790415763855 0.07665511965751648
0.0 0.07665511965751648
0.033823952078819275 0.07665511965751648
0.033823952078819275 0.07665511965751648
0.06319145858287811 0.07901310920715332
0.03832755982875824 0.07901310920715332
0.02324683964252472 0.07901310920715332
0.0 0.07901310920715332
0.0 0.07901310920715332
0.06319145858287811 0.07901310920715332
0.033823952078819275 0.07901310920715332
0.02324683964252472 0.07901310920715332
0.06157439947128296 0.07901310920715332
0.0557662695646286 0.07901310920715332
0.0557662695646286 0.07901310920715332
0.07215151190757751 0.07901310920715332
0.06764790415763855 0.07901310920715332
0.07215151190757751 0.07901310920715332
0.06764790415763855 0.07901310920715332
0.049213558435440063 0.07901310920715332
0.049213558435440063 0.08031763136386871
0.06764790415763855 0.08031763136386871
0.07901310920715332 0.08031763136386871
0.03832755982875824 0.08031763136386871
0.07901310920715332 0.08031763136386871
0.033823952078819275 0.08031763136386871
0.0 0.08303751051425934
0.02324683964252472 0.08303751051425934
0.049213558435440063 0.08303751051425934
0.07901310920715332 0.08303751051425934
0.0 0.08303751051425934
0.049213558435440063 0.08303751051425934
0.0 0.08303751051425934
0.049213558435440063 0.08303751051425934
0.0 0.08303751051425934
0.057070791721343994 0.08303751051425934
0.07215151190757751 0.08303751051425934
0.057070791721343994 0.08303751051425934
0.06764790415763855 0.08482123911380768
0.06764790415763855 0.08482123911380768
0.08303751051425934 0.08643830567598343
0.0 0.08643830567598343
0.08303751051425934 0.08643830567598343
0.08643830567598343 0.0875411182641983
0.07215151190757751 0.0875411182641983
0.08643830567598343 0.0875411182641983
0.08303751051425934 0.08959022164344788
0.07246039807796478 0.08959022164344788
0.08643830567598343 0.08959022164344788
0.07901310920715332 0.08959022164344788
0.0557662695646286 0.08959022164344788
0.049213558435440063 0.08959022164344788
0.033823952078819275 0.08959022164344788
0.03832755982875824 0.08959022164344788
0.0875411182641983 0.08959022164344788
0.06764790415763855 0.08959022164344788
0.049213558435440063 0.08959022164344788
0.08643830567598343 0.08959022164344788
0.0 0.08959022164344788
0.06764790415763855 0.08959022164344788
0.0875411182641983 0.08959022164344788
0.0 0.08959022164344788
0.08643830567598343 0.08959022164344788
0.0 0.08959022164344788
0.06764790415763855 0.08959022164344788
0.0 0.09089474380016327
0.07901310920715332 0.09089474380016327
0.0875411182641983 0.09089474380016327
0.02324683964252472 0.09089474380016327
0.08959022164344788 0.09089474380016327
0.08303751051425934 0.09089474380016327
0.08303751051425934 0.09089474380016327
0.0875411182641983 0.09089474380016327
0.049213558435440063 0.09089474380016327
0.0875411182641983 0.09089474380016327
0.049213558435440063 0.09409382939338684
0.06764790415763855 0.09409382939338684
0.0557662695646286 0.09409382939338684
0.033823952078819275 0.09409382939338684
0.08303751051425934 0.09409382939338684
0.08303751051425934 0.09409382939338684
0.057070791721343994 0.09409382939338684
0.08959022164344788 0.09539835155010223
0.057070791721343994 0.09539835155010223
0.0 0.09539835155010223
0.07901310920715332 0.09539835155010223
0.06764790415763855 0.09539835155010223
0.08303751051425934 0.09539835155010223
0.06157439947128296 0.09539835155010223
0.0 0.09539835155010223
0.08303751051425934 0.09539835155010223
0.07215151190757751 0.09539835155010223
0.06764790415763855 0.09539835155010223
0.06764790415763855 0.0957072377204895
0.03832755982875824 0.0957072377204895
0.0875411182641983 0.0957072377204895
0.09409382939338684 0.09701541811227798
0.08303751051425934 0.09701541811227798
0.08303751051425934 0.09701541811227798
0.09409382939338684 0.09701541811227798
0.02324683964252472 0.09701541811227798
0.0 0.09701541811227798
0.08959022164344788 0.09842712432146072
0.08303751051425934 0.09842712432146072
0.02324683964252472 0.09842712432146072
0.0 0.09842712432146072
0.06764790415763855 0.0999019593000412
0.09842712432146072 0.0999019593000412
0.07901310920715332 0.10147186368703842
0.09409382939338684 0.10147186368703842
0.09842712432146072 0.10147186368703842
0.09842712432146072 0.10147186368703842
0.09842712432146072 0.10147186368703842
0.06157439947128296 0.10147186368703842
0.0875411182641983 0.10147186368703842
0.02324683964252472 0.10147186368703842
0.09842712432146072 0.10151901841163635
0.09701541811227798 0.10225994884967804
0.03832755982875824 0.10225994884967804
0.06764790415763855 0.10497982800006866
0.09701541811227798 0.10497982800006866
0.09409382939338684 0.10497982800006866
0.09701541811227798 0.10497982800006866
0.08303751051425934 0.10497982800006866
0.049213558435440063 0.10497982800006866
0.09409382939338684 0.10497982800006866
0.0 0.10497982800006866
0.10497982800006866 0.10597545653581619
0.09842712432146072 0.10597545653581619
0.08303751051425934 0.10597545653581619
0.09842712432146072 0.10597545653581619
0.10497982800006866 0.10597545653581619
0.10497982800006866 0.10597545653581619
0.08959022164344788 0.10597545653581619
0.08959022164344788 0.10597545653581619
0.09842712432146072 0.10597545653581619
0.07901310920715332 0.10628435015678406
0.0875411182641983 0.10628435015678406
0.09409382939338684 0.10628435015678406
0.0875411182641983 0.10628435015678406
0.08303751051425934 0.10628435015678406
0.08303751051425934 0.10968513786792755
0.10597545653581619 0.11047907173633575
0.0 0.11078795790672302
0.09842712432146072 0.1115325391292572
0.08303751051425934 0.1115325391292572
0.1115325391292572 0.11240501701831818
0.057070791721343994 0.11240501701831818
0.033823952078819275 0.1128370612859726
0.057070791721343994 0.1128370612859726
0.11240501701831818 0.1128370612859726
0.0 0.11414158344268799
0.1115325391292572 0.11414158344268799
0.0 0.11414158344268799
0.08959022164344788 0.11414158344268799
0.1115325391292572 0.11498267948627472
0.09539835155010223 0.11686147004365921
0.09409382939338684 0.11686147004365921
0.09701541811227798 0.11686147004365921
0.1115325391292572 0.11686147004365921
0.0 0.11686147004365921
0.049213558435440063 0.11734066903591156
0.10497982800006866 0.11734066903591156
0.11686147004365921 0.11734066903591156
0.09089474380016327 0.11864519119262695
0.11686147004365921 0.11864519119262695
0.033823952078819275 0.11864519119262695
0.08959022164344788 0.11895407736301422
0.11734066903591156 0.1202622503042221
0.07215151190757751 0.1202622503042221
0.0557662695646286 0.1202622503042221
0.11686147004365921 0.12136507034301758
0.08959022164344788 0.12136507034301758
0.1115325391292572 0.12136507034301758
0.0 0.12136507034301758
0.11686147004365921 0.12136507034301758
0.11414158344268799 0.12136507034301758
0.049213558435440063 0.12136507034301758
0.10151901841163635 0.12136507034301758
0.10497982800006866 0.12136507034301758
0.049213558435440063 0.12167395651340485
0.049213558435440063 0.12167395651340485
0.09842712432146072 0.12314879894256592
0.09089474380016327 0.12314879894256592
0.11895407736301422 0.12341417372226715
0.049213558435440063 0.12341417372226715
0.0 0.12341417372226715
0.11240501701831818 0.12341417372226715
0.10151901841163635 0.12341417372226715
0.11240501701831818 0.12341417372226715
0.033823952078819275 0.12341417372226715
0.12167395651340485 0.12341417372226715
0.03832755982875824 0.12471870332956314
0.12341417372226715 0.12471870332956314
0.049213558435440063 0.12476585805416107
0.09842712432146072 0.12476585805416107
0.11240501701831818 0.12586867809295654
0.10151901841163635 0.12791778147220612
0.11240501701831818 0.12791778147220612
0.09842712432146072 0.12791778147220612
0.11686147004365921 0.12791778147220612
0.10497982800006866 0.12791778147220612
0.1202622503042221 0.12791778147220612
0.10356447100639343 0.12791778147220612
0.049213558435440063 0.12822666764259338
0.08482123911380768 0.1292223036289215
0.12791778147220612 0.1292223036289215
0.12791778147220612 0.1292223036289215
0.12136507034301758 0.1292223036289215
0.09409382939338684 0.1292223036289215
0.09409382939338684 0.13083936274051666
0.09409382939338684 0.1322510689496994
0.11686147004365921 0.1322510689496994
0.10597545653581619 0.13242138922214508
0.12791778147220612 0.13293197751045227
0.12822666764259338 0.13372591137886047
0.06157439947128296 0.13372591137886047
0.12791778147220612 0.13372591137886047
0.08959022164344788 0.1352958083152771
0.12791778147220612 0.13534297049045563
0.1115325391292572 0.1356518566608429
0.08959022164344788 0.13675467669963837
0.1128370612859726 0.13880378007888794
0.02324683964252472 0.13880378007888794
0.02324683964252472 0.13880378007888794
0.1128370612859726 0.13880378007888794
0.1322510689496994 0.13880378007888794
0.13608390092849731 0.13979941606521606
0.13372591137886047 0.13979941606521606
0.12791778147220612 0.14010831713676453
0.09089474380016327 0.14010831713676453
0.10597545653581619 0.14010831713676453
0.13880378007888794 0.14058750867843628
0.14010831713676453 0.14058750867843628
0.0 0.14220456779003143
0.09089474380016327 0.14220456779003143
0.13880378007888794 0.1433073878288269
0.12822666764259338 0.14350908994674683
0.049213558435440063 0.14430302381515503
0.08303751051425934 0.14430302381515503
0.07215151190757751 0.1446119099855423
0.09701541811227798 0.1446119099855423
0.1128370612859726 0.1446119099855423
0.13880378007888794 0.1446119099855423
0.0 0.14535649120807648
0.1115325391292572 0.14535649120807648
0.0 0.14535649120807648
0.11078795790672302 0.14535649120807648
0.13477937877178192 0.14622898399829865
0.12953118979930878 0.14666101336479187
0.13675467669963837 0.14666101336479187
0.11686147004365921 0.14666101336479187
0.14492079615592957 0.14666101336479187
0.13675467669963837 0.14666101336479187
0.06764790415763855 0.1476406753063202
0.08482123911380768 0.14796553552150726
0.14666101336479187 0.14796553552150726
0.0 0.1480126976966858
0.0 0.148806631565094
0.13880378007888794 0.148806631565094
0.14535649120807648 0.14911551773548126
0.08303751051425934 0.14911551773548126
0.13534297049045563 0.14986009895801544
0.13083936274051666 0.14986009895801544
0.11734066903591156 0.1506854146718979
0.14010831713676453 0.15116462111473083
0.14010831713676453 0.15116462111473083
0.10628435015678406 0.15116462111473083
0.12136507034301758 0.15116462111473083
0.1433073878288269 0.1514735072851181
0.14010831713676453 0.1514735072851181
0.14010831713676453 0.15246914327144623
0.12341417372226715 0.15246914327144623
0.1292223036289215 0.15246914327144623
0.14430302381515503 0.15246914327144623
0.1506854146718979 0.1527780294418335
0.12167395651340485 0.15408621728420258
0.1433073878288269 0.15408621728420258
0.033823952078819275 0.15419338643550873
0.13880378007888794 0.15419338643550873
0.033823952078819275 0.15518902242183685
0.14666101336479187 0.15518902242183685
0.14986009895801544 0.15549790859222412
0.13822951912879944 0.15549790859222412
0.14010831713676453 0.15728163719177246
0.14986009895801544 0.15728528797626495
0.12167395651340485 0.15854264795780182
0.14535649120807648 0.15889869630336761
0.10628435015678406 0.15933074057102203
0.15518902242183685 0.15933074057102203
0.15419338643550873 0.1602068841457367
0.15419338643550873 0.16074609756469727
0.14220456779003143 0.1617417335510254
0.14666101336479187 0.16205061972141266
0.15408621728420258 0.16205061972141266
0.033823952078819275 0.16205061972141266
0.15419338643550873 0.16205061972141266
0.13880378007888794 0.16335515677928925
0.14010831713676453 0.163834348320961
0.16205061972141266 0.16466331481933594
0.152781680226326 0.16545140743255615
0.16205061972141266 0.16607503592967987
0.1202622503042221 0.16607503592967987
0.15858981013298035 0.16624534130096436
0.09539835155010223 0.16624534130096436
0.12136507034301758 0.16624534130096436
0.15969263017177582 0.16655422747135162
0.13534297049045563 0.16785874962806702
0.15969263017177582 0.16817128658294678
0.033823952078819275 0.1686033308506012
0.15518902242183685 0.1699078530073166
0.12167395651340485 0.1699078530073166
0.11864519119262695 0.17057862877845764
0.15549790859222412 0.17057862877845764
0.14535649120807648 0.17057862877845764
0.152781680226326 0.17074894905090332
0.15549790859222412 0.1726277470588684
0.1446119099855423 0.17287659645080566
0.0 0.1739322543144226
0.1686033308506012 0.17397941648960114
0.12136507034301758 0.17441146075725555
0.10497982800006866 0.17441146075725555
0.13083936274051666 0.1760285198688507
0.16205061972141266 0.1760285198688507
0.1708875149488449 0.17655707895755768
0.1726277470588684 0.17744022607803345
0.1726277470588684 0.17744022607803345
0.07665511965751648 0.17843586206436157
0.14666101336479187 0.17918044328689575
0.1750822365283966 0.17918044328689575
0.1433073878288269 0.18005293607711792
0.17310693860054016 0.18005293607711792
0.1446119099855423 0.18048496544361115
0.1686033308506012 0.18048496544361115
0.0 0.18178948760032654
0.1617417335510254 0.18257758021354675
0.17713133990764618 0.18293946981430054
0.18163494765758514 0.18293946981430054
0.15969263017177582 0.1832483559846878
0.18005293607711792 0.18399293720722198
0.17744022607803345 0.18450936675071716
0.17713133990764618 0.1849885731935501
0.16545140743255615 0.1849885731935501
0.1739322543144226 0.18529745936393738
0.1506854146718979 0.18529745936393738
0.15246914327144623 0.18529745936393738
0.08959022164344788 0.1862930953502655
0.1617417335510254 0.18713419139385223
0.15858981013298035 0.18906013667583466
0.17918044328689575 0.1910620778799057
0.0 0.19272266328334808
0.1802195906639099 0.1935165822505951
0.18368405103683472 0.1954425424337387
0.19457004964351654 0.19556568562984467
0.18818765878677368 0.19587458670139313
0.13242138922214508 0.19717909395694733
0.16655422747135162 0.19717909395694733
0.12822666764259338 0.19927535951137543
0.1931546926498413 0.2003781795501709
0.18660564720630646 0.20068706572055817
0.2003781795501709 0.2016827017068863
0.033823952078819275 0.20242728292942047
0.14666101336479187 0.2037753164768219
0.19927535951137543 0.2064516842365265
0.2003781795501709 0.20775620639324188
0.20329977571964264 0.20823541283607483
0.17713133990764618 0.21225981414318085
0.14535649120807648 0.21225981414318085
0.17074894905090332 0.21225981414318085
0.18183664977550507 0.2125687152147293
0.1750822365283966 0.21300439536571503
0.21095529198646545 0.2140435427427292
0.15728528797626495 0.2167634218931198
0.21738484501838684 0.217508003115654
0.2157677859067917 0.21781688928604126
0.1931546926498413 0.21781688928604126
0.21230697631835938 0.2197921872138977
0.19556568562984467 0.22011704742908478
0.16785874962806702 0.22201161086559296
0.22232049703598022 0.22314581274986267
0.16754986345767975 0.224929541349411
0.22393755614757538 0.2249332070350647
0.18368405103683472 0.22734053432941437
0.21738484501838684 0.22839400172233582
0.21126417815685272 0.2317947894334793
0.1617417335510254 0.23320649564266205
0.21126417815685272 0.23420213162899017
0.22634489834308624 0.23420213162899017
0.23420213162899017 0.2344038337469101
0.12586867809295654 0.23468133807182312
0.21651236712932587 0.23625123500823975
0.21300439536571503 0.2403191477060318
0.23494671285152435 0.2407548427581787
0.2167634218931198 0.24158015847206116
0.24237191677093506 0.24372358620166779
0.24173450469970703 0.24477924406528473
0.2072397768497467 0.24477924406528473
0.16785874962806702 0.24631191790103912
0.13979941606521606 0.24770082533359528
0.24063168466091156 0.25263649225234985
0.25378647446632385 0.2561444640159607
0.25566524267196655 0.2574489712715149
0.2450881451368332 0.2587571442127228
0.2536161541938782 0.26064807176589966
0.2382265329360962 0.2635224759578705
0.24477924406528473 0.26400166749954224
0.2601688504219055 0.2646724581718445
0.2645021378993988 0.26672154664993286
0.2586340010166168 0.272097647190094
0.2871290147304535 0.2899684011936188
0.2670304477214813 0.29127293825149536
0.2776075601577759 0.2960854172706604
0.26400166749954224 0.2978256344795227
0.29299718141555786 0.2995498776435852
0.303946316242218 0.3082796037197113
0.2646724581718445 0.31216177344322205
0.315515398979187 0.3227388858795166
0.3008544147014618 0.32719314098358154
0.28341567516326904 0.33410409092903137
0.3278639316558838 0.33441299200057983
0.3359021544456482 0.34455806016921997
0.3412310779094696 0.35210639238357544
0.5236913561820984 0.5327299237251282
