0.0 0.02324683964252472
0.0 0.02324683964252472
0.0 0.02324683964252472
0.0 0.02324683964252472
0.0 0.02324683964252472
0.0 0.02324683964252472
0.0 0.02324683964252472
0.0 0.02324683964252472
0.0 0.02324683964252472
0.0 0.02324683964252472
0.0 0.02324683964252472
0.0 0.02324683964252472
0.0 0.02324683964252472
0.0 0.02324683964252472
0.0 0.02324683964252472
0.0 0.02324683964252472
0.0 0.02324683964252472
0.0 0.02324683964252472
0.0 0.02324683964252472
0.0 0.02324683964252472
0.0 0.02324683964252472
0.0 0.02324683964252472
0.0 0.02324683964252472
0.0 0.02324683964252472
0.0 0.02324683964252472
0.0 0.02324683964252472
0.0 0.02324683964252472
0.0 0.02324683964252472
0.0 0.02324683964252472
0.0 0.02324683964252472
0.0 0.02324683964252472
0.0 0.02324683964252472
0.0 0.02324683964252472
0.0 0.02324683964252472
0.0 0.02324683964252472
0.0 0.02324683964252472
0.0 0.02324683964252472
0.0 0.02324683964252472
0.0 0.02324683964252472
0.0 0.02324683964252472
0.0 0.02324683964252472
0.0 0.02324683964252472
0.0 0.02324683964252472
0.0 0.02324683964252472
0.0 0.02324683964252472
0.0 0.02324683964252472
0.0 0.02324683964252472
0.0 0.02324683964252472
0.0 0.02324683964252472
0.0 0.02324683964252472
0.0 0.02324683964252472
0.0 0.02324683964252472
0.0 0.02324683964252472
0.0 0.02324683964252472
0.0 0.02324683964252472
0.0 0.02324683964252472
0.0 0.02324683964252472
0.0 0.02324683964252472
0.02324683964252472 0.033823952078819275
0.02324683964252472 0.033823952078819275
0.0 0.033823952078819275
0.0 0.033823952078819275
0.02324683964252472 0.033823952078819275
0.0 0.033823952078819275
0.0 0.033823952078819275
0.0 0.033823952078819275
0.0 0.033823952078819275
0.0 0.033823952078819275
0.0 0.033823952078819275
0.0 0.033823952078819275
0.0 0.033823952078819275
0.0 0.033823952078819275
0.0 0.033823952078819275
0.0 0.033823952078819275
0.0 0.033823952078819275
0.0 0.033823952078819275
0.02324683964252472 0.033823952078819275
0.0 0.033823952078819275
0.0 0.033823952078819275
0.0 0.033823952078819275
0.02324683964252472 0.033823952078819275
0.0 0.033823952078819275
0.0 0.033823952078819275
0.0 0.033823952078819275
0.0 0.033823952078819275
0.02324683964252472 0.033823952078819275
0.02324683964252472 0.033823952078819275
0.02324683964252472 0.033823952078819275
0.0 0.033823952078819275
0.0 0.033823952078819275
0.0 0.033823952078819275
0.0 0.033823952078819275
0.0 0.033823952078819275
0.02324683964252472 0.033823952078819275
0.02324683964252472 0.033823952078819275
0.0 0.033823952078819275
0.0 0.033823952078819275
0.0 0.033823952078819275
0.0 0.033823952078819275
0.0 0.033823952078819275
0.02324683964252472 0.033823952078819275
0.0 0.033823952078819275
0.0 0.033823952078819275
0.02324683964252472 0.033823952078819275
0.0 0.033823952078819275
0.0 0.033823952078819275
0.02324683964252472 0.033823952078819275
0.02324683964252472 0.033823952078819275
0.02324683964252472 0.033823952078819275
0.0 0.033823952078819275
0.0 0.033823952078819275
0.0 0.033823952078819275
0.0 0.033823952078819275
0.0 0.033823952078819275
0.0 0.033823952078819275
0.0 0.033823952078819275
0.02324683964252472 0.033823952078819275
0.0 0.033823952078819275
0.0 0.033823952078819275
0.02324683964252472 0.033823952078819275
0.02324683964252472 0.033823952078819275
0.0 0.033823952078819275
0.0 0.03832755982875824
0.0 0.03832755982875824
0.033823952078819275 0.03832755982875824
0.02324683964252472 0.03832755982875824
0.033823952078819275 0.03832755982875824
0.033823952078819275 0.03832755982875824
0.0 0.03832755982875824
0.033823952078819275 0.03832755982875824
0.033823952078819275 0.03832755982875824
0.033823952078819275 0.03832755982875824
0.02324683964252472 0.03832755982875824
0.02324683964252472 0.03832755982875824
0.02324683964252472 0.03832755982875824
0.0 0.03832755982875824
0.033823952078819275 0.03832755982875824
0.033823952078819275 0.03832755982875824
0.0 0.03832755982875824
0.0 0.03832755982875824
0.033823952078819275 0.03832755982875824
0.033823952078819275 0.03832755982875824
0.033823952078819275 0.03832755982875824
0.0 0.03832755982875824
0.033823952078819275 0.03832755982875824
0.0 0.03832755982875824
0.0 0.03832755982875824
0.033823952078819275 0.03832755982875824
0.0 0.03832755982875824
0.0 0.03832755982875824
0.033823952078819275 0.03832755982875824
0.033823952078819275 0.03832755982875824
0.02324683964252472 0.03832755982875824
0.033823952078819275 0.03832755982875824
0.02324683964252472 0.03832755982875824
0.033823952078819275 0.03832755982875824
0.0 0.03832755982875824
0.0 0.03832755982875824
0.02324683964252472 0.03832755982875824
0.0 0.03832755982875824
0.033823952078819275 0.03832755982875824
0.033823952078819275 0.03832755982875824
0.033823952078819275 0.03832755982875824
0.0 0.03832755982875824
0.033823952078819275 0.03832755982875824
0.02324683964252472 0.03832755982875824
0.033823952078819275 0.03832755982875824
0.02324683964252472 0.03832755982875824
0.0 0.03832755982875824
0.02324683964252472 0.03832755982875824
0.033823952078819275 0.03832755982875824
0.033823952078819275 0.03832755982875824
0.033823952078819275 0.03832755982875824
0.033823952078819275 0.03832755982875824
0.033823952078819275 0.03832755982875824
0.0 0.03832755982875824
0.033823952078819275 0.03832755982875824
0.033823952078819275 0.03832755982875824
0.033823952078819275 0.03832755982875824
0.0 0.03832755982875824
0.0 0.03832755982875824
0.033823952078819275 0.03832755982875824
0.02324683964252472 0.03832755982875824
0.0 0.03832755982875824
0.0 0.03832755982875824
0.02324683964252472 0.03832755982875824
0.033823952078819275 0.03832755982875824
0.033823952078819275 0.03832755982875824
0.033823952078819275 0.03832755982875824
0.033823952078819275 0.03832755982875824
0.033823952078819275 0.04649367928504944
0.02324683964252472 0.04649367928504944
0.033823952078819275 0.04649367928504944
0.033823952078819275 0.04649367928504944
0.033823952078819275 0.04649367928504944
0.0 0.04649367928504944
0.0 0.04649367928504944
0.033823952078819275 0.04649367928504944
0.0 0.04649367928504944
0.0 0.04649367928504944
0.033823952078819275 0.04649367928504944
0.033823952078819275 0.049213558435440063
0.03832755982875824 0.049213558435440063
0.033823952078819275 0.049213558435440063
0.033823952078819275 0.049213558435440063
0.02324683964252472 0.049213558435440063
0.02324683964252472 0.049213558435440063
0.033823952078819275 0.049213558435440063
0.0 0.049213558435440063
0.0 0.049213558435440063
0.0 0.049213558435440063
0.0 0.049213558435440063
0.02324683964252472 0.049213558435440063
0.0 0.049213558435440063
0.0 0.049213558435440063
0.02324683964252472 0.049213558435440063
0.0 0.049213558435440063
0.033823952078819275 0.049213558435440063
0.03832755982875824 0.049213558435440063
0.03832755982875824 0.049213558435440063
0.0 0.049213558435440063
0.0 0.049213558435440063
0.0 0.049213558435440063
0.033823952078819275 0.049213558435440063
0.0 0.049213558435440063
0.033823952078819275 0.049213558435440063
0.0 0.049213558435440063
0.0 0.049213558435440063
0.033823952078819275 0.049213558435440063
0.0 0.049213558435440063
0.0 0.049213558435440063
0.0 0.049213558435440063
0.033823952078819275 0.049213558435440063
0.0 0.049213558435440063
0.02324683964252472 0.049213558435440063
0.033823952078819275 0.049213558435440063
0.0 0.0557662695646286
0.02324683964252472 0.0557662695646286
0.0 0.0557662695646286
0.0 0.0557662695646286
0.0 0.0557662695646286
0.049213558435440063 0.0557662695646286
0.0 0.0557662695646286
0.049213558435440063 0.0557662695646286
0.0 0.0557662695646286
0.0 0.0557662695646286
0.0 0.0557662695646286
0.0 0.0557662695646286
0.033823952078819275 0.0557662695646286
0.049213558435440063 0.0557662695646286
0.033823952078819275 0.0557662695646286
0.0 0.0557662695646286
0.049213558435440063 0.0557662695646286
0.049213558435440063 0.0557662695646286
0.0 0.0557662695646286
0.0 0.0557662695646286
0.049213558435440063 0.0557662695646286
0.049213558435440063 0.0557662695646286
0.049213558435440063 0.0557662695646286
0.049213558435440063 0.0557662695646286
0.049213558435440063 0.0557662695646286
0.0 0.0557662695646286
0.033823952078819275 0.0557662695646286
0.049213558435440063 0.0557662695646286
0.049213558435440063 0.0557662695646286
0.0 0.0557662695646286
0.0 0.0557662695646286
0.049213558435440063 0.0557662695646286
0.049213558435440063 0.0557662695646286
0.049213558435440063 0.0557662695646286
0.049213558435440063 0.0557662695646286
0.049213558435440063 0.0557662695646286
0.049213558435440063 0.0557662695646286
0.049213558435440063 0.0557662695646286
0.0 0.0557662695646286
0.049213558435440063 0.0557662695646286
0.049213558435440063 0.0557662695646286
0.049213558435440063 0.0557662695646286
0.0 0.0557662695646286
0.0 0.0557662695646286
0.049213558435440063 0.0557662695646286
0.049213558435440063 0.0557662695646286
0.049213558435440063 0.0557662695646286
0.049213558435440063 0.0557662695646286
0.049213558435440063 0.0557662695646286
0.049213558435440063 0.0557662695646286
0.049213558435440063 0.0557662695646286
0.02324683964252472 0.0557662695646286
0.049213558435440063 0.0557662695646286
0.0 0.0557662695646286
0.0 0.0557662695646286
0.0 0.0557662695646286
0.0 0.0557662695646286
0.0 0.0557662695646286
0.0 0.0557662695646286
0.0 0.0557662695646286
0.033823952078819275 0.0557662695646286
0.0 0.0557662695646286
0.0 0.0557662695646286
0.049213558435440063 0.0557662695646286
0.02324683964252472 0.0557662695646286
0.0 0.0557662695646286
0.049213558435440063 0.0557662695646286
0.049213558435440063 0.0557662695646286
0.0 0.0557662695646286
0.049213558435440063 0.0557662695646286
0.049213558435440063 0.0557662695646286
0.0 0.0557662695646286
0.0 0.0557662695646286
0.049213558435440063 0.0557662695646286
0.049213558435440063 0.0557662695646286
0.049213558435440063 0.0557662695646286
0.033823952078819275 0.0557662695646286
0.0 0.0557662695646286
0.0 0.0557662695646286
0.0 0.0557662695646286
0.049213558435440063 0.0557662695646286
0.049213558435440063 0.0557662695646286
0.0 0.0557662695646286
0.02324683964252472 0.0557662695646286
0.03832755982875824 0.0557662695646286
0.0 0.0557662695646286
0.049213558435440063 0.0557662695646286
0.0 0.0557662695646286
0.033823952078819275 0.0557662695646286
0.0 0.0557662695646286
0.049213558435440063 0.0557662695646286
0.049213558435440063 0.0557662695646286
0.0 0.0557662695646286
0.033823952078819275 0.0557662695646286
0.0 0.0557662695646286
0.049213558435440063 0.0557662695646286
0.03832755982875824 0.0557662695646286
0.0 0.0557662695646286
0.049213558435440063 0.0557662695646286
0.0 0.0557662695646286
0.049213558435440063 0.0557662695646286
0.049213558435440063 0.0557662695646286
0.033823952078819275 0.0557662695646286
0.049213558435440063 0.0557662695646286
0.0 0.0557662695646286
0.049213558435440063 0.0557662695646286
0.049213558435440063 0.0557662695646286
0.049213558435440063 0.0557662695646286
0.033823952078819275 0.0557662695646286
0.02324683964252472 0.0557662695646286
0.049213558435440063 0.0557662695646286
0.049213558435440063 0.0557662695646286
0.0 0.0557662695646286
0.049213558435440063 0.0557662695646286
0.049213558435440063 0.0557662695646286
0.033823952078819275 0.0557662695646286
0.033823952078819275 0.0557662695646286
0.0 0.0557662695646286
0.049213558435440063 0.0557662695646286
0.049213558435440063 0.0557662695646286
0.049213558435440063 0.0557662695646286
0.0 0.0557662695646286
0.049213558435440063 0.0557662695646286
0.0 0.0557662695646286
0.049213558435440063 0.0557662695646286
0.0 0.0557662695646286
0.0 0.0557662695646286
0.049213558435440063 0.0557662695646286
0.0 0.0557662695646286
0.049213558435440063 0.0557662695646286
0.049213558435440063 0.0557662695646286
0.033823952078819275 0.0557662695646286
0.0 0.0557662695646286
0.049213558435440063 0.0557662695646286
0.02324683964252472 0.0557662695646286
0.033823952078819275 0.0557662695646286
0.049213558435440063 0.0557662695646286
0.0 0.0557662695646286
0.0 0.0557662695646286
0.049213558435440063 0.057070791721343994
0.049213558435440063 0.057070791721343994
0.0 0.057070791721343994
0.0557662695646286 0.057070791721343994
0.049213558435440063 0.057070791721343994
0.049213558435440063 0.057070791721343994
0.0557662695646286 0.057070791721343994
0.049213558435440063 0.057070791721343994
0.0557662695646286 0.057070791721343994
0.033823952078819275 0.057070791721343994
0.033823952078819275 0.057070791721343994
0.0557662695646286 0.057070791721343994
0.0 0.057070791721343994
0.049213558435440063 0.057070791721343994
0.033823952078819275 0.057070791721343994
0.0 0.057070791721343994
0.049213558435440063 0.057070791721343994
0.0 0.057070791721343994
0.0557662695646286 0.057070791721343994
0.033823952078819275 0.057070791721343994
0.02324683964252472 0.057070791721343994
0.0557662695646286 0.057070791721343994
0.049213558435440063 0.057070791721343994
0.049213558435440063 0.057070791721343994
0.033823952078819275 0.057070791721343994
0.033823952078819275 0.057070791721343994
0.049213558435440063 0.057070791721343994
0.02324683964252472 0.057070791721343994
0.049213558435440063 0.057070791721343994
0.033823952078819275 0.057070791721343994
0.0 0.057070791721343994
0.049213558435440063 0.057070791721343994
0.0 0.057070791721343994
0.033823952078819275 0.057070791721343994
0.049213558435440063 0.057070791721343994
0.033823952078819275 0.057070791721343994
0.033823952078819275 0.057070791721343994
0.0 0.057070791721343994
0.03832755982875824 0.057070791721343994
0.0557662695646286 0.057070791721343994
0.03832755982875824 0.057070791721343994
0.049213558435440063 0.057070791721343994
0.0557662695646286 0.06157439947128296
0.049213558435440063 0.06157439947128296
0.057070791721343994 0.06157439947128296
0.033823952078819275 0.06157439947128296
0.033823952078819275 0.06157439947128296
0.0 0.06157439947128296
0.03832755982875824 0.06157439947128296
0.033823952078819275 0.06157439947128296
0.0557662695646286 0.06157439947128296
0.0557662695646286 0.06157439947128296
0.0557662695646286 0.06157439947128296
0.0557662695646286 0.06157439947128296
0.0557662695646286 0.06157439947128296
0.049213558435440063 0.06157439947128296
0.033823952078819275 0.06157439947128296
0.0557662695646286 0.06157439947128296
0.0557662695646286 0.06157439947128296
0.049213558435440063 0.06157439947128296
0.057070791721343994 0.06157439947128296
0.02324683964252472 0.06157439947128296
0.033823952078819275 0.06319145858287811
0.0557662695646286 0.06319145858287811
0.0 0.06319145858287811
0.0 0.06319145858287811
0.0557662695646286 0.06319145858287811
0.0557662695646286 0.06319145858287811
0.0557662695646286 0.06319145858287811
0.02324683964252472 0.06319145858287811
0.0557662695646286 0.06319145858287811
0.03832755982875824 0.06319145858287811
0.0557662695646286 0.06319145858287811
0.0557662695646286 0.06319145858287811
0.033823952078819275 0.06319145858287811
0.0557662695646286 0.06319145858287811
0.0557662695646286 0.06319145858287811
0.0557662695646286 0.06319145858287811
0.0557662695646286 0.06319145858287811
0.0557662695646286 0.06319145858287811
0.0557662695646286 0.06319145858287811
0.0557662695646286 0.06319145858287811
0.0557662695646286 0.06319145858287811
0.033823952078819275 0.06319145858287811
0.033823952078819275 0.06319145858287811
0.0557662695646286 0.06319145858287811
0.0 0.06319145858287811
0.0 0.06319145858287811
0.0557662695646286 0.06319145858287811
0.06157439947128296 0.06764790415763855
0.0 0.06764790415763855
0.049213558435440063 0.06764790415763855
0.049213558435440063 0.06764790415763855
0.049213558435440063 0.06764790415763855
0.033823952078819275 0.06764790415763855
0.049213558435440063 0.06764790415763855
0.0 0.06764790415763855
0.0 0.06764790415763855
0.0557662695646286 0.06764790415763855
0.049213558435440063 0.06764790415763855
0.049213558435440063 0.06764790415763855
0.049213558435440063 0.06764790415763855
0.049213558435440063 0.06764790415763855
0.06157439947128296 0.06764790415763855
0.049213558435440063 0.06764790415763855
0.049213558435440063 0.06764790415763855
0.049213558435440063 0.06764790415763855
0.0 0.06764790415763855
0.0 0.06764790415763855
0.0 0.06764790415763855
0.0 0.06764790415763855
0.0 0.06764790415763855
0.0557662695646286 0.06764790415763855
0.049213558435440063 0.06764790415763855
0.033823952078819275 0.06974051892757416
0.06764790415763855 0.06974051892757416
0.049213558435440063 0.07215151190757751
0.0557662695646286 0.07215151190757751
0.049213558435440063 0.07215151190757751
0.0557662695646286 0.07215151190757751
0.03832755982875824 0.07215151190757751
0.033823952078819275 0.07215151190757751
0.0557662695646286 0.07215151190757751
0.0557662695646286 0.07215151190757751
0.0557662695646286 0.07215151190757751
0.0557662695646286 0.07215151190757751
0.049213558435440063 0.07215151190757751
0.0 0.07215151190757751
0.049213558435440063 0.07215151190757751
0.02324683964252472 0.07215151190757751
0.0557662695646286 0.07215151190757751
0.049213558435440063 0.07215151190757751
0.049213558435440063 0.07215151190757751
0.0 0.07215151190757751
0.04649367928504944 0.07215151190757751
0.033823952078819275 0.07215151190757751
0.049213558435440063 0.07215151190757751
0.06764790415763855 0.07215151190757751
0.0 0.07215151190757751
0.033823952078819275 0.07246039807796478
0.033823952078819275 0.07246039807796478
0.0 0.07246039807796478
0.06764790415763855 0.07246039807796478
0.0 0.07246039807796478
0.0557662695646286 0.07246039807796478
0.0557662695646286 0.07246039807796478
0.0557662695646286 0.07246039807796478
0.03832755982875824 0.07246039807796478
0.06319145858287811 0.07246039807796478
0.033823952078819275 0.07246039807796478
0.049213558435440063 0.07246039807796478
0.0 0.07246039807796478
0.0 0.07246039807796478
0.06319145858287811 0.07246039807796478
0.0 0.07246039807796478
0.057070791721343994 0.07246039807796478
0.0 0.07246039807796478
0.0557662695646286 0.07246039807796478
0.0557662695646286 0.07246039807796478
0.06319145858287811 0.07246039807796478
0.06764790415763855 0.07665511965751648
0.07246039807796478 0.07665511965751648
0.0 0.07665511965751648
0.0557662695646286 0.07665511965751648
0.06764790415763855 0.07665511965751648
0.0 0.07665511965751648
0.0557662695646286 0.07665511965751648
0.0557662695646286 0.07665511965751648
0.0 0.07665511965751648
0.0 0.07901310920715332
0.0 0.07901310920715332
0.033823952078819275 0.07901310920715332
0.0 0.07901310920715332
0.03832755982875824 0.07901310920715332
0.0 0.07901310920715332
0.07215151190757751 0.07901310920715332
0.07215151190757751 0.07901310920715332
0.033823952078819275 0.07901310920715332
0.07215151190757751 0.07901310920715332
0.0 0.07901310920715332
0.057070791721343994 0.07901310920715332
0.06319145858287811 0.07901310920715332
0.049213558435440063 0.07901310920715332
0.07246039807796478 0.07901310920715332
0.0557662695646286 0.07901310920715332
0.057070791721343994 0.08031763136386871
0.033823952078819275 0.08031763136386871
0.07215151190757751 0.08031763136386871
0.033823952078819275 0.08031763136386871
0.02324683964252472 0.08031763136386871
0.049213558435440063 0.08031763136386871
0.07215151190757751 0.08031763136386871
0.07901310920715332 0.08303751051425934
0.07901310920715332 0.08303751051425934
0.049213558435440063 0.08303751051425934
0.07901310920715332 0.08303751051425934
0.07901310920715332 0.08303751051425934
0.07901310920715332 0.08303751051425934
0.049213558435440063 0.08303751051425934
0.0557662695646286 0.08303751051425934
0.033823952078819275 0.08303751051425934
0.07215151190757751 0.08303751051425934
0.02324683964252472 0.08303751051425934
0.0 0.08303751051425934
0.07901310920715332 0.08303751051425934
0.0557662695646286 0.08303751051425934
0.0 0.08303751051425934
0.07901310920715332 0.08303751051425934
0.06764790415763855 0.08303751051425934
0.06764790415763855 0.08482123911380768
0.07246039807796478 0.08482123911380768
0.06764790415763855 0.08482123911380768
0.08303751051425934 0.08482123911380768
0.07246039807796478 0.08482123911380768
0.06764790415763855 0.08482123911380768
0.06764790415763855 0.08482123911380768
0.033823952078819275 0.08482123911380768
0.0 0.08643830567598343
0.07215151190757751 0.08643830567598343
0.07665511965751648 0.08643830567598343
0.0 0.0875411182641983
0.08643830567598343 0.0875411182641983
0.0 0.0875411182641983
0.08643830567598343 0.0875411182641983
0.0557662695646286 0.0875411182641983
0.0 0.0875411182641983
0.03832755982875824 0.0875411182641983
0.0875411182641983 0.08959022164344788
0.049213558435440063 0.08959022164344788
0.0875411182641983 0.08959022164344788
0.06319145858287811 0.08959022164344788
0.033823952078819275 0.08959022164344788
0.06319145858287811 0.08959022164344788
0.07246039807796478 0.08959022164344788
0.0 0.08959022164344788
0.08643830567598343 0.08959022164344788
0.07901310920715332 0.08959022164344788
0.0875411182641983 0.08959022164344788
0.0875411182641983 0.08959022164344788
0.03832755982875824 0.08959022164344788
0.0875411182641983 0.08959022164344788
0.08303751051425934 0.08959022164344788
0.08643830567598343 0.08959022164344788
0.0 0.08959022164344788
0.0875411182641983 0.08959022164344788
0.08303751051425934 0.09089474380016327
0.08303751051425934 0.09089474380016327
0.08303751051425934 0.09089474380016327
0.08959022164344788 0.09089474380016327
0.08303751051425934 0.09089474380016327
0.08303751051425934 0.09089474380016327
0.08959022164344788 0.09089474380016327
0.08303751051425934 0.09089474380016327
0.08303751051425934 0.09089474380016327
0.06764790415763855 0.09089474380016327
0.08959022164344788 0.09089474380016327
0.06764790415763855 0.09089474380016327
0.04649367928504944 0.09089474380016327
0.08303751051425934 0.09089474380016327
0.033823952078819275 0.09089474380016327
0.0875411182641983 0.09089474380016327
0.0875411182641983 0.09089474380016327
0.08303751051425934 0.09089474380016327
0.033823952078819275 0.09089474380016327
0.057070791721343994 0.09409382939338684
0.057070791721343994 0.09409382939338684
0.08643830567598343 0.09409382939338684
0.0875411182641983 0.09409382939338684
0.049213558435440063 0.09409382939338684
0.0 0.09409382939338684
0.0 0.09409382939338684
0.049213558435440063 0.09409382939338684
0.0 0.09409382939338684
0.033823952078819275 0.09539835155010223
0.07215151190757751 0.09539835155010223
0.09089474380016327 0.09539835155010223
0.07246039807796478 0.09539835155010223
0.0875411182641983 0.09539835155010223
0.0 0.09539835155010223
0.06764790415763855 0.09539835155010223
0.08303751051425934 0.09539835155010223
0.09089474380016327 0.09539835155010223
0.08959022164344788 0.0957072377204895
0.033823952078819275 0.0957072377204895
0.09089474380016327 0.0957072377204895
0.0 0.09701541811227798
0.07901310920715332 0.09701541811227798
0.09409382939338684 0.09701541811227798
0.09409382939338684 0.09701541811227798
0.0 0.09842712432146072
0.057070791721343994 0.09842712432146072
0.08959022164344788 0.09842712432146072
0.0 0.09842712432146072
0.08303751051425934 0.09842712432146072
0.02324683964252472 0.09842712432146072
0.0875411182641983 0.0999019593000412
0.09842712432146072 0.0999019593000412
0.09842712432146072 0.10147186368703842
0.08959022164344788 0.10147186368703842
0.09842712432146072 0.10147186368703842
0.08959022164344788 0.10147186368703842
0.08482123911380768 0.10147186368703842
0.049213558435440063 0.10147186368703842
0.07901310920715332 0.10147186368703842
0.09842712432146072 0.10151901841163635
0.0 0.10151901841163635
0.08303751051425934 0.10225994884967804
0.08303751051425934 0.10225994884967804
0.09409382939338684 0.10225994884967804
0.09089474380016327 0.10225994884967804
0.033823952078819275 0.10225994884967804
0.09701541811227798 0.10497982800006866
0.0 0.10497982800006866
0.08303751051425934 0.10497982800006866
0.02324683964252472 0.10497982800006866
0.07901310920715332 0.10497982800006866
0.09409382939338684 0.10497982800006866
0.0 0.10497982800006866
0.08303751051425934 0.10597545653581619
0.10497982800006866 0.10597545653581619
0.10497982800006866 0.10597545653581619
0.09842712432146072 0.10597545653581619
0.0875411182641983 0.10597545653581619
0.10497982800006866 0.10597545653581619
0.08303751051425934 0.10597545653581619
0.0957072377204895 0.10597545653581619
0.10497982800006866 0.10597545653581619
0.09409382939338684 0.10628435015678406
0.09409382939338684 0.10628435015678406
0.10497982800006866 0.10628435015678406
0.07215151190757751 0.10628435015678406
0.06764790415763855 0.10628435015678406
0.08959022164344788 0.10628435015678406
0.057070791721343994 0.10628435015678406
0.0 0.10628435015678406
0.10225994884967804 0.10628435015678406
0.10597545653581619 0.10628435015678406
0.10497982800006866 0.10628435015678406
0.09409382939338684 0.10628435015678406
0.10151901841163635 0.10628435015678406
0.09409382939338684 0.10628435015678406
0.10597545653581619 0.10628435015678406
0.10497982800006866 0.10628435015678406
0.09089474380016327 0.1080680787563324
0.10147186368703842 0.1080680787563324
0.10597545653581619 0.11047907173633575
0.0557662695646286 0.11047907173633575
0.09409382939338684 0.11047907173633575
0.09842712432146072 0.1115325391292572
0.0 0.1115325391292572
0.0957072377204895 0.1115325391292572
0.10628435015678406 0.11240501701831818
0.1115325391292572 0.11240501701831818
0.07215151190757751 0.11240501701831818
0.10147186368703842 0.11240501701831818
0.049213558435440063 0.1128370612859726
0.08303751051425934 0.1128370612859726
0.04649367928504944 0.1128370612859726
0.10597545653581619 0.1128370612859726
0.10628435015678406 0.1128370612859726
0.07246039807796478 0.1128370612859726
0.1115325391292572 0.1128370612859726
0.0 0.1128370612859726
0.02324683964252472 0.1128370612859726
0.09842712432146072 0.1128370612859726
0.11078795790672302 0.11414158344268799
0.06764790415763855 0.11414158344268799
0.1115325391292572 0.11498267948627472
0.10151901841163635 0.11686147004365921
0.0999019593000412 0.11686147004365921
0.10628435015678406 0.11686147004365921
0.10628435015678406 0.11686147004365921
0.08303751051425934 0.11686147004365921
0.09409382939338684 0.11686147004365921
0.07665511965751648 0.11686147004365921
0.10968513786792755 0.11686147004365921
0.10497982800006866 0.11686147004365921
0.10497982800006866 0.11686147004365921
0.11686147004365921 0.11734066903591156
0.10628435015678406 0.11734066903591156
0.11686147004365921 0.11734066903591156
0.10628435015678406 0.11734066903591156
0.10497982800006866 0.11734066903591156
0.11078795790672302 0.11864519119262695
0.11078795790672302 0.11864519119262695
0.033823952078819275 0.11895407736301422
0.08959022164344788 0.11895407736301422
0.06764790415763855 0.11895772814750671
0.0557662695646286 0.11895772814750671
0.07665511965751648 0.1202622503042221
0.08031763136386871 0.1202622503042221
0.0 0.12136507034301758
0.10497982800006866 0.12136507034301758
0.08643830567598343 0.12136507034301758
0.10497982800006866 0.12136507034301758
0.0 0.12136507034301758
0.10151901841163635 0.12167395651340485
0.10147186368703842 0.12314879894256592
0.12167395651340485 0.12341417372226715
0.12167395651340485 0.12341417372226715
0.12167395651340485 0.12341417372226715
0.10497982800006866 0.12341417372226715
0.02324683964252472 0.12471870332956314
0.11078795790672302 0.12471870332956314
0.02324683964252472 0.12471870332956314
0.12341417372226715 0.12586867809295654
0.12167395651340485 0.12586867809295654
0.10147186368703842 0.12586867809295654
0.04649367928504944 0.12638291716575623
0.11686147004365921 0.12681131064891815
0.10597545653581619 0.12681131064891815
0.1202622503042221 0.12791778147220612
0.11240501701831818 0.12791778147220612
0.12341417372226715 0.12791778147220612
0.0 0.12791778147220612
0.02324683964252472 0.12822666764259338
0.11895772814750671 0.12822666764259338
0.12791778147220612 0.1292223036289215
0.06764790415763855 0.1292223036289215
0.12167395651340485 0.1292223036289215
0.12136507034301758 0.1292223036289215
0.10497982800006866 0.13083936274051666
0.11686147004365921 0.13083936274051666
0.1115325391292572 0.1322510689496994
0.07901310920715332 0.1322510689496994
0.12791778147220612 0.1322510689496994
0.033823952078819275 0.1322510689496994
0.10225994884967804 0.1322510689496994
0.1115325391292572 0.1322510689496994
0.11895772814750671 0.13242138922214508
0.11895772814750671 0.13242138922214508
0.0 0.13242138922214508
0.10628435015678406 0.13372591137886047
0.11686147004365921 0.13372591137886047
0.06764790415763855 0.13372591137886047
0.09409382939338684 0.13372591137886047
0.12341417372226715 0.13403479754924774
0.1128370612859726 0.13403479754924774
0.0557662695646286 0.13534297049045563
0.12136507034301758 0.13608390092849731
0.1115325391292572 0.13675467669963837
0.12341417372226715 0.13675467669963837
0.1115325391292572 0.13675467669963837
0.10597545653581619 0.13880378007888794
0.09409382939338684 0.13880378007888794
0.10497982800006866 0.13880378007888794
0.0 0.13880378007888794
0.1322510689496994 0.13880378007888794
0.12822666764259338 0.13880378007888794
0.0875411182641983 0.13979941606521606
0.13675467669963837 0.13979941606521606
0.13675467669963837 0.13979941606521606
0.0875411182641983 0.13979941606521606
0.13880378007888794 0.13979941606521606
0.09089474380016327 0.14010831713676453
0.06764790415763855 0.14010831713676453
0.10597545653581619 0.14010831713676453
0.12791778147220612 0.14010831713676453
0.13880378007888794 0.14010831713676453
0.13880378007888794 0.14058750867843628
0.07665511965751648 0.14220456779003143
0.13880378007888794 0.14220456779003143
0.13880378007888794 0.14350908994674683
0.13880378007888794 0.14430302381515503
0.10597545653581619 0.1446119099855423
0.12791778147220612 0.1446119099855423
0.11686147004365921 0.1446119099855423
0.12341417372226715 0.14492079615592957
0.033823952078819275 0.14535649120807648
0.1398465782403946 0.14535649120807648
0.11240501701831818 0.14535649120807648
0.13675467669963837 0.14666101336479187
0.12136507034301758 0.14666101336479187
0.10497982800006866 0.14666101336479187
0.14535649120807648 0.14666101336479187
0.14535649120807648 0.1476406753063202
0.08959022164344788 0.1476406753063202
0.1322510689496994 0.14796553552150726
0.14535649120807648 0.14962975680828094
0.1322510689496994 0.14986009895801544
0.1322510689496994 0.14986009895801544
0.12953118979930878 0.1506854146718979
0.13979941606521606 0.1506854146718979
0.12822666764259338 0.1506854146718979
0.14622898399829865 0.1506854146718979
0.13880378007888794 0.15116462111473083
0.1446119099855423 0.15116462111473083
0.1322510689496994 0.15116462111473083
0.09701541811227798 0.15116462111473083
0.12822666764259338 0.15116462111473083
0.10597545653581619 0.1514735072851181
0.12136507034301758 0.1527780294418335
0.12822666764259338 0.152781680226326
0.12953118979930878 0.152781680226326
0.1322510689496994 0.15408621728420258
0.152781680226326 0.15419338643550873
0.10497982800006866 0.1569727510213852
0.1476406753063202 0.15723812580108643
0.15419338643550873 0.15728528797626495
0.14911551773548126 0.15854264795780182
0.14535649120807648 0.15969263017177582
0.13372591137886047 0.15969263017177582
0.09089474380016327 0.1617417335510254
0.1322510689496994 0.1617417335510254
0.16074609756469727 0.1617417335510254
0.12822666764259338 0.1617417335510254
0.15419338643550873 0.16205061972141266
0.12791778147220612 0.16205061972141266
0.02324683964252472 0.16545140743255615
0.16205061972141266 0.16624534130096436
0.16205061972141266 0.16624534130096436
0.152781680226326 0.16655422747135162
0.16074609756469727 0.16655422747135162
0.16624534130096436 0.16754986345767975
0.13403479754924774 0.16785874962806702
0.15723812580108643 0.16785874962806702
0.1476406753063202 0.1686033308506012
0.15408621728420258 0.1699078530073166
0.15858981013298035 0.1699078530073166
0.1672988086938858 0.1720534712076187
0.15723812580108643 0.1720534712076187
0.033823952078819275 0.1726277470588684
0.16000151634216309 0.17362336814403534
0.16816763579845428 0.17362336814403534
0.16205061972141266 0.1739322543144226
0.12791778147220612 0.17441146075725555
0.16655422747135162 0.17441146075725555
0.16304625570774078 0.17441146075725555
0.1672988086938858 0.17559649050235748
0.0 0.17713133990764618
0.16074609756469727 0.17744022607803345
0.1433073878288269 0.17817413806915283
0.17057862877845764 0.18048496544361115
0.16947582364082336 0.18048496544361115
0.17918044328689575 0.18048496544361115
0.1750822365283966 0.18048496544361115
0.16000151634216309 0.18048496544361115
0.0 0.18214918673038483
0.16074609756469727 0.18214918673038483
0.16655422747135162 0.18293946981430054
0.0957072377204895 0.18293946981430054
0.1617417335510254 0.18293946981430054
0.17057862877845764 0.1834537237882614
0.14010831713676453 0.18450936675071716
0.17874474823474884 0.1849885731935501
0.17367053031921387 0.1849885731935501
0.17713133990764618 0.18529745936393738
0.10628435015678406 0.1862930953502655
0.1862930953502655 0.18660198152065277
0.1726277470588684 0.18708118796348572
0.08303751051425934 0.18791015446186066
0.15728528797626495 0.18901297450065613
0.1849885731935501 0.1910620778799057
0.18368405103683472 0.19252094626426697
0.18660564720630646 0.19252094626426697
0.14986009895801544 0.1931546926498413
0.1726277470588684 0.1935165822505951
0.15408621728420258 0.1935165822505951
0.19252094626426697 0.19457004964351654
0.18368405103683472 0.19556568562984467
0.188017338514328 0.1956128478050232
0.1914181262254715 0.19587458670139313
0.13372591137886047 0.19587458670139313
0.19110924005508423 0.1969173699617386
0.19403083622455597 0.1990736573934555
0.17472399771213531 0.20006929337978363
0.152781680226326 0.2003781795501709
0.16607503592967987 0.20137381553649902
0.12791778147220612 0.20242728292942047
0.19252094626426697 0.20346643030643463
0.19587458670139313 0.2045729011297226
0.19994613528251648 0.20618630945682526
0.19252094626426697 0.2064516842365265
0.18163494765758514 0.20693089067935944
0.18949218094348907 0.2085442990064621
0.19587458670139313 0.2085442990064621
0.17918044328689575 0.20890618860721588
0.19797083735466003 0.20907650887966156
0.188017338514328 0.20985248684883118
0.148806631565094 0.2114344984292984
0.1849885731935501 0.21225981414318085
0.18053212761878967 0.21435607969760895
0.1849885731935501 0.21509701013565063
0.12681131064891815 0.21781688928604126
0.20242728292942047 0.21881252527236938
0.22232049703598022 0.22314581274986267
0.22184130549430847 0.22331613302230835
0.22184130549430847 0.22331613302230835
0.03832755982875824 0.22362501919269562
0.20942044258117676 0.2243696004152298
0.22488602995872498 0.2256741225719452
0.15073257684707642 0.22634489834308624
0.22184130549430847 0.22634489834308624
0.21651236712932587 0.22634489834308624
0.15858981013298035 0.22938963770866394
0.21738484501838684 0.22938963770866394
0.14010831713676453 0.2296985238790512
0.20471146702766418 0.23069415986537933
0.12822666764259338 0.23372292518615723
0.2243696004152298 0.23377010226249695
0.22938963770866394 0.24027563631534576
0.2363477498292923 0.2433638870716095
0.2157677859067917 0.24420498311519623
0.09539835155010223 0.24639266729354858
0.2450881451368332 0.2505873739719391
0.22943679988384247 0.25089624524116516
0.0 0.25164082646369934
0.23420213162899017 0.2542535364627838
0.213876873254776 0.25472909212112427
0.23420213162899017 0.2574489712715149
0.23420213162899017 0.2587535083293915
0.24828721582889557 0.2587571442127228
0.23451101779937744 0.2616436779499054
0.24173450469970703 0.2622179687023163
0.24465610086917877 0.2622179687023163
0.15969263017177582 0.26400166749954224
0.2632136046886444 0.26628586649894714
0.2471843957901001 0.26672154664993286
0.25133195519447327 0.27048060297966003
0.2630060613155365 0.27222082018852234
0.22943679988384247 0.27891209721565247
0.19687020778656006 0.282983660697937
0.27540409564971924 0.2837245762348175
0.2561444640159607 0.2905319929122925
0.27105486392974854 0.2917521297931671
0.2656187415122986 0.2928899824619293
0.2656187415122986 0.2930566370487213
0.27777788043022156 0.3030000329017639
0.30623048543930054 0.30927523970603943
0.3063536584377289 0.31085723638534546
0.2978256344795227 0.3132152259349823
0.28211116790771484 0.315515398979187
0.3179842233657837 0.3196941614151001
0.31278321146965027 0.3282959461212158
0.25696977972984314 0.33121755719184875
0.3314950466156006 0.3326292634010315
0.32724249362945557 0.3346783518791199
0.3159351348876953 0.3575054705142975
0.3336248993873596 0.3674488365650177
0.3945161998271942 0.39724838733673096
0.39743778109550476 0.40280547738075256
0.41184771060943604 0.4145325720310211
0.40293702483177185 0.4296410083770752
0.5041541457176208 0.532278835773468
