0.0 0.02324683964252472
0.0 0.02324683964252472
0.0 0.02324683964252472
0.0 0.02324683964252472
0.0 0.02324683964252472
0.0 0.02324683964252472
0.0 0.02324683964252472
0.0 0.02324683964252472
0.0 0.02324683964252472
0.0 0.02324683964252472
0.0 0.02324683964252472
0.0 0.02324683964252472
0.0 0.02324683964252472
0.0 0.02324683964252472
0.0 0.02324683964252472
0.0 0.02324683964252472
0.0 0.02324683964252472
0.0 0.02324683964252472
0.0 0.02324683964252472
0.0 0.02324683964252472
0.0 0.02324683964252472
0.0 0.02324683964252472
0.0 0.02324683964252472
0.0 0.02324683964252472
0.0 0.02324683964252472
0.0 0.02324683964252472
0.0 0.02324683964252472
0.0 0.02324683964252472
0.0 0.02324683964252472
0.0 0.02324683964252472
0.0 0.02324683964252472
0.0 0.02324683964252472
0.0 0.02324683964252472
0.0 0.02324683964252472
0.0 0.02324683964252472
0.0 0.02324683964252472
0.0 0.02324683964252472
0.0 0.02324683964252472
0.0 0.02324683964252472
0.0 0.02324683964252472
0.0 0.02324683964252472
0.0 0.02324683964252472
0.0 0.02324683964252472
0.0 0.02324683964252472
0.0 0.02324683964252472
0.0 0.02324683964252472
0.0 0.02324683964252472
0.0 0.02324683964252472
0.0 0.02324683964252472
0.0 0.02324683964252472
0.0 0.02324683964252472
0.0 0.02324683964252472
0.0 0.02324683964252472
0.0 0.02324683964252472
0.0 0.02324683964252472
0.0 0.02324683964252472
0.0 0.02324683964252472
0.0 0.02324683964252472
0.0 0.02324683964252472
0.02324683964252472 0.033823952078819275
0.0 0.033823952078819275
0.0 0.033823952078819275
0.02324683964252472 0.033823952078819275
0.02324683964252472 0.033823952078819275
0.0 0.033823952078819275
0.0 0.033823952078819275
0.0 0.033823952078819275
0.0 0.033823952078819275
0.0 0.033823952078819275
0.02324683964252472 0.033823952078819275
0.0 0.033823952078819275
0.0 0.033823952078819275
0.02324683964252472 0.033823952078819275
0.02324683964252472 0.033823952078819275
0.02324683964252472 0.033823952078819275
0.0 0.033823952078819275
0.0 0.033823952078819275
0.0 0.033823952078819275
0.0 0.033823952078819275
0.02324683964252472 0.033823952078819275
0.0 0.033823952078819275
0.0 0.033823952078819275
0.0 0.033823952078819275
0.0 0.033823952078819275
0.0 0.033823952078819275
0.0 0.033823952078819275
0.02324683964252472 0.033823952078819275
0.02324683964252472 0.033823952078819275
0.0 0.033823952078819275
0.02324683964252472 0.033823952078819275
0.0 0.033823952078819275
0.0 0.033823952078819275
0.02324683964252472 0.033823952078819275
0.0 0.033823952078819275
0.0 0.033823952078819275
0.0 0.033823952078819275
0.0 0.033823952078819275
0.0 0.033823952078819275
0.0 0.033823952078819275
0.02324683964252472 0.033823952078819275
0.02324683964252472 0.033823952078819275
0.02324683964252472 0.033823952078819275
0.02324683964252472 0.033823952078819275
0.0 0.033823952078819275
0.0 0.033823952078819275
0.0 0.033823952078819275
0.0 0.033823952078819275
0.0 0.033823952078819275
0.0 0.033823952078819275
0.0 0.033823952078819275
0.02324683964252472 0.033823952078819275
0.0 0.033823952078819275
0.02324683964252472 0.033823952078819275
0.0 0.033823952078819275
0.0 0.033823952078819275
0.0 0.033823952078819275
0.0 0.033823952078819275
0.02324683964252472 0.033823952078819275
0.0 0.033823952078819275
0.02324683964252472 0.033823952078819275
0.02324683964252472 0.033823952078819275
0.0 0.033823952078819275
0.02324683964252472 0.033823952078819275
0.02324683964252472 0.033823952078819275
0.0 0.033823952078819275
0.0 0.033823952078819275
0.0 0.033823952078819275
0.0 0.033823952078819275
0.0 0.033823952078819275
0.0 0.033823952078819275
0.02324683964252472 0.033823952078819275
0.0 0.033823952078819275
0.0 0.033823952078819275
0.02324683964252472 0.03832755982875824
0.0 0.03832755982875824
0.033823952078819275 0.03832755982875824
0.033823952078819275 0.03832755982875824
0.033823952078819275 0.03832755982875824
0.0 0.03832755982875824
0.033823952078819275 0.03832755982875824
0.02324683964252472 0.03832755982875824
0.02324683964252472 0.03832755982875824
0.033823952078819275 0.03832755982875824
0.0 0.03832755982875824
0.0 0.03832755982875824
0.033823952078819275 0.03832755982875824
0.0 0.03832755982875824
0.0 0.03832755982875824
0.033823952078819275 0.03832755982875824
0.02324683964252472 0.03832755982875824
0.033823952078819275 0.03832755982875824
0.0 0.03832755982875824
0.0 0.03832755982875824
0.033823952078819275 0.03832755982875824
0.033823952078819275 0.03832755982875824
0.033823952078819275 0.03832755982875824
0.0 0.03832755982875824
0.0 0.03832755982875824
0.033823952078819275 0.03832755982875824
0.02324683964252472 0.03832755982875824
0.033823952078819275 0.03832755982875824
0.02324683964252472 0.03832755982875824
0.0 0.03832755982875824
0.0 0.03832755982875824
0.0 0.03832755982875824
0.02324683964252472 0.03832755982875824
0.0 0.03832755982875824
0.033823952078819275 0.03832755982875824
0.0 0.03832755982875824
0.0 0.03832755982875824
0.033823952078819275 0.03832755982875824
0.02324683964252472 0.03832755982875824
0.0 0.03832755982875824
0.033823952078819275 0.03832755982875824
0.0 0.03832755982875824
0.033823952078819275 0.03832755982875824
0.033823952078819275 0.03832755982875824
0.0 0.03832755982875824
0.02324683964252472 0.03832755982875824
0.033823952078819275 0.03832755982875824
0.033823952078819275 0.03832755982875824
0.02324683964252472 0.03832755982875824
0.0 0.03832755982875824
0.02324683964252472 0.03832755982875824
0.033823952078819275 0.03832755982875824
0.033823952078819275 0.03832755982875824
0.02324683964252472 0.03832755982875824
0.0 0.03832755982875824
0.0 0.03832755982875824
0.0 0.03832755982875824
0.033823952078819275 0.03832755982875824
0.0 0.03832755982875824
0.0 0.03832755982875824
0.02324683964252472 0.03832755982875824
0.033823952078819275 0.03832755982875824
0.0 0.03832755982875824
0.033823952078819275 0.03832755982875824
0.02324683964252472 0.03832755982875824
0.02324683964252472 0.03832755982875824
0.033823952078819275 0.03832755982875824
0.0 0.03832755982875824
0.033823952078819275 0.04649367928504944
0.02324683964252472 0.04649367928504944
0.033823952078819275 0.04649367928504944
0.033823952078819275 0.04649367928504944
0.033823952078819275 0.04649367928504944
0.033823952078819275 0.04649367928504944
0.033823952078819275 0.04649367928504944
0.033823952078819275 0.04649367928504944
0.033823952078819275 0.04649367928504944
0.0 0.04649367928504944
0.03832755982875824 0.04649367928504944
0.0 0.04649367928504944
0.033823952078819275 0.04649367928504944
0.03832755982875824 0.049213558435440063
0.0 0.049213558435440063
0.033823952078819275 0.049213558435440063
0.0 0.049213558435440063
0.02324683964252472 0.049213558435440063
0.0 0.049213558435440063
0.0 0.049213558435440063
0.02324683964252472 0.049213558435440063
0.0 0.049213558435440063
0.0 0.049213558435440063
0.0 0.049213558435440063
0.033823952078819275 0.049213558435440063
0.0 0.049213558435440063
0.02324683964252472 0.049213558435440063
0.0 0.049213558435440063
0.033823952078819275 0.049213558435440063
0.0 0.049213558435440063
0.0 0.049213558435440063
0.0 0.049213558435440063
0.0 0.049213558435440063
0.0 0.049213558435440063
0.0 0.049213558435440063
0.0 0.049213558435440063
0.0 0.049213558435440063
0.033823952078819275 0.049213558435440063
0.033823952078819275 0.049213558435440063
0.02324683964252472 0.049213558435440063
0.033823952078819275 0.049213558435440063
0.0 0.049213558435440063
0.0 0.049213558435440063
0.0 0.049213558435440063
0.0 0.049213558435440063
0.0 0.049213558435440063
0.033823952078819275 0.049213558435440063
0.0 0.049213558435440063
0.0 0.049213558435440063
0.0 0.049213558435440063
0.0 0.049213558435440063
0.049213558435440063 0.0557662695646286
0.033823952078819275 0.0557662695646286
0.033823952078819275 0.0557662695646286
0.049213558435440063 0.0557662695646286
0.0 0.0557662695646286
0.0 0.0557662695646286
0.033823952078819275 0.0557662695646286
0.0 0.0557662695646286
0.049213558435440063 0.0557662695646286
0.0 0.0557662695646286
0.0 0.0557662695646286
0.0 0.0557662695646286
0.049213558435440063 0.0557662695646286
0.0 0.0557662695646286
0.0 0.0557662695646286
0.049213558435440063 0.0557662695646286
0.02324683964252472 0.0557662695646286
0.049213558435440063 0.0557662695646286
0.049213558435440063 0.0557662695646286
0.033823952078819275 0.0557662695646286
0.0 0.0557662695646286
0.0 0.0557662695646286
0.033823952078819275 0.0557662695646286
0.0 0.0557662695646286
0.0 0.0557662695646286
0.049213558435440063 0.0557662695646286
0.0 0.0557662695646286
0.0 0.0557662695646286
0.03832755982875824 0.0557662695646286
0.03832755982875824 0.0557662695646286
0.049213558435440063 0.0557662695646286
0.033823952078819275 0.0557662695646286
0.033823952078819275 0.0557662695646286
0.0 0.0557662695646286
0.049213558435440063 0.0557662695646286
0.049213558435440063 0.0557662695646286
0.0 0.0557662695646286
0.0 0.0557662695646286
0.049213558435440063 0.0557662695646286
0.0 0.0557662695646286
0.02324683964252472 0.0557662695646286
0.033823952078819275 0.0557662695646286
0.049213558435440063 0.0557662695646286
0.0 0.0557662695646286
0.033823952078819275 0.0557662695646286
0.049213558435440063 0.0557662695646286
0.0 0.0557662695646286
0.049213558435440063 0.0557662695646286
0.0 0.0557662695646286
0.033823952078819275 0.0557662695646286
0.049213558435440063 0.0557662695646286
0.0 0.0557662695646286
0.049213558435440063 0.0557662695646286
0.049213558435440063 0.0557662695646286
0.049213558435440063 0.0557662695646286
0.049213558435440063 0.0557662695646286
0.0 0.0557662695646286
0.033823952078819275 0.0557662695646286
0.049213558435440063 0.0557662695646286
0.0 0.0557662695646286
0.0 0.0557662695646286
0.049213558435440063 0.0557662695646286
0.049213558435440063 0.0557662695646286
0.0 0.0557662695646286
0.033823952078819275 0.0557662695646286
0.049213558435440063 0.0557662695646286
0.049213558435440063 0.0557662695646286
0.049213558435440063 0.0557662695646286
0.0 0.0557662695646286
0.0 0.0557662695646286
0.03832755982875824 0.0557662695646286
0.0 0.0557662695646286
0.0 0.0557662695646286
0.049213558435440063 0.0557662695646286
0.049213558435440063 0.0557662695646286
0.049213558435440063 0.0557662695646286
0.0 0.0557662695646286
0.0 0.0557662695646286
0.049213558435440063 0.0557662695646286
0.033823952078819275 0.0557662695646286
0.049213558435440063 0.0557662695646286
0.049213558435440063 0.0557662695646286
0.049213558435440063 0.0557662695646286
0.049213558435440063 0.0557662695646286
0.049213558435440063 0.0557662695646286
0.0 0.0557662695646286
0.049213558435440063 0.0557662695646286
0.049213558435440063 0.0557662695646286
0.0 0.0557662695646286
0.049213558435440063 0.0557662695646286
0.049213558435440063 0.0557662695646286
0.049213558435440063 0.0557662695646286
0.033823952078819275 0.0557662695646286
0.0 0.0557662695646286
0.049213558435440063 0.0557662695646286
0.049213558435440063 0.0557662695646286
0.033823952078819275 0.0557662695646286
0.049213558435440063 0.0557662695646286
0.033823952078819275 0.0557662695646286
0.0 0.0557662695646286
0.0 0.0557662695646286
0.0 0.0557662695646286
0.0 0.0557662695646286
0.02324683964252472 0.0557662695646286
0.049213558435440063 0.0557662695646286
0.0 0.0557662695646286
0.049213558435440063 0.0557662695646286
0.0 0.0557662695646286
0.0 0.0557662695646286
0.033823952078819275 0.0557662695646286
0.033823952078819275 0.0557662695646286
0.049213558435440063 0.0557662695646286
0.0 0.0557662695646286
0.0 0.0557662695646286
0.0 0.057070791721343994
0.049213558435440063 0.057070791721343994
0.0 0.057070791721343994
0.049213558435440063 0.057070791721343994
0.03832755982875824 0.057070791721343994
0.049213558435440063 0.057070791721343994
0.049213558435440063 0.057070791721343994
0.033823952078819275 0.057070791721343994
0.0 0.057070791721343994
0.033823952078819275 0.057070791721343994
0.049213558435440063 0.057070791721343994
0.02324683964252472 0.057070791721343994
0.0557662695646286 0.057070791721343994
0.049213558435440063 0.057070791721343994
0.033823952078819275 0.057070791721343994
0.033823952078819275 0.057070791721343994
0.0557662695646286 0.057070791721343994
0.049213558435440063 0.057070791721343994
0.03832755982875824 0.057070791721343994
0.033823952078819275 0.057070791721343994
0.033823952078819275 0.057070791721343994
0.0 0.057070791721343994
0.0 0.057070791721343994
0.049213558435440063 0.057070791721343994
0.02324683964252472 0.057070791721343994
0.03832755982875824 0.057070791721343994
0.03832755982875824 0.057070791721343994
0.0 0.057070791721343994
0.049213558435440063 0.057070791721343994
0.033823952078819275 0.057070791721343994
0.0557662695646286 0.057070791721343994
0.04649367928504944 0.057070791721343994
0.0557662695646286 0.057070791721343994
0.049213558435440063 0.057070791721343994
0.0 0.057070791721343994
0.033823952078819275 0.057070791721343994
0.0 0.057070791721343994
0.0557662695646286 0.057070791721343994
0.0 0.057070791721343994
0.0557662695646286 0.057070791721343994
0.02324683964252472 0.057070791721343994
0.0557662695646286 0.06157439947128296
0.0557662695646286 0.06157439947128296
0.0557662695646286 0.06157439947128296
0.049213558435440063 0.06157439947128296
0.0557662695646286 0.06157439947128296
0.0 0.06157439947128296
0.049213558435440063 0.06157439947128296
0.0 0.06157439947128296
0.057070791721343994 0.06157439947128296
0.0557662695646286 0.06157439947128296
0.02324683964252472 0.06157439947128296
0.0 0.06157439947128296
0.033823952078819275 0.06157439947128296
0.02324683964252472 0.06157439947128296
0.0557662695646286 0.06157439947128296
0.033823952078819275 0.06157439947128296
0.033823952078819275 0.06319145858287811
0.03832755982875824 0.06319145858287811
0.02324683964252472 0.06319145858287811
0.0557662695646286 0.06319145858287811
0.0 0.06319145858287811
0.0 0.06319145858287811
0.049213558435440063 0.06319145858287811
0.0557662695646286 0.06319145858287811
0.033823952078819275 0.06319145858287811
0.0557662695646286 0.06319145858287811
0.0 0.06319145858287811
0.0 0.06319145858287811
0.0557662695646286 0.06319145858287811
0.0557662695646286 0.06319145858287811
0.0557662695646286 0.06319145858287811
0.0557662695646286 0.06319145858287811
0.06157439947128296 0.06764790415763855
0.049213558435440063 0.06764790415763855
0.049213558435440063 0.06764790415763855
0.049213558435440063 0.06764790415763855
0.0 0.06764790415763855
0.049213558435440063 0.06764790415763855
0.049213558435440063 0.06764790415763855
0.0 0.06764790415763855
0.06157439947128296 0.06764790415763855
0.06157439947128296 0.06764790415763855
0.049213558435440063 0.06764790415763855
0.0 0.06764790415763855
0.03832755982875824 0.06764790415763855
0.0 0.06764790415763855
0.0 0.06764790415763855
0.049213558435440063 0.06764790415763855
0.049213558435440063 0.06764790415763855
0.033823952078819275 0.06764790415763855
0.0557662695646286 0.06764790415763855
0.049213558435440063 0.06764790415763855
0.04649367928504944 0.06764790415763855
0.0 0.06764790415763855
0.049213558435440063 0.07215151190757751
0.049213558435440063 0.07215151190757751
0.02324683964252472 0.07215151190757751
0.0557662695646286 0.07215151190757751
0.049213558435440063 0.07215151190757751
0.033823952078819275 0.07215151190757751
0.06157439947128296 0.07215151190757751
0.033823952078819275 0.07215151190757751
0.0557662695646286 0.07215151190757751
0.049213558435440063 0.07215151190757751
0.0557662695646286 0.07215151190757751
0.06764790415763855 0.07215151190757751
0.0557662695646286 0.07215151190757751
0.049213558435440063 0.07215151190757751
0.0 0.07215151190757751
0.0 0.07215151190757751
0.0557662695646286 0.07215151190757751
0.049213558435440063 0.07215151190757751
0.0557662695646286 0.07215151190757751
0.0 0.07215151190757751
0.02324683964252472 0.07215151190757751
0.0 0.07215151190757751
0.07215151190757751 0.07246039807796478
0.07215151190757751 0.07246039807796478
0.07215151190757751 0.07246039807796478
0.06764790415763855 0.07246039807796478
0.06764790415763855 0.07246039807796478
0.0 0.07246039807796478
0.0 0.07246039807796478
0.0557662695646286 0.07246039807796478
0.049213558435440063 0.07246039807796478
0.0 0.07246039807796478
0.049213558435440063 0.07246039807796478
0.0 0.07246039807796478
0.049213558435440063 0.07246039807796478
0.06764790415763855 0.07246039807796478
0.033823952078819275 0.07665511965751648
0.049213558435440063 0.07665511965751648
0.0557662695646286 0.07665511965751648
0.06764790415763855 0.07665511965751648
0.049213558435440063 0.07665511965751648
0.07246039807796478 0.07665511965751648
0.06764790415763855 0.07665511965751648
0.06764790415763855 0.07901310920715332
0.06764790415763855 0.07901310920715332
0.06764790415763855 0.07901310920715332
0.0557662695646286 0.07901310920715332
0.0 0.07901310920715332
0.07215151190757751 0.07901310920715332
0.0 0.07901310920715332
0.0 0.07901310920715332
0.07215151190757751 0.07901310920715332
0.0557662695646286 0.07901310920715332
0.07215151190757751 0.08031763136386871
0.07901310920715332 0.08031763136386871
0.06764790415763855 0.08031763136386871
0.057070791721343994 0.08031763136386871
0.06764790415763855 0.08031763136386871
0.07215151190757751 0.08031763136386871
0.0557662695646286 0.08031763136386871
0.057070791721343994 0.08031763136386871
0.06764790415763855 0.08303751051425934
0.033823952078819275 0.08303751051425934
0.07901310920715332 0.08303751051425934
0.06764790415763855 0.08303751051425934
0.06764790415763855 0.08303751051425934
0.0557662695646286 0.08303751051425934
0.07215151190757751 0.08303751051425934
0.049213558435440063 0.08303751051425934
0.07215151190757751 0.08303751051425934
0.06157439947128296 0.08303751051425934
0.07901310920715332 0.08303751051425934
0.0 0.08303751051425934
0.0 0.08303751051425934
0.049213558435440063 0.08303751051425934
0.07901310920715332 0.08303751051425934
0.02324683964252472 0.08303751051425934
0.0 0.08303751051425934
0.06764790415763855 0.08482123911380768
0.0 0.08482123911380768
0.08303751051425934 0.08482123911380768
0.0 0.08643830567598343
0.0557662695646286 0.08643830567598343
0.08303751051425934 0.08643830567598343
0.049213558435440063 0.0875411182641983
0.07246039807796478 0.0875411182641983
0.08643830567598343 0.0875411182641983
0.033823952078819275 0.0875411182641983
0.08303751051425934 0.0875411182641983
0.0 0.0875411182641983
0.07901310920715332 0.0875411182641983
0.02324683964252472 0.0875411182641983
0.03832755982875824 0.0875411182641983
0.07665511965751648 0.08959022164344788
0.0875411182641983 0.08959022164344788
0.03832755982875824 0.08959022164344788
0.0 0.08959022164344788
0.0875411182641983 0.08959022164344788
0.0875411182641983 0.08959022164344788
0.0 0.08959022164344788
0.0 0.08959022164344788
0.07901310920715332 0.08959022164344788
0.02324683964252472 0.08959022164344788
0.0875411182641983 0.08959022164344788
0.08643830567598343 0.08959022164344788
0.0875411182641983 0.08959022164344788
0.06319145858287811 0.08959022164344788
0.0875411182641983 0.08959022164344788
0.0875411182641983 0.08959022164344788
0.07215151190757751 0.08959022164344788
0.08643830567598343 0.08959022164344788
0.02324683964252472 0.08959022164344788
0.0875411182641983 0.08959022164344788
0.0875411182641983 0.08959022164344788
0.02324683964252472 0.08959022164344788
0.057070791721343994 0.09089474380016327
0.08959022164344788 0.09089474380016327
0.0875411182641983 0.09089474380016327
0.049213558435440063 0.09089474380016327
0.033823952078819275 0.09089474380016327
0.0557662695646286 0.09089474380016327
0.07246039807796478 0.09089474380016327
0.0875411182641983 0.09089474380016327
0.033823952078819275 0.09089474380016327
0.08303751051425934 0.09089474380016327
0.08031763136386871 0.09089474380016327
0.07215151190757751 0.09409382939338684
0.08303751051425934 0.09409382939338684
0.08303751051425934 0.09409382939338684
0.0 0.09409382939338684
0.0 0.09409382939338684
0.08303751051425934 0.09409382939338684
0.06157439947128296 0.09409382939338684
0.07901310920715332 0.09409382939338684
0.0 0.09409382939338684
0.09409382939338684 0.09539835155010223
0.02324683964252472 0.09539835155010223
0.09409382939338684 0.09539835155010223
0.06764790415763855 0.09539835155010223
0.057070791721343994 0.09539835155010223
0.0 0.09539835155010223
0.0557662695646286 0.09539835155010223
0.07901310920715332 0.09539835155010223
0.09409382939338684 0.09539835155010223
0.08959022164344788 0.0957072377204895
0.033823952078819275 0.0957072377204895
0.09409382939338684 0.09701541811227798
0.0 0.09701541811227798
0.09409382939338684 0.09701541811227798
0.09409382939338684 0.09701541811227798
0.09409382939338684 0.09701541811227798
0.09409382939338684 0.09701541811227798
0.049213558435440063 0.09701541811227798
0.0 0.09701541811227798
0.08959022164344788 0.09701541811227798
0.09409382939338684 0.09701541811227798
0.09409382939338684 0.09701541811227798
0.0875411182641983 0.09842712432146072
0.08482123911380768 0.09842712432146072
0.0 0.09842712432146072
0.08959022164344788 0.09842712432146072
0.08959022164344788 0.09842712432146072
0.08303751051425934 0.09842712432146072
0.09842712432146072 0.0999019593000412
0.08303751051425934 0.0999019593000412
0.09409382939338684 0.0999019593000412
0.02324683964252472 0.10147186368703842
0.07665511965751648 0.10147186368703842
0.09539835155010223 0.10147186368703842
0.07901310920715332 0.10147186368703842
0.0875411182641983 0.10147186368703842
0.06764790415763855 0.10147186368703842
0.09409382939338684 0.10147186368703842
0.0 0.10151901841163635
0.06764790415763855 0.10225994884967804
0.09409382939338684 0.10225994884967804
0.08303751051425934 0.10225994884967804
0.09409382939338684 0.10225994884967804
0.07901310920715332 0.10356447100639343
0.06157439947128296 0.10356447100639343
0.02324683964252472 0.10497982800006866
0.0 0.10497982800006866
0.09409382939338684 0.10497982800006866
0.09409382939338684 0.10497982800006866
0.07246039807796478 0.10497982800006866
0.09701541811227798 0.10497982800006866
0.07901310920715332 0.10497982800006866
0.07901310920715332 0.10497982800006866
0.09701541811227798 0.10497982800006866
0.07901310920715332 0.10497982800006866
0.07901310920715332 0.10497982800006866
0.0 0.10497982800006866
0.049213558435440063 0.10497982800006866
0.06319145858287811 0.10597545653581619
0.09842712432146072 0.10597545653581619
0.07215151190757751 0.10597545653581619
0.10225994884967804 0.10597545653581619
0.06157439947128296 0.10597545653581619
0.0 0.10597545653581619
0.07901310920715332 0.10597545653581619
0.09842712432146072 0.10597545653581619
0.033823952078819275 0.10597545653581619
0.10497982800006866 0.10597545653581619
0.057070791721343994 0.10597545653581619
0.06157439947128296 0.10597545653581619
0.0875411182641983 0.10597545653581619
0.10497982800006866 0.10597545653581619
0.04649367928504944 0.10597545653581619
0.09089474380016327 0.10597545653581619
0.10497982800006866 0.10597545653581619
0.0875411182641983 0.10628435015678406
0.049213558435440063 0.10628435015678406
0.06157439947128296 0.10628435015678406
0.10497982800006866 0.10628435015678406
0.08303751051425934 0.10968513786792755
0.08959022164344788 0.11047907173633575
0.0999019593000412 0.11047907173633575
0.10628435015678406 0.11047907173633575
0.07215151190757751 0.11078795790672302
0.10628435015678406 0.11078795790672302
0.11047907173633575 0.11078795790672302
0.08959022164344788 0.11078795790672302
0.033823952078819275 0.11078795790672302
0.08959022164344788 0.1115325391292572
0.09842712432146072 0.1115325391292572
0.09842712432146072 0.1115325391292572
0.049213558435440063 0.11240501701831818
0.1115325391292572 0.11240501701831818
0.1115325391292572 0.11240501701831818
0.1115325391292572 0.11240501701831818
0.033823952078819275 0.11240501701831818
0.033823952078819275 0.1128370612859726
0.09842712432146072 0.1128370612859726
0.0 0.1128370612859726
0.10225994884967804 0.1128370612859726
0.10628435015678406 0.11414158344268799
0.10497982800006866 0.11414158344268799
0.08959022164344788 0.11414158344268799
0.08959022164344788 0.11414158344268799
0.1115325391292572 0.11498267948627472
0.10497982800006866 0.11686147004365921
0.10628435015678406 0.11686147004365921
0.10497982800006866 0.11686147004365921
0.07215151190757751 0.11686147004365921
0.10497982800006866 0.11686147004365921
0.0 0.11686147004365921
0.10497982800006866 0.11686147004365921
0.07901310920715332 0.11686147004365921
0.10497982800006866 0.11686147004365921
0.09409382939338684 0.11686147004365921
0.08303751051425934 0.11734066903591156
0.02324683964252472 0.11734066903591156
0.11686147004365921 0.11734066903591156
0.057070791721343994 0.11734066903591156
0.11686147004365921 0.11734066903591156
0.11686147004365921 0.11734066903591156
0.08303751051425934 0.11734066903591156
0.10497982800006866 0.11734066903591156
0.11686147004365921 0.11734066903591156
0.033823952078819275 0.11864519119262695
0.10628435015678406 0.11864519119262695
0.10147186368703842 0.11864519119262695
0.1128370612859726 0.1202622503042221
0.08959022164344788 0.1202622503042221
0.10497982800006866 0.12136507034301758
0.1128370612859726 0.12136507034301758
0.11895772814750671 0.12136507034301758
0.02324683964252472 0.12136507034301758
0.057070791721343994 0.12136507034301758
0.09701541811227798 0.12136507034301758
0.09089474380016327 0.12136507034301758
0.08303751051425934 0.12136507034301758
0.09842712432146072 0.12341417372226715
0.11240501701831818 0.12341417372226715
0.11078795790672302 0.12341417372226715
0.12167395651340485 0.12341417372226715
0.11240501701831818 0.12341417372226715
0.08303751051425934 0.12471870332956314
0.09842712432146072 0.12471870332956314
0.02324683964252472 0.12471870332956314
0.10497982800006866 0.12471870332956314
0.0 0.12471870332956314
0.09539835155010223 0.12471870332956314
0.12136507034301758 0.12471870332956314
0.08303751051425934 0.12476585805416107
0.0 0.12550678849220276
0.12341417372226715 0.12550678849220276
0.1115325391292572 0.12586867809295654
0.12341417372226715 0.12586867809295654
0.0 0.12638291716575623
0.0557662695646286 0.12791778147220612
0.08959022164344788 0.12791778147220612
0.11895772814750671 0.12791778147220612
0.10497982800006866 0.12791778147220612
0.08959022164344788 0.12791778147220612
0.07901310920715332 0.12791778147220612
0.09842712432146072 0.12791778147220612
0.08303751051425934 0.12791778147220612
0.08959022164344788 0.12822666764259338
0.11895772814750671 0.12822666764259338
0.0 0.12822666764259338
0.10597545653581619 0.12822666764259338
0.02324683964252472 0.12822666764259338
0.10628435015678406 0.1292223036289215
0.11686147004365921 0.1292223036289215
0.0 0.1292223036289215
0.08031763136386871 0.1292223036289215
0.12822666764259338 0.1292223036289215
0.07901310920715332 0.12953118979930878
0.08303751051425934 0.12953118979930878
0.10497982800006866 0.13083936274051666
0.07215151190757751 0.13083936274051666
0.12136507034301758 0.13083936274051666
0.12822666764259338 0.13083936274051666
0.0 0.13083936274051666
0.12822666764259338 0.13083936274051666
0.12822666764259338 0.13242138922214508
0.09701541811227798 0.13242138922214508
0.12586867809295654 0.13372591137886047
0.13242138922214508 0.13372591137886047
0.13083936274051666 0.13403479754924774
0.12136507034301758 0.13403479754924774
0.07901310920715332 0.13403479754924774
0.11240501701831818 0.13477937877178192
0.12136507034301758 0.13477937877178192
0.0875411182641983 0.1352958083152771
0.10151901841163635 0.1352958083152771
0.13477937877178192 0.13534297049045563
0.1322510689496994 0.13608390092849731
0.1322510689496994 0.13608390092849731
0.12822666764259338 0.13608390092849731
0.12476585805416107 0.13608390092849731
0.13534297049045563 0.13608390092849731
0.057070791721343994 0.13675467669963837
0.1322510689496994 0.13675467669963837
0.02324683964252472 0.13880378007888794
0.12791778147220612 0.13880378007888794
0.10497982800006866 0.13880378007888794
0.12136507034301758 0.13880378007888794
0.12822666764259338 0.13880378007888794
0.09539835155010223 0.13880378007888794
0.13880378007888794 0.13979941606521606
0.11734066903591156 0.13979941606521606
0.09409382939338684 0.13979941606521606
0.04649367928504944 0.13979941606521606
0.0557662695646286 0.13979941606521606
0.13880378007888794 0.14010831713676453
0.0 0.14010831713676453
0.09409382939338684 0.14010831713676453
0.13880378007888794 0.14058750867843628
0.13880378007888794 0.14220456779003143
0.13880378007888794 0.14220456779003143
0.13880378007888794 0.1433073878288269
0.11895772814750671 0.1433073878288269
0.13880378007888794 0.1433073878288269
0.1433073878288269 0.14430302381515503
0.1322510689496994 0.14430302381515503
0.08643830567598343 0.14430302381515503
0.1433073878288269 0.14430302381515503
0.12791778147220612 0.1446119099855423
0.10597545653581619 0.1446119099855423
0.1322510689496994 0.1446119099855423
0.10597545653581619 0.1446119099855423
0.13477937877178192 0.14492079615592957
0.07901310920715332 0.14535649120807648
0.12586867809295654 0.14535649120807648
0.12341417372226715 0.14535649120807648
0.1356518566608429 0.14535649120807648
0.10147186368703842 0.14622898399829865
0.12167395651340485 0.14666101336479187
0.1322510689496994 0.14666101336479187
0.1446119099855423 0.14666101336479187
0.13675467669963837 0.14666101336479187
0.14535649120807648 0.14666101336479187
0.14492079615592957 0.1476406753063202
0.11686147004365921 0.14796553552150726
0.11078795790672302 0.14796553552150726
0.13534297049045563 0.14796553552150726
0.1476406753063202 0.14796553552150726
0.1446119099855423 0.14911551773548126
0.1398465782403946 0.1506854146718979
0.10497982800006866 0.1506854146718979
0.11686147004365921 0.1506854146718979
0.14535649120807648 0.15073257684707642
0.13880378007888794 0.15116462111473083
0.12822666764259338 0.15116462111473083
0.14350908994674683 0.15116462111473083
0.12136507034301758 0.15246914327144623
0.13880378007888794 0.15246914327144623
0.14430302381515503 0.15246914327144623
0.09409382939338684 0.15246914327144623
0.14010831713676453 0.152781680226326
0.08303751051425934 0.15408621728420258
0.11686147004365921 0.15419338643550873
0.13880378007888794 0.15518902242183685
0.1433073878288269 0.15518902242183685
0.13880378007888794 0.15518902242183685
0.08031763136386871 0.15549790859222412
0.11047907173633575 0.15549790859222412
0.15518902242183685 0.1556682288646698
0.1476406753063202 0.15723812580108643
0.15549790859222412 0.15858981013298035
0.1506854146718979 0.15933074057102203
0.1080680787563324 0.16000151634216309
0.08959022164344788 0.1617417335510254
0.1322510689496994 0.1617417335510254
0.0957072377204895 0.1617417335510254
0.15723812580108643 0.1617417335510254
0.15728528797626495 0.1617417335510254
0.13979941606521606 0.16205061972141266
0.16074609756469727 0.16304625570774078
0.07901310920715332 0.16304625570774078
0.1514735072851181 0.16304625570774078
0.15549790859222412 0.16304625570774078
0.1446119099855423 0.16304625570774078
0.07246039807796478 0.16607503592967987
0.16074609756469727 0.16607503592967987
0.16607503592967987 0.16624534130096436
0.1602068841457367 0.16624534130096436
0.11686147004365921 0.16624534130096436
0.11686147004365921 0.16655422747135162
0.16161857545375824 0.1686033308506012
0.12167395651340485 0.1686033308506012
0.14666101336479187 0.1699078530073166
0.14639563858509064 0.1699078530073166
0.1322510689496994 0.17121237516403198
0.14911551773548126 0.1739322543144226
0.15728528797626495 0.1739322543144226
0.1080680787563324 0.1739322543144226
0.1708875149488449 0.17397941648960114
0.1322510689496994 0.17441146075725555
0.1726277470588684 0.17441146075725555
0.15116462111473083 0.17571598291397095
0.16074609756469727 0.17713133990764618
0.1617417335510254 0.17843586206436157
0.14535649120807648 0.17843586206436157
0.15518902242183685 0.17843586206436157
0.1128370612859726 0.17843586206436157
0.16607503592967987 0.17843586206436157
0.16607503592967987 0.17843586206436157
0.1128370612859726 0.17874474823474884
0.15408621728420258 0.17891506850719452
0.1708875149488449 0.17918044328689575
0.1476406753063202 0.18048496544361115
0.13880378007888794 0.18127305805683136
0.13880378007888794 0.1832483559846878
0.16911976039409637 0.18368405103683472
0.18146462738513947 0.1849885731935501
0.1726277470588684 0.18529745936393738
0.033823952078819275 0.1862930953502655
0.16655422747135162 0.18791015446186066
0.08031763136386871 0.18791015446186066
0.188017338514328 0.18901297450065613
0.18901297450065613 0.18949218094348907
0.18005293607711792 0.18949218094348907
0.18163494765758514 0.19110558927059174
0.188017338514328 0.19403083622455597
0.1910620778799057 0.19457004964351654
0.16655422747135162 0.19556568562984467
0.17918044328689575 0.19556568562984467
0.19382546842098236 0.19556568562984467
0.07215151190757751 0.19556568562984467
0.16817128658294678 0.19587458670139313
0.1781269758939743 0.19717909395694733
0.18596823513507843 0.19722625613212585
0.16817128658294678 0.1990736573934555
0.1726277470588684 0.2003781795501709
0.2003781795501709 0.2044025957584381
0.20112276077270508 0.20471146702766418
0.19457004964351654 0.20618630945682526
0.19382546842098236 0.2064516842365265
0.18146462738513947 0.20693089067935944
0.18949218094348907 0.20693089067935944
0.18293946981430054 0.20775620639324188
0.15116462111473083 0.20823541283607483
0.1935165822505951 0.2085442990064621
0.1514735072851181 0.20890618860721588
0.16335515677928925 0.20953993499279022
0.1739322543144226 0.21095529198646545
0.20488178730010986 0.21095529198646545
0.17367053031921387 0.21195092797279358
0.17397941648960114 0.21225981414318085
0.15408621728420258 0.21545889973640442
0.2034069448709488 0.21651236712932587
0.20693089067935944 0.2172776758670807
0.1988433301448822 0.21770605444908142
0.2016827017068863 0.21781688928604126
0.21126417815685272 0.220905140042305
0.21435607969760895 0.22184130549430847
0.20068706572055817 0.22252219915390015
0.21095529198646545 0.22462065517902374
0.213876873254776 0.22634489834308624
0.14666101336479187 0.22764942049980164
0.21528859436511993 0.2338932454586029
0.23320649564266205 0.23420213162899017
0.2243696004152298 0.23686200380325317
0.1893218755722046 0.24001026153564453
0.23494671285152435 0.24303902685642242
0.22839400172233582 0.24324439465999603
0.24613092839717865 0.24656297266483307
0.22524207830429077 0.24959173798561096
0.2471843957901001 0.24979710578918457
0.2403227984905243 0.2561444640159607
0.2601688504219055 0.2603391706943512
0.25566524267196655 0.26037055253982544
0.24173450469970703 0.26116448640823364
0.25033631920814514 0.2617822587490082
0.23723089694976807 0.26400166749954224
0.2044025957584381 0.2643105685710907
0.2536161541938782 0.26482701301574707
0.24613092839717865 0.26672154664993286
0.260477751493454 0.27094766497612
0.12341417372226715 0.27142688632011414
0.24236825108528137 0.27205049991607666
0.25033631920814514 0.27235937118530273
0.23451101779937744 0.2772350013256073
0.14666101336479187 0.2793912887573242
0.25033631920814514 0.282051146030426
0.2491125464439392 0.2824200689792633
0.28211116790771484 0.29336920380592346
0.293992817401886 0.29430168867111206
0.2898452579975128 0.29734644293785095
0.2907937169075012 0.30263814330101013
0.2915854752063751 0.3063536584377289
0.31885671615600586 0.3296004831790924
0.3296004831790924 0.3400072753429413
0.3497590720653534 0.3541555106639862
0.36545756459236145 0.37767985463142395
0.39625275135040283 0.40336906909942627
0.424006849527359 0.4253113865852356
