0.0 0.02324683964252472
0.0 0.02324683964252472
0.0 0.02324683964252472
0.0 0.02324683964252472
0.0 0.02324683964252472
0.0 0.02324683964252472
0.0 0.02324683964252472
0.0 0.02324683964252472
0.0 0.02324683964252472
0.0 0.02324683964252472
0.0 0.02324683964252472
0.0 0.02324683964252472
0.0 0.02324683964252472
0.0 0.02324683964252472
0.0 0.02324683964252472
0.0 0.02324683964252472
0.0 0.02324683964252472
0.0 0.02324683964252472
0.0 0.02324683964252472
0.0 0.02324683964252472
0.0 0.02324683964252472
0.0 0.02324683964252472
0.0 0.02324683964252472
0.0 0.02324683964252472
0.0 0.02324683964252472
0.0 0.02324683964252472
0.0 0.02324683964252472
0.0 0.02324683964252472
0.0 0.02324683964252472
0.0 0.02324683964252472
0.0 0.02324683964252472
0.0 0.02324683964252472
0.0 0.02324683964252472
0.0 0.02324683964252472
0.0 0.02324683964252472
0.0 0.02324683964252472
0.0 0.02324683964252472
0.0 0.02324683964252472
0.0 0.02324683964252472
0.0 0.02324683964252472
0.0 0.02324683964252472
0.0 0.02324683964252472
0.0 0.02324683964252472
0.0 0.02324683964252472
0.0 0.02324683964252472
0.0 0.02324683964252472
0.02324683964252472 0.033823952078819275
0.0 0.033823952078819275
0.02324683964252472 0.033823952078819275
0.0 0.033823952078819275
0.0 0.033823952078819275
0.0 0.033823952078819275
0.0 0.033823952078819275
0.0 0.033823952078819275
0.0 0.033823952078819275
0.0 0.033823952078819275
0.0 0.033823952078819275
0.02324683964252472 0.033823952078819275
0.0 0.033823952078819275
0.0 0.033823952078819275
0.0 0.033823952078819275
0.0 0.033823952078819275
0.0 0.033823952078819275
0.0 0.033823952078819275
0.0 0.033823952078819275
0.02324683964252472 0.033823952078819275
0.02324683964252472 0.033823952078819275
0.0 0.033823952078819275
0.0 0.033823952078819275
0.0 0.033823952078819275
0.02324683964252472 0.033823952078819275
0.0 0.033823952078819275
0.02324683964252472 0.033823952078819275
0.0 0.033823952078819275
0.02324683964252472 0.033823952078819275
0.02324683964252472 0.033823952078819275
0.02324683964252472 0.033823952078819275
0.02324683964252472 0.033823952078819275
0.0 0.033823952078819275
0.0 0.033823952078819275
0.0 0.033823952078819275
0.02324683964252472 0.033823952078819275
0.0 0.033823952078819275
0.0 0.033823952078819275
0.0 0.033823952078819275
0.0 0.033823952078819275
0.0 0.033823952078819275
0.02324683964252472 0.033823952078819275
0.0 0.03832755982875824
0.0 0.03832755982875824
0.0 0.03832755982875824
0.033823952078819275 0.03832755982875824
0.0 0.03832755982875824
0.0 0.03832755982875824
0.0 0.03832755982875824
0.0 0.03832755982875824
0.033823952078819275 0.03832755982875824
0.033823952078819275 0.03832755982875824
0.02324683964252472 0.03832755982875824
0.02324683964252472 0.03832755982875824
0.033823952078819275 0.03832755982875824
0.0 0.03832755982875824
0.0 0.03832755982875824
0.033823952078819275 0.03832755982875824
0.033823952078819275 0.03832755982875824
0.033823952078819275 0.03832755982875824
0.033823952078819275 0.03832755982875824
0.033823952078819275 0.03832755982875824
0.02324683964252472 0.03832755982875824
0.033823952078819275 0.03832755982875824
0.033823952078819275 0.03832755982875824
0.0 0.03832755982875824
0.033823952078819275 0.03832755982875824
0.02324683964252472 0.03832755982875824
0.033823952078819275 0.03832755982875824
0.0 0.03832755982875824
0.033823952078819275 0.03832755982875824
0.033823952078819275 0.03832755982875824
0.033823952078819275 0.03832755982875824
0.033823952078819275 0.03832755982875824
0.033823952078819275 0.03832755982875824
0.033823952078819275 0.03832755982875824
0.02324683964252472 0.03832755982875824
0.033823952078819275 0.03832755982875824
0.0 0.03832755982875824
0.033823952078819275 0.03832755982875824
0.033823952078819275 0.03832755982875824
0.033823952078819275 0.03832755982875824
0.033823952078819275 0.03832755982875824
0.02324683964252472 0.03832755982875824
0.033823952078819275 0.03832755982875824
0.033823952078819275 0.03832755982875824
0.02324683964252472 0.03832755982875824
0.033823952078819275 0.03832755982875824
0.033823952078819275 0.03832755982875824
0.033823952078819275 0.03832755982875824
0.0 0.03832755982875824
0.033823952078819275 0.03832755982875824
0.033823952078819275 0.03832755982875824
0.0 0.03832755982875824
0.0 0.03832755982875824
0.02324683964252472 0.03832755982875824
0.02324683964252472 0.03832755982875824
0.033823952078819275 0.03832755982875824
0.033823952078819275 0.03832755982875824
0.02324683964252472 0.03832755982875824
0.0 0.03832755982875824
0.0 0.03832755982875824
0.0 0.03832755982875824
0.033823952078819275 0.03832755982875824
0.0 0.04649367928504944
0.02324683964252472 0.04649367928504944
0.033823952078819275 0.04649367928504944
0.0 0.04649367928504944
0.033823952078819275 0.04649367928504944
0.0 0.04649367928504944
0.02324683964252472 0.04649367928504944
0.033823952078819275 0.04649367928504944
0.02324683964252472 0.04649367928504944
0.033823952078819275 0.04649367928504944
0.033823952078819275 0.04649367928504944
0.033823952078819275 0.04649367928504944
0.03832755982875824 0.04649367928504944
0.033823952078819275 0.04649367928504944
0.0 0.049213558435440063
0.0 0.049213558435440063
0.02324683964252472 0.049213558435440063
0.0 0.049213558435440063
0.0 0.049213558435440063
0.0 0.049213558435440063
0.0 0.049213558435440063
0.03832755982875824 0.049213558435440063
0.0 0.049213558435440063
0.0 0.049213558435440063
0.0 0.049213558435440063
0.02324683964252472 0.049213558435440063
0.0 0.049213558435440063
0.0 0.049213558435440063
0.0 0.049213558435440063
0.02324683964252472 0.049213558435440063
0.033823952078819275 0.049213558435440063
0.0 0.049213558435440063
0.033823952078819275 0.049213558435440063
0.033823952078819275 0.049213558435440063
0.03832755982875824 0.049213558435440063
0.0 0.049213558435440063
0.033823952078819275 0.049213558435440063
0.0 0.049213558435440063
0.033823952078819275 0.049213558435440063
0.033823952078819275 0.049213558435440063
0.0 0.049213558435440063
0.033823952078819275 0.049213558435440063
0.0 0.0557662695646286
0.0 0.0557662695646286
0.049213558435440063 0.0557662695646286
0.0 0.0557662695646286
0.049213558435440063 0.0557662695646286
0.033823952078819275 0.0557662695646286
0.049213558435440063 0.0557662695646286
0.02324683964252472 0.0557662695646286
0.0 0.0557662695646286
0.0 0.0557662695646286
0.03832755982875824 0.0557662695646286
0.049213558435440063 0.0557662695646286
0.0 0.0557662695646286
0.049213558435440063 0.0557662695646286
0.049213558435440063 0.0557662695646286
0.049213558435440063 0.0557662695646286
0.049213558435440063 0.0557662695646286
0.0 0.0557662695646286
0.033823952078819275 0.0557662695646286
0.0 0.0557662695646286
0.049213558435440063 0.0557662695646286
0.049213558435440063 0.0557662695646286
0.033823952078819275 0.0557662695646286
0.049213558435440063 0.0557662695646286
0.049213558435440063 0.0557662695646286
0.0 0.0557662695646286
0.049213558435440063 0.0557662695646286
0.049213558435440063 0.0557662695646286
0.049213558435440063 0.0557662695646286
0.049213558435440063 0.0557662695646286
0.049213558435440063 0.0557662695646286
0.049213558435440063 0.0557662695646286
0.03832755982875824 0.0557662695646286
0.02324683964252472 0.0557662695646286
0.02324683964252472 0.0557662695646286
0.049213558435440063 0.0557662695646286
0.049213558435440063 0.0557662695646286
0.049213558435440063 0.0557662695646286
0.02324683964252472 0.0557662695646286
0.02324683964252472 0.0557662695646286
0.049213558435440063 0.0557662695646286
0.0 0.0557662695646286
0.049213558435440063 0.0557662695646286
0.049213558435440063 0.0557662695646286
0.049213558435440063 0.0557662695646286
0.02324683964252472 0.0557662695646286
0.049213558435440063 0.0557662695646286
0.02324683964252472 0.0557662695646286
0.049213558435440063 0.0557662695646286
0.049213558435440063 0.0557662695646286
0.049213558435440063 0.0557662695646286
0.03832755982875824 0.0557662695646286
0.049213558435440063 0.0557662695646286
0.033823952078819275 0.0557662695646286
0.049213558435440063 0.0557662695646286
0.049213558435440063 0.0557662695646286
0.0 0.0557662695646286
0.049213558435440063 0.0557662695646286
0.049213558435440063 0.0557662695646286
0.049213558435440063 0.0557662695646286
0.0 0.0557662695646286
0.049213558435440063 0.0557662695646286
0.033823952078819275 0.0557662695646286
0.049213558435440063 0.0557662695646286
0.049213558435440063 0.0557662695646286
0.049213558435440063 0.0557662695646286
0.049213558435440063 0.0557662695646286
0.049213558435440063 0.0557662695646286
0.049213558435440063 0.0557662695646286
0.0 0.0557662695646286
0.049213558435440063 0.0557662695646286
0.0 0.0557662695646286
0.02324683964252472 0.0557662695646286
0.0 0.0557662695646286
0.049213558435440063 0.0557662695646286
0.0 0.0557662695646286
0.0 0.0557662695646286
0.0 0.0557662695646286
0.033823952078819275 0.0557662695646286
0.049213558435440063 0.0557662695646286
0.049213558435440063 0.0557662695646286
0.049213558435440063 0.0557662695646286
0.049213558435440063 0.0557662695646286
0.049213558435440063 0.0557662695646286
0.049213558435440063 0.0557662695646286
0.0 0.0557662695646286
0.0 0.0557662695646286
0.0 0.0557662695646286
0.049213558435440063 0.0557662695646286
0.049213558435440063 0.0557662695646286
0.0 0.0557662695646286
0.049213558435440063 0.0557662695646286
0.0 0.0557662695646286
0.049213558435440063 0.0557662695646286
0.02324683964252472 0.0557662695646286
0.049213558435440063 0.0557662695646286
0.033823952078819275 0.0557662695646286
0.0 0.0557662695646286
0.049213558435440063 0.0557662695646286
0.049213558435440063 0.0557662695646286
0.049213558435440063 0.0557662695646286
0.033823952078819275 0.0557662695646286
0.0 0.0557662695646286
0.049213558435440063 0.0557662695646286
0.049213558435440063 0.0557662695646286
0.049213558435440063 0.0557662695646286
0.049213558435440063 0.0557662695646286
0.03832755982875824 0.0557662695646286
0.0 0.0557662695646286
0.033823952078819275 0.0557662695646286
0.0 0.0557662695646286
0.049213558435440063 0.0557662695646286
0.049213558435440063 0.0557662695646286
0.033823952078819275 0.057070791721343994
0.0 0.057070791721343994
0.033823952078819275 0.057070791721343994
0.0 0.057070791721343994
0.033823952078819275 0.057070791721343994
0.033823952078819275 0.057070791721343994
0.03832755982875824 0.057070791721343994
0.033823952078819275 0.057070791721343994
0.033823952078819275 0.057070791721343994
0.02324683964252472 0.057070791721343994
0.03832755982875824 0.057070791721343994
0.03832755982875824 0.057070791721343994
0.02324683964252472 0.057070791721343994
0.0 0.057070791721343994
0.0557662695646286 0.057070791721343994
0.0557662695646286 0.057070791721343994
0.049213558435440063 0.057070791721343994
0.0 0.057070791721343994
0.049213558435440063 0.057070791721343994
0.049213558435440063 0.057070791721343994
0.0 0.057070791721343994
0.02324683964252472 0.057070791721343994
0.033823952078819275 0.057070791721343994
0.0557662695646286 0.057070791721343994
0.033823952078819275 0.057070791721343994
0.033823952078819275 0.057070791721343994
0.033823952078819275 0.057070791721343994
0.0 0.057070791721343994
0.0 0.057070791721343994
0.0 0.057070791721343994
0.049213558435440063 0.057070791721343994
0.0 0.057070791721343994
0.0557662695646286 0.057070791721343994
0.049213558435440063 0.057070791721343994
0.049213558435440063 0.057070791721343994
0.0557662695646286 0.057070791721343994
0.049213558435440063 0.057070791721343994
0.049213558435440063 0.057070791721343994
0.0 0.057070791721343994
0.0557662695646286 0.057070791721343994
0.033823952078819275 0.057070791721343994
0.03832755982875824 0.057070791721343994
0.049213558435440063 0.057070791721343994
0.04649367928504944 0.057070791721343994
0.049213558435440063 0.057070791721343994
0.0557662695646286 0.057070791721343994
0.0557662695646286 0.057070791721343994
0.049213558435440063 0.057070791721343994
0.0557662695646286 0.057070791721343994
0.049213558435440063 0.057070791721343994
0.049213558435440063 0.057070791721343994
0.049213558435440063 0.057070791721343994
0.0 0.057070791721343994
0.049213558435440063 0.057070791721343994
0.033823952078819275 0.057070791721343994
0.0557662695646286 0.06157439947128296
0.0 0.06157439947128296
0.03832755982875824 0.06157439947128296
0.0 0.06157439947128296
0.0557662695646286 0.06157439947128296
0.0557662695646286 0.06157439947128296
0.0557662695646286 0.06157439947128296
0.0 0.06157439947128296
0.0557662695646286 0.06157439947128296
0.057070791721343994 0.06157439947128296
0.057070791721343994 0.06157439947128296
0.033823952078819275 0.06157439947128296
0.0557662695646286 0.06157439947128296
0.049213558435440063 0.06157439947128296
0.033823952078819275 0.06157439947128296
0.057070791721343994 0.06157439947128296
0.049213558435440063 0.06157439947128296
0.0 0.06319145858287811
0.0557662695646286 0.06319145858287811
0.0557662695646286 0.06319145858287811
0.0557662695646286 0.06319145858287811
0.0557662695646286 0.06319145858287811
0.0557662695646286 0.06319145858287811
0.0 0.06319145858287811
0.0 0.06319145858287811
0.0 0.06319145858287811
0.033823952078819275 0.06319145858287811
0.0557662695646286 0.06319145858287811
0.0557662695646286 0.06319145858287811
0.0557662695646286 0.06319145858287811
0.0557662695646286 0.06319145858287811
0.033823952078819275 0.06319145858287811
0.03832755982875824 0.06319145858287811
0.0 0.06319145858287811
0.0 0.06319145858287811
0.033823952078819275 0.06764790415763855
0.049213558435440063 0.06764790415763855
0.049213558435440063 0.06764790415763855
0.0 0.06764790415763855
0.049213558435440063 0.06764790415763855
0.0 0.06764790415763855
0.0557662695646286 0.06764790415763855
0.049213558435440063 0.06764790415763855
0.06157439947128296 0.06764790415763855
0.049213558435440063 0.06764790415763855
0.06157439947128296 0.06764790415763855
0.0 0.06764790415763855
0.033823952078819275 0.06764790415763855
0.049213558435440063 0.06764790415763855
0.049213558435440063 0.06764790415763855
0.033823952078819275 0.06764790415763855
0.03832755982875824 0.06764790415763855
0.0557662695646286 0.06764790415763855
0.033823952078819275 0.06764790415763855
0.049213558435440063 0.06764790415763855
0.03832755982875824 0.06764790415763855
0.0557662695646286 0.06764790415763855
0.049213558435440063 0.06764790415763855
0.06157439947128296 0.06764790415763855
0.0 0.06764790415763855
0.0 0.06764790415763855
0.04649367928504944 0.06764790415763855
0.033823952078819275 0.06764790415763855
0.0 0.06764790415763855
0.049213558435440063 0.06764790415763855
0.049213558435440063 0.06764790415763855
0.06764790415763855 0.06974051892757416
0.06764790415763855 0.06974051892757416
0.06764790415763855 0.06974051892757416
0.0 0.07215151190757751
0.0557662695646286 0.07215151190757751
0.0557662695646286 0.07215151190757751
0.049213558435440063 0.07215151190757751
0.0557662695646286 0.07215151190757751
0.0557662695646286 0.07215151190757751
0.033823952078819275 0.07215151190757751
0.0557662695646286 0.07215151190757751
0.06764790415763855 0.07215151190757751
0.0 0.07215151190757751
0.057070791721343994 0.07215151190757751
0.057070791721343994 0.07215151190757751
0.02324683964252472 0.07215151190757751
0.0 0.07215151190757751
0.0557662695646286 0.07215151190757751
0.0557662695646286 0.07215151190757751
0.0557662695646286 0.07215151190757751
0.02324683964252472 0.07215151190757751
0.0557662695646286 0.07215151190757751
0.049213558435440063 0.07246039807796478
0.0557662695646286 0.07246039807796478
0.06764790415763855 0.07246039807796478
0.033823952078819275 0.07246039807796478
0.0 0.07246039807796478
0.0 0.07246039807796478
0.0 0.07246039807796478
0.0 0.07246039807796478
0.0 0.07246039807796478
0.049213558435440063 0.07246039807796478
0.0 0.07246039807796478
0.07215151190757751 0.07246039807796478
0.0 0.07246039807796478
0.0557662695646286 0.07246039807796478
0.06319145858287811 0.07246039807796478
0.033823952078819275 0.07246039807796478
0.06764790415763855 0.07246039807796478
0.06319145858287811 0.07246039807796478
0.033823952078819275 0.07246039807796478
0.04649367928504944 0.07665511965751648
0.0557662695646286 0.07665511965751648
0.06764790415763855 0.07665511965751648
0.02324683964252472 0.07665511965751648
0.033823952078819275 0.07665511965751648
0.07215151190757751 0.07901310920715332
0.07215151190757751 0.07901310920715332
0.0557662695646286 0.07901310920715332
0.0557662695646286 0.07901310920715332
0.07215151190757751 0.07901310920715332
0.0 0.07901310920715332
0.033823952078819275 0.07901310920715332
0.0557662695646286 0.07901310920715332
0.03832755982875824 0.07901310920715332
0.02324683964252472 0.07901310920715332
0.0 0.07901310920715332
0.033823952078819275 0.07901310920715332
0.03832755982875824 0.07901310920715332
0.06319145858287811 0.07901310920715332
0.0557662695646286 0.08031763136386871
0.04649367928504944 0.08031763136386871
0.06764790415763855 0.08031763136386871
0.033823952078819275 0.08031763136386871
0.057070791721343994 0.08031763136386871
0.0 0.08031763136386871
0.02324683964252472 0.08031763136386871
0.0 0.08303751051425934
0.0 0.08303751051425934
0.049213558435440063 0.08303751051425934
0.07901310920715332 0.08303751051425934
0.033823952078819275 0.08303751051425934
0.0557662695646286 0.08303751051425934
0.033823952078819275 0.08303751051425934
0.0557662695646286 0.08303751051425934
0.049213558435440063 0.08303751051425934
0.07901310920715332 0.08303751051425934
0.0 0.08303751051425934
0.07215151190757751 0.08303751051425934
0.0557662695646286 0.08303751051425934
0.0 0.08303751051425934
0.0 0.08303751051425934
0.0557662695646286 0.08303751051425934
0.07901310920715332 0.08303751051425934
0.07901310920715332 0.08482123911380768
0.0 0.08482123911380768
0.08303751051425934 0.08482123911380768
0.02324683964252472 0.08643830567598343
0.08303751051425934 0.08643830567598343
0.0 0.0875411182641983
0.0875411182641983 0.08959022164344788
0.033823952078819275 0.08959022164344788
0.07215151190757751 0.08959022164344788
0.07246039807796478 0.08959022164344788
0.0 0.08959022164344788
0.08643830567598343 0.08959022164344788
0.08643830567598343 0.08959022164344788
0.06319145858287811 0.08959022164344788
0.0 0.08959022164344788
0.0875411182641983 0.08959022164344788
0.033823952078819275 0.08959022164344788
0.0875411182641983 0.08959022164344788
0.07665511965751648 0.08959022164344788
0.06319145858287811 0.08959022164344788
0.07215151190757751 0.08959022164344788
0.08643830567598343 0.08959022164344788
0.02324683964252472 0.08959022164344788
0.033823952078819275 0.08959022164344788
0.07901310920715332 0.08959022164344788
0.06764790415763855 0.08959022164344788
0.033823952078819275 0.08959022164344788
0.0875411182641983 0.08959022164344788
0.0875411182641983 0.08959022164344788
0.08303751051425934 0.09089474380016327
0.02324683964252472 0.09089474380016327
0.0875411182641983 0.09089474380016327
0.08303751051425934 0.09089474380016327
0.06157439947128296 0.09089474380016327
0.08303751051425934 0.09089474380016327
0.0875411182641983 0.09089474380016327
0.08303751051425934 0.09089474380016327
0.08303751051425934 0.09089474380016327
0.08959022164344788 0.09089474380016327
0.08303751051425934 0.09089474380016327
0.06157439947128296 0.09089474380016327
0.03832755982875824 0.09089474380016327
0.0 0.09089474380016327
0.0875411182641983 0.09089474380016327
0.0557662695646286 0.09089474380016327
0.057070791721343994 0.09089474380016327
0.07215151190757751 0.09089474380016327
0.08303751051425934 0.09089474380016327
0.0 0.09089474380016327
0.0875411182641983 0.09089474380016327
0.0 0.09089474380016327
0.0 0.09409382939338684
0.08303751051425934 0.09409382939338684
0.08959022164344788 0.09409382939338684
0.08031763136386871 0.09409382939338684
0.08303751051425934 0.09409382939338684
0.0 0.09409382939338684
0.08959022164344788 0.09539835155010223
0.07246039807796478 0.09539835155010223
0.08959022164344788 0.09539835155010223
0.08959022164344788 0.09539835155010223
0.08959022164344788 0.09539835155010223
0.08303751051425934 0.09539835155010223
0.08303751051425934 0.09539835155010223
0.033823952078819275 0.09539835155010223
0.08303751051425934 0.09539835155010223
0.09409382939338684 0.09539835155010223
0.09409382939338684 0.09701541811227798
0.06319145858287811 0.09701541811227798
0.08959022164344788 0.09701541811227798
0.08959022164344788 0.09842712432146072
0.0557662695646286 0.09842712432146072
0.08959022164344788 0.09842712432146072
0.09842712432146072 0.0999019593000412
0.0 0.0999019593000412
0.08643830567598343 0.0999019593000412
0.07246039807796478 0.0999019593000412
0.06764790415763855 0.0999019593000412
0.09842712432146072 0.0999019593000412
0.049213558435440063 0.10147186368703842
0.09842712432146072 0.10147186368703842
0.06764790415763855 0.10147186368703842
0.0 0.10147186368703842
0.09842712432146072 0.10147186368703842
0.02324683964252472 0.10147186368703842
0.09842712432146072 0.10147186368703842
0.09842712432146072 0.10147186368703842
0.09842712432146072 0.10147186368703842
0.08959022164344788 0.10151901841163635
0.09842712432146072 0.10151901841163635
0.09842712432146072 0.10151901841163635
0.06764790415763855 0.10225994884967804
0.09701541811227798 0.10225994884967804
0.02324683964252472 0.10225994884967804
0.09409382939338684 0.10225994884967804
0.09539835155010223 0.10356447100639343
0.09409382939338684 0.10356447100639343
0.06764790415763855 0.10356447100639343
0.02324683964252472 0.10497982800006866
0.08303751051425934 0.10497982800006866
0.08031763136386871 0.10497982800006866
0.07901310920715332 0.10497982800006866
0.09409382939338684 0.10497982800006866
0.03832755982875824 0.10497982800006866
0.08303751051425934 0.10497982800006866
0.0 0.10497982800006866
0.0 0.10497982800006866
0.10497982800006866 0.10597545653581619
0.10497982800006866 0.10597545653581619
0.08303751051425934 0.10597545653581619
0.06764790415763855 0.10597545653581619
0.10497982800006866 0.10597545653581619
0.10497982800006866 0.10597545653581619
0.10497982800006866 0.10597545653581619
0.09842712432146072 0.10597545653581619
0.09842712432146072 0.10597545653581619
0.0999019593000412 0.10597545653581619
0.08482123911380768 0.10628435015678406
0.10497982800006866 0.10628435015678406
0.07901310920715332 0.10628435015678406
0.08303751051425934 0.10628435015678406
0.0557662695646286 0.10628435015678406
0.08959022164344788 0.10628435015678406
0.10497982800006866 0.10628435015678406
0.0 0.10628435015678406
0.10497982800006866 0.11047907173633575
0.06764790415763855 0.11047907173633575
0.049213558435440063 0.11047907173633575
0.08959022164344788 0.11047907173633575
0.10628435015678406 0.11047907173633575
0.0 0.11078795790672302
0.02324683964252472 0.11078795790672302
0.09842712432146072 0.1115325391292572
0.02324683964252472 0.1115325391292572
0.09842712432146072 0.1115325391292572
0.02324683964252472 0.1115325391292572
0.033823952078819275 0.1115325391292572
0.1115325391292572 0.11240501701831818
0.09089474380016327 0.11240501701831818
0.0 0.11240501701831818
0.11078795790672302 0.11240501701831818
0.1115325391292572 0.11240501701831818
0.1115325391292572 0.11240501701831818
0.1115325391292572 0.11240501701831818
0.10597545653581619 0.1128370612859726
0.10151901841163635 0.1128370612859726
0.10597545653581619 0.1128370612859726
0.09842712432146072 0.1128370612859726
0.08959022164344788 0.1128370612859726
0.10628435015678406 0.1128370612859726
0.07246039807796478 0.1128370612859726
0.1115325391292572 0.1128370612859726
0.0 0.1128370612859726
0.0 0.1128370612859726
0.057070791721343994 0.11414158344268799
0.0 0.11414158344268799
0.06764790415763855 0.11414158344268799
0.08303751051425934 0.11414158344268799
0.057070791721343994 0.11414158344268799
0.07665511965751648 0.11414158344268799
0.10628435015678406 0.11686147004365921
0.057070791721343994 0.11686147004365921
0.09539835155010223 0.11686147004365921
0.0557662695646286 0.11686147004365921
0.10497982800006866 0.11686147004365921
0.06764790415763855 0.11734066903591156
0.049213558435440063 0.11734066903591156
0.10497982800006866 0.11734066903591156
0.10497982800006866 0.11734066903591156
0.11686147004365921 0.11734066903591156
0.10497982800006866 0.11734066903591156
0.10497982800006866 0.11734066903591156
0.10628435015678406 0.11734066903591156
0.11686147004365921 0.11734066903591156
0.07901310920715332 0.11864519119262695
0.08303751051425934 0.11864519119262695
0.0557662695646286 0.11864519119262695
0.08959022164344788 0.11895407736301422
0.10497982800006866 0.11895772814750671
0.10497982800006866 0.11895772814750671
0.10497982800006866 0.1202622503042221
0.0 0.1202622503042221
0.04649367928504944 0.1202622503042221
0.057070791721343994 0.12136507034301758
0.09539835155010223 0.12136507034301758
0.10497982800006866 0.12136507034301758
0.06764790415763855 0.12136507034301758
0.11895407736301422 0.12136507034301758
0.057070791721343994 0.12136507034301758
0.08959022164344788 0.12136507034301758
0.1128370612859726 0.12136507034301758
0.1115325391292572 0.12136507034301758
0.11686147004365921 0.12136507034301758
0.033823952078819275 0.12167395651340485
0.09539835155010223 0.12167395651340485
0.10968513786792755 0.12167395651340485
0.07215151190757751 0.12167395651340485
0.12136507034301758 0.12314879894256592
0.09842712432146072 0.12314879894256592
0.09842712432146072 0.12314879894256592
0.057070791721343994 0.12341417372226715
0.09842712432146072 0.12341417372226715
0.1128370612859726 0.12341417372226715
0.07246039807796478 0.12341417372226715
0.12167395651340485 0.12341417372226715
0.1115325391292572 0.12341417372226715
0.02324683964252472 0.12471870332956314
0.07665511965751648 0.12471870332956314
0.11686147004365921 0.12471870332956314
0.06764790415763855 0.12471870332956314
0.0 0.12471870332956314
0.08031763136386871 0.12476585805416107
0.11240501701831818 0.12791778147220612
0.08303751051425934 0.12791778147220612
0.0 0.12791778147220612
0.10497982800006866 0.12791778147220612
0.11734066903591156 0.12822666764259338
0.11734066903591156 0.12822666764259338
0.11047907173633575 0.12822666764259338
0.10628435015678406 0.1292223036289215
0.10225994884967804 0.1292223036289215
0.12822666764259338 0.1292223036289215
0.12791778147220612 0.1292223036289215
0.1128370612859726 0.1292223036289215
0.10497982800006866 0.1292223036289215
0.11686147004365921 0.12953118979930878
0.11895772814750671 0.12953118979930878
0.12822666764259338 0.13083936274051666
0.12136507034301758 0.13083936274051666
0.12953118979930878 0.13083936274051666
0.12791778147220612 0.1322510689496994
0.13083936274051666 0.13242138922214508
0.13083936274051666 0.13242138922214508
0.11686147004365921 0.13242138922214508
0.1115325391292572 0.13372591137886047
0.12341417372226715 0.13403479754924774
0.09701541811227798 0.13477937877178192
0.1128370612859726 0.13477937877178192
0.1322510689496994 0.13477937877178192
0.0 0.13477937877178192
0.07215151190757751 0.13477937877178192
0.12167395651340485 0.1352958083152771
0.1322510689496994 0.13534297049045563
0.0 0.13534297049045563
0.06764790415763855 0.1356518566608429
0.06764790415763855 0.1356518566608429
0.07901310920715332 0.1356518566608429
0.10628435015678406 0.13608390092849731
0.12791778147220612 0.13608390092849731
0.1322510689496994 0.13608390092849731
0.06157439947128296 0.13880378007888794
0.12791778147220612 0.13880378007888794
0.13242138922214508 0.13880378007888794
0.08303751051425934 0.13880378007888794
0.13880378007888794 0.13979941606521606
0.09539835155010223 0.13979941606521606
0.13675467669963837 0.13979941606521606
0.11047907173633575 0.13979941606521606
0.13880378007888794 0.13979941606521606
0.033823952078819275 0.1398465782403946
0.09089474380016327 0.14010831713676453
0.033823952078819275 0.14058750867843628
0.03832755982875824 0.14058750867843628
0.13880378007888794 0.14058750867843628
0.14010831713676453 0.14189203083515167
0.13880378007888794 0.14220456779003143
0.13372591137886047 0.14220456779003143
0.09089474380016327 0.1433073878288269
0.1128370612859726 0.14430302381515503
0.14010831713676453 0.14430302381515503
0.13880378007888794 0.14430302381515503
0.13880378007888794 0.1446119099855423
0.12136507034301758 0.1446119099855423
0.13880378007888794 0.1446119099855423
0.13083936274051666 0.1446119099855423
0.13880378007888794 0.1446119099855423
0.13477937877178192 0.1446119099855423
0.09701541811227798 0.1446119099855423
0.1115325391292572 0.1446119099855423
0.1128370612859726 0.1446119099855423
0.1356518566608429 0.14535649120807648
0.12791778147220612 0.14622898399829865
0.1446119099855423 0.14622898399829865
0.033823952078819275 0.14666101336479187
0.14622898399829865 0.14666101336479187
0.09842712432146072 0.1476406753063202
0.1322510689496994 0.148806631565094
0.11078795790672302 0.14986009895801544
0.1446119099855423 0.1506854146718979
0.12953118979930878 0.1506854146718979
0.13880378007888794 0.1506854146718979
0.057070791721343994 0.15073257684707642
0.14535649120807648 0.15073257684707642
0.09539835155010223 0.15116462111473083
0.1433073878288269 0.15116462111473083
0.0 0.15116462111473083
0.12822666764259338 0.15116462111473083
0.1506854146718979 0.1514735072851181
0.0957072377204895 0.152781680226326
0.1292223036289215 0.152781680226326
0.1433073878288269 0.15408621728420258
0.13880378007888794 0.15408621728420258
0.13675467669963837 0.15419338643550873
0.14666101336479187 0.15419338643550873
0.152781680226326 0.15419338643550873
0.049213558435440063 0.15419338643550873
0.09701541811227798 0.15518902242183685
0.14622898399829865 0.15518902242183685
0.14535649120807648 0.15549790859222412
0.1514735072851181 0.1556682288646698
0.12791778147220612 0.1556682288646698
0.13675467669963837 0.15723812580108643
0.15549790859222412 0.15854264795780182
0.15549790859222412 0.15933074057102203
0.152781680226326 0.15969263017177582
0.15419338643550873 0.1602068841457367
0.15549790859222412 0.16074609756469727
0.15728528797626495 0.16074609756469727
0.14622898399829865 0.1617417335510254
0.1476406753063202 0.1617417335510254
0.15728528797626495 0.1617417335510254
0.16074609756469727 0.1617417335510254
0.12167395651340485 0.16205061972141266
0.15419338643550873 0.16205061972141266
0.14430302381515503 0.16304625570774078
0.16205061972141266 0.16304625570774078
0.14010831713676453 0.16466331481933594
0.03832755982875824 0.16607503592967987
0.16074609756469727 0.16607503592967987
0.15116462111473083 0.16607503592967987
0.0 0.16607503592967987
0.12822666764259338 0.16624534130096436
0.09539835155010223 0.16624534130096436
0.14622898399829865 0.16655422747135162
0.13477937877178192 0.16754986345767975
0.12822666764259338 0.16754986345767975
0.12136507034301758 0.16754986345767975
0.10628435015678406 0.16754986345767975
0.14010831713676453 0.16754986345767975
0.13675467669963837 0.16911976039409637
0.1686033308506012 0.1699078530073166
0.1699078530073166 0.17057862877845764
0.16074609756469727 0.17057862877845764
0.1672988086938858 0.17057862877845764
0.15419338643550873 0.17121237516403198
0.14535649120807648 0.1726277470588684
0.14220456779003143 0.1726277470588684
0.16817128658294678 0.17310693860054016
0.1726277470588684 0.17441146075725555
0.15728528797626495 0.17713133990764618
0.17472399771213531 0.17713133990764618
0.16074609756469727 0.17713133990764618
0.1726277470588684 0.1773330569267273
0.15549790859222412 0.1781269758939743
0.17744022607803345 0.17843586206436157
0.1433073878288269 0.17874474823474884
0.1760285198688507 0.17891506850719452
0.17362336814403534 0.1802195906639099
0.1446119099855423 0.18048496544361115
0.09409382939338684 0.18048496544361115
0.17918044328689575 0.18048496544361115
0.14010831713676453 0.18048496544361115
0.1781269758939743 0.18048496544361115
0.16074609756469727 0.18053212761878967
0.17472399771213531 0.18214918673038483
0.17397941648960114 0.18293946981430054
0.15723812580108643 0.1832483559846878
0.11078795790672302 0.18399293720722198
0.18048496544361115 0.18450936675071716
0.17713133990764618 0.1849885731935501
0.09409382939338684 0.1849885731935501
0.17713133990764618 0.1849885731935501
0.15419338643550873 0.1862930953502655
0.188017338514328 0.18818765878677368
0.18399293720722198 0.1935165822505951
0.18368405103683472 0.1935165822505951
0.19185017049312592 0.1954425424337387
0.18293946981430054 0.19556568562984467
0.18214553594589233 0.19556568562984467
0.0 0.19587458670139313
0.1935165822505951 0.19587458670139313
0.16205061972141266 0.19687020778656006
0.17744022607803345 0.19765830039978027
0.18368405103683472 0.19802019000053406
0.1569727510213852 0.19989897310733795
0.12341417372226715 0.19989897310733795
0.17918044328689575 0.2003781795501709
0.2003781795501709 0.20137381553649902
0.11686147004365921 0.20373180508613586
0.17057862877845764 0.20373180508613586
0.1686033308506012 0.2044025957584381
0.20242728292942047 0.20471146702766418
0.20112276077270508 0.20503632724285126
0.12586867809295654 0.20744732022285461
0.17571598291397095 0.20775620639324188
0.12471870332956314 0.20823541283607483
0.19457004964351654 0.20985248684883118
0.1990736573934555 0.21095529198646545
0.20921507477760315 0.21195092797279358
0.2064516842365265 0.2125687152147293
0.20299087464809418 0.2127390205860138
0.18818765878677368 0.213876873254776
0.21095529198646545 0.21435607969760895
0.08303751051425934 0.21466496586799622
0.18048496544361115 0.2157677859067917
0.17918044328689575 0.2167634218931198
0.21126417815685272 0.21781688928604126
0.17057862877845764 0.21881252527236938
0.2197921872138977 0.2201642096042633
0.22232049703598022 0.22331613302230835
0.0999019593000412 0.22362501919269562
0.21738484501838684 0.22362501919269562
0.20995965600013733 0.22393755614757538
0.16607503592967987 0.2262377142906189
0.06764790415763855 0.22764942049980164
0.21912141144275665 0.23017773032188416
0.22184130549430847 0.23420213162899017
0.22524207830429077 0.23581920564174652
0.2197921872138977 0.2407548427581787
0.23320649564266205 0.2437836080789566
0.21781688928604126 0.2450881451368332
0.24990062415599823 0.25164082646369934
0.2512088119983673 0.2529453635215759
0.21435607969760895 0.2536161541938782
0.21781688928604126 0.2548399269580841
0.24959173798561096 0.25566524267196655
0.23723089694976807 0.2561444640159607
0.24818004667758942 0.2574489712715149
0.23289760947227478 0.26269716024398804
0.2571401000022888 0.26325708627700806
0.23420213162899017 0.2635224759578705
0.24106372892856598 0.26498135924339294
0.2646724581718445 0.26802608370780945
0.26498135924339294 0.2732742726802826
0.27908238768577576 0.2799548804759979
0.2683349847793579 0.28038692474365234
0.26518669724464417 0.28211116790771484
0.27414676547050476 0.28231287002563477
0.28211116790771484 0.2829364836215973
0.2622179687023163 0.2837245762348175
0.2635224759578705 0.28650394082069397
0.293992817401886 0.2970810532569885
0.28744009137153625 0.2986981272697449
0.298805296421051 0.303946316242218
0.1699078530073166 0.3124743103981018
0.3278639316558838 0.32934942841529846
0.3073333203792572 0.3316496014595032
0.35311269760131836 0.3541518449783325
0.32588863372802734 0.355876088142395
0.09089474380016327 0.35635894536972046
0.2928899824619293 0.361533522605896
0.35477328300476074 0.373563677072525
0.31980517506599426 0.37881404161453247
0.40027716755867004 0.4009639024734497
0.40844693779945374 0.41212156414985657
0.42771872878074646 0.4286613464355469
