0.0 0.02324683964252472
0.0 0.02324683964252472
0.0 0.02324683964252472
0.0 0.02324683964252472
0.0 0.02324683964252472
0.0 0.02324683964252472
0.0 0.02324683964252472
0.0 0.02324683964252472
0.0 0.02324683964252472
0.0 0.02324683964252472
0.0 0.02324683964252472
0.0 0.02324683964252472
0.0 0.02324683964252472
0.0 0.02324683964252472
0.0 0.02324683964252472
0.0 0.02324683964252472
0.0 0.02324683964252472
0.0 0.02324683964252472
0.0 0.02324683964252472
0.0 0.02324683964252472
0.0 0.02324683964252472
0.0 0.02324683964252472
0.0 0.02324683964252472
0.0 0.02324683964252472
0.0 0.02324683964252472
0.0 0.02324683964252472
0.0 0.02324683964252472
0.0 0.02324683964252472
0.0 0.02324683964252472
0.0 0.02324683964252472
0.0 0.02324683964252472
0.0 0.02324683964252472
0.0 0.02324683964252472
0.0 0.02324683964252472
0.0 0.02324683964252472
0.0 0.02324683964252472
0.0 0.02324683964252472
0.0 0.02324683964252472
0.0 0.02324683964252472
0.0 0.02324683964252472
0.0 0.02324683964252472
0.0 0.02324683964252472
0.0 0.02324683964252472
0.0 0.02324683964252472
0.0 0.02324683964252472
0.0 0.02324683964252472
0.0 0.02324683964252472
0.0 0.02324683964252472
0.0 0.02324683964252472
0.0 0.02324683964252472
0.0 0.02324683964252472
0.0 0.02324683964252472
0.0 0.02324683964252472
0.0 0.02324683964252472
0.0 0.02324683964252472
0.0 0.02324683964252472
0.0 0.02324683964252472
0.0 0.02324683964252472
0.0 0.02324683964252472
0.0 0.02324683964252472
0.0 0.02324683964252472
0.0 0.02324683964252472
0.0 0.02324683964252472
0.0 0.02324683964252472
0.0 0.02324683964252472
0.0 0.02324683964252472
0.0 0.02324683964252472
0.0 0.02324683964252472
0.0 0.033823952078819275
0.0 0.033823952078819275
0.0 0.033823952078819275
0.02324683964252472 0.033823952078819275
0.0 0.033823952078819275
0.0 0.033823952078819275
0.0 0.033823952078819275
0.02324683964252472 0.033823952078819275
0.0 0.033823952078819275
0.0 0.033823952078819275
0.0 0.033823952078819275
0.0 0.033823952078819275
0.0 0.033823952078819275
0.0 0.033823952078819275
0.02324683964252472 0.033823952078819275
0.02324683964252472 0.033823952078819275
0.02324683964252472 0.033823952078819275
0.02324683964252472 0.033823952078819275
0.0 0.033823952078819275
0.0 0.033823952078819275
0.0 0.033823952078819275
0.02324683964252472 0.033823952078819275
0.02324683964252472 0.033823952078819275
0.02324683964252472 0.033823952078819275
0.0 0.033823952078819275
0.0 0.033823952078819275
0.0 0.033823952078819275
0.02324683964252472 0.033823952078819275
0.0 0.033823952078819275
0.02324683964252472 0.033823952078819275
0.02324683964252472 0.033823952078819275
0.0 0.033823952078819275
0.0 0.033823952078819275
0.0 0.033823952078819275
0.0 0.033823952078819275
0.02324683964252472 0.033823952078819275
0.0 0.033823952078819275
0.0 0.033823952078819275
0.02324683964252472 0.033823952078819275
0.0 0.033823952078819275
0.02324683964252472 0.033823952078819275
0.0 0.033823952078819275
0.02324683964252472 0.033823952078819275
0.0 0.033823952078819275
0.02324683964252472 0.033823952078819275
0.0 0.033823952078819275
0.0 0.033823952078819275
0.02324683964252472 0.033823952078819275
0.0 0.033823952078819275
0.0 0.033823952078819275
0.0 0.033823952078819275
0.02324683964252472 0.033823952078819275
0.0 0.033823952078819275
0.0 0.033823952078819275
0.0 0.033823952078819275
0.02324683964252472 0.033823952078819275
0.02324683964252472 0.033823952078819275
0.0 0.033823952078819275
0.02324683964252472 0.033823952078819275
0.02324683964252472 0.033823952078819275
0.02324683964252472 0.033823952078819275
0.0 0.033823952078819275
0.0 0.033823952078819275
0.02324683964252472 0.033823952078819275
0.0 0.033823952078819275
0.0 0.033823952078819275
0.02324683964252472 0.033823952078819275
0.0 0.033823952078819275
0.02324683964252472 0.033823952078819275
0.0 0.033823952078819275
0.02324683964252472 0.033823952078819275
0.0 0.033823952078819275
0.0 0.033823952078819275
0.0 0.033823952078819275
0.0 0.033823952078819275
0.0 0.033823952078819275
0.0 0.033823952078819275
0.0 0.033823952078819275
0.02324683964252472 0.03832755982875824
0.02324683964252472 0.03832755982875824
0.033823952078819275 0.03832755982875824
0.0 0.03832755982875824
0.033823952078819275 0.03832755982875824
0.033823952078819275 0.03832755982875824
0.02324683964252472 0.03832755982875824
0.033823952078819275 0.03832755982875824
0.033823952078819275 0.03832755982875824
0.033823952078819275 0.03832755982875824
0.033823952078819275 0.03832755982875824
0.033823952078819275 0.03832755982875824
0.033823952078819275 0.03832755982875824
0.033823952078819275 0.03832755982875824
0.0 0.03832755982875824
0.033823952078819275 0.03832755982875824
0.02324683964252472 0.03832755982875824
0.0 0.03832755982875824
0.02324683964252472 0.03832755982875824
0.033823952078819275 0.03832755982875824
0.033823952078819275 0.03832755982875824
0.033823952078819275 0.03832755982875824
0.033823952078819275 0.03832755982875824
0.033823952078819275 0.03832755982875824
0.033823952078819275 0.03832755982875824
0.033823952078819275 0.03832755982875824
0.0 0.03832755982875824
0.033823952078819275 0.03832755982875824
0.0 0.03832755982875824
0.033823952078819275 0.03832755982875824
0.02324683964252472 0.03832755982875824
0.02324683964252472 0.03832755982875824
0.033823952078819275 0.03832755982875824
0.033823952078819275 0.03832755982875824
0.0 0.03832755982875824
0.02324683964252472 0.03832755982875824
0.033823952078819275 0.03832755982875824
0.0 0.03832755982875824
0.033823952078819275 0.03832755982875824
0.0 0.03832755982875824
0.033823952078819275 0.03832755982875824
0.033823952078819275 0.03832755982875824
0.033823952078819275 0.03832755982875824
0.033823952078819275 0.03832755982875824
0.0 0.03832755982875824
0.033823952078819275 0.03832755982875824
0.033823952078819275 0.03832755982875824
0.033823952078819275 0.03832755982875824
0.033823952078819275 0.03832755982875824
0.033823952078819275 0.03832755982875824
0.033823952078819275 0.03832755982875824
0.0 0.03832755982875824
0.0 0.04649367928504944
0.033823952078819275 0.04649367928504944
0.033823952078819275 0.04649367928504944
0.0 0.04649367928504944
0.033823952078819275 0.04649367928504944
0.033823952078819275 0.04649367928504944
0.033823952078819275 0.04649367928504944
0.033823952078819275 0.04649367928504944
0.0 0.049213558435440063
0.0 0.049213558435440063
0.03832755982875824 0.049213558435440063
0.0 0.049213558435440063
0.02324683964252472 0.049213558435440063
0.0 0.049213558435440063
0.0 0.049213558435440063
0.0 0.049213558435440063
0.033823952078819275 0.049213558435440063
0.0 0.049213558435440063
0.033823952078819275 0.049213558435440063
0.03832755982875824 0.049213558435440063
0.0 0.049213558435440063
0.0 0.049213558435440063
0.0 0.049213558435440063
0.0 0.049213558435440063
0.03832755982875824 0.049213558435440063
0.0 0.049213558435440063
0.0 0.049213558435440063
0.03832755982875824 0.049213558435440063
0.0 0.049213558435440063
0.0 0.049213558435440063
0.0 0.049213558435440063
0.0 0.049213558435440063
0.0 0.049213558435440063
0.0 0.049213558435440063
0.03832755982875824 0.049213558435440063
0.0 0.049213558435440063
0.03832755982875824 0.049213558435440063
0.0 0.049213558435440063
0.0 0.049213558435440063
0.0 0.049213558435440063
0.03832755982875824 0.049213558435440063
0.033823952078819275 0.049213558435440063
0.0 0.049213558435440063
0.033823952078819275 0.049213558435440063
0.0 0.049213558435440063
0.033823952078819275 0.049213558435440063
0.0 0.049213558435440063
0.0 0.049213558435440063
0.0 0.049213558435440063
0.0 0.049213558435440063
0.0 0.049213558435440063
0.0 0.049213558435440063
0.0 0.0557662695646286
0.049213558435440063 0.0557662695646286
0.0 0.0557662695646286
0.0 0.0557662695646286
0.0 0.0557662695646286
0.049213558435440063 0.0557662695646286
0.049213558435440063 0.0557662695646286
0.02324683964252472 0.0557662695646286
0.049213558435440063 0.0557662695646286
0.049213558435440063 0.0557662695646286
0.049213558435440063 0.0557662695646286
0.049213558435440063 0.0557662695646286
0.049213558435440063 0.0557662695646286
0.049213558435440063 0.0557662695646286
0.049213558435440063 0.0557662695646286
0.0 0.0557662695646286
0.049213558435440063 0.0557662695646286
0.033823952078819275 0.0557662695646286
0.049213558435440063 0.0557662695646286
0.0 0.0557662695646286
0.049213558435440063 0.0557662695646286
0.049213558435440063 0.0557662695646286
0.049213558435440063 0.0557662695646286
0.0 0.0557662695646286
0.0 0.0557662695646286
0.049213558435440063 0.0557662695646286
0.049213558435440063 0.0557662695646286
0.049213558435440063 0.0557662695646286
0.0 0.0557662695646286
0.049213558435440063 0.0557662695646286
0.0 0.0557662695646286
0.0 0.0557662695646286
0.0 0.0557662695646286
0.049213558435440063 0.0557662695646286
0.049213558435440063 0.0557662695646286
0.049213558435440063 0.0557662695646286
0.049213558435440063 0.0557662695646286
0.049213558435440063 0.0557662695646286
0.049213558435440063 0.0557662695646286
0.033823952078819275 0.0557662695646286
0.0 0.0557662695646286
0.049213558435440063 0.0557662695646286
0.033823952078819275 0.0557662695646286
0.0 0.0557662695646286
0.049213558435440063 0.0557662695646286
0.049213558435440063 0.0557662695646286
0.0 0.0557662695646286
0.049213558435440063 0.0557662695646286
0.033823952078819275 0.0557662695646286
0.0 0.0557662695646286
0.049213558435440063 0.0557662695646286
0.049213558435440063 0.0557662695646286
0.033823952078819275 0.0557662695646286
0.049213558435440063 0.0557662695646286
0.049213558435440063 0.0557662695646286
0.049213558435440063 0.0557662695646286
0.033823952078819275 0.0557662695646286
0.049213558435440063 0.0557662695646286
0.0 0.0557662695646286
0.033823952078819275 0.0557662695646286
0.049213558435440063 0.0557662695646286
0.049213558435440063 0.0557662695646286
0.049213558435440063 0.0557662695646286
0.049213558435440063 0.0557662695646286
0.049213558435440063 0.0557662695646286
0.0 0.0557662695646286
0.0 0.0557662695646286
0.049213558435440063 0.0557662695646286
0.049213558435440063 0.0557662695646286
0.049213558435440063 0.0557662695646286
0.0 0.0557662695646286
0.049213558435440063 0.0557662695646286
0.049213558435440063 0.0557662695646286
0.049213558435440063 0.0557662695646286
0.033823952078819275 0.0557662695646286
0.049213558435440063 0.0557662695646286
0.049213558435440063 0.0557662695646286
0.049213558435440063 0.0557662695646286
0.0 0.0557662695646286
0.049213558435440063 0.0557662695646286
0.0 0.0557662695646286
0.049213558435440063 0.0557662695646286
0.0 0.0557662695646286
0.049213558435440063 0.0557662695646286
0.0 0.0557662695646286
0.049213558435440063 0.0557662695646286
0.033823952078819275 0.0557662695646286
0.049213558435440063 0.0557662695646286
0.049213558435440063 0.0557662695646286
0.049213558435440063 0.0557662695646286
0.049213558435440063 0.0557662695646286
0.0 0.0557662695646286
0.02324683964252472 0.0557662695646286
0.049213558435440063 0.0557662695646286
0.049213558435440063 0.0557662695646286
0.049213558435440063 0.0557662695646286
0.049213558435440063 0.0557662695646286
0.0 0.0557662695646286
0.0 0.0557662695646286
0.049213558435440063 0.0557662695646286
0.0 0.0557662695646286
0.049213558435440063 0.0557662695646286
0.02324683964252472 0.0557662695646286
0.049213558435440063 0.0557662695646286
0.049213558435440063 0.0557662695646286
0.049213558435440063 0.0557662695646286
0.0 0.0557662695646286
0.0 0.0557662695646286
0.033823952078819275 0.0557662695646286
0.033823952078819275 0.0557662695646286
0.049213558435440063 0.0557662695646286
0.033823952078819275 0.0557662695646286
0.033823952078819275 0.0557662695646286
0.0 0.0557662695646286
0.049213558435440063 0.0557662695646286
0.049213558435440063 0.0557662695646286
0.049213558435440063 0.0557662695646286
0.0 0.0557662695646286
0.0 0.0557662695646286
0.049213558435440063 0.0557662695646286
0.033823952078819275 0.0557662695646286
0.0 0.0557662695646286
0.033823952078819275 0.0557662695646286
0.0 0.0557662695646286
0.049213558435440063 0.057070791721343994
0.049213558435440063 0.057070791721343994
0.049213558435440063 0.057070791721343994
0.049213558435440063 0.057070791721343994
0.03832755982875824 0.057070791721343994
0.033823952078819275 0.057070791721343994
0.0 0.057070791721343994
0.049213558435440063 0.057070791721343994
0.049213558435440063 0.057070791721343994
0.033823952078819275 0.057070791721343994
0.0557662695646286 0.057070791721343994
0.049213558435440063 0.057070791721343994
0.0 0.057070791721343994
0.049213558435440063 0.057070791721343994
0.0 0.057070791721343994
0.033823952078819275 0.057070791721343994
0.03832755982875824 0.057070791721343994
0.049213558435440063 0.057070791721343994
0.049213558435440063 0.057070791721343994
0.049213558435440063 0.057070791721343994
0.049213558435440063 0.057070791721343994
0.0 0.057070791721343994
0.0557662695646286 0.057070791721343994
0.049213558435440063 0.057070791721343994
0.0557662695646286 0.057070791721343994
0.0 0.057070791721343994
0.0 0.057070791721343994
0.0 0.057070791721343994
0.0 0.057070791721343994
0.0557662695646286 0.057070791721343994
0.0 0.057070791721343994
0.03832755982875824 0.057070791721343994
0.033823952078819275 0.057070791721343994
0.049213558435440063 0.057070791721343994
0.0 0.057070791721343994
0.049213558435440063 0.057070791721343994
0.0557662695646286 0.057070791721343994
0.0 0.057070791721343994
0.0 0.057070791721343994
0.049213558435440063 0.057070791721343994
0.049213558435440063 0.057070791721343994
0.0 0.057070791721343994
0.049213558435440063 0.057070791721343994
0.0557662695646286 0.057070791721343994
0.0 0.057070791721343994
0.0 0.057070791721343994
0.049213558435440063 0.057070791721343994
0.02324683964252472 0.06157439947128296
0.033823952078819275 0.06157439947128296
0.049213558435440063 0.06157439947128296
0.03832755982875824 0.06157439947128296
0.0557662695646286 0.06157439947128296
0.033823952078819275 0.06157439947128296
0.0557662695646286 0.06157439947128296
0.033823952078819275 0.06157439947128296
0.0557662695646286 0.06157439947128296
0.049213558435440063 0.06157439947128296
0.04649367928504944 0.06157439947128296
0.0557662695646286 0.06157439947128296
0.0557662695646286 0.06157439947128296
0.049213558435440063 0.06157439947128296
0.0557662695646286 0.06157439947128296
0.049213558435440063 0.06157439947128296
0.0 0.06157439947128296
0.0557662695646286 0.06157439947128296
0.0557662695646286 0.06157439947128296
0.0557662695646286 0.06157439947128296
0.0557662695646286 0.06319145858287811
0.0557662695646286 0.06319145858287811
0.0557662695646286 0.06319145858287811
0.0557662695646286 0.06319145858287811
0.0557662695646286 0.06319145858287811
0.0 0.06319145858287811
0.0557662695646286 0.06319145858287811
0.033823952078819275 0.06319145858287811
0.0557662695646286 0.06319145858287811
0.0557662695646286 0.06319145858287811
0.02324683964252472 0.06319145858287811
0.0557662695646286 0.06319145858287811
0.0557662695646286 0.06319145858287811
0.0557662695646286 0.06319145858287811
0.0557662695646286 0.06319145858287811
0.0557662695646286 0.06319145858287811
0.049213558435440063 0.06319145858287811
0.0557662695646286 0.06319145858287811
0.0557662695646286 0.06319145858287811
0.0557662695646286 0.06319145858287811
0.0557662695646286 0.06319145858287811
0.0557662695646286 0.06764790415763855
0.049213558435440063 0.06764790415763855
0.0 0.06764790415763855
0.049213558435440063 0.06764790415763855
0.049213558435440063 0.06764790415763855
0.057070791721343994 0.06764790415763855
0.03832755982875824 0.06764790415763855
0.049213558435440063 0.06764790415763855
0.0557662695646286 0.06764790415763855
0.033823952078819275 0.06764790415763855
0.0557662695646286 0.06764790415763855
0.033823952078819275 0.06764790415763855
0.049213558435440063 0.06764790415763855
0.049213558435440063 0.06764790415763855
0.033823952078819275 0.06764790415763855
0.033823952078819275 0.06764790415763855
0.049213558435440063 0.06764790415763855
0.049213558435440063 0.06764790415763855
0.0 0.06764790415763855
0.0 0.06764790415763855
0.02324683964252472 0.06764790415763855
0.0 0.06764790415763855
0.049213558435440063 0.06764790415763855
0.049213558435440063 0.06764790415763855
0.049213558435440063 0.06764790415763855
0.02324683964252472 0.06764790415763855
0.057070791721343994 0.06764790415763855
0.0 0.06764790415763855
0.049213558435440063 0.06764790415763855
0.033823952078819275 0.06764790415763855
0.0 0.06764790415763855
0.0 0.06764790415763855
0.049213558435440063 0.06764790415763855
0.0 0.06764790415763855
0.03832755982875824 0.06974051892757416
0.0 0.06974051892757416
0.06764790415763855 0.06974051892757416
0.0557662695646286 0.07215151190757751
0.0557662695646286 0.07215151190757751
0.0557662695646286 0.07215151190757751
0.0557662695646286 0.07215151190757751
0.0 0.07215151190757751
0.049213558435440063 0.07215151190757751
0.0557662695646286 0.07215151190757751
0.049213558435440063 0.07215151190757751
0.0557662695646286 0.07215151190757751
0.0557662695646286 0.07215151190757751
0.0557662695646286 0.07215151190757751
0.02324683964252472 0.07215151190757751
0.0 0.07215151190757751
0.049213558435440063 0.07215151190757751
0.033823952078819275 0.07215151190757751
0.06764790415763855 0.07246039807796478
0.0 0.07246039807796478
0.03832755982875824 0.07246039807796478
0.0 0.07246039807796478
0.06764790415763855 0.07246039807796478
0.057070791721343994 0.07246039807796478
0.06764790415763855 0.07246039807796478
0.06764790415763855 0.07246039807796478
0.06157439947128296 0.07246039807796478
0.06764790415763855 0.07246039807796478
0.0557662695646286 0.07246039807796478
0.06764790415763855 0.07246039807796478
0.049213558435440063 0.07246039807796478
0.06319145858287811 0.07246039807796478
0.0 0.07246039807796478
0.06764790415763855 0.07246039807796478
0.06764790415763855 0.07665511965751648
0.033823952078819275 0.07665511965751648
0.0557662695646286 0.07665511965751648
0.0557662695646286 0.07665511965751648
0.0 0.07665511965751648
0.0 0.07665511965751648
0.033823952078819275 0.07901310920715332
0.02324683964252472 0.07901310920715332
0.06157439947128296 0.07901310920715332
0.057070791721343994 0.07901310920715332
0.0557662695646286 0.07901310920715332
0.0557662695646286 0.07901310920715332
0.0 0.07901310920715332
0.07665511965751648 0.07901310920715332
0.057070791721343994 0.07901310920715332
0.033823952078819275 0.07901310920715332
0.0 0.07901310920715332
0.033823952078819275 0.07901310920715332
0.06764790415763855 0.08031763136386871
0.0 0.08031763136386871
0.06764790415763855 0.08031763136386871
0.033823952078819275 0.08031763136386871
0.0557662695646286 0.08031763136386871
0.07215151190757751 0.08031763136386871
0.07901310920715332 0.08031763136386871
0.0557662695646286 0.08031763136386871
0.07901310920715332 0.08031763136386871
0.07901310920715332 0.08031763136386871
0.049213558435440063 0.08031763136386871
0.0 0.08031763136386871
0.057070791721343994 0.08031763136386871
0.0 0.08303751051425934
0.0 0.08303751051425934
0.07901310920715332 0.08303751051425934
0.033823952078819275 0.08303751051425934
0.0 0.08303751051425934
0.0 0.08303751051425934
0.049213558435440063 0.08303751051425934
0.07901310920715332 0.08303751051425934
0.049213558435440063 0.08303751051425934
0.07901310920715332 0.08303751051425934
0.033823952078819275 0.08303751051425934
0.03832755982875824 0.08303751051425934
0.0 0.08303751051425934
0.049213558435440063 0.08303751051425934
0.06764790415763855 0.08482123911380768
0.08303751051425934 0.08482123911380768
0.049213558435440063 0.08482123911380768
0.08303751051425934 0.08482123911380768
0.06764790415763855 0.08482123911380768
0.033823952078819275 0.08482123911380768
0.08303751051425934 0.08643830567598343
0.049213558435440063 0.08643830567598343
0.02324683964252472 0.08643830567598343
0.0557662695646286 0.08643830567598343
0.03832755982875824 0.08643830567598343
0.0 0.0875411182641983
0.08643830567598343 0.0875411182641983
0.06764790415763855 0.0875411182641983
0.0 0.0875411182641983
0.0 0.0875411182641983
0.04649367928504944 0.0875411182641983
0.057070791721343994 0.0875411182641983
0.06764790415763855 0.08959022164344788
0.049213558435440063 0.08959022164344788
0.0557662695646286 0.08959022164344788
0.06764790415763855 0.08959022164344788
0.049213558435440063 0.08959022164344788
0.049213558435440063 0.08959022164344788
0.033823952078819275 0.08959022164344788
0.07665511965751648 0.08959022164344788
0.0 0.08959022164344788
0.07901310920715332 0.08959022164344788
0.08643830567598343 0.08959022164344788
0.08643830567598343 0.08959022164344788
0.0875411182641983 0.08959022164344788
0.0875411182641983 0.08959022164344788
0.08643830567598343 0.08959022164344788
0.0875411182641983 0.08959022164344788
0.0875411182641983 0.08959022164344788
0.0875411182641983 0.08959022164344788
0.0875411182641983 0.08959022164344788
0.0 0.08959022164344788
0.0875411182641983 0.08959022164344788
0.033823952078819275 0.09089474380016327
0.08959022164344788 0.09089474380016327
0.08959022164344788 0.09089474380016327
0.08303751051425934 0.09089474380016327
0.0875411182641983 0.09089474380016327
0.033823952078819275 0.09089474380016327
0.08959022164344788 0.09089474380016327
0.08303751051425934 0.09089474380016327
0.08959022164344788 0.09089474380016327
0.033823952078819275 0.09089474380016327
0.07215151190757751 0.09089474380016327
0.06157439947128296 0.09089474380016327
0.08959022164344788 0.09089474380016327
0.0875411182641983 0.09089474380016327
0.08303751051425934 0.09089474380016327
0.0875411182641983 0.09089474380016327
0.08031763136386871 0.09089474380016327
0.08959022164344788 0.09089474380016327
0.0875411182641983 0.09298735857009888
0.07901310920715332 0.09409382939338684
0.08303751051425934 0.09409382939338684
0.03832755982875824 0.09409382939338684
0.08303751051425934 0.09409382939338684
0.08303751051425934 0.09409382939338684
0.0875411182641983 0.09409382939338684
0.08031763136386871 0.09409382939338684
0.06764790415763855 0.09539835155010223
0.0 0.09539835155010223
0.09089474380016327 0.09539835155010223
0.06764790415763855 0.09539835155010223
0.07901310920715332 0.09539835155010223
0.0875411182641983 0.09539835155010223
0.08303751051425934 0.09539835155010223
0.08303751051425934 0.09539835155010223
0.06764790415763855 0.09539835155010223
0.08303751051425934 0.09539835155010223
0.08303751051425934 0.09539835155010223
0.08303751051425934 0.09539835155010223
0.07215151190757751 0.09539835155010223
0.07246039807796478 0.09539835155010223
0.033823952078819275 0.09539835155010223
0.08643830567598343 0.0957072377204895
0.0875411182641983 0.0957072377204895
0.07901310920715332 0.09701541811227798
0.08959022164344788 0.09701541811227798
0.0557662695646286 0.09701541811227798
0.08959022164344788 0.09701541811227798
0.08303751051425934 0.09842712432146072
0.033823952078819275 0.09842712432146072
0.0557662695646286 0.09842712432146072
0.08959022164344788 0.09842712432146072
0.08959022164344788 0.09842712432146072
0.08959022164344788 0.09842712432146072
0.08959022164344788 0.0999019593000412
0.09842712432146072 0.0999019593000412
0.08959022164344788 0.0999019593000412
0.0875411182641983 0.10147186368703842
0.09842712432146072 0.10147186368703842
0.0 0.10147186368703842
0.08482123911380768 0.10147186368703842
0.0957072377204895 0.10147186368703842
0.09842712432146072 0.10147186368703842
0.08959022164344788 0.10147186368703842
0.09842712432146072 0.10147186368703842
0.06764790415763855 0.10147186368703842
0.057070791721343994 0.10151901841163635
0.09842712432146072 0.10151901841163635
0.033823952078819275 0.10151901841163635
0.0 0.10225994884967804
0.07215151190757751 0.10225994884967804
0.09409382939338684 0.10225994884967804
0.08303751051425934 0.10225994884967804
0.10147186368703842 0.10356447100639343
0.09701541811227798 0.10497982800006866
0.07901310920715332 0.10497982800006866
0.08959022164344788 0.10497982800006866
0.08303751051425934 0.10497982800006866
0.09701541811227798 0.10497982800006866
0.0557662695646286 0.10497982800006866
0.07901310920715332 0.10497982800006866
0.0 0.10597545653581619
0.08303751051425934 0.10597545653581619
0.0875411182641983 0.10597545653581619
0.07901310920715332 0.10597545653581619
0.0875411182641983 0.10597545653581619
0.10497982800006866 0.10597545653581619
0.06764790415763855 0.10597545653581619
0.0 0.10597545653581619
0.07665511965751648 0.10597545653581619
0.07215151190757751 0.10628435015678406
0.08482123911380768 0.10628435015678406
0.10497982800006866 0.10628435015678406
0.06764790415763855 0.10628435015678406
0.08959022164344788 0.10628435015678406
0.10497982800006866 0.10628435015678406
0.10497982800006866 0.10628435015678406
0.08959022164344788 0.10968513786792755
0.08959022164344788 0.11047907173633575
0.049213558435440063 0.11047907173633575
0.10147186368703842 0.11078795790672302
0.08959022164344788 0.11078795790672302
0.033823952078819275 0.11078795790672302
0.08643830567598343 0.11078795790672302
0.09842712432146072 0.1115325391292572
0.0875411182641983 0.1115325391292572
0.08959022164344788 0.11240501701831818
0.11078795790672302 0.11240501701831818
0.1115325391292572 0.11240501701831818
0.0 0.1128370612859726
0.033823952078819275 0.1128370612859726
0.10147186368703842 0.1128370612859726
0.0 0.1128370612859726
0.1115325391292572 0.1128370612859726
0.057070791721343994 0.1128370612859726
0.09409382939338684 0.1128370612859726
0.11078795790672302 0.1128370612859726
0.0 0.1128370612859726
0.09409382939338684 0.11414158344268799
0.11078795790672302 0.11414158344268799
0.049213558435440063 0.11414158344268799
0.09539835155010223 0.11686147004365921
0.10628435015678406 0.11686147004365921
0.10497982800006866 0.11734066903591156
0.10628435015678406 0.11734066903591156
0.04649367928504944 0.11734066903591156
0.09539835155010223 0.11734066903591156
0.02324683964252472 0.11734066903591156
0.11686147004365921 0.11734066903591156
0.08303751051425934 0.11864519119262695
0.06974051892757416 0.11864519119262695
0.11686147004365921 0.11864519119262695
0.08959022164344788 0.11864519119262695
0.033823952078819275 0.11895772814750671
0.057070791721343994 0.11895772814750671
0.033823952078819275 0.11895772814750671
0.03832755982875824 0.11895772814750671
0.1115325391292572 0.12136507034301758
0.1128370612859726 0.12136507034301758
0.1115325391292572 0.12136507034301758
0.10497982800006866 0.12136507034301758
0.1128370612859726 0.12136507034301758
0.08303751051425934 0.12136507034301758
0.10497982800006866 0.12136507034301758
0.02324683964252472 0.12167395651340485
0.1115325391292572 0.12167395651340485
0.12167395651340485 0.12314879894256592
0.09842712432146072 0.12341417372226715
0.033823952078819275 0.12341417372226715
0.04649367928504944 0.12341417372226715
0.07215151190757751 0.12341417372226715
0.11240501701831818 0.12341417372226715
0.12136507034301758 0.12341417372226715
0.12136507034301758 0.12471870332956314
0.1128370612859726 0.12471870332956314
0.10628435015678406 0.12471870332956314
0.07215151190757751 0.12471870332956314
0.12136507034301758 0.12471870332956314
0.07246039807796478 0.12586867809295654
0.10356447100639343 0.12586867809295654
0.1115325391292572 0.12638291716575623
0.10497982800006866 0.12791778147220612
0.11895772814750671 0.12791778147220612
0.12136507034301758 0.12791778147220612
0.12136507034301758 0.12791778147220612
0.11686147004365921 0.12822666764259338
0.11895772814750671 0.12822666764259338
0.02324683964252472 0.12822666764259338
0.07215151190757751 0.12822666764259338
0.10497982800006866 0.12822666764259338
0.0 0.12822666764259338
0.09409382939338684 0.12822666764259338
0.11686147004365921 0.1292223036289215
0.0 0.1292223036289215
0.12341417372226715 0.12953118979930878
0.10597545653581619 0.12953118979930878
0.11734066903591156 0.12953118979930878
0.12822666764259338 0.13083936274051666
0.10497982800006866 0.13083936274051666
0.12791778147220612 0.1322510689496994
0.1322510689496994 0.13242138922214508
0.13083936274051666 0.13242138922214508
0.12586867809295654 0.13372591137886047
0.07215151190757751 0.13477937877178192
0.10497982800006866 0.13534297049045563
0.07665511965751648 0.13608390092849731
0.12822666764259338 0.13608390092849731
0.12953118979930878 0.13675467669963837
0.09842712432146072 0.13822951912879944
0.12341417372226715 0.13880378007888794
0.11686147004365921 0.13880378007888794
0.0875411182641983 0.13979941606521606
0.1322510689496994 0.13979941606521606
0.09089474380016327 0.13979941606521606
0.10225994884967804 0.13979941606521606
0.12136507034301758 0.13979941606521606
0.11078795790672302 0.1398465782403946
0.13880378007888794 0.14010831713676453
0.12791778147220612 0.14010831713676453
0.12822666764259338 0.14010831713676453
0.12136507034301758 0.14010831713676453
0.11686147004365921 0.14010831713676453
0.13880378007888794 0.14010831713676453
0.08959022164344788 0.14010831713676453
0.09539835155010223 0.14058750867843628
0.10497982800006866 0.14058750867843628
0.11414158344268799 0.14058750867843628
0.057070791721343994 0.14058750867843628
0.09701541811227798 0.1433073878288269
0.13880378007888794 0.1433073878288269
0.13880378007888794 0.1433073878288269
0.10628435015678406 0.1433073878288269
0.13675467669963837 0.14430302381515503
0.09409382939338684 0.1446119099855423
0.13979941606521606 0.1446119099855423
0.13083936274051666 0.1446119099855423
0.13372591137886047 0.14492079615592957
0.06157439947128296 0.14535649120807648
0.13880378007888794 0.14622898399829865
0.13608390092849731 0.14666101336479187
0.13675467669963837 0.14666101336479187
0.13477937877178192 0.14666101336479187
0.14535649120807648 0.14666101336479187
0.12167395651340485 0.14666101336479187
0.12341417372226715 0.1476406753063202
0.1476406753063202 0.148806631565094
0.10628435015678406 0.148806631565094
0.033823952078819275 0.14911551773548126
0.1322510689496994 0.14986009895801544
0.14622898399829865 0.14986009895801544
0.09089474380016327 0.1506854146718979
0.0 0.1506854146718979
0.1292223036289215 0.1506854146718979
0.057070791721343994 0.15073257684707642
0.14535649120807648 0.15073257684707642
0.13242138922214508 0.15116462111473083
0.1433073878288269 0.15116462111473083
0.13880378007888794 0.15116462111473083
0.12822666764259338 0.15116462111473083
0.057070791721343994 0.1514735072851181
0.07901310920715332 0.15246914327144623
0.12822666764259338 0.152781680226326
0.13880378007888794 0.15408621728420258
0.13880378007888794 0.15408621728420258
0.152781680226326 0.15419338643550873
0.12791778147220612 0.15518902242183685
0.06764790415763855 0.15518902242183685
0.14986009895801544 0.15549790859222412
0.08031763136386871 0.15549790859222412
0.13675467669963837 0.1569727510213852
0.15073257684707642 0.15723812580108643
0.14492079615592957 0.15723812580108643
0.13675467669963837 0.15723812580108643
0.15549790859222412 0.15728528797626495
0.1322510689496994 0.15858981013298035
0.14535649120807648 0.15858981013298035
0.15518902242183685 0.15933074057102203
0.14622898399829865 0.15933074057102203
0.13242138922214508 0.16074609756469727
0.049213558435440063 0.16205061972141266
0.09089474380016327 0.16205061972141266
0.15419338643550873 0.16205061972141266
0.1322510689496994 0.16205061972141266
0.14535649120807648 0.16304625570774078
0.13880378007888794 0.16335515677928925
0.152781680226326 0.16335515677928925
0.1433073878288269 0.16335515677928925
0.13880378007888794 0.16624534130096436
0.16074609756469727 0.16624534130096436
0.12586867809295654 0.16624534130096436
0.12136507034301758 0.16655422747135162
0.15116462111473083 0.16655422747135162
0.11864519119262695 0.16785874962806702
0.12550678849220276 0.16785874962806702
0.09089474380016327 0.1691669225692749
0.11686147004365921 0.1699078530073166
0.16947582364082336 0.1699078530073166
0.12136507034301758 0.1699078530073166
0.15549790859222412 0.17362336814403534
0.15419338643550873 0.17441146075725555
0.10628435015678406 0.17472034692764282
0.1773330569267273 0.17843586206436157
0.1686033308506012 0.17874474823474884
0.1699078530073166 0.17918044328689575
0.17918044328689575 0.18048496544361115
0.1446119099855423 0.18048496544361115
0.0 0.18293946981430054
0.17817413806915283 0.18368405103683472
0.15419338643550873 0.18399293720722198
0.152781680226326 0.18450936675071716
0.17918044328689575 0.18486541509628296
0.17918044328689575 0.18596823513507843
0.18163494765758514 0.1862930953502655
0.18368405103683472 0.18634025752544403
0.16785874962806702 0.18791015446186066
0.18214918673038483 0.18818765878677368
0.14430302381515503 0.18901297450065613
0.15723812580108643 0.1893218755722046
0.188017338514328 0.18949218094348907
0.1849885731935501 0.1914181262254715
0.188017338514328 0.19241377711296082
0.16754986345767975 0.1931546926498413
0.1849885731935501 0.1935165822505951
0.1356518566608429 0.1935165822505951
0.18005293607711792 0.19587458670139313
0.1849885731935501 0.19587458670139313
0.1720534712076187 0.19635377824306488
0.18368405103683472 0.19802019000053406
0.19802019000053406 0.19832907617092133
0.18214918673038483 0.1990736573934555
0.11047907173633575 0.1990736573934555
0.1990736573934555 0.20006929337978363
0.188017338514328 0.20006929337978363
0.19797083735466003 0.2003781795501709
0.17713133990764618 0.20199158787727356
0.1990736573934555 0.20199525356292725
0.18949218094348907 0.20199525356292725
0.1910620778799057 0.20373180508613586
0.2016827017068863 0.20373180508613586
0.19382546842098236 0.20670056343078613
0.19853444397449493 0.20693089067935944
0.16817128658294678 0.2085442990064621
0.2078033685684204 0.20890618860721588
0.188017338514328 0.20995965600013733
0.19587458670139313 0.21095529198646545
0.14911551773548126 0.2125687152147293
0.18901297450065613 0.21304790675640106
0.19457004964351654 0.21435607969760895
0.16205061972141266 0.21651236712932587
0.19457004964351654 0.2196006178855896
0.22184130549430847 0.22201161086559296
0.17843586206436157 0.22220966219902039
0.20649519562721252 0.22488602995872498
0.22331613302230835 0.22938963770866394
0.1990736573934555 0.22943679988384247
0.21095529198646545 0.23017773032188416
0.22887320816516876 0.23105020821094513
0.23289760947227478 0.23870573937892914
0.22184130549430847 0.2403227984905243
0.23723089694976807 0.24106372892856598
0.22839400172233582 0.2420593649148941
0.18486541509628296 0.24273014068603516
0.21126417815685272 0.24290046095848083
0.21126417815685272 0.2441519796848297
0.2437836080789566 0.24582205712795258
0.2450881451368332 0.24608376622200012
0.23320649564266205 0.24687550961971283
0.21912141144275665 0.24817638099193573
0.17891506850719452 0.25106656551361084
0.18529745936393738 0.25106656551361084
0.25089624524116516 0.25263649225234985
0.22634489834308624 0.2571401000022888
0.25033631920814514 0.260477751493454
0.22232049703598022 0.2712251842021942
0.24828721582889557 0.2717394232749939
0.21126417815685272 0.2725296914577484
0.26484277844429016 0.273834228515625
0.2622179687023163 0.2765541076660156
0.2730439305305481 0.2776075601577759
0.25033631920814514 0.2837245762348175
0.2789592444896698 0.2841602563858032
0.286337286233902 0.28724852204322815
0.2886638939380646 0.2947809100151062
0.2670304477214813 0.3063536584377289
0.3254094123840332 0.32624685764312744
0.3233603239059448 0.33065393567085266
0.3303450644016266 0.33121389150619507
0.3377702534198761 0.34660714864730835
0.3082796037197113 0.3552583158016205
0.33787745237350464 0.3613259792327881
0.3531598746776581 0.3853667676448822
0.41097158193588257 0.4133087694644928
