0.0 0.02324683964252472
0.0 0.02324683964252472
0.0 0.02324683964252472
0.0 0.02324683964252472
0.0 0.02324683964252472
0.0 0.02324683964252472
0.0 0.02324683964252472
0.0 0.02324683964252472
0.0 0.02324683964252472
0.0 0.02324683964252472
0.0 0.02324683964252472
0.0 0.02324683964252472
0.0 0.02324683964252472
0.0 0.02324683964252472
0.0 0.02324683964252472
0.0 0.02324683964252472
0.0 0.02324683964252472
0.0 0.02324683964252472
0.0 0.02324683964252472
0.0 0.02324683964252472
0.0 0.02324683964252472
0.0 0.02324683964252472
0.0 0.02324683964252472
0.0 0.02324683964252472
0.0 0.02324683964252472
0.0 0.02324683964252472
0.0 0.02324683964252472
0.0 0.02324683964252472
0.0 0.02324683964252472
0.0 0.02324683964252472
0.0 0.02324683964252472
0.0 0.02324683964252472
0.0 0.02324683964252472
0.0 0.02324683964252472
0.0 0.02324683964252472
0.0 0.02324683964252472
0.0 0.02324683964252472
0.0 0.02324683964252472
0.0 0.02324683964252472
0.0 0.02324683964252472
0.0 0.02324683964252472
0.0 0.02324683964252472
0.0 0.02324683964252472
0.0 0.02324683964252472
0.0 0.02324683964252472
0.0 0.02324683964252472
0.0 0.02324683964252472
0.0 0.02324683964252472
0.0 0.02324683964252472
0.0 0.02324683964252472
0.0 0.02324683964252472
0.0 0.02324683964252472
0.0 0.02324683964252472
0.0 0.02324683964252472
0.0 0.02324683964252472
0.0 0.02324683964252472
0.0 0.02324683964252472
0.0 0.02324683964252472
0.0 0.02324683964252472
0.0 0.033823952078819275
0.0 0.033823952078819275
0.02324683964252472 0.033823952078819275
0.0 0.033823952078819275
0.02324683964252472 0.033823952078819275
0.0 0.033823952078819275
0.0 0.033823952078819275
0.0 0.033823952078819275
0.0 0.033823952078819275
0.0 0.033823952078819275
0.02324683964252472 0.033823952078819275
0.02324683964252472 0.033823952078819275
0.02324683964252472 0.033823952078819275
0.0 0.033823952078819275
0.0 0.033823952078819275
0.0 0.033823952078819275
0.0 0.033823952078819275
0.02324683964252472 0.033823952078819275
0.0 0.033823952078819275
0.0 0.033823952078819275
0.0 0.033823952078819275
0.02324683964252472 0.033823952078819275
0.0 0.033823952078819275
0.0 0.033823952078819275
0.0 0.033823952078819275
0.0 0.033823952078819275
0.02324683964252472 0.033823952078819275
0.0 0.033823952078819275
0.02324683964252472 0.033823952078819275
0.0 0.033823952078819275
0.0 0.033823952078819275
0.0 0.033823952078819275
0.0 0.033823952078819275
0.02324683964252472 0.033823952078819275
0.0 0.033823952078819275
0.0 0.033823952078819275
0.0 0.033823952078819275
0.02324683964252472 0.033823952078819275
0.0 0.033823952078819275
0.0 0.033823952078819275
0.0 0.033823952078819275
0.02324683964252472 0.033823952078819275
0.02324683964252472 0.033823952078819275
0.0 0.033823952078819275
0.0 0.033823952078819275
0.0 0.033823952078819275
0.0 0.033823952078819275
0.0 0.033823952078819275
0.0 0.033823952078819275
0.0 0.033823952078819275
0.0 0.033823952078819275
0.02324683964252472 0.033823952078819275
0.02324683964252472 0.033823952078819275
0.0 0.033823952078819275
0.02324683964252472 0.033823952078819275
0.0 0.033823952078819275
0.02324683964252472 0.033823952078819275
0.02324683964252472 0.033823952078819275
0.02324683964252472 0.033823952078819275
0.02324683964252472 0.033823952078819275
0.02324683964252472 0.033823952078819275
0.0 0.033823952078819275
0.02324683964252472 0.033823952078819275
0.0 0.033823952078819275
0.0 0.033823952078819275
0.0 0.033823952078819275
0.0 0.033823952078819275
0.0 0.033823952078819275
0.02324683964252472 0.033823952078819275
0.02324683964252472 0.033823952078819275
0.0 0.033823952078819275
0.0 0.033823952078819275
0.02324683964252472 0.033823952078819275
0.02324683964252472 0.033823952078819275
0.02324683964252472 0.033823952078819275
0.0 0.033823952078819275
0.0 0.033823952078819275
0.0 0.033823952078819275
0.0 0.033823952078819275
0.0 0.033823952078819275
0.0 0.033823952078819275
0.0 0.033823952078819275
0.02324683964252472 0.033823952078819275
0.02324683964252472 0.03832755982875824
0.033823952078819275 0.03832755982875824
0.02324683964252472 0.03832755982875824
0.02324683964252472 0.03832755982875824
0.0 0.03832755982875824
0.0 0.03832755982875824
0.033823952078819275 0.03832755982875824
0.033823952078819275 0.03832755982875824
0.0 0.03832755982875824
0.033823952078819275 0.03832755982875824
0.033823952078819275 0.03832755982875824
0.033823952078819275 0.03832755982875824
0.02324683964252472 0.03832755982875824
0.0 0.03832755982875824
0.033823952078819275 0.03832755982875824
0.033823952078819275 0.03832755982875824
0.033823952078819275 0.03832755982875824
0.02324683964252472 0.03832755982875824
0.0 0.03832755982875824
0.0 0.03832755982875824
0.033823952078819275 0.03832755982875824
0.033823952078819275 0.03832755982875824
0.033823952078819275 0.03832755982875824
0.033823952078819275 0.03832755982875824
0.0 0.03832755982875824
0.033823952078819275 0.03832755982875824
0.033823952078819275 0.03832755982875824
0.033823952078819275 0.03832755982875824
0.033823952078819275 0.03832755982875824
0.033823952078819275 0.03832755982875824
0.0 0.03832755982875824
0.033823952078819275 0.03832755982875824
0.02324683964252472 0.03832755982875824
0.033823952078819275 0.03832755982875824
0.033823952078819275 0.03832755982875824
0.033823952078819275 0.03832755982875824
0.033823952078819275 0.03832755982875824
0.033823952078819275 0.03832755982875824
0.02324683964252472 0.03832755982875824
0.02324683964252472 0.03832755982875824
0.033823952078819275 0.03832755982875824
0.0 0.03832755982875824
0.02324683964252472 0.03832755982875824
0.0 0.03832755982875824
0.02324683964252472 0.03832755982875824
0.033823952078819275 0.03832755982875824
0.033823952078819275 0.03832755982875824
0.033823952078819275 0.03832755982875824
0.0 0.03832755982875824
0.033823952078819275 0.03832755982875824
0.0 0.03832755982875824
0.0 0.03832755982875824
0.033823952078819275 0.03832755982875824
0.02324683964252472 0.03832755982875824
0.033823952078819275 0.03832755982875824
0.033823952078819275 0.03832755982875824
0.0 0.04649367928504944
0.0 0.04649367928504944
0.033823952078819275 0.04649367928504944
0.033823952078819275 0.04649367928504944
0.033823952078819275 0.04649367928504944
0.0 0.04649367928504944
0.033823952078819275 0.04649367928504944
0.033823952078819275 0.04649367928504944
0.033823952078819275 0.04649367928504944
0.033823952078819275 0.04649367928504944
0.0 0.04649367928504944
0.0 0.04649367928504944
0.0 0.04649367928504944
0.033823952078819275 0.049213558435440063
0.03832755982875824 0.049213558435440063
0.0 0.049213558435440063
0.0 0.049213558435440063
0.0 0.049213558435440063
0.033823952078819275 0.049213558435440063
0.0 0.049213558435440063
0.02324683964252472 0.049213558435440063
0.02324683964252472 0.049213558435440063
0.0 0.049213558435440063
0.0 0.049213558435440063
0.0 0.049213558435440063
0.0 0.049213558435440063
0.0 0.049213558435440063
0.0 0.049213558435440063
0.033823952078819275 0.049213558435440063
0.0 0.049213558435440063
0.033823952078819275 0.049213558435440063
0.0 0.049213558435440063
0.033823952078819275 0.049213558435440063
0.033823952078819275 0.049213558435440063
0.0 0.049213558435440063
0.02324683964252472 0.049213558435440063
0.0 0.049213558435440063
0.033823952078819275 0.049213558435440063
0.0 0.049213558435440063
0.03832755982875824 0.049213558435440063
0.0 0.049213558435440063
0.0 0.049213558435440063
0.0 0.049213558435440063
0.033823952078819275 0.049213558435440063
0.033823952078819275 0.049213558435440063
0.0 0.049213558435440063
0.0 0.049213558435440063
0.0 0.049213558435440063
0.02324683964252472 0.049213558435440063
0.0 0.049213558435440063
0.02324683964252472 0.049213558435440063
0.0 0.049213558435440063
0.03832755982875824 0.049213558435440063
0.0 0.049213558435440063
0.0 0.049213558435440063
0.02324683964252472 0.049213558435440063
0.0 0.049213558435440063
0.033823952078819275 0.049213558435440063
0.0 0.049213558435440063
0.03832755982875824 0.049213558435440063
0.0 0.049213558435440063
0.0 0.049213558435440063
0.0 0.049213558435440063
0.0 0.049213558435440063
0.033823952078819275 0.049213558435440063
0.03832755982875824 0.049213558435440063
0.0 0.049213558435440063
0.049213558435440063 0.0557662695646286
0.049213558435440063 0.0557662695646286
0.049213558435440063 0.0557662695646286
0.0 0.0557662695646286
0.033823952078819275 0.0557662695646286
0.0 0.0557662695646286
0.0 0.0557662695646286
0.0 0.0557662695646286
0.049213558435440063 0.0557662695646286
0.0 0.0557662695646286
0.049213558435440063 0.0557662695646286
0.0 0.0557662695646286
0.049213558435440063 0.0557662695646286
0.049213558435440063 0.0557662695646286
0.02324683964252472 0.0557662695646286
0.049213558435440063 0.0557662695646286
0.0 0.0557662695646286
0.0 0.0557662695646286
0.02324683964252472 0.0557662695646286
0.049213558435440063 0.0557662695646286
0.0 0.0557662695646286
0.049213558435440063 0.0557662695646286
0.049213558435440063 0.0557662695646286
0.033823952078819275 0.0557662695646286
0.0 0.0557662695646286
0.049213558435440063 0.0557662695646286
0.049213558435440063 0.0557662695646286
0.049213558435440063 0.0557662695646286
0.049213558435440063 0.0557662695646286
0.049213558435440063 0.0557662695646286
0.049213558435440063 0.0557662695646286
0.049213558435440063 0.0557662695646286
0.033823952078819275 0.0557662695646286
0.0 0.0557662695646286
0.049213558435440063 0.0557662695646286
0.049213558435440063 0.0557662695646286
0.049213558435440063 0.0557662695646286
0.049213558435440063 0.0557662695646286
0.049213558435440063 0.0557662695646286
0.049213558435440063 0.0557662695646286
0.049213558435440063 0.0557662695646286
0.033823952078819275 0.0557662695646286
0.033823952078819275 0.0557662695646286
0.049213558435440063 0.0557662695646286
0.02324683964252472 0.0557662695646286
0.049213558435440063 0.0557662695646286
0.049213558435440063 0.0557662695646286
0.049213558435440063 0.0557662695646286
0.0 0.0557662695646286
0.0 0.0557662695646286
0.0 0.0557662695646286
0.049213558435440063 0.0557662695646286
0.049213558435440063 0.0557662695646286
0.049213558435440063 0.0557662695646286
0.0 0.0557662695646286
0.0 0.0557662695646286
0.049213558435440063 0.0557662695646286
0.0 0.0557662695646286
0.049213558435440063 0.0557662695646286
0.0 0.0557662695646286
0.049213558435440063 0.0557662695646286
0.049213558435440063 0.0557662695646286
0.049213558435440063 0.0557662695646286
0.033823952078819275 0.0557662695646286
0.049213558435440063 0.0557662695646286
0.049213558435440063 0.0557662695646286
0.049213558435440063 0.0557662695646286
0.0 0.0557662695646286
0.049213558435440063 0.0557662695646286
0.049213558435440063 0.0557662695646286
0.033823952078819275 0.0557662695646286
0.0 0.0557662695646286
0.049213558435440063 0.0557662695646286
0.049213558435440063 0.0557662695646286
0.049213558435440063 0.0557662695646286
0.0 0.0557662695646286
0.033823952078819275 0.0557662695646286
0.049213558435440063 0.0557662695646286
0.049213558435440063 0.0557662695646286
0.0 0.0557662695646286
0.049213558435440063 0.0557662695646286
0.049213558435440063 0.0557662695646286
0.0 0.0557662695646286
0.049213558435440063 0.0557662695646286
0.049213558435440063 0.0557662695646286
0.02324683964252472 0.0557662695646286
0.049213558435440063 0.0557662695646286
0.02324683964252472 0.0557662695646286
0.049213558435440063 0.0557662695646286
0.049213558435440063 0.0557662695646286
0.049213558435440063 0.0557662695646286
0.0 0.0557662695646286
0.049213558435440063 0.0557662695646286
0.049213558435440063 0.0557662695646286
0.049213558435440063 0.0557662695646286
0.0 0.0557662695646286
0.03832755982875824 0.0557662695646286
0.02324683964252472 0.0557662695646286
0.02324683964252472 0.0557662695646286
0.033823952078819275 0.0557662695646286
0.049213558435440063 0.0557662695646286
0.049213558435440063 0.0557662695646286
0.0 0.0557662695646286
0.0 0.0557662695646286
0.0 0.0557662695646286
0.0 0.0557662695646286
0.049213558435440063 0.0557662695646286
0.049213558435440063 0.0557662695646286
0.0 0.0557662695646286
0.049213558435440063 0.0557662695646286
0.03832755982875824 0.0557662695646286
0.0 0.0557662695646286
0.02324683964252472 0.0557662695646286
0.049213558435440063 0.0557662695646286
0.049213558435440063 0.0557662695646286
0.049213558435440063 0.0557662695646286
0.049213558435440063 0.0557662695646286
0.049213558435440063 0.0557662695646286
0.033823952078819275 0.0557662695646286
0.02324683964252472 0.0557662695646286
0.049213558435440063 0.0557662695646286
0.049213558435440063 0.0557662695646286
0.049213558435440063 0.0557662695646286
0.049213558435440063 0.0557662695646286
0.0 0.0557662695646286
0.0 0.0557662695646286
0.049213558435440063 0.0557662695646286
0.0 0.0557662695646286
0.0 0.0557662695646286
0.033823952078819275 0.0557662695646286
0.049213558435440063 0.0557662695646286
0.049213558435440063 0.0557662695646286
0.0 0.0557662695646286
0.0 0.0557662695646286
0.049213558435440063 0.0557662695646286
0.049213558435440063 0.0557662695646286
0.049213558435440063 0.0557662695646286
0.0 0.0557662695646286
0.049213558435440063 0.0557662695646286
0.049213558435440063 0.0557662695646286
0.02324683964252472 0.057070791721343994
0.03832755982875824 0.057070791721343994
0.033823952078819275 0.057070791721343994
0.0557662695646286 0.057070791721343994
0.0 0.057070791721343994
0.0 0.057070791721343994
0.033823952078819275 0.057070791721343994
0.03832755982875824 0.057070791721343994
0.049213558435440063 0.057070791721343994
0.0 0.057070791721343994
0.0 0.057070791721343994
0.049213558435440063 0.057070791721343994
0.033823952078819275 0.057070791721343994
0.033823952078819275 0.057070791721343994
0.0557662695646286 0.057070791721343994
0.0557662695646286 0.057070791721343994
0.0 0.057070791721343994
0.0 0.057070791721343994
0.0557662695646286 0.057070791721343994
0.0 0.057070791721343994
0.033823952078819275 0.057070791721343994
0.049213558435440063 0.057070791721343994
0.033823952078819275 0.057070791721343994
0.0 0.057070791721343994
0.033823952078819275 0.057070791721343994
0.033823952078819275 0.057070791721343994
0.033823952078819275 0.057070791721343994
0.0 0.057070791721343994
0.033823952078819275 0.057070791721343994
0.049213558435440063 0.057070791721343994
0.033823952078819275 0.057070791721343994
0.02324683964252472 0.057070791721343994
0.02324683964252472 0.057070791721343994
0.02324683964252472 0.057070791721343994
0.0 0.057070791721343994
0.049213558435440063 0.057070791721343994
0.0557662695646286 0.057070791721343994
0.033823952078819275 0.057070791721343994
0.033823952078819275 0.057070791721343994
0.049213558435440063 0.057070791721343994
0.049213558435440063 0.057070791721343994
0.0 0.057070791721343994
0.0 0.057070791721343994
0.02324683964252472 0.057070791721343994
0.02324683964252472 0.057070791721343994
0.03832755982875824 0.057070791721343994
0.02324683964252472 0.057070791721343994
0.0 0.057070791721343994
0.0557662695646286 0.057070791721343994
0.02324683964252472 0.057070791721343994
0.0557662695646286 0.057070791721343994
0.02324683964252472 0.057070791721343994
0.033823952078819275 0.057070791721343994
0.0 0.057070791721343994
0.049213558435440063 0.057070791721343994
0.0 0.057070791721343994
0.049213558435440063 0.057070791721343994
0.0 0.057070791721343994
0.0557662695646286 0.06157439947128296
0.0 0.06157439947128296
0.02324683964252472 0.06157439947128296
0.0 0.06157439947128296
0.0557662695646286 0.06157439947128296
0.057070791721343994 0.06157439947128296
0.049213558435440063 0.06157439947128296
0.0557662695646286 0.06157439947128296
0.0557662695646286 0.06157439947128296
0.0557662695646286 0.06319145858287811
0.0 0.06319145858287811
0.03832755982875824 0.06319145858287811
0.0557662695646286 0.06319145858287811
0.02324683964252472 0.06319145858287811
0.02324683964252472 0.06319145858287811
0.03832755982875824 0.06319145858287811
0.0 0.06319145858287811
0.0557662695646286 0.06319145858287811
0.0557662695646286 0.06319145858287811
0.0 0.06319145858287811
0.0557662695646286 0.06319145858287811
0.0557662695646286 0.06319145858287811
0.02324683964252472 0.06319145858287811
0.0 0.06319145858287811
0.0 0.06319145858287811
0.0557662695646286 0.06319145858287811
0.03832755982875824 0.06319145858287811
0.0 0.06319145858287811
0.0557662695646286 0.06319145858287811
0.0 0.06319145858287811
0.0557662695646286 0.06319145858287811
0.0 0.06319145858287811
0.0557662695646286 0.06319145858287811
0.0 0.06764790415763855
0.06157439947128296 0.06764790415763855
0.0 0.06764790415763855
0.0 0.06764790415763855
0.03832755982875824 0.06764790415763855
0.02324683964252472 0.06764790415763855
0.0 0.06764790415763855
0.06157439947128296 0.06764790415763855
0.049213558435440063 0.06764790415763855
0.06157439947128296 0.06764790415763855
0.049213558435440063 0.06764790415763855
0.049213558435440063 0.06764790415763855
0.0557662695646286 0.06764790415763855
0.04649367928504944 0.06764790415763855
0.0 0.06764790415763855
0.033823952078819275 0.06764790415763855
0.033823952078819275 0.06764790415763855
0.049213558435440063 0.06764790415763855
0.049213558435440063 0.06764790415763855
0.03832755982875824 0.06764790415763855
0.033823952078819275 0.06974051892757416
0.06764790415763855 0.06974051892757416
0.049213558435440063 0.07215151190757751
0.0 0.07215151190757751
0.0 0.07215151190757751
0.02324683964252472 0.07215151190757751
0.0557662695646286 0.07215151190757751
0.0557662695646286 0.07215151190757751
0.0557662695646286 0.07215151190757751
0.0557662695646286 0.07215151190757751
0.04649367928504944 0.07215151190757751
0.057070791721343994 0.07215151190757751
0.057070791721343994 0.07215151190757751
0.0557662695646286 0.07215151190757751
0.049213558435440063 0.07215151190757751
0.0557662695646286 0.07215151190757751
0.0 0.07215151190757751
0.0557662695646286 0.07215151190757751
0.049213558435440063 0.07215151190757751
0.0557662695646286 0.07215151190757751
0.0 0.07246039807796478
0.06319145858287811 0.07246039807796478
0.057070791721343994 0.07246039807796478
0.0 0.07246039807796478
0.07215151190757751 0.07246039807796478
0.06157439947128296 0.07246039807796478
0.0 0.07246039807796478
0.0 0.07246039807796478
0.06764790415763855 0.07246039807796478
0.06764790415763855 0.07246039807796478
0.033823952078819275 0.07246039807796478
0.0 0.07246039807796478
0.06764790415763855 0.07246039807796478
0.0557662695646286 0.07246039807796478
0.0 0.07246039807796478
0.0 0.07246039807796478
0.06764790415763855 0.07246039807796478
0.033823952078819275 0.07246039807796478
0.0 0.07246039807796478
0.07215151190757751 0.07246039807796478
0.06764790415763855 0.07246039807796478
0.0 0.07246039807796478
0.049213558435440063 0.07246039807796478
0.02324683964252472 0.07665511965751648
0.0 0.07665511965751648
0.0 0.07665511965751648
0.06157439947128296 0.07901310920715332
0.02324683964252472 0.07901310920715332
0.0 0.07901310920715332
0.0 0.07901310920715332
0.07215151190757751 0.07901310920715332
0.07215151190757751 0.07901310920715332
0.0 0.07901310920715332
0.0 0.07901310920715332
0.0 0.07901310920715332
0.0557662695646286 0.07901310920715332
0.0 0.07901310920715332
0.049213558435440063 0.07901310920715332
0.06319145858287811 0.07901310920715332
0.0 0.07901310920715332
0.0 0.07901310920715332
0.02324683964252472 0.07901310920715332
0.0 0.07901310920715332
0.049213558435440063 0.07901310920715332
0.03832755982875824 0.07901310920715332
0.033823952078819275 0.07901310920715332
0.0 0.07901310920715332
0.03832755982875824 0.07901310920715332
0.07215151190757751 0.08031763136386871
0.07246039807796478 0.08031763136386871
0.0 0.08031763136386871
0.033823952078819275 0.08031763136386871
0.0 0.08031763136386871
0.06764790415763855 0.08031763136386871
0.07901310920715332 0.08031763136386871
0.07215151190757751 0.08031763136386871
0.07901310920715332 0.08303751051425934
0.049213558435440063 0.08303751051425934
0.0 0.08303751051425934
0.0557662695646286 0.08303751051425934
0.0557662695646286 0.08303751051425934
0.07215151190757751 0.08303751051425934
0.02324683964252472 0.08303751051425934
0.0557662695646286 0.08303751051425934
0.07215151190757751 0.08303751051425934
0.07901310920715332 0.08303751051425934
0.033823952078819275 0.08303751051425934
0.0 0.08303751051425934
0.06319145858287811 0.08303751051425934
0.07901310920715332 0.08303751051425934
0.049213558435440063 0.08303751051425934
0.0 0.08482123911380768
0.08303751051425934 0.08482123911380768
0.0 0.08643830567598343
0.08303751051425934 0.08643830567598343
0.0557662695646286 0.08643830567598343
0.06764790415763855 0.08643830567598343
0.0557662695646286 0.08643830567598343
0.0 0.08643830567598343
0.033823952078819275 0.08643830567598343
0.07901310920715332 0.08643830567598343
0.0 0.0875411182641983
0.06319145858287811 0.0875411182641983
0.049213558435440063 0.0875411182641983
0.07246039807796478 0.0875411182641983
0.0 0.0875411182641983
0.06319145858287811 0.0875411182641983
0.0 0.0875411182641983
0.02324683964252472 0.0875411182641983
0.033823952078819275 0.0875411182641983
0.0 0.08959022164344788
0.08303751051425934 0.08959022164344788
0.0 0.08959022164344788
0.07215151190757751 0.08959022164344788
0.033823952078819275 0.08959022164344788
0.06319145858287811 0.08959022164344788
0.0875411182641983 0.08959022164344788
0.0875411182641983 0.08959022164344788
0.0 0.08959022164344788
0.0875411182641983 0.08959022164344788
0.0875411182641983 0.08959022164344788
0.0875411182641983 0.08959022164344788
0.06157439947128296 0.08959022164344788
0.07901310920715332 0.08959022164344788
0.0875411182641983 0.08959022164344788
0.0 0.08959022164344788
0.0875411182641983 0.08959022164344788
0.0875411182641983 0.08959022164344788
0.0875411182641983 0.09089474380016327
0.06764790415763855 0.09089474380016327
0.08303751051425934 0.09089474380016327
0.07665511965751648 0.09089474380016327
0.06764790415763855 0.09089474380016327
0.0 0.09089474380016327
0.08959022164344788 0.09089474380016327
0.057070791721343994 0.09089474380016327
0.0875411182641983 0.09089474380016327
0.08959022164344788 0.09089474380016327
0.08959022164344788 0.09089474380016327
0.04649367928504944 0.09089474380016327
0.049213558435440063 0.09089474380016327
0.02324683964252472 0.09409382939338684
0.02324683964252472 0.09409382939338684
0.08303751051425934 0.09409382939338684
0.033823952078819275 0.09409382939338684
0.08303751051425934 0.09409382939338684
0.07901310920715332 0.09409382939338684
0.06764790415763855 0.09409382939338684
0.06974051892757416 0.09409382939338684
0.06764790415763855 0.09539835155010223
0.0 0.09539835155010223
0.08303751051425934 0.09539835155010223
0.09409382939338684 0.09539835155010223
0.08303751051425934 0.09539835155010223
0.07215151190757751 0.09539835155010223
0.08959022164344788 0.09539835155010223
0.09409382939338684 0.09539835155010223
0.0 0.09539835155010223
0.02324683964252472 0.09539835155010223
0.0 0.09539835155010223
0.033823952078819275 0.0957072377204895
0.0 0.0957072377204895
0.0 0.0957072377204895
0.07665511965751648 0.0957072377204895
0.06764790415763855 0.0957072377204895
0.08303751051425934 0.0957072377204895
0.07901310920715332 0.09701541811227798
0.09409382939338684 0.09701541811227798
0.033823952078819275 0.09701541811227798
0.06764790415763855 0.09701541811227798
0.09409382939338684 0.09701541811227798
0.0 0.09701541811227798
0.049213558435440063 0.09701541811227798
0.09409382939338684 0.09701541811227798
0.08959022164344788 0.09701541811227798
0.09409382939338684 0.09701541811227798
0.08303751051425934 0.09842712432146072
0.07246039807796478 0.09842712432146072
0.08959022164344788 0.09842712432146072
0.08959022164344788 0.09842712432146072
0.08959022164344788 0.09842712432146072
0.08959022164344788 0.09842712432146072
0.08959022164344788 0.0999019593000412
0.08643830567598343 0.0999019593000412
0.0875411182641983 0.0999019593000412
0.07246039807796478 0.0999019593000412
0.09842712432146072 0.0999019593000412
0.0875411182641983 0.10147186368703842
0.07246039807796478 0.10147186368703842
0.07215151190757751 0.10225994884967804
0.08959022164344788 0.10225994884967804
0.03832755982875824 0.10225994884967804
0.057070791721343994 0.10225994884967804
0.09089474380016327 0.10356447100639343
0.033823952078819275 0.10497982800006866
0.08303751051425934 0.10497982800006866
0.09409382939338684 0.10497982800006866
0.07246039807796478 0.10497982800006866
0.09409382939338684 0.10497982800006866
0.09409382939338684 0.10497982800006866
0.10497982800006866 0.10597545653581619
0.10497982800006866 0.10597545653581619
0.09842712432146072 0.10597545653581619
0.10225994884967804 0.10597545653581619
0.10497982800006866 0.10597545653581619
0.09409382939338684 0.10597545653581619
0.09842712432146072 0.10597545653581619
0.03832755982875824 0.10597545653581619
0.07215151190757751 0.10597545653581619
0.10497982800006866 0.10597545653581619
0.08959022164344788 0.10628435015678406
0.02324683964252472 0.10628435015678406
0.08959022164344788 0.10628435015678406
0.033823952078819275 0.10628435015678406
0.08031763136386871 0.10628435015678406
0.08482123911380768 0.10628435015678406
0.03832755982875824 0.10628435015678406
0.07215151190757751 0.10628435015678406
0.08959022164344788 0.10628435015678406
0.09089474380016327 0.10628435015678406
0.0 0.11047907173633575
0.0557662695646286 0.11047907173633575
0.02324683964252472 0.11047907173633575
0.0 0.11078795790672302
0.10151901841163635 0.1115325391292572
0.09842712432146072 0.1115325391292572
0.10151901841163635 0.1115325391292572
0.09842712432146072 0.1115325391292572
0.0875411182641983 0.11240501701831818
0.1115325391292572 0.11240501701831818
0.1115325391292572 0.11240501701831818
0.1115325391292572 0.11240501701831818
0.08482123911380768 0.11240501701831818
0.1115325391292572 0.1128370612859726
0.02324683964252472 0.1128370612859726
0.11240501701831818 0.1128370612859726
0.09842712432146072 0.1128370612859726
0.08959022164344788 0.1128370612859726
0.0999019593000412 0.1128370612859726
0.0875411182641983 0.1128370612859726
0.11078795790672302 0.1128370612859726
0.08303751051425934 0.11414158344268799
0.1128370612859726 0.11414158344268799
0.10628435015678406 0.11414158344268799
0.10497982800006866 0.11414158344268799
0.08031763136386871 0.11414158344268799
0.0 0.11686147004365921
0.10497982800006866 0.11686147004365921
0.10151901841163635 0.11686147004365921
0.10497982800006866 0.11686147004365921
0.0 0.11686147004365921
0.09409382939338684 0.11686147004365921
0.11686147004365921 0.11734066903591156
0.11686147004365921 0.11734066903591156
0.11686147004365921 0.11734066903591156
0.10147186368703842 0.11864519119262695
0.10597545653581619 0.11864519119262695
0.11078795790672302 0.11864519119262695
0.10597545653581619 0.11864519119262695
0.10597545653581619 0.11864519119262695
0.10628435015678406 0.1202622503042221
0.11734066903591156 0.1202622503042221
0.10497982800006866 0.1202622503042221
0.11686147004365921 0.12136507034301758
0.10497982800006866 0.12136507034301758
0.0 0.12136507034301758
0.1128370612859726 0.12136507034301758
0.10225994884967804 0.12314879894256592
0.11498267948627472 0.12314879894256592
0.033823952078819275 0.12341417372226715
0.10597545653581619 0.12341417372226715
0.11078795790672302 0.12341417372226715
0.12167395651340485 0.12341417372226715
0.11240501701831818 0.12341417372226715
0.11240501701831818 0.12341417372226715
0.12167395651340485 0.12341417372226715
0.12136507034301758 0.12471870332956314
0.11864519119262695 0.12471870332956314
0.08959022164344788 0.12476585805416107
0.12167395651340485 0.12476585805416107
0.06764790415763855 0.12550678849220276
0.10628435015678406 0.12791778147220612
0.11895772814750671 0.12791778147220612
0.0875411182641983 0.12791778147220612
0.10497982800006866 0.12791778147220612
0.11686147004365921 0.12822666764259338
0.049213558435440063 0.12822666764259338
0.11686147004365921 0.12822666764259338
0.12791778147220612 0.12822666764259338
0.11686147004365921 0.1292223036289215
0.12822666764259338 0.1292223036289215
0.09409382939338684 0.12953118979930878
0.10497982800006866 0.13083936274051666
0.12791778147220612 0.13083936274051666
0.12822666764259338 0.13083936274051666
0.10225994884967804 0.13083936274051666
0.09701541811227798 0.13242138922214508
0.1322510689496994 0.13372591137886047
0.1128370612859726 0.13372591137886047
0.11078795790672302 0.13403479754924774
0.13403479754924774 0.1352958083152771
0.1352958083152771 0.13608390092849731
0.1356518566608429 0.13608390092849731
0.12341417372226715 0.13608390092849731
0.12471870332956314 0.13880378007888794
0.1322510689496994 0.13880378007888794
0.11895772814750671 0.13880378007888794
0.10597545653581619 0.14010831713676453
0.13242138922214508 0.14010831713676453
0.13880378007888794 0.14010831713676453
0.11734066903591156 0.14010831713676453
0.12791778147220612 0.14058750867843628
0.1373884230852127 0.14189203083515167
0.1322510689496994 0.14189203083515167
0.07215151190757751 0.14220456779003143
0.13880378007888794 0.14220456779003143
0.13880378007888794 0.1433073878288269
0.10497982800006866 0.14350908994674683
0.12341417372226715 0.1446119099855423
0.13242138922214508 0.1446119099855423
0.1115325391292572 0.1446119099855423
0.0999019593000412 0.14492079615592957
0.10597545653581619 0.14622898399829865
0.1398465782403946 0.14666101336479187
0.06764790415763855 0.14666101336479187
0.1115325391292572 0.14666101336479187
0.14535649120807648 0.1476406753063202
0.13242138922214508 0.14796553552150726
0.14010831713676453 0.14796553552150726
0.14666101336479187 0.1480126976966858
0.14535649120807648 0.14911551773548126
0.12341417372226715 0.14911551773548126
0.1115325391292572 0.1506854146718979
0.14986009895801544 0.1506854146718979
0.1433073878288269 0.1506854146718979
0.14535649120807648 0.15073257684707642
0.049213558435440063 0.15116462111473083
0.1433073878288269 0.15116462111473083
0.0557662695646286 0.15116462111473083
0.14622898399829865 0.15116462111473083
0.14010831713676453 0.15116462111473083
0.13880378007888794 0.1514735072851181
0.11078795790672302 0.15246914327144623
0.1446119099855423 0.15246914327144623
0.13880378007888794 0.15408621728420258
0.12791778147220612 0.15518902242183685
0.15419338643550873 0.15518902242183685
0.049213558435440063 0.15518902242183685
0.152781680226326 0.1556682288646698
0.14010831713676453 0.1556682288646698
0.11734066903591156 0.1569727510213852
0.15116462111473083 0.1569727510213852
0.15073257684707642 0.15723812580108643
0.15073257684707642 0.15723812580108643
0.14535649120807648 0.15723812580108643
0.13675467669963837 0.15854264795780182
0.14010831713676453 0.15854264795780182
0.15518902242183685 0.15858981013298035
0.15518902242183685 0.15969263017177582
0.14430302381515503 0.16000151634216309
0.14535649120807648 0.16000151634216309
0.14535649120807648 0.16147635877132416
0.16074609756469727 0.1617417335510254
0.16000151634216309 0.1617417335510254
0.057070791721343994 0.16205061972141266
0.152781680226326 0.16205061972141266
0.13880378007888794 0.16304625570774078
0.14796553552150726 0.16335515677928925
0.10356447100639343 0.16335515677928925
0.15419338643550873 0.16545140743255615
0.15419338643550873 0.16624534130096436
0.16074609756469727 0.16655422747135162
0.16304625570774078 0.16754986345767975
0.15854264795780182 0.16911976039409637
0.16074609756469727 0.1726277470588684
0.14010831713676453 0.1739322543144226
0.15969263017177582 0.1739322543144226
0.1617417335510254 0.1739322543144226
0.16205061972141266 0.17441146075725555
0.15419338643550873 0.17472399771213531
0.14430302381515503 0.17571598291397095
0.16817128658294678 0.1760285198688507
0.17310693860054016 0.17713133990764618
0.1726277470588684 0.17744022607803345
0.16205061972141266 0.17843586206436157
0.1686033308506012 0.17874474823474884
0.17057862877845764 0.17918044328689575
0.15116462111473083 0.18048496544361115
0.18005293607711792 0.18127305805683136
0.14986009895801544 0.18178948760032654
0.12341417372226715 0.18293946981430054
0.1739322543144226 0.18293946981430054
0.18163494765758514 0.18368405103683472
0.15549790859222412 0.1849885731935501
0.16624534130096436 0.188017338514328
0.16205061972141266 0.18901297450065613
0.15723812580108643 0.1893218755722046
0.15518902242183685 0.19185017049312592
0.18596823513507843 0.19556568562984467
0.17713133990764618 0.19587458670139313
0.12314879894256592 0.19587458670139313
0.18660564720630646 0.19587458670139313
0.15723812580108643 0.19832907617092133
0.02324683964252472 0.19994613528251648
0.20242728292942047 0.20373180508613586
0.152781680226326 0.2037789672613144
0.17713133990764618 0.2064516842365265
0.18293946981430054 0.2064516842365265
0.18901297450065613 0.20693089067935944
0.20539602637290955 0.21126417815685272
0.19457004964351654 0.2125687152147293
0.20242728292942047 0.2167634218931198
0.20562636852264404 0.217508003115654
0.20649884641170502 0.21781688928604126
0.22173410654067993 0.22362501919269562
0.19382546842098236 0.22839400172233582
0.19832907617092133 0.22938963770866394
0.07215151190757751 0.2296985238790512
0.18949218094348907 0.23017773032188416
0.20693089067935944 0.23372292518615723
0.23377010226249695 0.23494671285152435
0.19457004964351654 0.24001026153564453
0.23494671285152435 0.24643981456756592
0.2262377142906189 0.2505873739719391
0.13534297049045563 0.2529453635215759
0.25164082646369934 0.2614733874797821
0.25776150822639465 0.2656150758266449
0.2631376087665558 0.2659769654273987
0.26498135924339294 0.26802608370780945
0.24990062415599823 0.2745788097381592
0.2740236222743988 0.2802637815475464
0.25696977972984314 0.28535395860671997
0.29071298241615295 0.291149765253067
0.0557662695646286 0.2995498776435852
0.27068594098091125 0.29980093240737915
0.2995498776435852 0.3014180064201355
0.2968299984931946 0.3137788474559784
0.3017268776893616 0.3210724890232086
0.298805296421051 0.335673987865448
0.3215729296207428 0.3507547080516815
0.35346874594688416 0.35556721687316895
0.3952571153640747 0.4097514748573303
0.39897263050079346 0.416351318359375
0.41212156414985657 0.42562025785446167
0.43488919734954834 0.4361973702907562
