-0.42801922 -0.44440692 -0.47502919 -0.48268475 -0.48459864 -0.4619907999999999 -0.44895241 -0.4659382 -0.46952675 -0.46079462
-0.44440692 -0.47502919 -0.48268475 -0.48459864 -0.4619907999999999 -0.44895241 -0.4659382 -0.46952675 -0.46079462 -0.44321074
-0.47502919 -0.48268475 -0.48459864 -0.4619907999999999 -0.44895241 -0.4659382 -0.46952675 -0.46079462 -0.44321074 -0.45086629999999994
-0.48268475 -0.48459864 -0.4619907999999999 -0.44895241 -0.4659382 -0.46952675 -0.46079462 -0.44321074 -0.45086629999999994 -0.4619907999999999
-0.48459864 -0.4619907999999999 -0.44895241 -0.4659382 -0.46952675 -0.46079462 -0.44321074 -0.45086629999999994 -0.4619907999999999 -0.43866524
-0.4619907999999999 -0.44895241 -0.4659382 -0.46952675 -0.46079462 -0.44321074 -0.45086629999999994 -0.4619907999999999 -0.43866524 -0.38256429
-0.44895241 -0.4659382 -0.46952675 -0.46079462 -0.44321074 -0.45086629999999994 -0.4619907999999999 -0.43866524 -0.38256429 -0.36593736
-0.4659382 -0.46952675 -0.46079462 -0.44321074 -0.45086629999999994 -0.4619907999999999 -0.43866524 -0.38256429 -0.36593736 -0.34117639
-0.46952675 -0.46079462 -0.44321074 -0.45086629999999994 -0.4619907999999999 -0.43866524 -0.38256429 -0.36593736 -0.34117639 -0.2940468
-0.46079462 -0.44321074 -0.45086629999999994 -0.4619907999999999 -0.43866524 -0.38256429 -0.36593736 -0.34117639 -0.2940468 -0.29380757
-0.44321074 -0.45086629999999994 -0.4619907999999999 -0.43866524 -0.38256429 -0.36593736 -0.34117639 -0.2940468 -0.29380757 -0.28148689
-0.45086629999999994 -0.4619907999999999 -0.43866524 -0.38256429 -0.36593736 -0.34117639 -0.2940468 -0.29380757 -0.28148689 -0.23447693
-0.4619907999999999 -0.43866524 -0.38256429 -0.36593736 -0.34117639 -0.2940468 -0.29380757 -0.28148689 -0.23447693 -0.19320864
-0.43866524 -0.38256429 -0.36593736 -0.34117639 -0.2940468 -0.29380757 -0.28148689 -0.23447693 -0.19320864 -0.18603154
-0.38256429 -0.36593736 -0.34117639 -0.2940468 -0.29380757 -0.28148689 -0.23447693 -0.19320864 -0.18603154 -0.16402179
-0.36593736 -0.34117639 -0.2940468 -0.29380757 -0.28148689 -0.23447693 -0.19320864 -0.18603154 -0.16402179 -0.10457153
-0.34117639 -0.2940468 -0.29380757 -0.28148689 -0.23447693 -0.19320864 -0.18603154 -0.16402179 -0.10457153 -0.068566442
-0.2940468 -0.29380757 -0.28148689 -0.23447693 -0.19320864 -0.18603154 -0.16402179 -0.10457153 -0.068566442 -0.069164533
-0.29380757 -0.28148689 -0.23447693 -0.19320864 -0.18603154 -0.16402179 -0.10457153 -0.068566442 -0.069164533 -0.036747993
-0.28148689 -0.23447693 -0.19320864 -0.18603154 -0.16402179 -0.10457153 -0.068566442 -0.069164533 -0.036747993 0.024735777
-0.23447693 -0.19320864 -0.18603154 -0.16402179 -0.10457153 -0.068566442 -0.069164533 -0.036747993 0.024735777 0.06851604900000001
-0.19320864 -0.18603154 -0.16402179 -0.10457153 -0.068566442 -0.069164533 -0.036747993 0.024735777 0.06851604900000001 0.10057374
-0.18603154 -0.16402179 -0.10457153 -0.068566442 -0.069164533 -0.036747993 0.024735777 0.06851604900000001 0.10057374 0.11959303
-0.16402179 -0.10457153 -0.068566442 -0.069164533 -0.036747993 0.024735777 0.06851604900000001 0.10057374 0.11959303 0.14291859
-0.10457153 -0.068566442 -0.069164533 -0.036747993 0.024735777 0.06851604900000001 0.10057374 0.11959303 0.14291859 0.15535888
-0.068566442 -0.069164533 -0.036747993 0.024735777 0.06851604900000001 0.10057374 0.11959303 0.14291859 0.15535888 0.16361254
-0.069164533 -0.036747993 0.024735777 0.06851604900000001 0.10057374 0.11959303 0.14291859 0.15535888 0.16361254 0.21803884
-0.036747993 0.024735777 0.06851604900000001 0.10057374 0.11959303 0.14291859 0.15535888 0.16361254 0.21803884 0.2526085
0.024735777 0.06851604900000001 0.10057374 0.11959303 0.14291859 0.15535888 0.16361254 0.21803884 0.2526085 0.24447447
0.06851604900000001 0.10057374 0.11959303 0.14291859 0.15535888 0.16361254 0.21803884 0.2526085 0.24447447 0.26660384
0.10057374 0.11959303 0.14291859 0.15535888 0.16361254 0.21803884 0.2526085 0.24447447 0.26660384 0.33717859
0.11959303 0.14291859 0.15535888 0.16361254 0.21803884 0.2526085 0.24447447 0.26660384 0.33717859 0.38311199
0.14291859 0.15535888 0.16361254 0.21803884 0.2526085 0.24447447 0.26660384 0.33717859 0.38311199 0.40703564
0.15535888 0.16361254 0.21803884 0.2526085 0.24447447 0.26660384 0.33717859 0.38311199 0.40703564 0.42964348
0.16361254 0.21803884 0.2526085 0.24447447 0.26660384 0.33717859 0.38311199 0.40703564 0.42964348 0.44100722
0.21803884 0.2526085 0.24447447 0.26660384 0.33717859 0.38311199 0.40703564 0.42964348 0.44100722 0.49471579999999993
0.2526085 0.24447447 0.26660384 0.33717859 0.38311199 0.40703564 0.42964348 0.44100722 0.49471579999999993 0.5406491999999999
0.24447447 0.26660384 0.33717859 0.38311199 0.40703564 0.42964348 0.44100722 0.49471579999999993 0.5406491999999999 0.56852025
0.26660384 0.33717859 0.38311199 0.40703564 0.42964348 0.44100722 0.49471579999999993 0.5406491999999999 0.56852025 0.60966892
0.33717859 0.38311199 0.40703564 0.42964348 0.44100722 0.49471579999999993 0.5406491999999999 0.56852025 0.60966892 0.6312002
0.38311199 0.40703564 0.42964348 0.44100722 0.49471579999999993 0.5406491999999999 0.56852025 0.60966892 0.6312002 0.66672682
0.40703564 0.42964348 0.44100722 0.49471579999999993 0.5406491999999999 0.56852025 0.60966892 0.6312002 0.66672682 0.68969352
0.42964348 0.44100722 0.49471579999999993 0.5406491999999999 0.56852025 0.60966892 0.6312002 0.66672682 0.68969352 0.68072215
0.44100722 0.49471579999999993 0.5406491999999999 0.56852025 0.60966892 0.6312002 0.66672682 0.68969352 0.68072215 0.66732491
0.49471579999999993 0.5406491999999999 0.56852025 0.60966892 0.6312002 0.66672682 0.68969352 0.68072215 0.66732491 0.65727698
0.5406491999999999 0.56852025 0.60966892 0.6312002 0.66672682 0.68969352 0.68072215 0.66732491 0.65727698 0.66206171
0.56852025 0.60966892 0.6312002 0.66672682 0.68969352 0.68072215 0.66732491 0.65727698 0.66206171 0.65129606
0.60966892 0.6312002 0.66672682 0.68969352 0.68072215 0.66732491 0.65727698 0.66206171 0.65129606 0.60344877
0.6312002 0.66672682 0.68969352 0.68072215 0.66732491 0.65727698 0.66206171 0.65129606 0.60344877 0.56397476
0.66672682 0.68969352 0.68072215 0.66732491 0.65727698 0.66206171 0.65129606 0.60344877 0.56397476 0.51828059
0.68969352 0.68072215 0.66732491 0.65727698 0.66206171 0.65129606 0.60344877 0.56397476 0.51828059 0.46851941
0.68072215 0.66732491 0.65727698 0.66206171 0.65129606 0.60344877 0.56397476 0.51828059 0.46851941 0.44136607
0.66732491 0.65727698 0.66206171 0.65129606 0.60344877 0.56397476 0.51828059 0.46851941 0.44136607 0.40631793
0.65727698 0.66206171 0.65129606 0.60344877 0.56397476 0.51828059 0.46851941 0.44136607 0.40631793 0.39196374
0.66206171 0.65129606 0.60344877 0.56397476 0.51828059 0.46851941 0.44136607 0.40631793 0.39196374 0.37485834
0.65129606 0.60344877 0.56397476 0.51828059 0.46851941 0.44136607 0.40631793 0.39196374 0.37485834 0.36588697
0.60344877 0.56397476 0.51828059 0.46851941 0.44136607 0.40631793 0.39196374 0.37485834 0.36588697 0.34399683
0.56397476 0.51828059 0.46851941 0.44136607 0.40631793 0.39196374 0.37485834 0.36588697 0.34399683 0.3201928
0.51828059 0.46851941 0.44136607 0.40631793 0.39196374 0.37485834 0.36588697 0.34399683 0.3201928 0.33693936
0.46851941 0.44136607 0.40631793 0.39196374 0.37485834 0.36588697 0.34399683 0.3201928 0.33693936 0.32294402
0.44136607 0.40631793 0.39196374 0.37485834 0.36588697 0.34399683 0.3201928 0.33693936 0.32294402 0.25141232
0.40631793 0.39196374 0.37485834 0.36588697 0.34399683 0.3201928 0.33693936 0.32294402 0.25141232 0.17844520000000003
0.39196374 0.37485834 0.36588697 0.34399683 0.3201928 0.33693936 0.32294402 0.25141232 0.17844520000000003 0.13263142
0.37485834 0.36588697 0.34399683 0.3201928 0.33693936 0.32294402 0.25141232 0.17844520000000003 0.13263142 0.080238636
0.36588697 0.34399683 0.3201928 0.33693936 0.32294402 0.25141232 0.17844520000000003 0.13263142 0.080238636 0.038611492000000004
0.34399683 0.3201928 0.33693936 0.32294402 0.25141232 0.17844520000000003 0.13263142 0.080238636 0.038611492000000004 0.030597071
0.3201928 0.33693936 0.32294402 0.25141232 0.17844520000000003 0.13263142 0.080238636 0.038611492000000004 0.030597071 0.069951468
0.33693936 0.32294402 0.25141232 0.17844520000000003 0.13263142 0.080238636 0.038611492000000004 0.030597071 0.069951468 0.13035867
0.32294402 0.25141232 0.17844520000000003 0.13263142 0.080238636 0.038611492000000004 0.030597071 0.069951468 0.13035867 0.22868486
0.25141232 0.17844520000000003 0.13263142 0.080238636 0.038611492000000004 0.030597071 0.069951468 0.13035867 0.22868486 0.33717859
0.17844520000000003 0.13263142 0.080238636 0.038611492000000004 0.030597071 0.069951468 0.13035867 0.22868486 0.33717859 0.3864613
0.13263142 0.080238636 0.038611492000000004 0.030597071 0.069951468 0.13035867 0.22868486 0.33717859 0.3864613 0.42258601
0.080238636 0.038611492000000004 0.030597071 0.069951468 0.13035867 0.22868486 0.33717859 0.3864613 0.42258601 0.46050499
0.038611492000000004 0.030597071 0.069951468 0.13035867 0.22868486 0.33717859 0.3864613 0.42258601 0.46050499 0.48191665
0.030597071 0.069951468 0.13035867 0.22868486 0.33717859 0.3864613 0.42258601 0.46050499 0.48191665 0.56457285
0.069951468 0.13035867 0.22868486 0.33717859 0.3864613 0.42258601 0.46050499 0.48191665 0.56457285 0.64926255
0.13035867 0.22868486 0.33717859 0.3864613 0.42258601 0.46050499 0.48191665 0.56457285 0.64926255 0.67605704
0.22868486 0.33717859 0.3864613 0.42258601 0.46050499 0.48191665 0.56457285 0.64926255 0.67605704 0.71959807
0.33717859 0.3864613 0.42258601 0.46050499 0.48191665 0.56457285 0.64926255 0.67605704 0.71959807 0.76876117
0.3864613 0.42258601 0.46050499 0.48191665 0.56457285 0.64926255 0.67605704 0.71959807 0.76876117 0.80392893
0.42258601 0.46050499 0.48191665 0.56457285 0.64926255 0.67605704 0.71959807 0.76876117 0.80392893 0.82964685
0.46050499 0.48191665 0.56457285 0.64926255 0.67605704 0.71959807 0.76876117 0.80392893 0.82964685 0.8706759
0.48191665 0.56457285 0.64926255 0.67605704 0.71959807 0.76876117 0.80392893 0.82964685 0.8706759 0.8838339
0.56457285 0.64926255 0.67605704 0.71959807 0.76876117 0.80392893 0.82964685 0.8706759 0.8838339 0.86529308
0.64926255 0.67605704 0.71959807 0.76876117 0.80392893 0.82964685 0.8706759 0.8838339 0.86529308 0.84746996
0.67605704 0.71959807 0.76876117 0.80392893 0.82964685 0.8706759 0.8838339 0.86529308 0.84746996 0.86696773
0.71959807 0.76876117 0.80392893 0.82964685 0.8706759 0.8838339 0.86529308 0.84746996 0.86696773 0.89998236
0.76876117 0.80392893 0.82964685 0.8706759 0.8838339 0.86529308 0.84746996 0.86696773 0.89998236 0.85464706
0.80392893 0.82964685 0.8706759 0.8838339 0.86529308 0.84746996 0.86696773 0.89998236 0.85464706 0.78813932
0.82964685 0.8706759 0.8838339 0.86529308 0.84746996 0.86696773 0.89998236 0.85464706 0.78813932 0.70823434
0.8706759 0.8838339 0.86529308 0.84746996 0.86696773 0.89998236 0.85464706 0.78813932 0.70823434 0.58466871
0.8838339 0.86529308 0.84746996 0.86696773 0.89998236 0.85464706 0.78813932 0.70823434 0.58466871 0.48777794
0.86529308 0.84746996 0.86696773 0.89998236 0.85464706 0.78813932 0.70823434 0.58466871 0.48777794 0.43215547
0.84746996 0.86696773 0.89998236 0.85464706 0.78813932 0.70823434 0.58466871 0.48777794 0.43215547 0.37414063
0.86696773 0.89998236 0.85464706 0.78813932 0.70823434 0.58466871 0.48777794 0.43215547 0.37414063 0.29208252
0.89998236 0.85464706 0.78813932 0.70823434 0.58466871 0.48777794 0.43215547 0.37414063 0.29208252 0.24973767
0.85464706 0.78813932 0.70823434 0.58466871 0.48777794 0.43215547 0.37414063 0.29208252 0.24973767 0.25751285
0.78813932 0.70823434 0.58466871 0.48777794 0.43215547 0.37414063 0.29208252 0.24973767 0.25751285 0.26038369
0.70823434 0.58466871 0.48777794 0.43215547 0.37414063 0.29208252 0.24973767 0.25751285 0.26038369 0.25524011
0.58466871 0.48777794 0.43215547 0.37414063 0.29208252 0.24973767 0.25751285 0.26038369 0.25524011 0.22844562
0.48777794 0.43215547 0.37414063 0.29208252 0.24973767 0.25751285 0.26038369 0.25524011 0.22844562 0.17533513
0.43215547 0.37414063 0.29208252 0.24973767 0.25751285 0.26038369 0.25524011 0.22844562 0.17533513 0.14650714
0.37414063 0.29208252 0.24973767 0.25751285 0.26038369 0.25524011 0.22844562 0.17533513 0.14650714 0.13885157
0.29208252 0.24973767 0.25751285 0.26038369 0.25524011 0.22844562 0.17533513 0.14650714 0.13885157 0.11684181
0.24973767 0.25751285 0.26038369 0.25524011 0.22844562 0.17533513 0.14650714 0.13885157 0.11684181 0.11325327
0.25751285 0.26038369 0.25524011 0.22844562 0.17533513 0.14650714 0.13885157 0.11684181 0.11325327 0.137775
0.26038369 0.25524011 0.22844562 0.17533513 0.14650714 0.13885157 0.11684181 0.11325327 0.137775 0.16444987
0.25524011 0.22844562 0.17533513 0.14650714 0.13885157 0.11684181 0.11325327 0.137775 0.16444987 0.17700978
0.22844562 0.17533513 0.14650714 0.13885157 0.11684181 0.11325327 0.137775 0.16444987 0.17700978 0.18095719
0.17533513 0.14650714 0.13885157 0.11684181 0.11325327 0.137775 0.16444987 0.17700978 0.18095719 0.18849313
0.14650714 0.13885157 0.11684181 0.11325327 0.137775 0.16444987 0.17700978 0.18095719 0.18849313 0.19411519
0.13885157 0.11684181 0.11325327 0.137775 0.16444987 0.17700978 0.18095719 0.18849313 0.19411519 0.21612494
0.11684181 0.11325327 0.137775 0.16444987 0.17700978 0.18095719 0.18849313 0.19411519 0.21612494 0.21660342
0.11325327 0.137775 0.16444987 0.17700978 0.18095719 0.18849313 0.19411519 0.21612494 0.21660342 0.1961487
0.137775 0.16444987 0.17700978 0.18095719 0.18849313 0.19411519 0.21612494 0.21660342 0.1961487 0.21516799999999997
0.16444987 0.17700978 0.18095719 0.18849313 0.19411519 0.21612494 0.21660342 0.1961487 0.21516799999999997 0.24614912
0.17700978 0.18095719 0.18849313 0.19411519 0.21612494 0.21660342 0.1961487 0.21516799999999997 0.24614912 0.24543141
0.18095719 0.18849313 0.19411519 0.21612494 0.21660342 0.1961487 0.21516799999999997 0.24614912 0.24543141 0.24315866
0.18849313 0.19411519 0.21612494 0.21660342 0.1961487 0.21516799999999997 0.24614912 0.24543141 0.24315866 0.27055124
0.19411519 0.21612494 0.21660342 0.1961487 0.21516799999999997 0.24614912 0.24543141 0.24315866 0.27055124 0.27796757
0.21612494 0.21660342 0.1961487 0.21516799999999997 0.24614912 0.24543141 0.24315866 0.27055124 0.27796757 0.27318284
0.21660342 0.1961487 0.21516799999999997 0.24614912 0.24543141 0.24315866 0.27055124 0.27796757 0.27318284 0.27581444
0.1961487 0.21516799999999997 0.24614912 0.24543141 0.24315866 0.27055124 0.27796757 0.27318284 0.27581444 0.24746492
0.21516799999999997 0.24614912 0.24543141 0.24315866 0.27055124 0.27796757 0.27318284 0.27581444 0.24746492 0.2138522
0.24614912 0.24543141 0.24315866 0.27055124 0.27796757 0.27318284 0.27581444 0.24746492 0.2138522 0.17270353
0.24543141 0.24315866 0.27055124 0.27796757 0.27318284 0.27581444 0.24746492 0.2138522 0.17270353 0.10368381
0.24315866 0.27055124 0.27796757 0.27318284 0.27581444 0.24746492 0.2138522 0.17270353 0.10368381 0.053563770999999996
0.27055124 0.27796757 0.27318284 0.27581444 0.24746492 0.2138522 0.17270353 0.10368381 0.053563770999999996 -0.0014606149
0.27796757 0.27318284 0.27581444 0.24746492 0.2138522 0.17270353 0.10368381 0.053563770999999996 -0.0014606149 -0.037346084
0.27318284 0.27581444 0.24746492 0.2138522 0.17270353 0.10368381 0.053563770999999996 -0.0014606149 -0.037346084 -0.040456158
0.27581444 0.24746492 0.2138522 0.17270353 0.10368381 0.053563770999999996 -0.0014606149 -0.037346084 -0.040456158 -0.04368585
0.24746492 0.2138522 0.17270353 0.10368381 0.053563770999999996 -0.0014606149 -0.037346084 -0.040456158 -0.04368585 -0.052059126
0.2138522 0.17270353 0.10368381 0.053563770999999996 -0.0014606149 -0.037346084 -0.040456158 -0.04368585 -0.052059126 -0.077777046
0.17270353 0.10368381 0.053563770999999996 -0.0014606149 -0.037346084 -0.040456158 -0.04368585 -0.052059126 -0.077777046 -0.096796344
0.10368381 0.053563770999999996 -0.0014606149 -0.037346084 -0.040456158 -0.04368585 -0.052059126 -0.077777046 -0.096796344 -0.12048075
0.053563770999999996 -0.0014606149 -0.037346084 -0.040456158 -0.04368585 -0.052059126 -0.077777046 -0.096796344 -0.12048075 -0.16617492
-0.0014606149 -0.037346084 -0.040456158 -0.04368585 -0.052059126 -0.077777046 -0.096796344 -0.12048075 -0.16617492 -0.20098382
-0.037346084 -0.040456158 -0.04368585 -0.052059126 -0.077777046 -0.096796344 -0.12048075 -0.16617492 -0.20098382 -0.22072083
-0.040456158 -0.04368585 -0.052059126 -0.077777046 -0.096796344 -0.12048075 -0.16617492 -0.20098382 -0.22072083 -0.22550556
-0.04368585 -0.052059126 -0.077777046 -0.096796344 -0.12048075 -0.16617492 -0.20098382 -0.22072083 -0.22550556 -0.24129517
-0.052059126 -0.077777046 -0.096796344 -0.12048075 -0.16617492 -0.20098382 -0.22072083 -0.22550556 -0.24129517 -0.25505126
-0.077777046 -0.096796344 -0.12048075 -0.16617492 -0.20098382 -0.22072083 -0.22550556 -0.24129517 -0.25505126 -0.23854395
-0.096796344 -0.12048075 -0.16617492 -0.20098382 -0.22072083 -0.22550556 -0.24129517 -0.25505126 -0.23854395 -0.25816134
-0.12048075 -0.16617492 -0.20098382 -0.22072083 -0.22550556 -0.24129517 -0.25505126 -0.23854395 -0.25816134 -0.30361626
-0.16617492 -0.20098382 -0.22072083 -0.22550556 -0.24129517 -0.25505126 -0.23854395 -0.25816134 -0.30361626 -0.32753991
-0.20098382 -0.22072083 -0.22550556 -0.24129517 -0.25505126 -0.23854395 -0.25816134 -0.30361626 -0.32753991 -0.33244426
-0.22072083 -0.22550556 -0.24129517 -0.25505126 -0.23854395 -0.25816134 -0.30361626 -0.32753991 -0.33244426 -0.33005189
-0.22550556 -0.24129517 -0.25505126 -0.23854395 -0.25816134 -0.30361626 -0.32753991 -0.33244426 -0.33005189 -0.3294538
-0.24129517 -0.25505126 -0.23854395 -0.25816134 -0.30361626 -0.32753991 -0.33244426 -0.33005189 -0.3294538 -0.3445257
-0.25505126 -0.23854395 -0.25816134 -0.30361626 -0.32753991 -0.33244426 -0.33005189 -0.3294538 -0.3445257 -0.37610491
-0.23854395 -0.25816134 -0.30361626 -0.32753991 -0.33244426 -0.33005189 -0.3294538 -0.3445257 -0.37610491 -0.38196620000000003
-0.25816134 -0.30361626 -0.32753991 -0.33244426 -0.33005189 -0.3294538 -0.3445257 -0.37610491 -0.38196620000000003 -0.36569812
-0.30361626 -0.32753991 -0.33244426 -0.33005189 -0.3294538 -0.3445257 -0.37610491 -0.38196620000000003 -0.36569812 -0.36521965
-0.32753991 -0.33244426 -0.33005189 -0.3294538 -0.3445257 -0.37610491 -0.38196620000000003 -0.36569812 -0.36521965 -0.35433439
-0.33244426 -0.33005189 -0.3294538 -0.3445257 -0.37610491 -0.38196620000000003 -0.36569812 -0.36521965 -0.35433439 -0.32395136
-0.33005189 -0.3294538 -0.3445257 -0.37610491 -0.38196620000000003 -0.36569812 -0.36521965 -0.35433439 -0.32395136 -0.28148689
-0.3294538 -0.3445257 -0.37610491 -0.38196620000000003 -0.36569812 -0.36521965 -0.35433439 -0.32395136 -0.28148689 -0.2697643
-0.3445257 -0.37610491 -0.38196620000000003 -0.36569812 -0.36521965 -0.35433439 -0.32395136 -0.28148689 -0.2697643 -0.28172613
-0.37610491 -0.38196620000000003 -0.36569812 -0.36521965 -0.35433439 -0.32395136 -0.28148689 -0.2697643 -0.28172613 -0.29416642
-0.38196620000000003 -0.36569812 -0.36521965 -0.35433439 -0.32395136 -0.28148689 -0.2697643 -0.28172613 -0.29416642 -0.30756366
-0.36569812 -0.36521965 -0.35433439 -0.32395136 -0.28148689 -0.2697643 -0.28172613 -0.29416642 -0.30756366 -0.30923832
-0.36521965 -0.35433439 -0.32395136 -0.28148689 -0.2697643 -0.28172613 -0.29416642 -0.30756366 -0.30923832 -0.32849686
-0.35433439 -0.32395136 -0.28148689 -0.2697643 -0.28172613 -0.29416642 -0.30756366 -0.30923832 -0.32849686 -0.35529134
-0.32395136 -0.28148689 -0.2697643 -0.28172613 -0.29416642 -0.30756366 -0.30923832 -0.32849686 -0.35529134 -0.37072209
-0.28148689 -0.2697643 -0.28172613 -0.29416642 -0.30756366 -0.30923832 -0.32849686 -0.35529134 -0.37072209 -0.37885613
-0.2697643 -0.28172613 -0.29416642 -0.30756366 -0.30923832 -0.32849686 -0.35529134 -0.37072209 -0.37885613 -0.3970381
-0.28172613 -0.29416642 -0.30756366 -0.30923832 -0.32849686 -0.35529134 -0.37072209 -0.37885613 -0.3970381 -0.42060289
-0.29416642 -0.30756366 -0.30923832 -0.32849686 -0.35529134 -0.37072209 -0.37885613 -0.3970381 -0.42060289 -0.43854563
-0.30756366 -0.30923832 -0.32849686 -0.35529134 -0.37072209 -0.37885613 -0.3970381 -0.42060289 -0.43854563 -0.44380883
-0.30923832 -0.32849686 -0.35529134 -0.37072209 -0.37885613 -0.3970381 -0.42060289 -0.43854563 -0.44380883 -0.45911996
-0.32849686 -0.35529134 -0.37072209 -0.37885613 -0.3970381 -0.42060289 -0.43854563 -0.44380883 -0.45911996 -0.45565103
-0.35529134 -0.37072209 -0.37885613 -0.3970381 -0.42060289 -0.43854563 -0.44380883 -0.45911996 -0.45565103 -0.41677511
-0.37072209 -0.37885613 -0.3970381 -0.42060289 -0.43854563 -0.44380883 -0.45911996 -0.45565103 -0.41677511 -0.39584192
-0.37885613 -0.3970381 -0.42060289 -0.43854563 -0.44380883 -0.45911996 -0.45565103 -0.41677511 -0.39584192 -0.38304277
-0.3970381 -0.42060289 -0.43854563 -0.44380883 -0.45911996 -0.45565103 -0.41677511 -0.39584192 -0.38304277 -0.39285146
-0.42060289 -0.43854563 -0.44380883 -0.45911996 -0.45565103 -0.41677511 -0.39584192 -0.38304277 -0.39285146 -0.40062665
-0.43854563 -0.44380883 -0.45911996 -0.45565103 -0.41677511 -0.39584192 -0.38304277 -0.39285146 -0.40062665 -0.39955008
-0.44380883 -0.45911996 -0.45565103 -0.41677511 -0.39584192 -0.38304277 -0.39285146 -0.40062665 -0.39955008 -0.39596154
-0.45911996 -0.45565103 -0.41677511 -0.39584192 -0.38304277 -0.39285146 -0.40062665 -0.39955008 -0.39596154 -0.39021986
-0.45565103 -0.41677511 -0.39584192 -0.38304277 -0.39285146 -0.40062665 -0.39955008 -0.39596154 -0.39021986 -0.38543513
-0.41677511 -0.39584192 -0.38304277 -0.39285146 -0.40062665 -0.39955008 -0.39596154 -0.39021986 -0.38543513 -0.38065040000000006
-0.39584192 -0.38304277 -0.39285146 -0.40062665 -0.39955008 -0.39596154 -0.39021986 -0.38543513 -0.38065040000000006 -0.37275559999999996
-0.38304277 -0.39285146 -0.40062665 -0.39955008 -0.39596154 -0.39021986 -0.38543513 -0.38065040000000006 -0.37275559999999996 -0.36892782
-0.39285146 -0.40062665 -0.39955008 -0.39596154 -0.39021986 -0.38543513 -0.38065040000000006 -0.37275559999999996 -0.36892782 -0.35277936
-0.40062665 -0.39955008 -0.39596154 -0.39021986 -0.38543513 -0.38065040000000006 -0.37275559999999996 -0.36892782 -0.35277936 -0.33435815
-0.39955008 -0.39596154 -0.39021986 -0.38543513 -0.38065040000000006 -0.37275559999999996 -0.36892782 -0.35277936 -0.33435815 -0.32442984
-0.39596154 -0.39021986 -0.38543513 -0.38065040000000006 -0.37275559999999996 -0.36892782 -0.35277936 -0.33435815 -0.32442984 -0.31797045
-0.39021986 -0.38543513 -0.38065040000000006 -0.37275559999999996 -0.36892782 -0.35277936 -0.33435815 -0.32442984 -0.31797045 -0.32765953
-0.38543513 -0.38065040000000006 -0.37275559999999996 -0.36892782 -0.35277936 -0.33435815 -0.32442984 -0.31797045 -0.32765953 -0.32670258
-0.38065040000000006 -0.37275559999999996 -0.36892782 -0.35277936 -0.33435815 -0.32442984 -0.31797045 -0.32765953 -0.32670258 -0.30206123
-0.37275559999999996 -0.36892782 -0.35277936 -0.33435815 -0.32442984 -0.31797045 -0.32765953 -0.32670258 -0.30206123 -0.25122348
-0.36892782 -0.35277936 -0.33435815 -0.32442984 -0.31797045 -0.32765953 -0.32670258 -0.30206123 -0.25122348 -0.18017025
-0.35277936 -0.33435815 -0.32442984 -0.31797045 -0.32765953 -0.32670258 -0.30206123 -0.25122348 -0.18017025 -0.14093547
-0.33435815 -0.32442984 -0.31797045 -0.32765953 -0.32670258 -0.30206123 -0.25122348 -0.18017025 -0.14093547 -0.11330366
-0.32442984 -0.31797045 -0.32765953 -0.32670258 -0.30206123 -0.25122348 -0.18017025 -0.14093547 -0.11330366 -0.11378213
-0.31797045 -0.32765953 -0.32670258 -0.30206123 -0.25122348 -0.18017025 -0.14093547 -0.11330366 -0.11378213 -0.14380631
-0.32765953 -0.32670258 -0.30206123 -0.25122348 -0.18017025 -0.14093547 -0.11330366 -0.11378213 -0.14380631 -0.14189242
-0.32670258 -0.30206123 -0.25122348 -0.18017025 -0.14093547 -0.11330366 -0.11378213 -0.14380631 -0.14189242 -0.1214377
-0.30206123 -0.25122348 -0.18017025 -0.14093547 -0.11330366 -0.11378213 -0.14380631 -0.14189242 -0.1214377 -0.10361458
-0.25122348 -0.18017025 -0.14093547 -0.11330366 -0.11378213 -0.14380631 -0.14189242 -0.1214377 -0.10361458 -0.068925297
-0.18017025 -0.14093547 -0.11330366 -0.11378213 -0.14380631 -0.14189242 -0.1214377 -0.10361458 -0.068925297 -0.028374717
-0.14093547 -0.11330366 -0.11378213 -0.14380631 -0.14189242 -0.1214377 -0.10361458 -0.068925297 -0.028374717 0.013013191
-0.11330366 -0.11378213 -0.14380631 -0.14189242 -0.1214377 -0.10361458 -0.068925297 -0.028374717 0.013013191 0.042678512
-0.11378213 -0.14380631 -0.14189242 -0.1214377 -0.10361458 -0.068925297 -0.028374717 0.013013191 0.042678512 0.033587526
-0.14380631 -0.14189242 -0.1214377 -0.10361458 -0.068925297 -0.028374717 0.013013191 0.042678512 0.033587526 0.00631457
-0.14189242 -0.1214377 -0.10361458 -0.068925297 -0.028374717 0.013013191 0.042678512 0.033587526 0.00631457 -0.012226256000000001
-0.1214377 -0.10361458 -0.068925297 -0.028374717 0.013013191 0.042678512 0.033587526 0.00631457 -0.012226256000000001 -0.037226466
-0.10361458 -0.068925297 -0.028374717 0.013013191 0.042678512 0.033587526 0.00631457 -0.012226256000000001 -0.037226466 -0.045838977999999996
-0.068925297 -0.028374717 0.013013191 0.042678512 0.033587526 0.00631457 -0.012226256000000001 -0.037226466 -0.045838977999999996 -0.06402094900000001
-0.028374717 0.013013191 0.042678512 0.033587526 0.00631457 -0.012226256000000001 -0.037226466 -0.045838977999999996 -0.06402094900000001 -0.10732275
0.013013191 0.042678512 0.033587526 0.00631457 -0.012226256000000001 -0.037226466 -0.045838977999999996 -0.06402094900000001 -0.10732275 -0.1103132
0.042678512 0.033587526 0.00631457 -0.012226256000000001 -0.037226466 -0.045838977999999996 -0.06402094900000001 -0.10732275 -0.1103132 -0.096557108
0.033587526 0.00631457 -0.012226256000000001 -0.037226466 -0.045838977999999996 -0.06402094900000001 -0.10732275 -0.1103132 -0.096557108 -0.12227503
0.00631457 -0.012226256000000001 -0.037226466 -0.045838977999999996 -0.06402094900000001 -0.10732275 -0.1103132 -0.096557108 -0.12227503 -0.16772995
-0.012226256000000001 -0.037226466 -0.045838977999999996 -0.06402094900000001 -0.10732275 -0.1103132 -0.096557108 -0.12227503 -0.16772995 -0.21282603
-0.037226466 -0.045838977999999996 -0.06402094900000001 -0.10732275 -0.1103132 -0.096557108 -0.12227503 -0.16772995 -0.21282603 -0.25433355
-0.045838977999999996 -0.06402094900000001 -0.10732275 -0.1103132 -0.096557108 -0.12227503 -0.16772995 -0.21282603 -0.25433355 -0.29213291
-0.06402094900000001 -0.10732275 -0.1103132 -0.096557108 -0.12227503 -0.16772995 -0.21282603 -0.25433355 -0.29213291 -0.33399929
-0.10732275 -0.1103132 -0.096557108 -0.12227503 -0.16772995 -0.21282603 -0.25433355 -0.29213291 -0.33399929 -0.33591319
-0.1103132 -0.096557108 -0.12227503 -0.16772995 -0.21282603 -0.25433355 -0.29213291 -0.33399929 -0.33591319 -0.31653503
-0.096557108 -0.12227503 -0.16772995 -0.21282603 -0.25433355 -0.29213291 -0.33399929 -0.33591319 -0.31653503 -0.31414267
-0.12227503 -0.16772995 -0.21282603 -0.25433355 -0.29213291 -0.33399929 -0.33591319 -0.31653503 -0.31414267 -0.30289855
-0.16772995 -0.21282603 -0.25433355 -0.29213291 -0.33399929 -0.33591319 -0.31653503 -0.31414267 -0.30289855 -0.30445359
-0.21282603 -0.25433355 -0.29213291 -0.33399929 -0.33591319 -0.31653503 -0.31414267 -0.30289855 -0.30445359 -0.25481203
-0.25433355 -0.29213291 -0.33399929 -0.33591319 -0.31653503 -0.31414267 -0.30289855 -0.30445359 -0.25481203 -0.19631871
-0.29213291 -0.33399929 -0.33591319 -0.31653503 -0.31414267 -0.30289855 -0.30445359 -0.25481203 -0.19631871 -0.19296939999999999
-0.33399929 -0.33591319 -0.31653503 -0.31414267 -0.30289855 -0.30445359 -0.25481203 -0.19631871 -0.19296939999999999 -0.13938043
-0.33591319 -0.31653503 -0.31414267 -0.30289855 -0.30445359 -0.25481203 -0.19631871 -0.19296939999999999 -0.13938043 -0.07622200900000001
-0.31653503 -0.31414267 -0.30289855 -0.30445359 -0.25481203 -0.19631871 -0.19296939999999999 -0.13938043 -0.07622200900000001 -0.047154779
-0.31414267 -0.30289855 -0.30445359 -0.25481203 -0.19631871 -0.19296939999999999 -0.13938043 -0.07622200900000001 -0.047154779 0.009424644
-0.30289855 -0.30445359 -0.25481203 -0.19631871 -0.19296939999999999 -0.13938043 -0.07622200900000001 -0.047154779 0.009424644 0.08131519999999999
-0.30445359 -0.25481203 -0.19631871 -0.19296939999999999 -0.13938043 -0.07622200900000001 -0.047154779 0.009424644 0.08131519999999999 0.17198582
-0.25481203 -0.19631871 -0.19296939999999999 -0.13938043 -0.07622200900000001 -0.047154779 0.009424644 0.08131519999999999 0.17198582 0.2650488
-0.19631871 -0.19296939999999999 -0.13938043 -0.07622200900000001 -0.047154779 0.009424644 0.08131519999999999 0.17198582 0.2650488 0.33693936
-0.19296939999999999 -0.13938043 -0.07622200900000001 -0.047154779 0.009424644 0.08131519999999999 0.17198582 0.2650488 0.33693936 0.37318368
-0.13938043 -0.07622200900000001 -0.047154779 0.009424644 0.08131519999999999 0.17198582 0.2650488 0.33693936 0.37318368 0.41564815
-0.07622200900000001 -0.047154779 0.009424644 0.08131519999999999 0.17198582 0.2650488 0.33693936 0.37318368 0.41564815 0.51696479
-0.047154779 0.009424644 0.08131519999999999 0.17198582 0.2650488 0.33693936 0.37318368 0.41564815 0.51696479 0.60512343
0.009424644 0.08131519999999999 0.17198582 0.2650488 0.33693936 0.37318368 0.41564815 0.51696479 0.60512343 0.64352088
0.08131519999999999 0.17198582 0.2650488 0.33693936 0.37318368 0.41564815 0.51696479 0.60512343 0.64352088 0.57773085
0.17198582 0.2650488 0.33693936 0.37318368 0.41564815 0.51696479 0.60512343 0.64352088 0.57773085 0.42904539
0.2650488 0.33693936 0.37318368 0.41564815 0.51696479 0.60512343 0.64352088 0.57773085 0.42904539 0.22665135
0.33693936 0.37318368 0.41564815 0.51696479 0.60512343 0.64352088 0.57773085 0.42904539 0.22665135 -0.079092846
0.37318368 0.41564815 0.51696479 0.60512343 0.64352088 0.57773085 0.42904539 0.22665135 -0.079092846 -0.23818509
0.41564815 0.51696479 0.60512343 0.64352088 0.57773085 0.42904539 0.22665135 -0.079092846 -0.23818509 -0.37108094
0.51696479 0.60512343 0.64352088 0.57773085 0.42904539 0.22665135 -0.079092846 -0.23818509 -0.37108094 -0.44033990000000006
0.60512343 0.64352088 0.57773085 0.42904539 0.22665135 -0.079092846 -0.23818509 -0.37108094 -0.44033990000000006 -0.47790002
0.64352088 0.57773085 0.42904539 0.22665135 -0.079092846 -0.23818509 -0.37108094 -0.44033990000000006 -0.47790002 -0.49859398
0.57773085 0.42904539 0.22665135 -0.079092846 -0.23818509 -0.37108094 -0.44033990000000006 -0.47790002 -0.49859398 -0.53435983
0.42904539 0.22665135 -0.079092846 -0.23818509 -0.37108094 -0.44033990000000006 -0.47790002 -0.49859398 -0.53435983 -0.57012568
0.22665135 -0.079092846 -0.23818509 -0.37108094 -0.44033990000000006 -0.47790002 -0.49859398 -0.53435983 -0.57012568 -0.5794559
-0.079092846 -0.23818509 -0.37108094 -0.44033990000000006 -0.47790002 -0.49859398 -0.53435983 -0.57012568 -0.5794559 -0.56581942
-0.23818509 -0.37108094 -0.44033990000000006 -0.47790002 -0.49859398 -0.53435983 -0.57012568 -0.5794559 -0.56581942 -0.53998189
-0.37108094 -0.44033990000000006 -0.47790002 -0.49859398 -0.53435983 -0.57012568 -0.5794559 -0.56581942 -0.53998189 -0.55684806
-0.44033990000000006 -0.47790002 -0.49859398 -0.53435983 -0.57012568 -0.5794559 -0.56581942 -0.53998189 -0.55684806 -0.5879488
-0.47790002 -0.49859398 -0.53435983 -0.57012568 -0.5794559 -0.56581942 -0.53998189 -0.55684806 -0.5879488 -0.56940797
-0.49859398 -0.53435983 -0.57012568 -0.5794559 -0.56581942 -0.53998189 -0.55684806 -0.5879488 -0.56940797 -0.55684806
-0.53435983 -0.57012568 -0.5794559 -0.56581942 -0.53998189 -0.55684806 -0.5879488 -0.56940797 -0.55684806 -0.53890532
-0.57012568 -0.5794559 -0.56581942 -0.53998189 -0.55684806 -0.5879488 -0.56940797 -0.55684806 -0.53890532 -0.48663215
-0.5794559 -0.56581942 -0.53998189 -0.55684806 -0.5879488 -0.56940797 -0.55684806 -0.53890532 -0.48663215 -0.38077002
-0.56581942 -0.53998189 -0.55684806 -0.5879488 -0.56940797 -0.55684806 -0.53890532 -0.48663215 -0.38077002 -0.44273226
-0.53998189 -0.55684806 -0.5879488 -0.56940797 -0.55684806 -0.53890532 -0.48663215 -0.38077002 -0.44273226 -0.45768454
-0.55684806 -0.5879488 -0.56940797 -0.55684806 -0.53890532 -0.48663215 -0.38077002 -0.44273226 -0.45768454 -0.40744489
-0.5879488 -0.56940797 -0.55684806 -0.53890532 -0.48663215 -0.38077002 -0.44273226 -0.45768454 -0.40744489 -0.35265974
-0.56940797 -0.55684806 -0.53890532 -0.48663215 -0.38077002 -0.44273226 -0.45768454 -0.40744489 -0.35265974 -0.28698933
-0.55684806 -0.53890532 -0.48663215 -0.38077002 -0.44273226 -0.45768454 -0.40744489 -0.35265974 -0.28698933 -0.22538594
-0.53890532 -0.48663215 -0.38077002 -0.44273226 -0.45768454 -0.40744489 -0.35265974 -0.28698933 -0.22538594 -0.23878318
-0.48663215 -0.38077002 -0.44273226 -0.45768454 -0.40744489 -0.35265974 -0.28698933 -0.22538594 -0.23878318 -0.23423769
-0.38077002 -0.44273226 -0.45768454 -0.40744489 -0.35265974 -0.28698933 -0.22538594 -0.23878318 -0.23423769 -0.10445191
-0.44273226 -0.45768454 -0.40744489 -0.35265974 -0.28698933 -0.22538594 -0.23878318 -0.23423769 -0.10445191 -0.01461862
-0.45768454 -0.40744489 -0.35265974 -0.28698933 -0.22538594 -0.23878318 -0.23423769 -0.10445191 -0.01461862 0.055118808
-0.40744489 -0.35265974 -0.28698933 -0.22538594 -0.23878318 -0.23423769 -0.10445191 -0.01461862 0.055118808 0.078444363
-0.35265974 -0.28698933 -0.22538594 -0.23878318 -0.23423769 -0.10445191 -0.01461862 0.055118808 0.078444363 0.066004067
-0.28698933 -0.22538594 -0.23878318 -0.23423769 -0.10445191 -0.01461862 0.055118808 0.078444363 0.066004067 0.055597281
-0.22538594 -0.23878318 -0.23423769 -0.10445191 -0.01461862 0.055118808 0.078444363 0.066004067 0.055597281 -0.058757747
-0.23878318 -0.23423769 -0.10445191 -0.01461862 0.055118808 0.078444363 0.066004067 0.055597281 -0.058757747 -0.14500249
-0.23423769 -0.10445191 -0.01461862 0.055118808 0.078444363 0.066004067 0.055597281 -0.058757747 -0.14500249 -0.048590197
-0.10445191 -0.01461862 0.055118808 0.078444363 0.066004067 0.055597281 -0.058757747 -0.14500249 -0.048590197 0.31720235
-0.01461862 0.055118808 0.078444363 0.066004067 0.055597281 -0.058757747 -0.14500249 -0.048590197 0.31720235 0.46289735
0.055118808 0.078444363 0.066004067 0.055597281 -0.058757747 -0.14500249 -0.048590197 0.31720235 0.46289735 0.61002778
0.078444363 0.066004067 0.055597281 -0.058757747 -0.14500249 -0.048590197 0.31720235 0.46289735 0.61002778 0.77139277
0.066004067 0.055597281 -0.058757747 -0.14500249 -0.048590197 0.31720235 0.46289735 0.61002778 0.77139277 0.82402479
0.055597281 -0.058757747 -0.14500249 -0.048590197 0.31720235 0.46289735 0.61002778 0.77139277 0.82402479 0.87749414
-0.058757747 -0.14500249 -0.048590197 0.31720235 0.46289735 0.61002778 0.77139277 0.82402479 0.87749414 0.90369053
-0.14500249 -0.048590197 0.31720235 0.46289735 0.61002778 0.77139277 0.82402479 0.87749414 0.90369053 0.87450368
-0.048590197 0.31720235 0.46289735 0.61002778 0.77139277 0.82402479 0.87749414 0.90369053 0.87450368 0.85775713
0.31720235 0.46289735 0.61002778 0.77139277 0.82402479 0.87749414 0.90369053 0.87450368 0.85775713 0.83227845
0.46289735 0.61002778 0.77139277 0.82402479 0.87749414 0.90369053 0.87450368 0.85775713 0.83227845 0.89711153
0.61002778 0.77139277 0.82402479 0.87749414 0.90369053 0.87450368 0.85775713 0.83227845 0.89711153 0.92151365
0.77139277 0.82402479 0.87749414 0.90369053 0.87450368 0.85775713 0.83227845 0.89711153 0.92151365 0.93180081
0.82402479 0.87749414 0.90369053 0.87450368 0.85775713 0.83227845 0.89711153 0.92151365 0.93180081 0.9218725
0.87749414 0.90369053 0.87450368 0.85775713 0.83227845 0.89711153 0.92151365 0.93180081 0.9218725 0.89878618
0.90369053 0.87450368 0.85775713 0.83227845 0.89711153 0.92151365 0.93180081 0.9218725 0.89878618 0.90010198
0.87450368 0.85775713 0.83227845 0.89711153 0.92151365 0.93180081 0.9218725 0.89878618 0.90010198 0.90261397
0.85775713 0.83227845 0.89711153 0.92151365 0.93180081 0.9218725 0.89878618 0.90010198 0.90261397 0.88814016
0.83227845 0.89711153 0.92151365 0.93180081 0.9218725 0.89878618 0.90010198 0.90261397 0.88814016 0.83574737
0.89711153 0.92151365 0.93180081 0.9218725 0.89878618 0.90010198 0.90261397 0.88814016 0.83574737 0.80871365
0.92151365 0.93180081 0.9218725 0.89878618 0.90010198 0.90261397 0.88814016 0.83574737 0.80871365 0.82115395
0.93180081 0.9218725 0.89878618 0.90010198 0.90261397 0.88814016 0.83574737 0.80871365 0.82115395 0.81421609
0.9218725 0.89878618 0.90010198 0.90261397 0.88814016 0.83574737 0.80871365 0.82115395 0.81421609 0.8188812
0.89878618 0.90010198 0.90261397 0.88814016 0.83574737 0.80871365 0.82115395 0.81421609 0.8188812 0.84268523
0.90010198 0.90261397 0.88814016 0.83574737 0.80871365 0.82115395 0.81421609 0.8188812 0.84268523 0.85524515
0.90261397 0.88814016 0.83574737 0.80871365 0.82115395 0.81421609 0.8188812 0.84268523 0.85524515 0.88227887
0.88814016 0.83574737 0.80871365 0.82115395 0.81421609 0.8188812 0.84268523 0.85524515 0.88227887 0.91014991
0.83574737 0.80871365 0.82115395 0.81421609 0.8188812 0.84268523 0.85524515 0.88227887 0.91014991 0.90715946
0.80871365 0.82115395 0.81421609 0.8188812 0.84268523 0.85524515 0.88227887 0.91014991 0.90715946 0.93515012
0.82115395 0.81421609 0.8188812 0.84268523 0.85524515 0.88227887 0.91014991 0.90715946 0.93515012 0.9743849
0.81421609 0.8188812 0.84268523 0.85524515 0.88227887 0.91014991 0.90715946 0.93515012 0.9743849 1.0046483
0.8188812 0.84268523 0.85524515 0.88227887 0.91014991 0.90715946 0.93515012 0.9743849 1.0046483 1.0741465000000001
0.84268523 0.85524515 0.88227887 0.91014991 0.90715946 0.93515012 0.9743849 1.0046483 1.0741465000000001 1.1569223
0.85524515 0.88227887 0.91014991 0.90715946 0.93515012 0.9743849 1.0046483 1.0741465000000001 1.1569223 1.2363488
0.88227887 0.91014991 0.90715946 0.93515012 0.9743849 1.0046483 1.0741465000000001 1.1569223 1.2363488 1.3332396
0.91014991 0.90715946 0.93515012 0.9743849 1.0046483 1.0741465000000001 1.1569223 1.2363488 1.3332396 1.4426903
0.90715946 0.93515012 0.9743849 1.0046483 1.0741465000000001 1.1569223 1.2363488 1.3332396 1.4426903 1.5613516
0.93515012 0.9743849 1.0046483 1.0741465000000001 1.1569223 1.2363488 1.3332396 1.4426903 1.5613516 1.714104
0.9743849 1.0046483 1.0741465000000001 1.1569223 1.2363488 1.3332396 1.4426903 1.5613516 1.714104 1.8345596000000002
1.0046483 1.0741465000000001 1.1569223 1.2363488 1.3332396 1.4426903 1.5613516 1.714104 1.8345596000000002 1.9840824000000001
1.0741465000000001 1.1569223 1.2363488 1.3332396 1.4426903 1.5613516 1.714104 1.8345596000000002 1.9840824000000001 2.1534617999999996
1.1569223 1.2363488 1.3332396 1.4426903 1.5613516 1.714104 1.8345596000000002 1.9840824000000001 2.1534617999999996 2.2211657000000002
1.2363488 1.3332396 1.4426903 1.5613516 1.714104 1.8345596000000002 1.9840824000000001 2.1534617999999996 2.2211657000000002 2.2653048
1.3332396 1.4426903 1.5613516 1.714104 1.8345596000000002 1.9840824000000001 2.1534617999999996 2.2211657000000002 2.2653048 2.3812149
1.4426903 1.5613516 1.714104 1.8345596000000002 1.9840824000000001 2.1534617999999996 2.2211657000000002 2.2653048 2.3812149 2.4800196
1.5613516 1.714104 1.8345596000000002 1.9840824000000001 2.1534617999999996 2.2211657000000002 2.2653048 2.3812149 2.4800196 2.5230821
1.714104 1.8345596000000002 1.9840824000000001 2.1534617999999996 2.2211657000000002 2.2653048 2.3812149 2.4800196 2.5230821 2.5982024
1.8345596000000002 1.9840824000000001 2.1534617999999996 2.2211657000000002 2.2653048 2.3812149 2.4800196 2.5230821 2.5982024 2.6711695
1.9840824000000001 2.1534617999999996 2.2211657000000002 2.2653048 2.3812149 2.4800196 2.5230821 2.5982024 2.6711695 2.6775092999999996
2.1534617999999996 2.2211657000000002 2.2653048 2.3812149 2.4800196 2.5230821 2.5982024 2.6711695 2.6775092999999996 2.6659062999999996
2.2211657000000002 2.2653048 2.3812149 2.4800196 2.5230821 2.5982024 2.6711695 2.6775092999999996 2.6659062999999996 2.7117201
2.2653048 2.3812149 2.4800196 2.5230821 2.5982024 2.6711695 2.6775092999999996 2.6659062999999996 2.7117201 2.6935381
2.3812149 2.4800196 2.5230821 2.5982024 2.6711695 2.6775092999999996 2.6659062999999996 2.7117201 2.6935381 2.6667436
2.4800196 2.5230821 2.5982024 2.6711695 2.6775092999999996 2.6659062999999996 2.7117201 2.6935381 2.6667436 2.6356429
2.5230821 2.5982024 2.6711695 2.6775092999999996 2.6659062999999996 2.7117201 2.6935381 2.6667436 2.6356429 2.5900682999999995
2.5982024 2.6711695 2.6775092999999996 2.6659062999999996 2.7117201 2.6935381 2.6667436 2.6356429 2.5900682999999995 2.4906656000000003
2.6711695 2.6775092999999996 2.6659062999999996 2.7117201 2.6935381 2.6667436 2.6356429 2.5900682999999995 2.4906656000000003 2.4266697999999995
2.6775092999999996 2.6659062999999996 2.7117201 2.6935381 2.6667436 2.6356429 2.5900682999999995 2.4906656000000003 2.4266697999999995 2.4320527000000003
2.6659062999999996 2.7117201 2.6935381 2.6667436 2.6356429 2.5900682999999995 2.4906656000000003 2.4266697999999995 2.4320527000000003 2.2790609
2.7117201 2.6935381 2.6667436 2.6356429 2.5900682999999995 2.4906656000000003 2.4266697999999995 2.4320527000000003 2.2790609 2.0303746
2.6935381 2.6667436 2.6356429 2.5900682999999995 2.4906656000000003 2.4266697999999995 2.4320527000000003 2.2790609 2.0303746 1.9777426
2.6667436 2.6356429 2.5900682999999995 2.4906656000000003 2.4266697999999995 2.4320527000000003 2.2790609 2.0303746 1.9777426 1.8809715
2.6356429 2.5900682999999995 2.4906656000000003 2.4266697999999995 2.4320527000000003 2.2790609 2.0303746 1.9777426 1.8809715 1.7733151000000003
2.5900682999999995 2.4906656000000003 2.4266697999999995 2.4320527000000003 2.2790609 2.0303746 1.9777426 1.8809715 1.7733151000000003 1.6477159
2.4906656000000003 2.4266697999999995 2.4320527000000003 2.2790609 2.0303746 1.9777426 1.8809715 1.7733151000000003 1.6477159 1.4953223
2.4266697999999995 2.4320527000000003 2.2790609 2.0303746 1.9777426 1.8809715 1.7733151000000003 1.6477159 1.4953223 1.4330011999999999
2.4320527000000003 2.2790609 2.0303746 1.9777426 1.8809715 1.7733151000000003 1.6477159 1.4953223 1.4330011999999999 1.3405363000000001
2.2790609 2.0303746 1.9777426 1.8809715 1.7733151000000003 1.6477159 1.4953223 1.4330011999999999 1.3405363000000001 1.1615874
2.0303746 1.9777426 1.8809715 1.7733151000000003 1.6477159 1.4953223 1.4330011999999999 1.3405363000000001 1.1615874 1.0499836
1.9777426 1.8809715 1.7733151000000003 1.6477159 1.4953223 1.4330011999999999 1.3405363000000001 1.1615874 1.0499836 0.97139445
1.8809715 1.7733151000000003 1.6477159 1.4953223 1.4330011999999999 1.3405363000000001 1.1615874 1.0499836 0.97139445 0.78586657
1.7733151000000003 1.6477159 1.4953223 1.4330011999999999 1.3405363000000001 1.1615874 1.0499836 0.97139445 0.78586657 0.68311451
1.6477159 1.4953223 1.4330011999999999 1.3405363000000001 1.1615874 1.0499836 0.97139445 0.78586657 0.68311451 0.58610413
1.4953223 1.4330011999999999 1.3405363000000001 1.1615874 1.0499836 0.97139445 0.78586657 0.68311451 0.58610413 0.49914168
1.4330011999999999 1.3405363000000001 1.1615874 1.0499836 0.97139445 0.78586657 0.68311451 0.58610413 0.49914168 0.39591114
1.3405363000000001 1.1615874 1.0499836 0.97139445 0.78586657 0.68311451 0.58610413 0.49914168 0.39591114 0.23968974
1.1615874 1.0499836 0.97139445 0.78586657 0.68311451 0.58610413 0.49914168 0.39591114 0.23968974 0.15619621
1.0499836 0.97139445 0.78586657 0.68311451 0.58610413 0.49914168 0.39591114 0.23968974 0.15619621 0.033109053
0.97139445 0.78586657 0.68311451 0.58610413 0.49914168 0.39591114 0.23968974 0.15619621 0.033109053 -0.040456158
0.78586657 0.68311451 0.58610413 0.49914168 0.39591114 0.23968974 0.15619621 0.033109053 -0.040456158 -0.10540886
0.68311451 0.58610413 0.49914168 0.39591114 0.23968974 0.15619621 0.033109053 -0.040456158 -0.10540886 -0.17729941
0.58610413 0.49914168 0.39591114 0.23968974 0.15619621 0.033109053 -0.040456158 -0.10540886 -0.17729941 -0.24727608
0.49914168 0.39591114 0.23968974 0.15619621 0.033109053 -0.040456158 -0.10540886 -0.17729941 -0.24727608 -0.30265932
0.39591114 0.23968974 0.15619621 0.033109053 -0.040456158 -0.10540886 -0.17729941 -0.24727608 -0.30265932 -0.36749240000000005
0.23968974 0.15619621 0.033109053 -0.040456158 -0.10540886 -0.17729941 -0.24727608 -0.30265932 -0.36749240000000005 -0.37777957
0.15619621 0.033109053 -0.040456158 -0.10540886 -0.17729941 -0.24727608 -0.30265932 -0.36749240000000005 -0.37777957 -0.4363925
0.033109053 -0.040456158 -0.10540886 -0.17729941 -0.24727608 -0.30265932 -0.36749240000000005 -0.37777957 -0.4363925 -0.47191911
-0.040456158 -0.10540886 -0.17729941 -0.24727608 -0.30265932 -0.36749240000000005 -0.37777957 -0.4363925 -0.47191911 -0.49608199
-0.10540886 -0.17729941 -0.24727608 -0.30265932 -0.36749240000000005 -0.37777957 -0.4363925 -0.47191911 -0.49608199 -0.5145032
-0.17729941 -0.24727608 -0.30265932 -0.36749240000000005 -0.37777957 -0.4363925 -0.47191911 -0.49608199 -0.5145032 -0.51701519
-0.24727608 -0.30265932 -0.36749240000000005 -0.37777957 -0.4363925 -0.47191911 -0.49608199 -0.5145032 -0.51701519 -0.52670426
-0.30265932 -0.36749240000000005 -0.37777957 -0.4363925 -0.47191911 -0.49608199 -0.5145032 -0.51701519 -0.52670426 -0.52263724
-0.36749240000000005 -0.37777957 -0.4363925 -0.47191911 -0.49608199 -0.5145032 -0.51701519 -0.52670426 -0.52263724 -0.48447903
-0.37777957 -0.4363925 -0.47191911 -0.49608199 -0.5145032 -0.51701519 -0.52670426 -0.52263724 -0.48447903 -0.40254054
-0.4363925 -0.47191911 -0.49608199 -0.5145032 -0.51701519 -0.52670426 -0.52263724 -0.48447903 -0.40254054 -0.30062581
-0.47191911 -0.49608199 -0.5145032 -0.51701519 -0.52670426 -0.52263724 -0.48447903 -0.40254054 -0.30062581 -0.14715562
-0.49608199 -0.5145032 -0.51701519 -0.52670426 -0.52263724 -0.48447903 -0.40254054 -0.30062581 -0.14715562 0.025692722999999997
-0.5145032 -0.51701519 -0.52670426 -0.52263724 -0.48447903 -0.40254054 -0.30062581 -0.14715562 0.025692722999999997 0.16014361
-0.51701519 -0.52670426 -0.52263724 -0.48447903 -0.40254054 -0.30062581 -0.14715562 0.025692722999999997 0.16014361 0.22904371
-0.52670426 -0.52263724 -0.48447903 -0.40254054 -0.30062581 -0.14715562 0.025692722999999997 0.16014361 0.22904371 0.29626916
-0.52263724 -0.48447903 -0.40254054 -0.30062581 -0.14715562 0.025692722999999997 0.16014361 0.22904371 0.29626916 0.47222757
-0.48447903 -0.40254054 -0.30062581 -0.14715562 0.025692722999999997 0.16014361 0.22904371 0.29626916 0.47222757 1.0490267
-0.40254054 -0.30062581 -0.14715562 0.025692722999999997 0.16014361 0.22904371 0.29626916 0.47222757 1.0490267 1.3680485
-0.30062581 -0.14715562 0.025692722999999997 0.16014361 0.22904371 0.29626916 0.47222757 1.0490267 1.3680485 1.8383874
-0.14715562 0.025692722999999997 0.16014361 0.22904371 0.29626916 0.47222757 1.0490267 1.3680485 1.8383874 2.2495152000000003
0.025692722999999997 0.16014361 0.22904371 0.29626916 0.47222757 1.0490267 1.3680485 1.8383874 2.2495152000000003 2.4230812999999998
0.16014361 0.22904371 0.29626916 0.47222757 1.0490267 1.3680485 1.8383874 2.2495152000000003 2.4230812999999998 2.3345637999999997
0.22904371 0.29626916 0.47222757 1.0490267 1.3680485 1.8383874 2.2495152000000003 2.4230812999999998 2.3345637999999997 2.0647051
0.29626916 0.47222757 1.0490267 1.3680485 1.8383874 2.2495152000000003 2.4230812999999998 2.3345637999999997 2.0647051 1.6455628
0.47222757 1.0490267 1.3680485 1.8383874 2.2495152000000003 2.4230812999999998 2.3345637999999997 2.0647051 1.6455628 1.1472332
1.0490267 1.3680485 1.8383874 2.2495152000000003 2.4230812999999998 2.3345637999999997 2.0647051 1.6455628 1.1472332 0.59364008
1.3680485 1.8383874 2.2495152000000003 2.4230812999999998 2.3345637999999997 2.0647051 1.6455628 1.1472332 0.59364008 0.23478539
1.8383874 2.2495152000000003 2.4230812999999998 2.3345637999999997 2.0647051 1.6455628 1.1472332 0.59364008 0.23478539 -0.22610365
2.2495152000000003 2.4230812999999998 2.3345637999999997 2.0647051 1.6455628 1.1472332 0.59364008 0.23478539 -0.22610365 -0.59153734
2.4230812999999998 2.3345637999999997 2.0647051 1.6455628 1.1472332 0.59364008 0.23478539 -0.22610365 -0.59153734 -0.8392666999999999
2.3345637999999997 2.0647051 1.6455628 1.1472332 0.59364008 0.23478539 -0.22610365 -0.59153734 -0.8392666999999999 -1.1041014999999998
2.0647051 1.6455628 1.1472332 0.59364008 0.23478539 -0.22610365 -0.59153734 -0.8392666999999999 -1.1041014999999998 -1.2383131
1.6455628 1.1472332 0.59364008 0.23478539 -0.22610365 -0.59153734 -0.8392666999999999 -1.1041014999999998 -1.2383131 -1.3134333999999999
1.1472332 0.59364008 0.23478539 -0.22610365 -0.59153734 -0.8392666999999999 -1.1041014999999998 -1.2383131 -1.3134333999999999 -1.3686969999999998
0.59364008 0.23478539 -0.22610365 -0.59153734 -0.8392666999999999 -1.1041014999999998 -1.2383131 -1.3134333999999999 -1.3686969999999998 -1.4109222
0.23478539 -0.22610365 -0.59153734 -0.8392666999999999 -1.1041014999999998 -1.2383131 -1.3134333999999999 -1.3686969999999998 -1.4109222 -1.4797027
-0.22610365 -0.59153734 -0.8392666999999999 -1.1041014999999998 -1.2383131 -1.3134333999999999 -1.3686969999999998 -1.4109222 -1.4797027 -1.5039851999999998
-0.59153734 -0.8392666999999999 -1.1041014999999998 -1.2383131 -1.3134333999999999 -1.3686969999999998 -1.4109222 -1.4797027 -1.5039851999999998 -1.5547033000000001
-0.8392666999999999 -1.1041014999999998 -1.2383131 -1.3134333999999999 -1.3686969999999998 -1.4109222 -1.4797027 -1.5039851999999998 -1.5547033000000001 -1.5898711
-1.1041014999999998 -1.2383131 -1.3134333999999999 -1.3686969999999998 -1.4109222 -1.4797027 -1.5039851999999998 -1.5547033000000001 -1.5898711 -1.5763542
-1.2383131 -1.3134333999999999 -1.3686969999999998 -1.4109222 -1.4797027 -1.5039851999999998 -1.5547033000000001 -1.5898711 -1.5763542 -1.5844883
-1.3134333999999999 -1.3686969999999998 -1.4109222 -1.4797027 -1.5039851999999998 -1.5547033000000001 -1.5898711 -1.5763542 -1.5844883 -1.6197756
-1.3686969999999998 -1.4109222 -1.4797027 -1.5039851999999998 -1.5547033000000001 -1.5898711 -1.5763542 -1.5844883 -1.6197756 -1.639393
-1.4109222 -1.4797027 -1.5039851999999998 -1.5547033000000001 -1.5898711 -1.5763542 -1.5844883 -1.6197756 -1.639393 -1.6303020000000001
-1.4797027 -1.5039851999999998 -1.5547033000000001 -1.5898711 -1.5763542 -1.5844883 -1.6197756 -1.639393 -1.6303020000000001 -1.6236034
-1.5039851999999998 -1.5547033000000001 -1.5898711 -1.5763542 -1.5844883 -1.6197756 -1.639393 -1.6303020000000001 -1.6236034 -1.6288666
-1.5547033000000001 -1.5898711 -1.5763542 -1.5844883 -1.6197756 -1.639393 -1.6303020000000001 -1.6236034 -1.6288666 -1.6622401000000002
-1.5898711 -1.5763542 -1.5844883 -1.6197756 -1.639393 -1.6303020000000001 -1.6236034 -1.6288666 -1.6622401000000002 -1.6905896
-1.5763542 -1.5844883 -1.6197756 -1.639393 -1.6303020000000001 -1.6236034 -1.6288666 -1.6622401000000002 -1.6905896 -1.6792258999999998
-1.5844883 -1.6197756 -1.639393 -1.6303020000000001 -1.6236034 -1.6288666 -1.6622401000000002 -1.6905896 -1.6792258999999998 -1.6887953999999998
-1.6197756 -1.639393 -1.6303020000000001 -1.6236034 -1.6288666 -1.6622401000000002 -1.6905896 -1.6792258999999998 -1.6887953999999998 -1.7000395000000001
-1.639393 -1.6303020000000001 -1.6236034 -1.6288666 -1.6622401000000002 -1.6905896 -1.6792258999999998 -1.6887953999999998 -1.7000395000000001 -1.6853264
-1.6303020000000001 -1.6236034 -1.6288666 -1.6622401000000002 -1.6905896 -1.6792258999999998 -1.6887953999999998 -1.7000395000000001 -1.6853264 -1.6974078999999997
-1.6236034 -1.6288666 -1.6622401000000002 -1.6905896 -1.6792258999999998 -1.6887953999999998 -1.7000395000000001 -1.6853264 -1.6974078999999997 -1.7131975
-1.6288666 -1.6622401000000002 -1.6905896 -1.6792258999999998 -1.6887953999999998 -1.7000395000000001 -1.6853264 -1.6974078999999997 -1.7131975 -1.7225276999999999
-1.6622401000000002 -1.6905896 -1.6792258999999998 -1.6887953999999998 -1.7000395000000001 -1.6853264 -1.6974078999999997 -1.7131975 -1.7225276999999999 -1.7411881
-1.6905896 -1.6792258999999998 -1.6887953999999998 -1.7000395000000001 -1.6853264 -1.6974078999999997 -1.7131975 -1.7225276999999999 -1.7411881 -1.7542265
-1.6792258999999998 -1.6887953999999998 -1.7000395000000001 -1.6853264 -1.6974078999999997 -1.7131975 -1.7225276999999999 -1.7411881 -1.7542265 -1.7568581
-1.6887953999999998 -1.7000395000000001 -1.6853264 -1.6974078999999997 -1.7131975 -1.7225276999999999 -1.7411881 -1.7542265 -1.7568581 -1.7385564999999998
-1.7000395000000001 -1.6853264 -1.6974078999999997 -1.7131975 -1.7225276999999999 -1.7411881 -1.7542265 -1.7568581 -1.7385564999999998 -1.7303028999999999
-1.6853264 -1.6974078999999997 -1.7131975 -1.7225276999999999 -1.7411881 -1.7542265 -1.7568581 -1.7385564999999998 -1.7303028999999999 -1.7287479
-1.6974078999999997 -1.7131975 -1.7225276999999999 -1.7411881 -1.7542265 -1.7568581 -1.7385564999999998 -1.7303028999999999 -1.7287479 -1.7240827
-1.7131975 -1.7225276999999999 -1.7411881 -1.7542265 -1.7568581 -1.7385564999999998 -1.7303028999999999 -1.7287479 -1.7240827 -1.7444178
-1.7225276999999999 -1.7411881 -1.7542265 -1.7568581 -1.7385564999999998 -1.7303028999999999 -1.7287479 -1.7240827 -1.7444178 -1.7616429
-1.7411881 -1.7542265 -1.7568581 -1.7385564999999998 -1.7303028999999999 -1.7287479 -1.7240827 -1.7444178 -1.7616429 -1.7664276
-1.7542265 -1.7568581 -1.7385564999999998 -1.7303028999999999 -1.7287479 -1.7240827 -1.7444178 -1.7616429 -1.7664276 -1.7634371
-1.7568581 -1.7385564999999998 -1.7303028999999999 -1.7287479 -1.7240827 -1.7444178 -1.7616429 -1.7664276 -1.7634371 -1.7588916
-1.7385564999999998 -1.7303028999999999 -1.7287479 -1.7240827 -1.7444178 -1.7616429 -1.7664276 -1.7634371 -1.7588916 -1.7617625
-1.7303028999999999 -1.7287479 -1.7240827 -1.7444178 -1.7616429 -1.7664276 -1.7634371 -1.7588916 -1.7617625 -1.7660686999999997
-1.7287479 -1.7240827 -1.7444178 -1.7616429 -1.7664276 -1.7634371 -1.7588916 -1.7617625 -1.7660686999999997 -1.7797052
-1.7240827 -1.7444178 -1.7616429 -1.7664276 -1.7634371 -1.7588916 -1.7617625 -1.7660686999999997 -1.7797052 -1.7759971
-1.7444178 -1.7616429 -1.7664276 -1.7634371 -1.7588916 -1.7617625 -1.7660686999999997 -1.7797052 -1.7759971 -1.7730066000000002
-1.7616429 -1.7664276 -1.7634371 -1.7588916 -1.7617625 -1.7660686999999997 -1.7797052 -1.7759971 -1.7730066000000002 -1.7835330000000003
-1.7664276 -1.7634371 -1.7588916 -1.7617625 -1.7660686999999997 -1.7797052 -1.7759971 -1.7730066000000002 -1.7835330000000003 -1.7877196
-1.7634371 -1.7588916 -1.7617625 -1.7660686999999997 -1.7797052 -1.7759971 -1.7730066000000002 -1.7835330000000003 -1.7877196 -1.7621213
-1.7588916 -1.7617625 -1.7660686999999997 -1.7797052 -1.7759971 -1.7730066000000002 -1.7835330000000003 -1.7877196 -1.7621213 -1.7401116
-1.7617625 -1.7660686999999997 -1.7797052 -1.7759971 -1.7730066000000002 -1.7835330000000003 -1.7877196 -1.7621213 -1.7401116 -1.7588916
-1.7660686999999997 -1.7797052 -1.7759971 -1.7730066000000002 -1.7835330000000003 -1.7877196 -1.7621213 -1.7401116 -1.7588916 -1.7971694999999999
-1.7797052 -1.7759971 -1.7730066000000002 -1.7835330000000003 -1.7877196 -1.7621213 -1.7401116 -1.7588916 -1.7971694999999999 -1.8098490000000003
-1.7759971 -1.7730066000000002 -1.7835330000000003 -1.7877196 -1.7621213 -1.7401116 -1.7588916 -1.7971694999999999 -1.8098490000000003 -1.8091313000000002
-1.7730066000000002 -1.7835330000000003 -1.7877196 -1.7621213 -1.7401116 -1.7588916 -1.7971694999999999 -1.8098490000000003 -1.8091313000000002 -1.7940593999999996
-1.7835330000000003 -1.7877196 -1.7621213 -1.7401116 -1.7588916 -1.7971694999999999 -1.8098490000000003 -1.8091313000000002 -1.7940593999999996 -1.7858057
-1.7877196 -1.7621213 -1.7401116 -1.7588916 -1.7971694999999999 -1.8098490000000003 -1.8091313000000002 -1.7940593999999996 -1.7858057 -1.8017150000000002
-1.7621213 -1.7401116 -1.7588916 -1.7971694999999999 -1.8098490000000003 -1.8091313000000002 -1.7940593999999996 -1.7858057 -1.8017150000000002 -1.7902316000000003
-1.7401116 -1.7588916 -1.7971694999999999 -1.8098490000000003 -1.8091313000000002 -1.7940593999999996 -1.7858057 -1.8017150000000002 -1.7902316000000003 -1.8060212
-1.7588916 -1.7971694999999999 -1.8098490000000003 -1.8091313000000002 -1.7940593999999996 -1.7858057 -1.8017150000000002 -1.7902316000000003 -1.8060212 -1.8283898
-1.7971694999999999 -1.8098490000000003 -1.8091313000000002 -1.7940593999999996 -1.7858057 -1.8017150000000002 -1.7902316000000003 -1.8060212 -1.8283898 -1.7927436
-1.8098490000000003 -1.8091313000000002 -1.7940593999999996 -1.7858057 -1.8017150000000002 -1.7902316000000003 -1.8060212 -1.8283898 -1.7927436 -1.7751597
-1.8091313000000002 -1.7940593999999996 -1.7858057 -1.8017150000000002 -1.7902316000000003 -1.8060212 -1.8283898 -1.7927436 -1.7751597 -1.7775521
-1.7940593999999996 -1.7858057 -1.8017150000000002 -1.7902316000000003 -1.8060212 -1.8283898 -1.7927436 -1.7751597 -1.7775521 -1.7942986
-1.7858057 -1.8017150000000002 -1.7902316000000003 -1.8060212 -1.8283898 -1.7927436 -1.7751597 -1.7775521 -1.7942986 -1.7892747
-1.8017150000000002 -1.7902316000000003 -1.8060212 -1.8283898 -1.7927436 -1.7751597 -1.7775521 -1.7942986 -1.7892747 -1.7921455000000002
-1.7902316000000003 -1.8060212 -1.8283898 -1.7927436 -1.7751597 -1.7775521 -1.7942986 -1.7892747 -1.7921455000000002 -1.8231266
-1.8060212 -1.8283898 -1.7927436 -1.7751597 -1.7775521 -1.7942986 -1.7892747 -1.7921455000000002 -1.8231266 -1.8198968999999998
-1.8283898 -1.7927436 -1.7751597 -1.7775521 -1.7942986 -1.7892747 -1.7921455000000002 -1.8231266 -1.8198968999999998 -1.8110452000000001
-1.7927436 -1.7751597 -1.7775521 -1.7942986 -1.7892747 -1.7921455000000002 -1.8231266 -1.8198968999999998 -1.8110452000000001 -1.807337
-1.7751597 -1.7775521 -1.7942986 -1.7892747 -1.7921455000000002 -1.8231266 -1.8198968999999998 -1.8110452000000001 -1.807337 -1.7805425
-1.7775521 -1.7942986 -1.7892747 -1.7921455000000002 -1.8231266 -1.8198968999999998 -1.8110452000000001 -1.807337 -1.7805425 -1.7826956999999999
-1.7942986 -1.7892747 -1.7921455000000002 -1.8231266 -1.8198968999999998 -1.8110452000000001 -1.807337 -1.7805425 -1.7826956999999999 -1.7977676
