-0.24443664 -0.25150433 -0.25981222 -0.26466846 -0.26726841 -0.26794081 -0.26832931 -0.26653624 -0.26314435 -0.25706285
-0.25150433 -0.25981222 -0.26466846 -0.26726841 -0.26794081 -0.26832931 -0.26653624 -0.26314435 -0.25706285 -0.24602052
-0.25981222 -0.26466846 -0.26726841 -0.26794081 -0.26832931 -0.26653624 -0.26314435 -0.25706285 -0.24602052 -0.23327477
-0.26466846 -0.26726841 -0.26794081 -0.26832931 -0.26653624 -0.26314435 -0.25706285 -0.24602052 -0.23327477 -0.22507147
-0.26726841 -0.26794081 -0.26832931 -0.26653624 -0.26314435 -0.25706285 -0.24602052 -0.23327477 -0.22507147 -0.21344639
-0.26794081 -0.26832931 -0.26653624 -0.26314435 -0.25706285 -0.24602052 -0.23327477 -0.22507147 -0.21344639 -0.19712944
-0.26832931 -0.26653624 -0.26314435 -0.25706285 -0.24602052 -0.23327477 -0.22507147 -0.21344639 -0.19712944 -0.18078260000000002
-0.26653624 -0.26314435 -0.25706285 -0.24602052 -0.23327477 -0.22507147 -0.21344639 -0.19712944 -0.18078260000000002 -0.16216455
-0.26314435 -0.25706285 -0.24602052 -0.23327477 -0.22507147 -0.21344639 -0.19712944 -0.18078260000000002 -0.16216455 -0.14542921
-0.25706285 -0.24602052 -0.23327477 -0.22507147 -0.21344639 -0.19712944 -0.18078260000000002 -0.16216455 -0.14542921 -0.1299042
-0.24602052 -0.23327477 -0.22507147 -0.21344639 -0.19712944 -0.18078260000000002 -0.16216455 -0.14542921 -0.1299042 -0.11073328
-0.23327477 -0.22507147 -0.21344639 -0.19712944 -0.18078260000000002 -0.16216455 -0.14542921 -0.1299042 -0.11073328 -0.087034857
-0.22507147 -0.21344639 -0.19712944 -0.18078260000000002 -0.16216455 -0.14542921 -0.1299042 -0.11073328 -0.087034857 -0.061752550999999996
-0.21344639 -0.19712944 -0.18078260000000002 -0.16216455 -0.14542921 -0.1299042 -0.11073328 -0.087034857 -0.061752550999999996 -0.039727658
-0.19712944 -0.18078260000000002 -0.16216455 -0.14542921 -0.1299042 -0.11073328 -0.087034857 -0.061752550999999996 -0.039727658 -0.025487682999999997
-0.18078260000000002 -0.16216455 -0.14542921 -0.1299042 -0.11073328 -0.087034857 -0.061752550999999996 -0.039727658 -0.025487682999999997 -0.0092902715
-0.16216455 -0.14542921 -0.1299042 -0.11073328 -0.087034857 -0.061752550999999996 -0.039727658 -0.025487682999999997 -0.0092902715 0.013959886999999999
-0.14542921 -0.1299042 -0.11073328 -0.087034857 -0.061752550999999996 -0.039727658 -0.025487682999999997 -0.0092902715 0.013959886999999999 0.031397506
-0.1299042 -0.11073328 -0.087034857 -0.061752550999999996 -0.039727658 -0.025487682999999997 -0.0092902715 0.013959886999999999 0.031397506 0.04536852
-0.11073328 -0.087034857 -0.061752550999999996 -0.039727658 -0.025487682999999997 -0.0092902715 0.013959886999999999 0.031397506 0.04536852 0.060385493
-0.087034857 -0.061752550999999996 -0.039727658 -0.025487682999999997 -0.0092902715 0.013959886999999999 0.031397506 0.04536852 0.060385493 0.072907108
-0.061752550999999996 -0.039727658 -0.025487682999999997 -0.0092902715 0.013959886999999999 0.031397506 0.04536852 0.060385493 0.072907108 0.08477126300000001
-0.039727658 -0.025487682999999997 -0.0092902715 0.013959886999999999 0.031397506 0.04536852 0.060385493 0.072907108 0.08477126300000001 0.092899853
-0.025487682999999997 -0.0092902715 0.013959886999999999 0.031397506 0.04536852 0.060385493 0.072907108 0.08477126300000001 0.092899853 0.10141694
-0.0092902715 0.013959886999999999 0.031397506 0.04536852 0.060385493 0.072907108 0.08477126300000001 0.092899853 0.10141694 0.11275812
0.013959886999999999 0.031397506 0.04536852 0.060385493 0.072907108 0.08477126300000001 0.092899853 0.10141694 0.11275812 0.13009114
0.031397506 0.04536852 0.060385493 0.072907108 0.08477126300000001 0.092899853 0.10141694 0.11275812 0.13009114 0.15000918
0.04536852 0.060385493 0.072907108 0.08477126300000001 0.092899853 0.10141694 0.11275812 0.13009114 0.15000918 0.17318462
0.060385493 0.072907108 0.08477126300000001 0.092899853 0.10141694 0.11275812 0.13009114 0.15000918 0.17318462 0.19873589
0.072907108 0.08477126300000001 0.092899853 0.10141694 0.11275812 0.13009114 0.15000918 0.17318462 0.19873589 0.22088032
0.08477126300000001 0.092899853 0.10141694 0.11275812 0.13009114 0.15000918 0.17318462 0.19873589 0.22088032 0.23918459
0.092899853 0.10141694 0.11275812 0.13009114 0.15000918 0.17318462 0.19873589 0.22088032 0.23918459 0.26049226
0.10141694 0.11275812 0.13009114 0.15000918 0.17318462 0.19873589 0.22088032 0.23918459 0.26049226 0.28843428
0.11275812 0.13009114 0.15000918 0.17318462 0.19873589 0.22088032 0.23918459 0.26049226 0.28843428 0.30930862
0.13009114 0.15000918 0.17318462 0.19873589 0.22088032 0.23918459 0.26049226 0.28843428 0.30930862 0.335607
0.15000918 0.17318462 0.19873589 0.22088032 0.23918459 0.26049226 0.28843428 0.30930862 0.335607 0.36487889
0.17318462 0.19873589 0.22088032 0.23918459 0.26049226 0.28843428 0.30930862 0.335607 0.36487889 0.38889111
0.19873589 0.22088032 0.23918459 0.26049226 0.28843428 0.30930862 0.335607 0.36487889 0.38889111 0.40816662
0.22088032 0.23918459 0.26049226 0.28843428 0.30930862 0.335607 0.36487889 0.38889111 0.40816662 0.42663526
0.23918459 0.26049226 0.28843428 0.30930862 0.335607 0.36487889 0.38889111 0.40816662 0.42663526 0.44065109999999996
0.26049226 0.28843428 0.30930862 0.335607 0.36487889 0.38889111 0.40816662 0.42663526 0.44065109999999996 0.44323611
0.28843428 0.30930862 0.335607 0.36487889 0.38889111 0.40816662 0.42663526 0.44065109999999996 0.44323611 0.44384874
0.30930862 0.335607 0.36487889 0.38889111 0.40816662 0.42663526 0.44065109999999996 0.44323611 0.44384874 0.44614985
0.335607 0.36487889 0.38889111 0.40816662 0.42663526 0.44065109999999996 0.44323611 0.44384874 0.44614985 0.44372921
0.36487889 0.38889111 0.40816662 0.42663526 0.44065109999999996 0.44323611 0.44384874 0.44614985 0.44372921 0.43377766
0.38889111 0.40816662 0.42663526 0.44065109999999996 0.44323611 0.44384874 0.44614985 0.44372921 0.43377766 0.42573872
0.40816662 0.42663526 0.44065109999999996 0.44323611 0.44384874 0.44614985 0.44372921 0.43377766 0.42573872 0.40876431
0.42663526 0.44065109999999996 0.44323611 0.44384874 0.44614985 0.44372921 0.43377766 0.42573872 0.40876431 0.38147974
0.44065109999999996 0.44323611 0.44384874 0.44614985 0.44372921 0.43377766 0.42573872 0.40876431 0.38147974 0.35745259
0.44323611 0.44384874 0.44614985 0.44372921 0.43377766 0.42573872 0.40876431 0.38147974 0.35745259 0.33234959
0.44384874 0.44614985 0.44372921 0.43377766 0.42573872 0.40876431 0.38147974 0.35745259 0.33234959 0.30448227
0.44614985 0.44372921 0.43377766 0.42573872 0.40876431 0.38147974 0.35745259 0.33234959 0.30448227 0.27809424
0.44372921 0.43377766 0.42573872 0.40876431 0.38147974 0.35745259 0.33234959 0.30448227 0.27809424 0.2659163
0.43377766 0.42573872 0.40876431 0.38147974 0.35745259 0.33234959 0.30448227 0.27809424 0.2659163 0.26633468
0.42573872 0.40876431 0.38147974 0.35745259 0.33234959 0.30448227 0.27809424 0.2659163 0.26633468 0.27483683
0.40876431 0.38147974 0.35745259 0.33234959 0.30448227 0.27809424 0.2659163 0.26633468 0.27483683 0.28673087
0.38147974 0.35745259 0.33234959 0.30448227 0.27809424 0.2659163 0.26633468 0.27483683 0.28673087 0.29466521
0.35745259 0.33234959 0.30448227 0.27809424 0.2659163 0.26633468 0.27483683 0.28673087 0.29466521 0.29744447
0.33234959 0.30448227 0.27809424 0.2659163 0.26633468 0.27483683 0.28673087 0.29466521 0.29744447 0.28000685
0.30448227 0.27809424 0.2659163 0.26633468 0.27483683 0.28673087 0.29466521 0.29744447 0.28000685 0.24674538
0.27809424 0.2659163 0.26633468 0.27483683 0.28673087 0.29466521 0.29744447 0.28000685 0.24674538 0.20870238
0.2659163 0.26633468 0.27483683 0.28673087 0.29466521 0.29744447 0.28000685 0.24674538 0.20870238 0.16504109
0.26633468 0.27483683 0.28673087 0.29466521 0.29744447 0.28000685 0.24674538 0.20870238 0.16504109 0.12647511
0.27483683 0.28673087 0.29466521 0.29744447 0.28000685 0.24674538 0.20870238 0.16504109 0.12647511 0.09856297
0.28673087 0.29466521 0.29744447 0.28000685 0.24674538 0.20870238 0.16504109 0.12647511 0.09856297 0.091764241
0.29466521 0.29744447 0.28000685 0.24674538 0.20870238 0.16504109 0.12647511 0.09856297 0.091764241 0.11553738
0.29744447 0.28000685 0.24674538 0.20870238 0.16504109 0.12647511 0.09856297 0.091764241 0.11553738 0.15567229
0.28000685 0.24674538 0.20870238 0.16504109 0.12647511 0.09856297 0.091764241 0.11553738 0.15567229 0.21345402
0.24674538 0.20870238 0.16504109 0.12647511 0.09856297 0.091764241 0.11553738 0.15567229 0.21345402 0.28934576
0.20870238 0.16504109 0.12647511 0.09856297 0.091764241 0.11553738 0.15567229 0.21345402 0.28934576 0.36114333
0.16504109 0.12647511 0.09856297 0.091764241 0.11553738 0.15567229 0.21345402 0.28934576 0.36114333 0.42062847
0.12647511 0.09856297 0.091764241 0.11553738 0.15567229 0.21345402 0.28934576 0.36114333 0.42062847 0.46827934
0.09856297 0.091764241 0.11553738 0.15567229 0.21345402 0.28934576 0.36114333 0.42062847 0.46827934 0.5075476
0.091764241 0.11553738 0.15567229 0.21345402 0.28934576 0.36114333 0.42062847 0.46827934 0.5075476 0.53723788
0.11553738 0.15567229 0.21345402 0.28934576 0.36114333 0.42062847 0.46827934 0.5075476 0.53723788 0.56540404
0.15567229 0.21345402 0.28934576 0.36114333 0.42062847 0.46827934 0.5075476 0.53723788 0.56540404 0.60335738
0.21345402 0.28934576 0.36114333 0.42062847 0.46827934 0.5075476 0.53723788 0.56540404 0.60335738 0.63915904
0.28934576 0.36114333 0.42062847 0.46827934 0.5075476 0.53723788 0.56540404 0.60335738 0.63915904 0.66896885
0.36114333 0.42062847 0.46827934 0.5075476 0.53723788 0.56540404 0.60335738 0.63915904 0.66896885 0.69399714
0.42062847 0.46827934 0.5075476 0.53723788 0.56540404 0.60335738 0.63915904 0.66896885 0.69399714 0.70847619
0.46827934 0.5075476 0.53723788 0.56540404 0.60335738 0.63915904 0.66896885 0.69399714 0.70847619 0.71165889
0.5075476 0.53723788 0.56540404 0.60335738 0.63915904 0.66896885 0.69399714 0.70847619 0.71165889 0.7106726999999999
0.53723788 0.56540404 0.60335738 0.63915904 0.66896885 0.69399714 0.70847619 0.71165889 0.7106726999999999 0.69933153
0.56540404 0.60335738 0.63915904 0.66896885 0.69399714 0.70847619 0.71165889 0.7106726999999999 0.69933153 0.67787444
0.60335738 0.63915904 0.66896885 0.69399714 0.70847619 0.71165889 0.7106726999999999 0.69933153 0.67787444 0.65532657
0.63915904 0.66896885 0.69399714 0.70847619 0.71165889 0.7106726999999999 0.69933153 0.67787444 0.65532657 0.63723149
0.66896885 0.69399714 0.70847619 0.71165889 0.7106726999999999 0.69933153 0.67787444 0.65532657 0.63723149 0.61720886
0.69399714 0.70847619 0.71165889 0.7106726999999999 0.69933153 0.67787444 0.65532657 0.63723149 0.61720886 0.57374182
0.70847619 0.71165889 0.7106726999999999 0.69933153 0.67787444 0.65532657 0.63723149 0.61720886 0.57374182 0.51349462
0.71165889 0.7106726999999999 0.69933153 0.67787444 0.65532657 0.63723149 0.61720886 0.57374182 0.51349462 0.44801763
0.7106726999999999 0.69933153 0.67787444 0.65532657 0.63723149 0.61720886 0.57374182 0.51349462 0.44801763 0.38545439
0.69933153 0.67787444 0.65532657 0.63723149 0.61720886 0.57374182 0.51349462 0.44801763 0.38545439 0.32756807
0.67787444 0.65532657 0.63723149 0.61720886 0.57374182 0.51349462 0.44801763 0.38545439 0.32756807 0.27592761
0.65532657 0.63723149 0.61720886 0.57374182 0.51349462 0.44801763 0.38545439 0.32756807 0.27592761 0.23398468
0.63723149 0.61720886 0.57374182 0.51349462 0.44801763 0.38545439 0.32756807 0.27592761 0.23398468 0.19976691
0.61720886 0.57374182 0.51349462 0.44801763 0.38545439 0.32756807 0.27592761 0.23398468 0.19976691 0.17892245
0.57374182 0.51349462 0.44801763 0.38545439 0.32756807 0.27592761 0.23398468 0.19976691 0.17892245 0.17030077
0.51349462 0.44801763 0.38545439 0.32756807 0.27592761 0.23398468 0.19976691 0.17892245 0.17030077 0.16475719
0.44801763 0.38545439 0.32756807 0.27592761 0.23398468 0.19976691 0.17892245 0.17030077 0.16475719 0.15647917
0.38545439 0.32756807 0.27592761 0.23398468 0.19976691 0.17892245 0.17030077 0.16475719 0.15647917 0.14430123
0.32756807 0.27592761 0.23398468 0.19976691 0.17892245 0.17030077 0.16475719 0.15647917 0.14430123 0.12577283
0.27592761 0.23398468 0.19976691 0.17892245 0.17030077 0.16475719 0.15647917 0.14430123 0.12577283 0.11523853
0.23398468 0.19976691 0.17892245 0.17030077 0.16475719 0.15647917 0.14430123 0.12577283 0.11523853 0.11398338
0.19976691 0.17892245 0.17030077 0.16475719 0.15647917 0.14430123 0.12577283 0.11523853 0.11398338 0.11652357
0.17892245 0.17030077 0.16475719 0.15647917 0.14430123 0.12577283 0.11523853 0.11398338 0.11652357 0.12680384
0.17030077 0.16475719 0.15647917 0.14430123 0.12577283 0.11523853 0.11398338 0.11652357 0.12680384 0.13717377
0.16475719 0.15647917 0.14430123 0.12577283 0.11523853 0.11398338 0.11652357 0.12680384 0.13717377 0.15029308
0.15647917 0.14430123 0.12577283 0.11523853 0.11398338 0.11652357 0.12680384 0.13717377 0.15029308 0.17118236
0.14430123 0.12577283 0.11523853 0.11398338 0.11652357 0.12680384 0.13717377 0.15029308 0.17118236 0.19549342
0.12577283 0.11523853 0.11398338 0.11652357 0.12680384 0.13717377 0.15029308 0.17118236 0.19549342 0.21711487
0.11523853 0.11398338 0.11652357 0.12680384 0.13717377 0.15029308 0.17118236 0.19549342 0.21711487 0.23754094
0.11398338 0.11652357 0.12680384 0.13717377 0.15029308 0.17118236 0.19549342 0.21711487 0.23754094 0.25233378
0.11652357 0.12680384 0.13717377 0.15029308 0.17118236 0.19549342 0.21711487 0.23754094 0.25233378 0.26649904
0.12680384 0.13717377 0.15029308 0.17118236 0.19549342 0.21711487 0.23754094 0.25233378 0.26649904 0.27918502
0.13717377 0.15029308 0.17118236 0.19549342 0.21711487 0.23754094 0.25233378 0.26649904 0.27918502 0.28951013
0.15029308 0.17118236 0.19549342 0.21711487 0.23754094 0.25233378 0.26649904 0.27918502 0.28951013 0.30727648
0.17118236 0.19549342 0.21711487 0.23754094 0.25233378 0.26649904 0.27918502 0.28951013 0.30727648 0.32265206
0.19549342 0.21711487 0.23754094 0.25233378 0.26649904 0.27918502 0.28951013 0.30727648 0.32265206 0.33586102
0.21711487 0.23754094 0.25233378 0.26649904 0.27918502 0.28951013 0.30727648 0.32265206 0.33586102 0.34921940000000007
0.23754094 0.25233378 0.26649904 0.27918502 0.28951013 0.30727648 0.32265206 0.33586102 0.34921940000000007 0.35146074
0.25233378 0.26649904 0.27918502 0.28951013 0.30727648 0.32265206 0.33586102 0.34921940000000007 0.35146074 0.34690335
0.26649904 0.27918502 0.28951013 0.30727648 0.32265206 0.33586102 0.34921940000000007 0.35146074 0.34690335 0.33720582
0.27918502 0.28951013 0.30727648 0.32265206 0.33586102 0.34921940000000007 0.35146074 0.34690335 0.33720582 0.32091876
0.28951013 0.30727648 0.32265206 0.33586102 0.34921940000000007 0.35146074 0.34690335 0.33720582 0.32091876 0.29887892
0.30727648 0.32265206 0.33586102 0.34921940000000007 0.35146074 0.34690335 0.33720582 0.32091876 0.29887892 0.26094052
0.32265206 0.33586102 0.34921940000000007 0.35146074 0.34690335 0.33720582 0.32091876 0.29887892 0.26094052 0.2225688
0.33586102 0.34921940000000007 0.35146074 0.34690335 0.33720582 0.32091876 0.29887892 0.26094052 0.2225688 0.19023374
0.34921940000000007 0.35146074 0.34690335 0.33720582 0.32091876 0.29887892 0.26094052 0.2225688 0.19023374 0.15646423
0.35146074 0.34690335 0.33720582 0.32091876 0.29887892 0.26094052 0.2225688 0.19023374 0.15646423 0.12841761
0.34690335 0.33720582 0.32091876 0.29887892 0.26094052 0.2225688 0.19023374 0.15646423 0.12841761 0.10527205
0.33720582 0.32091876 0.29887892 0.26094052 0.2225688 0.19023374 0.15646423 0.12841761 0.10527205 0.082126483
0.32091876 0.29887892 0.26094052 0.2225688 0.19023374 0.15646423 0.12841761 0.10527205 0.082126483 0.05963838
0.29887892 0.26094052 0.2225688 0.19023374 0.15646423 0.12841761 0.10527205 0.082126483 0.05963838 0.034625034
0.26094052 0.2225688 0.19023374 0.15646423 0.12841761 0.10527205 0.082126483 0.05963838 0.034625034 0.013631157
0.2225688 0.19023374 0.15646423 0.12841761 0.10527205 0.082126483 0.05963838 0.034625034 0.013631157 0.00012335314
0.19023374 0.15646423 0.12841761 0.10527205 0.082126483 0.05963838 0.034625034 0.013631157 0.00012335314 -0.014520063
0.15646423 0.12841761 0.10527205 0.082126483 0.05963838 0.034625034 0.013631157 0.00012335314 -0.014520063 -0.032884102000000005
0.12841761 0.10527205 0.082126483 0.05963838 0.034625034 0.013631157 0.00012335314 -0.014520063 -0.032884102000000005 -0.054923937
0.10527205 0.082126483 0.05963838 0.034625034 0.013631157 0.00012335314 -0.014520063 -0.032884102000000005 -0.054923937 -0.070688023
0.082126483 0.05963838 0.034625034 0.013631157 0.00012335314 -0.014520063 -0.032884102000000005 -0.054923937 -0.070688023 -0.077023542
0.05963838 0.034625034 0.013631157 0.00012335314 -0.014520063 -0.032884102000000005 -0.054923937 -0.070688023 -0.077023542 -0.080534973
0.034625034 0.013631157 0.00012335314 -0.014520063 -0.032884102000000005 -0.054923937 -0.070688023 -0.077023542 -0.080534973 -0.084883171
0.013631157 0.00012335314 -0.014520063 -0.032884102000000005 -0.054923937 -0.070688023 -0.077023542 -0.080534973 -0.084883171 -0.096732384
0.00012335314 -0.014520063 -0.032884102000000005 -0.054923937 -0.070688023 -0.077023542 -0.080534973 -0.084883171 -0.096732384 -0.10940342
-0.014520063 -0.032884102000000005 -0.054923937 -0.070688023 -0.077023542 -0.080534973 -0.084883171 -0.096732384 -0.10940342 -0.11844349
-0.032884102000000005 -0.054923937 -0.070688023 -0.077023542 -0.080534973 -0.084883171 -0.096732384 -0.10940342 -0.11844349 -0.13056166
-0.054923937 -0.070688023 -0.077023542 -0.080534973 -0.084883171 -0.096732384 -0.10940342 -0.11844349 -0.13056166 -0.1469085
-0.070688023 -0.077023542 -0.080534973 -0.084883171 -0.096732384 -0.10940342 -0.11844349 -0.13056166 -0.1469085 -0.15697958
-0.077023542 -0.080534973 -0.084883171 -0.096732384 -0.10940342 -0.11844349 -0.13056166 -0.1469085 -0.15697958 -0.16256799
-0.080534973 -0.084883171 -0.096732384 -0.10940342 -0.11844349 -0.13056166 -0.1469085 -0.15697958 -0.16256799 -0.16425646
-0.084883171 -0.096732384 -0.10940342 -0.11844349 -0.13056166 -0.1469085 -0.15697958 -0.16256799 -0.16425646 -0.15905656
-0.096732384 -0.10940342 -0.11844349 -0.13056166 -0.1469085 -0.15697958 -0.16256799 -0.16425646 -0.15905656 -0.15264633
-0.10940342 -0.11844349 -0.13056166 -0.1469085 -0.15697958 -0.16256799 -0.16425646 -0.15905656 -0.15264633 -0.14487635
-0.11844349 -0.13056166 -0.1469085 -0.15697958 -0.16256799 -0.16425646 -0.15905656 -0.15264633 -0.14487635 -0.13747993
-0.13056166 -0.1469085 -0.15697958 -0.16256799 -0.16425646 -0.15905656 -0.15264633 -0.14487635 -0.13747993 -0.13493975
-0.1469085 -0.15697958 -0.16256799 -0.16425646 -0.15905656 -0.15264633 -0.14487635 -0.13747993 -0.13493975 -0.12993409
-0.15697958 -0.16256799 -0.16425646 -0.15905656 -0.15264633 -0.14487635 -0.13747993 -0.13493975 -0.12993409 -0.1277824
-0.16256799 -0.16425646 -0.15905656 -0.15264633 -0.14487635 -0.13747993 -0.13493975 -0.12993409 -0.1277824 -0.12920192
-0.16425646 -0.15905656 -0.15264633 -0.14487635 -0.13747993 -0.13493975 -0.12993409 -0.1277824 -0.12920192 -0.12791688
-0.15905656 -0.15264633 -0.14487635 -0.13747993 -0.13493975 -0.12993409 -0.1277824 -0.12920192 -0.12791688 -0.13734545
-0.15264633 -0.14487635 -0.13747993 -0.13493975 -0.12993409 -0.1277824 -0.12920192 -0.12791688 -0.13734545 -0.15021074
-0.14487635 -0.13747993 -0.13493975 -0.12993409 -0.1277824 -0.12920192 -0.12791688 -0.13734545 -0.15021074 -0.15772669
-0.13747993 -0.13493975 -0.12993409 -0.1277824 -0.12920192 -0.12791688 -0.13734545 -0.15021074 -0.15772669 -0.17477581
-0.13493975 -0.12993409 -0.1277824 -0.12920192 -0.12791688 -0.13734545 -0.15021074 -0.15772669 -0.17477581 -0.19621796
-0.12993409 -0.1277824 -0.12920192 -0.12791688 -0.13734545 -0.15021074 -0.15772669 -0.17477581 -0.19621796 -0.21308777
-0.1277824 -0.12920192 -0.12791688 -0.13734545 -0.15021074 -0.15772669 -0.17477581 -0.19621796 -0.21308777 -0.23245294
-0.12920192 -0.12791688 -0.13734545 -0.15021074 -0.15772669 -0.17477581 -0.19621796 -0.21308777 -0.23245294 -0.25053308
-0.12791688 -0.13734545 -0.15021074 -0.15772669 -0.17477581 -0.19621796 -0.21308777 -0.23245294 -0.25053308 -0.26181449
-0.13734545 -0.15021074 -0.15772669 -0.17477581 -0.19621796 -0.21308777 -0.23245294 -0.25053308 -0.26181449 -0.26426502
-0.15021074 -0.15772669 -0.17477581 -0.19621796 -0.21308777 -0.23245294 -0.25053308 -0.26181449 -0.26426502 -0.25982717
-0.15772669 -0.17477581 -0.19621796 -0.21308777 -0.23245294 -0.25053308 -0.26181449 -0.26426502 -0.25982717 -0.24959172
-0.17477581 -0.19621796 -0.21308777 -0.23245294 -0.25053308 -0.26181449 -0.26426502 -0.25982717 -0.24959172 -0.23178054
-0.19621796 -0.21308777 -0.23245294 -0.25053308 -0.26181449 -0.26426502 -0.25982717 -0.24959172 -0.23178054 -0.21800378
-0.21308777 -0.23245294 -0.25053308 -0.26181449 -0.26426502 -0.25982717 -0.24959172 -0.23178054 -0.21800378 -0.22311403
-0.23245294 -0.25053308 -0.26181449 -0.26426502 -0.25982717 -0.24959172 -0.23178054 -0.21800378 -0.22311403 -0.22072327
-0.25053308 -0.26181449 -0.26426502 -0.25982717 -0.24959172 -0.23178054 -0.21800378 -0.22311403 -0.22072327 -0.21452223
-0.26181449 -0.26426502 -0.25982717 -0.24959172 -0.23178054 -0.21800378 -0.22311403 -0.22072327 -0.21452223 -0.21054759
-0.26426502 -0.25982717 -0.24959172 -0.23178054 -0.21800378 -0.22311403 -0.22072327 -0.21452223 -0.21054759 -0.20636376
-0.25982717 -0.24959172 -0.23178054 -0.21800378 -0.22311403 -0.22072327 -0.21452223 -0.21054759 -0.20636376 -0.21120505
-0.24959172 -0.23178054 -0.21800378 -0.22311403 -0.22072327 -0.21452223 -0.21054759 -0.20636376 -0.21120505 -0.20881429
-0.23178054 -0.21800378 -0.22311403 -0.22072327 -0.21452223 -0.21054759 -0.20636376 -0.21120505 -0.20881429 -0.20566147
-0.21800378 -0.22311403 -0.22072327 -0.21452223 -0.21054759 -0.20636376 -0.21120505 -0.20881429 -0.20566147 -0.20699133
-0.22311403 -0.22072327 -0.21452223 -0.21054759 -0.20636376 -0.21120505 -0.20881429 -0.20566147 -0.20699133 -0.20243394
-0.22072327 -0.21452223 -0.21054759 -0.20636376 -0.21120505 -0.20881429 -0.20566147 -0.20699133 -0.20243394 -0.18819397
-0.21452223 -0.21054759 -0.20636376 -0.21120505 -0.20881429 -0.20566147 -0.20699133 -0.20243394 -0.18819397 -0.17172759
-0.21054759 -0.20636376 -0.21120505 -0.20881429 -0.20566147 -0.20699133 -0.20243394 -0.18819397 -0.17172759 -0.17680796
-0.20636376 -0.21120505 -0.20881429 -0.20566147 -0.20699133 -0.20243394 -0.18819397 -0.17172759 -0.17680796 -0.15832439
-0.21120505 -0.20881429 -0.20566147 -0.20699133 -0.20243394 -0.18819397 -0.17172759 -0.17680796 -0.15832439 -0.12769275
-0.20881429 -0.20566147 -0.20699133 -0.20243394 -0.18819397 -0.17172759 -0.17680796 -0.15832439 -0.12769275 -0.12214917
-0.20566147 -0.20699133 -0.20243394 -0.18819397 -0.17172759 -0.17680796 -0.15832439 -0.12769275 -0.12214917 -0.099646125
-0.20699133 -0.20243394 -0.18819397 -0.17172759 -0.17680796 -0.15832439 -0.12769275 -0.12214917 -0.099646125 -0.06783405099999999
-0.20243394 -0.18819397 -0.17172759 -0.17680796 -0.15832439 -0.12769275 -0.12214917 -0.099646125 -0.06783405099999999 -0.046347079000000006
-0.18819397 -0.17172759 -0.17680796 -0.15832439 -0.12769275 -0.12214917 -0.099646125 -0.06783405099999999 -0.046347079000000006 -0.0002502034
-0.17172759 -0.17680796 -0.15832439 -0.12769275 -0.12214917 -0.099646125 -0.06783405099999999 -0.046347079000000006 -0.0002502034 0.028752726
-0.17680796 -0.15832439 -0.12769275 -0.12214917 -0.099646125 -0.06783405099999999 -0.046347079000000006 -0.0002502034 0.028752726 0.024150509
-0.15832439 -0.12769275 -0.12214917 -0.099646125 -0.06783405099999999 -0.046347079000000006 -0.0002502034 0.028752726 0.024150509 0.022178131
-0.12769275 -0.12214917 -0.099646125 -0.06783405099999999 -0.046347079000000006 -0.0002502034 0.028752726 0.024150509 0.022178131 0.050941984
-0.12214917 -0.099646125 -0.06783405099999999 -0.046347079000000006 -0.0002502034 0.028752726 0.024150509 0.022178131 0.050941984 0.078689763
-0.099646125 -0.06783405099999999 -0.046347079000000006 -0.0002502034 0.028752726 0.024150509 0.022178131 0.050941984 0.078689763 0.07886907
-0.06783405099999999 -0.046347079000000006 -0.0002502034 0.028752726 0.024150509 0.022178131 0.050941984 0.078689763 0.07886907 0.10652719999999999
-0.046347079000000006 -0.0002502034 0.028752726 0.024150509 0.022178131 0.050941984 0.078689763 0.07886907 0.10652719999999999 0.14555638
-0.0002502034 0.028752726 0.024150509 0.022178131 0.050941984 0.078689763 0.07886907 0.10652719999999999 0.14555638 0.14636326
0.028752726 0.024150509 0.022178131 0.050941984 0.078689763 0.07886907 0.10652719999999999 0.14555638 0.14636326 0.12565329
0.024150509 0.022178131 0.050941984 0.078689763 0.07886907 0.10652719999999999 0.14555638 0.14636326 0.12565329 0.12605673
0.022178131 0.050941984 0.078689763 0.07886907 0.10652719999999999 0.14555638 0.14636326 0.12565329 0.12605673 0.092092971
0.050941984 0.078689763 0.07886907 0.10652719999999999 0.14555638 0.14636326 0.12565329 0.12605673 0.092092971 0.093109045
0.078689763 0.07886907 0.10652719999999999 0.14555638 0.14636326 0.12565329 0.12605673 0.092092971 0.093109045 0.08412874599999999
0.07886907 0.10652719999999999 0.14555638 0.14636326 0.12565329 0.12605673 0.092092971 0.093109045 0.08412874599999999 0.030381432000000003
0.10652719999999999 0.14555638 0.14636326 0.12565329 0.12605673 0.092092971 0.093109045 0.08412874599999999 0.030381432000000003 0.010224322
0.14555638 0.14636326 0.12565329 0.12605673 0.092092971 0.093109045 0.08412874599999999 0.030381432000000003 0.010224322 -0.0019685634
0.14636326 0.12565329 0.12605673 0.092092971 0.093109045 0.08412874599999999 0.030381432000000003 0.010224322 -0.0019685634 -0.017717707
0.12565329 0.12605673 0.092092971 0.093109045 0.08412874599999999 0.030381432000000003 0.010224322 -0.0019685634 -0.017717707 -0.018703896
0.12605673 0.092092971 0.093109045 0.08412874599999999 0.030381432000000003 0.010224322 -0.0019685634 -0.017717707 -0.018703896 -0.019152164
0.092092971 0.093109045 0.08412874599999999 0.030381432000000003 0.010224322 -0.0019685634 -0.017717707 -0.018703896 -0.019152164 -0.018957914
0.093109045 0.08412874599999999 0.030381432000000003 0.010224322 -0.0019685634 -0.017717707 -0.018703896 -0.019152164 -0.018957914 -0.09591056
0.08412874599999999 0.030381432000000003 0.010224322 -0.0019685634 -0.017717707 -0.018703896 -0.019152164 -0.018957914 -0.09591056 -0.14048333
0.030381432000000003 0.010224322 -0.0019685634 -0.017717707 -0.018703896 -0.019152164 -0.018957914 -0.09591056 -0.14048333 -0.14920961
0.010224322 -0.0019685634 -0.017717707 -0.018703896 -0.019152164 -0.018957914 -0.09591056 -0.14048333 -0.14920961 -0.1876411
-0.0019685634 -0.017717707 -0.018703896 -0.019152164 -0.018957914 -0.09591056 -0.14048333 -0.14920961 -0.1876411 -0.17668842
-0.017717707 -0.018703896 -0.019152164 -0.018957914 -0.09591056 -0.14048333 -0.14920961 -0.1876411 -0.17668842 -0.15759221
-0.018703896 -0.019152164 -0.018957914 -0.09591056 -0.14048333 -0.14920961 -0.1876411 -0.17668842 -0.15759221 -0.15623247
-0.019152164 -0.018957914 -0.09591056 -0.14048333 -0.14920961 -0.1876411 -0.17668842 -0.15759221 -0.15623247 -0.11965381
-0.018957914 -0.09591056 -0.14048333 -0.14920961 -0.1876411 -0.17668842 -0.15759221 -0.15623247 -0.11965381 -0.049978049000000004
-0.09591056 -0.14048333 -0.14920961 -0.1876411 -0.17668842 -0.15759221 -0.15623247 -0.11965381 -0.049978049000000004 -0.030149667999999998
-0.14048333 -0.14920961 -0.1876411 -0.17668842 -0.15759221 -0.15623247 -0.11965381 -0.049978049000000004 -0.030149667999999998 -0.011441956999999999
-0.14920961 -0.1876411 -0.17668842 -0.15759221 -0.15623247 -0.11965381 -0.049978049000000004 -0.030149667999999998 -0.011441956999999999 0.039974364
-0.1876411 -0.17668842 -0.15759221 -0.15623247 -0.11965381 -0.049978049000000004 -0.030149667999999998 -0.011441956999999999 0.039974364 0.069007178
-0.17668842 -0.15759221 -0.15623247 -0.11965381 -0.049978049000000004 -0.030149667999999998 -0.011441956999999999 0.039974364 0.069007178 0.10808119
-0.15759221 -0.15623247 -0.11965381 -0.049978049000000004 -0.030149667999999998 -0.011441956999999999 0.039974364 0.069007178 0.10808119 0.15389416
-0.15623247 -0.11965381 -0.049978049000000004 -0.030149667999999998 -0.011441956999999999 0.039974364 0.069007178 0.10808119 0.15389416 0.17514206
-0.11965381 -0.049978049000000004 -0.030149667999999998 -0.011441956999999999 0.039974364 0.069007178 0.10808119 0.15389416 0.17514206 0.22348027
-0.049978049000000004 -0.030149667999999998 -0.011441956999999999 0.039974364 0.069007178 0.10808119 0.15389416 0.17514206 0.22348027 0.29482957
-0.030149667999999998 -0.011441956999999999 0.039974364 0.069007178 0.10808119 0.15389416 0.17514206 0.22348027 0.29482957 0.37807291
-0.011441956999999999 0.039974364 0.069007178 0.10808119 0.15389416 0.17514206 0.22348027 0.29482957 0.37807291 0.43071450000000006
0.039974364 0.069007178 0.10808119 0.15389416 0.17514206 0.22348027 0.29482957 0.37807291 0.43071450000000006 0.33109444
0.069007178 0.10808119 0.15389416 0.17514206 0.22348027 0.29482957 0.37807291 0.43071450000000006 0.33109444 0.31305913
0.10808119 0.15389416 0.17514206 0.22348027 0.29482957 0.37807291 0.43071450000000006 0.33109444 0.31305913 0.35464344
0.15389416 0.17514206 0.22348027 0.29482957 0.37807291 0.43071450000000006 0.33109444 0.31305913 0.35464344 0.37175233
0.17514206 0.22348027 0.29482957 0.37807291 0.43071450000000006 0.33109444 0.31305913 0.35464344 0.37175233 0.32918183
0.22348027 0.29482957 0.37807291 0.43071450000000006 0.33109444 0.31305913 0.35464344 0.37175233 0.32918183 0.28323438
0.29482957 0.37807291 0.43071450000000006 0.33109444 0.31305913 0.35464344 0.37175233 0.32918183 0.28323438 0.20478751
0.37807291 0.43071450000000006 0.33109444 0.31305913 0.35464344 0.37175233 0.32918183 0.28323438 0.20478751 0.073205953
0.43071450000000006 0.33109444 0.31305913 0.35464344 0.37175233 0.32918183 0.28323438 0.20478751 0.073205953 -0.17934815
0.33109444 0.31305913 0.35464344 0.37175233 0.32918183 0.28323438 0.20478751 0.073205953 -0.17934815 -0.27789236
0.31305913 0.35464344 0.37175233 0.32918183 0.28323438 0.20478751 0.073205953 -0.17934815 -0.27789236 -0.35332089
0.35464344 0.37175233 0.32918183 0.28323438 0.20478751 0.073205953 -0.17934815 -0.27789236 -0.35332089 -0.36929417
0.37175233 0.32918183 0.28323438 0.20478751 0.073205953 -0.17934815 -0.27789236 -0.35332089 -0.36929417 -0.37347801
0.32918183 0.28323438 0.20478751 0.073205953 -0.17934815 -0.27789236 -0.35332089 -0.36929417 -0.37347801 -0.38108362
0.28323438 0.20478751 0.073205953 -0.17934815 -0.27789236 -0.35332089 -0.36929417 -0.37347801 -0.38108362 -0.35260367
0.20478751 0.073205953 -0.17934815 -0.27789236 -0.35332089 -0.36929417 -0.37347801 -0.38108362 -0.35260367 -0.31393309
0.073205953 -0.17934815 -0.27789236 -0.35332089 -0.36929417 -0.37347801 -0.38108362 -0.35260367 -0.31393309 -0.27793719
-0.17934815 -0.27789236 -0.35332089 -0.36929417 -0.37347801 -0.38108362 -0.35260367 -0.31393309 -0.27793719 -0.2880531
-0.27789236 -0.35332089 -0.36929417 -0.37347801 -0.38108362 -0.35260367 -0.31393309 -0.27793719 -0.2880531 -0.24625959
-0.35332089 -0.36929417 -0.37347801 -0.38108362 -0.35260367 -0.31393309 -0.27793719 -0.2880531 -0.24625959 -0.16539207
-0.36929417 -0.37347801 -0.38108362 -0.35260367 -0.31393309 -0.27793719 -0.2880531 -0.24625959 -0.16539207 -0.12437557
-0.37347801 -0.38108362 -0.35260367 -0.31393309 -0.27793719 -0.2880531 -0.24625959 -0.16539207 -0.12437557 -0.10067714
-0.38108362 -0.35260367 -0.31393309 -0.27793719 -0.2880531 -0.24625959 -0.16539207 -0.12437557 -0.10067714 -0.047378095
-0.35260367 -0.31393309 -0.27793719 -0.2880531 -0.24625959 -0.16539207 -0.12437557 -0.10067714 -0.047378095 0.034580208
-0.31393309 -0.27793719 -0.2880531 -0.24625959 -0.16539207 -0.12437557 -0.10067714 -0.047378095 0.034580208 0.15689756
-0.27793719 -0.2880531 -0.24625959 -0.16539207 -0.12437557 -0.10067714 -0.047378095 0.034580208 0.15689756 0.26924842
-0.2880531 -0.24625959 -0.16539207 -0.12437557 -0.10067714 -0.047378095 0.034580208 0.15689756 0.26924842 0.25505327
-0.24625959 -0.16539207 -0.12437557 -0.10067714 -0.047378095 0.034580208 0.15689756 0.26924842 0.25505327 0.36174102
-0.16539207 -0.12437557 -0.10067714 -0.047378095 0.034580208 0.15689756 0.26924842 0.25505327 0.36174102 0.46310932
-0.12437557 -0.10067714 -0.047378095 0.034580208 0.15689756 0.26924842 0.25505327 0.36174102 0.46310932 0.57093268
-0.10067714 -0.047378095 0.034580208 0.15689756 0.26924842 0.25505327 0.36174102 0.46310932 0.57093268 0.66798266
-0.047378095 0.034580208 0.15689756 0.26924842 0.25505327 0.36174102 0.46310932 0.57093268 0.66798266 0.70668312
0.034580208 0.15689756 0.26924842 0.25505327 0.36174102 0.46310932 0.57093268 0.66798266 0.70668312 0.80406184
0.15689756 0.26924842 0.25505327 0.36174102 0.46310932 0.57093268 0.66798266 0.70668312 0.80406184 0.82530973
0.26924842 0.25505327 0.36174102 0.46310932 0.57093268 0.66798266 0.70668312 0.80406184 0.82530973 0.8578988000000001
0.25505327 0.36174102 0.46310932 0.57093268 0.66798266 0.70668312 0.80406184 0.82530973 0.8578988000000001 0.94886729
0.36174102 0.46310932 0.57093268 0.66798266 0.70668312 0.80406184 0.82530973 0.8578988000000001 0.94886729 0.9844746999999999
0.46310932 0.57093268 0.66798266 0.70668312 0.80406184 0.82530973 0.8578988000000001 0.94886729 0.9844746999999999 1.0399105
0.57093268 0.66798266 0.70668312 0.80406184 0.82530973 0.8578988000000001 0.94886729 0.9844746999999999 1.0399105 1.1190895
0.66798266 0.70668312 0.80406184 0.82530973 0.8578988000000001 0.94886729 0.9844746999999999 1.0399105 1.1190895 1.1003519
0.70668312 0.80406184 0.82530973 0.8578988000000001 0.94886729 0.9844746999999999 1.0399105 1.1190895 1.1003519 1.0082478000000001
0.80406184 0.82530973 0.8578988000000001 0.94886729 0.9844746999999999 1.0399105 1.1190895 1.1003519 1.0082478000000001 1.065402
0.82530973 0.8578988000000001 0.94886729 0.9844746999999999 1.0399105 1.1190895 1.1003519 1.0082478000000001 1.065402 1.1062242
0.8578988000000001 0.94886729 0.9844746999999999 1.0399105 1.1190895 1.1003519 1.0082478000000001 1.065402 1.1062242 1.0062306
0.94886729 0.9844746999999999 1.0399105 1.1190895 1.1003519 1.0082478000000001 1.065402 1.1062242 1.0062306 1.0981254999999999
0.9844746999999999 1.0399105 1.1190895 1.1003519 1.0082478000000001 1.065402 1.1062242 1.0062306 1.0981254999999999 1.145627
1.0399105 1.1190895 1.1003519 1.0082478000000001 1.065402 1.1062242 1.0062306 1.0981254999999999 1.145627 1.2001513000000001
1.1190895 1.1003519 1.0082478000000001 1.065402 1.1062242 1.0062306 1.0981254999999999 1.145627 1.2001513000000001 1.263118
1.1003519 1.0082478000000001 1.065402 1.1062242 1.0062306 1.0981254999999999 1.145627 1.2001513000000001 1.263118 1.2164085
1.0082478000000001 1.065402 1.1062242 1.0062306 1.0981254999999999 1.145627 1.2001513000000001 1.263118 1.2164085 1.2074132
1.065402 1.1062242 1.0062306 1.0981254999999999 1.145627 1.2001513000000001 1.263118 1.2164085 1.2074132 1.1578049
1.1062242 1.0062306 1.0981254999999999 1.145627 1.2001513000000001 1.263118 1.2164085 1.2074132 1.1578049 1.1276813
1.0062306 1.0981254999999999 1.145627 1.2001513000000001 1.263118 1.2164085 1.2074132 1.1578049 1.1276813 1.1319249
1.0981254999999999 1.145627 1.2001513000000001 1.263118 1.2164085 1.2074132 1.1578049 1.1276813 1.1319249 0.81053183
1.145627 1.2001513000000001 1.263118 1.2164085 1.2074132 1.1578049 1.1276813 1.1319249 0.81053183 0.8593482
1.2001513000000001 1.263118 1.2164085 1.2074132 1.1578049 1.1276813 1.1319249 0.81053183 0.8593482 0.86170908
1.263118 1.2164085 1.2074132 1.1578049 1.1276813 1.1319249 0.81053183 0.8593482 0.86170908 0.80350897
1.2164085 1.2074132 1.1578049 1.1276813 1.1319249 0.81053183 0.8593482 0.86170908 0.80350897 0.80685604
1.2074132 1.1578049 1.1276813 1.1319249 0.81053183 0.8593482 0.86170908 0.80350897 0.80685604 0.71907025
1.1578049 1.1276813 1.1319249 0.81053183 0.8593482 0.86170908 0.80350897 0.80685604 0.71907025 0.65211398
1.1276813 1.1319249 0.81053183 0.8593482 0.86170908 0.80350897 0.80685604 0.71907025 0.65211398 0.69460977
1.1319249 0.81053183 0.8593482 0.86170908 0.80350897 0.80685604 0.71907025 0.65211398 0.69460977 0.67367566
0.81053183 0.8593482 0.86170908 0.80350897 0.80685604 0.71907025 0.65211398 0.69460977 0.67367566 0.56298339
0.8593482 0.86170908 0.80350897 0.80685604 0.71907025 0.65211398 0.69460977 0.67367566 0.56298339 0.5677948
0.86170908 0.80350897 0.80685604 0.71907025 0.65211398 0.69460977 0.67367566 0.56298339 0.5677948 0.57971873
0.80350897 0.80685604 0.71907025 0.65211398 0.69460977 0.67367566 0.56298339 0.5677948 0.57971873 0.58354394
0.80685604 0.71907025 0.65211398 0.69460977 0.67367566 0.56298339 0.5677948 0.57971873 0.58354394 0.5997563
0.71907025 0.65211398 0.69460977 0.67367566 0.56298339 0.5677948 0.57971873 0.58354394 0.5997563 0.61986858
0.65211398 0.69460977 0.67367566 0.56298339 0.5677948 0.57971873 0.58354394 0.5997563 0.61986858 0.6518749
0.69460977 0.67367566 0.56298339 0.5677948 0.57971873 0.58354394 0.5997563 0.61986858 0.6518749 0.68654095
0.67367566 0.56298339 0.5677948 0.57971873 0.58354394 0.5997563 0.61986858 0.6518749 0.68654095 0.74348591
0.56298339 0.5677948 0.57971873 0.58354394 0.5997563 0.61986858 0.6518749 0.68654095 0.74348591 0.8014319999999999
0.5677948 0.57971873 0.58354394 0.5997563 0.61986858 0.6518749 0.68654095 0.74348591 0.8014319999999999 0.8723928
0.57971873 0.58354394 0.5997563 0.61986858 0.6518749 0.68654095 0.74348591 0.8014319999999999 0.8723928 0.95914757
0.58354394 0.5997563 0.61986858 0.6518749 0.68654095 0.74348591 0.8014319999999999 0.8723928 0.95914757 1.064117
0.5997563 0.61986858 0.6518749 0.68654095 0.74348591 0.8014319999999999 0.8723928 0.95914757 1.064117 1.1778574
0.61986858 0.6518749 0.68654095 0.74348591 0.8014319999999999 0.8723928 0.95914757 1.064117 1.1778574 1.3137573
0.6518749 0.68654095 0.74348591 0.8014319999999999 0.8723928 0.95914757 1.064117 1.1778574 1.3137573 1.4721752000000001
0.68654095 0.74348591 0.8014319999999999 0.8723928 0.95914757 1.064117 1.1778574 1.3137573 1.4721752000000001 1.6446686000000001
0.74348591 0.8014319999999999 0.8723928 0.95914757 1.064117 1.1778574 1.3137573 1.4721752000000001 1.6446686000000001 1.8093473000000002
0.8014319999999999 0.8723928 0.95914757 1.064117 1.1778574 1.3137573 1.4721752000000001 1.6446686000000001 1.8093473000000002 1.9892221999999997
0.8723928 0.95914757 1.064117 1.1778574 1.3137573 1.4721752000000001 1.6446686000000001 1.8093473000000002 1.9892221999999997 2.1826498
0.95914757 1.064117 1.1778574 1.3137573 1.4721752000000001 1.6446686000000001 1.8093473000000002 1.9892221999999997 2.1826498 2.3196106
1.064117 1.1778574 1.3137573 1.4721752000000001 1.6446686000000001 1.8093473000000002 1.9892221999999997 2.1826498 2.3196106 2.3617477000000004
1.1778574 1.3137573 1.4721752000000001 1.6446686000000001 1.8093473000000002 1.9892221999999997 2.1826498 2.3196106 2.3617477000000004 2.4933144
1.3137573 1.4721752000000001 1.6446686000000001 1.8093473000000002 1.9892221999999997 2.1826498 2.3196106 2.3617477000000004 2.4933144 2.6033641
1.4721752000000001 1.6446686000000001 1.8093473000000002 1.9892221999999997 2.1826498 2.3196106 2.3617477000000004 2.4933144 2.6033641 2.5736589
1.6446686000000001 1.8093473000000002 1.9892221999999997 2.1826498 2.3196106 2.3617477000000004 2.4933144 2.6033641 2.5736589 2.6059491
1.8093473000000002 1.9892221999999997 2.1826498 2.3196106 2.3617477000000004 2.4933144 2.6033641 2.5736589 2.6059491 2.6264798
1.9892221999999997 2.1826498 2.3196106 2.3617477000000004 2.4933144 2.6033641 2.5736589 2.6059491 2.6264798 2.6047986
2.1826498 2.3196106 2.3617477000000004 2.4933144 2.6033641 2.5736589 2.6059491 2.6264798 2.6047986 2.6445749
2.3196106 2.3617477000000004 2.4933144 2.6033641 2.5736589 2.6059491 2.6264798 2.6047986 2.6445749 2.6958268
2.3617477000000004 2.4933144 2.6033641 2.5736589 2.6059491 2.6264798 2.6047986 2.6445749 2.6958268 2.6260763
2.4933144 2.6033641 2.5736589 2.6059491 2.6264798 2.6047986 2.6445749 2.6958268 2.6260763 2.4797467999999996
2.6033641 2.5736589 2.6059491 2.6264798 2.6047986 2.6445749 2.6958268 2.6260763 2.4797467999999996 2.5160714
2.5736589 2.6059491 2.6264798 2.6047986 2.6445749 2.6958268 2.6260763 2.4797467999999996 2.5160714 2.5080923
2.6059491 2.6264798 2.6047986 2.6445749 2.6958268 2.6260763 2.4797467999999996 2.5160714 2.5080923 2.4961384
2.6264798 2.6047986 2.6445749 2.6958268 2.6260763 2.4797467999999996 2.5160714 2.5080923 2.4961384 2.5074197999999996
2.6047986 2.6445749 2.6958268 2.6260763 2.4797467999999996 2.5160714 2.5080923 2.4961384 2.5074197999999996 2.3444147
2.6445749 2.6958268 2.6260763 2.4797467999999996 2.5160714 2.5080923 2.4961384 2.5074197999999996 2.3444147 2.2070206000000003
2.6958268 2.6260763 2.4797467999999996 2.5160714 2.5080923 2.4961384 2.5074197999999996 2.3444147 2.2070206000000003 2.2846606
2.6260763 2.4797467999999996 2.5160714 2.5080923 2.4961384 2.5074197999999996 2.3444147 2.2070206000000003 2.2846606 2.1549319
2.4797467999999996 2.5160714 2.5080923 2.4961384 2.5074197999999996 2.3444147 2.2070206000000003 2.2846606 2.1549319 1.79182
2.5160714 2.5080923 2.4961384 2.5074197999999996 2.3444147 2.2070206000000003 2.2846606 2.1549319 1.79182 1.7936279999999998
2.5080923 2.4961384 2.5074197999999996 2.3444147 2.2070206000000003 2.2846606 2.1549319 1.79182 1.7936279999999998 1.7249086
2.4961384 2.5074197999999996 2.3444147 2.2070206000000003 2.2846606 2.1549319 1.79182 1.7936279999999998 1.7249086 1.6447881999999998
2.5074197999999996 2.3444147 2.2070206000000003 2.2846606 2.1549319 1.79182 1.7936279999999998 1.7249086 1.6447881999999998 1.5042562
2.3444147 2.2070206000000003 2.2846606 2.1549319 1.79182 1.7936279999999998 1.7249086 1.6447881999999998 1.5042562 1.3169251
2.2070206000000003 2.2846606 2.1549319 1.79182 1.7936279999999998 1.7249086 1.6447881999999998 1.5042562 1.3169251 1.2733236
2.2846606 2.1549319 1.79182 1.7936279999999998 1.7249086 1.6447881999999998 1.5042562 1.3169251 1.2733236 1.19661
2.1549319 1.79182 1.7936279999999998 1.7249086 1.6447881999999998 1.5042562 1.3169251 1.2733236 1.19661 0.99131825
1.79182 1.7936279999999998 1.7249086 1.6447881999999998 1.5042562 1.3169251 1.2733236 1.19661 0.99131825 0.8675514999999999
1.7936279999999998 1.7249086 1.6447881999999998 1.5042562 1.3169251 1.2733236 1.19661 0.99131825 0.8675514999999999 0.82755107
1.7249086 1.6447881999999998 1.5042562 1.3169251 1.2733236 1.19661 0.99131825 0.8675514999999999 0.82755107 0.62590525
1.6447881999999998 1.5042562 1.3169251 1.2733236 1.19661 0.99131825 0.8675514999999999 0.82755107 0.62590525 0.5495503
1.5042562 1.3169251 1.2733236 1.19661 0.99131825 0.8675514999999999 0.82755107 0.62590525 0.5495503 0.46781613
1.3169251 1.2733236 1.19661 0.99131825 0.8675514999999999 0.82755107 0.62590525 0.5495503 0.46781613 0.39246231
1.2733236 1.19661 0.99131825 0.8675514999999999 0.82755107 0.62590525 0.5495503 0.46781613 0.39246231 0.30575236
1.19661 0.99131825 0.8675514999999999 0.82755107 0.62590525 0.5495503 0.46781613 0.39246231 0.30575236 0.029948107
0.99131825 0.8675514999999999 0.82755107 0.62590525 0.5495503 0.46781613 0.39246231 0.30575236 0.029948107 0.0084312504
0.8675514999999999 0.82755107 0.62590525 0.5495503 0.46781613 0.39246231 0.30575236 0.029948107 0.0084312504 -0.075768392
0.82755107 0.62590525 0.5495503 0.46781613 0.39246231 0.30575236 0.029948107 0.0084312504 -0.075768392 -0.17516431
0.62590525 0.5495503 0.46781613 0.39246231 0.30575236 0.029948107 0.0084312504 -0.075768392 -0.17516431 -0.19723403
0.5495503 0.46781613 0.39246231 0.30575236 0.029948107 0.0084312504 -0.075768392 -0.17516431 -0.19723403 -0.26196391
0.46781613 0.39246231 0.30575236 0.029948107 0.0084312504 -0.075768392 -0.17516431 -0.19723403 -0.26196391 -0.4360562
0.39246231 0.30575236 0.029948107 0.0084312504 -0.075768392 -0.17516431 -0.19723403 -0.26196391 -0.4360562 -0.44766633
0.30575236 0.029948107 0.0084312504 -0.075768392 -0.17516431 -0.19723403 -0.26196391 -0.4360562 -0.44766633 -0.62976767
0.029948107 0.0084312504 -0.075768392 -0.17516431 -0.19723403 -0.26196391 -0.4360562 -0.44766633 -0.62976767 -0.66398545
0.0084312504 -0.075768392 -0.17516431 -0.19723403 -0.26196391 -0.4360562 -0.44766633 -0.62976767 -0.66398545 -0.67493813
-0.075768392 -0.17516431 -0.19723403 -0.26196391 -0.4360562 -0.44766633 -0.62976767 -0.66398545 -0.67493813 -0.75771825
-0.17516431 -0.19723403 -0.26196391 -0.4360562 -0.44766633 -0.62976767 -0.66398545 -0.67493813 -0.75771825 -0.78174541
-0.19723403 -0.26196391 -0.4360562 -0.44766633 -0.62976767 -0.66398545 -0.67493813 -0.75771825 -0.78174541 -0.8084024000000001
-0.26196391 -0.4360562 -0.44766633 -0.62976767 -0.66398545 -0.67493813 -0.75771825 -0.78174541 -0.8084024000000001 -0.81647122
-0.4360562 -0.44766633 -0.62976767 -0.66398545 -0.67493813 -0.75771825 -0.78174541 -0.8084024000000001 -0.81647122 -0.81996771
-0.44766633 -0.62976767 -0.66398545 -0.67493813 -0.75771825 -0.78174541 -0.8084024000000001 -0.81647122 -0.81996771 -0.82745379
-0.62976767 -0.66398545 -0.67493813 -0.75771825 -0.78174541 -0.8084024000000001 -0.81647122 -0.81996771 -0.82745379 -0.86352441
-0.66398545 -0.67493813 -0.75771825 -0.78174541 -0.8084024000000001 -0.81647122 -0.81996771 -0.82745379 -0.86352441 -0.85125681
-0.67493813 -0.75771825 -0.78174541 -0.8084024000000001 -0.81647122 -0.81996771 -0.82745379 -0.86352441 -0.85125681 -0.79386358
-0.75771825 -0.78174541 -0.8084024000000001 -0.81647122 -0.81996771 -0.82745379 -0.86352441 -0.85125681 -0.79386358 -0.73639565
-0.78174541 -0.8084024000000001 -0.81647122 -0.81996771 -0.82745379 -0.86352441 -0.85125681 -0.79386358 -0.73639565 -0.65723155
-0.8084024000000001 -0.81647122 -0.81996771 -0.82745379 -0.86352441 -0.85125681 -0.79386358 -0.73639565 -0.65723155 -0.5584631999999999
-0.81647122 -0.81996771 -0.82745379 -0.86352441 -0.85125681 -0.79386358 -0.73639565 -0.65723155 -0.5584631999999999 -0.48224272
-0.81996771 -0.82745379 -0.86352441 -0.85125681 -0.79386358 -0.73639565 -0.65723155 -0.5584631999999999 -0.48224272 -0.37014588
-0.82745379 -0.86352441 -0.85125681 -0.79386358 -0.73639565 -0.65723155 -0.5584631999999999 -0.48224272 -0.37014588 -0.22315886
-0.86352441 -0.85125681 -0.79386358 -0.73639565 -0.65723155 -0.5584631999999999 -0.48224272 -0.37014588 -0.22315886 -0.014206275
-0.85125681 -0.79386358 -0.73639565 -0.65723155 -0.5584631999999999 -0.48224272 -0.37014588 -0.22315886 -0.014206275 0.18581083
-0.79386358 -0.73639565 -0.65723155 -0.5584631999999999 -0.48224272 -0.37014588 -0.22315886 -0.014206275 0.18581083 0.3947933
-0.73639565 -0.65723155 -0.5584631999999999 -0.48224272 -0.37014588 -0.22315886 -0.014206275 0.18581083 0.3947933 0.50893723
-0.65723155 -0.5584631999999999 -0.48224272 -0.37014588 -0.22315886 -0.014206275 0.18581083 0.3947933 0.50893723 0.53965852
-0.5584631999999999 -0.48224272 -0.37014588 -0.22315886 -0.014206275 0.18581083 0.3947933 0.50893723 0.53965852 0.46236221
-0.48224272 -0.37014588 -0.22315886 -0.014206275 0.18581083 0.3947933 0.50893723 0.53965852 0.46236221 0.32208426
-0.37014588 -0.22315886 -0.014206275 0.18581083 0.3947933 0.50893723 0.53965852 0.46236221 0.32208426 0.058906209
-0.22315886 -0.014206275 0.18581083 0.3947933 0.50893723 0.53965852 0.46236221 0.32208426 0.058906209 -0.24431710000000004
-0.014206275 0.18581083 0.3947933 0.50893723 0.53965852 0.46236221 0.32208426 0.058906209 -0.24431710000000004 -0.55330812
0.18581083 0.3947933 0.50893723 0.53965852 0.46236221 0.32208426 0.058906209 -0.24431710000000004 -0.55330812 -0.73349685
0.3947933 0.50893723 0.53965852 0.46236221 0.32208426 0.058906209 -0.24431710000000004 -0.55330812 -0.73349685 -1.0043103999999998
0.50893723 0.53965852 0.46236221 0.32208426 0.058906209 -0.24431710000000004 -0.55330812 -0.73349685 -1.0043103999999998 -1.2097067
0.53965852 0.46236221 0.32208426 0.058906209 -0.24431710000000004 -0.55330812 -0.73349685 -1.0043103999999998 -1.2097067 -1.330231
0.46236221 0.32208426 0.058906209 -0.24431710000000004 -0.55330812 -0.73349685 -1.0043103999999998 -1.2097067 -1.330231 -1.4814466999999998
0.32208426 0.058906209 -0.24431710000000004 -0.55330812 -0.73349685 -1.0043103999999998 -1.2097067 -1.330231 -1.4814466999999998 -1.55952
0.058906209 -0.24431710000000004 -0.55330812 -0.73349685 -1.0043103999999998 -1.2097067 -1.330231 -1.4814466999999998 -1.55952 -1.5955158999999999
-0.24431710000000004 -0.55330812 -0.73349685 -1.0043103999999998 -1.2097067 -1.330231 -1.4814466999999998 -1.55952 -1.5955158999999999 -1.6477391
-0.55330812 -0.73349685 -1.0043103999999998 -1.2097067 -1.330231 -1.4814466999999998 -1.55952 -1.5955158999999999 -1.6477391 -1.6613067
-0.73349685 -1.0043103999999998 -1.2097067 -1.330231 -1.4814466999999998 -1.55952 -1.5955158999999999 -1.6477391 -1.6613067 -1.6941945999999999
-1.0043103999999998 -1.2097067 -1.330231 -1.4814466999999998 -1.55952 -1.5955158999999999 -1.6477391 -1.6613067 -1.6941945999999999 -1.7353008
-1.2097067 -1.330231 -1.4814466999999998 -1.55952 -1.5955158999999999 -1.6477391 -1.6613067 -1.6941945999999999 -1.7353008 -1.7478523000000001
-1.330231 -1.4814466999999998 -1.55952 -1.5955158999999999 -1.6477391 -1.6613067 -1.6941945999999999 -1.7353008 -1.7478523000000001 -1.7521855
-1.4814466999999998 -1.55952 -1.5955158999999999 -1.6477391 -1.6613067 -1.6941945999999999 -1.7353008 -1.7478523000000001 -1.7521855 -1.7566682
-1.55952 -1.5955158999999999 -1.6477391 -1.6613067 -1.6941945999999999 -1.7353008 -1.7478523000000001 -1.7521855 -1.7566682 -1.7706093
-1.5955158999999999 -1.6477391 -1.6613067 -1.6941945999999999 -1.7353008 -1.7478523000000001 -1.7521855 -1.7566682 -1.7706093 -1.7749575
-1.6477391 -1.6613067 -1.6941945999999999 -1.7353008 -1.7478523000000001 -1.7521855 -1.7566682 -1.7706093 -1.7749575 -1.7857159
-1.6613067 -1.6941945999999999 -1.7353008 -1.7478523000000001 -1.7521855 -1.7566682 -1.7706093 -1.7749575 -1.7857159 -1.7897802
-1.6941945999999999 -1.7353008 -1.7478523000000001 -1.7521855 -1.7566682 -1.7706093 -1.7749575 -1.7857159 -1.7897802 -1.7820999
-1.7353008 -1.7478523000000001 -1.7521855 -1.7566682 -1.7706093 -1.7749575 -1.7857159 -1.7897802 -1.7820999 -1.7857756999999999
-1.7478523000000001 -1.7521855 -1.7566682 -1.7706093 -1.7749575 -1.7857159 -1.7897802 -1.7820999 -1.7857756999999999 -1.8042593
-1.7521855 -1.7566682 -1.7706093 -1.7749575 -1.7857159 -1.7897802 -1.7820999 -1.7857756999999999 -1.8042593 -1.8069936999999998
-1.7566682 -1.7706093 -1.7749575 -1.7857159 -1.7897802 -1.7820999 -1.7857756999999999 -1.8042593 -1.8069936999999998 -1.8103856
-1.7706093 -1.7749575 -1.7857159 -1.7897802 -1.7820999 -1.7857756999999999 -1.8042593 -1.8069936999999998 -1.8103856 -1.8114316000000004
-1.7749575 -1.7857159 -1.7897802 -1.7820999 -1.7857756999999999 -1.8042593 -1.8069936999999998 -1.8103856 -1.8114316000000004 -1.8217567
-1.7857159 -1.7897802 -1.7820999 -1.7857756999999999 -1.8042593 -1.8069936999999998 -1.8103856 -1.8114316000000004 -1.8217567 -1.8319772
-1.7897802 -1.7820999 -1.7857756999999999 -1.8042593 -1.8069936999999998 -1.8103856 -1.8114316000000004 -1.8217567 -1.8319772 -1.8307668999999998
-1.7820999 -1.7857756999999999 -1.8042593 -1.8069936999999998 -1.8103856 -1.8114316000000004 -1.8217567 -1.8319772 -1.8307668999999998 -1.8314093999999996
-1.7857756999999999 -1.8042593 -1.8069936999999998 -1.8103856 -1.8114316000000004 -1.8217567 -1.8319772 -1.8307668999999998 -1.8314093999999996 -1.8331576
-1.8042593 -1.8069936999999998 -1.8103856 -1.8114316000000004 -1.8217567 -1.8319772 -1.8307668999999998 -1.8314093999999996 -1.8331576 -1.8369231
-1.8069936999999998 -1.8103856 -1.8114316000000004 -1.8217567 -1.8319772 -1.8307668999999998 -1.8314093999999996 -1.8331576 -1.8369231 -1.8410172999999999
-1.8103856 -1.8114316000000004 -1.8217567 -1.8319772 -1.8307668999999998 -1.8314093999999996 -1.8331576 -1.8369231 -1.8410172999999999 -1.8376851000000003
-1.8114316000000004 -1.8217567 -1.8319772 -1.8307668999999998 -1.8314093999999996 -1.8331576 -1.8369231 -1.8410172999999999 -1.8376851000000003 -1.8394931
-1.8217567 -1.8319772 -1.8307668999999998 -1.8314093999999996 -1.8331576 -1.8369231 -1.8410172999999999 -1.8376851000000003 -1.8394931 -1.8439609000000001
-1.8319772 -1.8307668999999998 -1.8314093999999996 -1.8331576 -1.8369231 -1.8410172999999999 -1.8376851000000003 -1.8394931 -1.8439609000000001 -1.8450068
-1.8307668999999998 -1.8314093999999996 -1.8331576 -1.8369231 -1.8410172999999999 -1.8376851000000003 -1.8394931 -1.8439609000000001 -1.8450068 -1.840569
-1.8314093999999996 -1.8331576 -1.8369231 -1.8410172999999999 -1.8376851000000003 -1.8394931 -1.8439609000000001 -1.8450068 -1.840569 -1.8442896
-1.8331576 -1.8369231 -1.8410172999999999 -1.8376851000000003 -1.8394931 -1.8439609000000001 -1.8450068 -1.840569 -1.8442896 -1.8524182
-1.8369231 -1.8410172999999999 -1.8376851000000003 -1.8394931 -1.8439609000000001 -1.8450068 -1.840569 -1.8442896 -1.8524182 -1.840554
-1.8410172999999999 -1.8376851000000003 -1.8394931 -1.8439609000000001 -1.8450068 -1.840569 -1.8442896 -1.8524182 -1.840554 -1.8579318999999999
-1.8376851000000003 -1.8394931 -1.8439609000000001 -1.8450068 -1.840569 -1.8442896 -1.8524182 -1.840554 -1.8579318999999999 -1.8693627
-1.8394931 -1.8439609000000001 -1.8450068 -1.840569 -1.8442896 -1.8524182 -1.840554 -1.8579318999999999 -1.8693627 -1.8607709
-1.8439609000000001 -1.8450068 -1.840569 -1.8442896 -1.8524182 -1.840554 -1.8579318999999999 -1.8693627 -1.8607709 -1.8602629000000002
-1.8450068 -1.840569 -1.8442896 -1.8524182 -1.840554 -1.8579318999999999 -1.8693627 -1.8607709 -1.8602629000000002 -1.8651490000000002
-1.840569 -1.8442896 -1.8524182 -1.840554 -1.8579318999999999 -1.8693627 -1.8607709 -1.8602629000000002 -1.8651490000000002 -1.8690488999999997
-1.8442896 -1.8524182 -1.840554 -1.8579318999999999 -1.8693627 -1.8607709 -1.8602629000000002 -1.8651490000000002 -1.8690488999999997 -1.8553319
-1.8524182 -1.840554 -1.8579318999999999 -1.8693627 -1.8607709 -1.8602629000000002 -1.8651490000000002 -1.8690488999999997 -1.8553319 -1.8535837
-1.840554 -1.8579318999999999 -1.8693627 -1.8607709 -1.8602629000000002 -1.8651490000000002 -1.8690488999999997 -1.8553319 -1.8535837 -1.869034
-1.8579318999999999 -1.8693627 -1.8607709 -1.8602629000000002 -1.8651490000000002 -1.8690488999999997 -1.8553319 -1.8535837 -1.869034 -1.8678834
-1.8693627 -1.8607709 -1.8602629000000002 -1.8651490000000002 -1.8690488999999997 -1.8553319 -1.8535837 -1.869034 -1.8678834 -1.8691236
-1.8607709 -1.8602629000000002 -1.8651490000000002 -1.8690488999999997 -1.8553319 -1.8535837 -1.869034 -1.8678834 -1.8691236 -1.8669122
-1.8602629000000002 -1.8651490000000002 -1.8690488999999997 -1.8553319 -1.8535837 -1.869034 -1.8678834 -1.8691236 -1.8669122 -1.8654927
-1.8651490000000002 -1.8690488999999997 -1.8553319 -1.8535837 -1.869034 -1.8678834 -1.8691236 -1.8669122 -1.8654927 -1.866434
-1.8690488999999997 -1.8553319 -1.8535837 -1.869034 -1.8678834 -1.8691236 -1.8669122 -1.8654927 -1.866434 -1.8643121999999999
-1.8553319 -1.8535837 -1.869034 -1.8678834 -1.8691236 -1.8669122 -1.8654927 -1.866434 -1.8643121999999999 -1.8644467
-1.8535837 -1.869034 -1.8678834 -1.8691236 -1.8669122 -1.8654927 -1.866434 -1.8643121999999999 -1.8644467 -1.8691833999999998
-1.869034 -1.8678834 -1.8691236 -1.8669122 -1.8654927 -1.866434 -1.8643121999999999 -1.8644467 -1.8691833999999998 -1.8707373999999999
-1.8678834 -1.8691236 -1.8669122 -1.8654927 -1.866434 -1.8643121999999999 -1.8644467 -1.8691833999999998 -1.8707373999999999 -1.8668224999999998
-1.8691236 -1.8669122 -1.8654927 -1.866434 -1.8643121999999999 -1.8644467 -1.8691833999999998 -1.8707373999999999 -1.8668224999999998 -1.8619363999999998
-1.8669122 -1.8654927 -1.866434 -1.8643121999999999 -1.8644467 -1.8691833999999998 -1.8707373999999999 -1.8668224999999998 -1.8619363999999998 -1.8710213
-1.8654927 -1.866434 -1.8643121999999999 -1.8644467 -1.8691833999999998 -1.8707373999999999 -1.8668224999999998 -1.8619363999999998 -1.8710213 -1.8806740000000002
-1.866434 -1.8643121999999999 -1.8644467 -1.8691833999999998 -1.8707373999999999 -1.8668224999999998 -1.8619363999999998 -1.8710213 -1.8806740000000002 -1.8750407999999998
-1.8643121999999999 -1.8644467 -1.8691833999999998 -1.8707373999999999 -1.8668224999999998 -1.8619363999999998 -1.8710213 -1.8806740000000002 -1.8750407999999998 -1.8693627
-1.8644467 -1.8691833999999998 -1.8707373999999999 -1.8668224999999998 -1.8619363999999998 -1.8710213 -1.8806740000000002 -1.8750407999999998 -1.8693627 -1.8697363
-1.8691833999999998 -1.8707373999999999 -1.8668224999999998 -1.8619363999999998 -1.8710213 -1.8806740000000002 -1.8750407999999998 -1.8693627 -1.8697363 -1.8704834
-1.8707373999999999 -1.8668224999999998 -1.8619363999999998 -1.8710213 -1.8806740000000002 -1.8750407999999998 -1.8693627 -1.8697363 -1.8704834 -1.870334
-1.8668224999999998 -1.8619363999999998 -1.8710213 -1.8806740000000002 -1.8750407999999998 -1.8693627 -1.8697363 -1.8704834 -1.870334 -1.8684063999999998
-1.8619363999999998 -1.8710213 -1.8806740000000002 -1.8750407999999998 -1.8693627 -1.8697363 -1.8704834 -1.870334 -1.8684063999999998 -1.8648799999999999
-1.8710213 -1.8806740000000002 -1.8750407999999998 -1.8693627 -1.8697363 -1.8704834 -1.870334 -1.8684063999999998 -1.8648799999999999 -1.8643421000000002
-1.8806740000000002 -1.8750407999999998 -1.8693627 -1.8697363 -1.8704834 -1.870334 -1.8684063999999998 -1.8648799999999999 -1.8643421000000002 -1.8604272000000002
-1.8750407999999998 -1.8693627 -1.8697363 -1.8704834 -1.870334 -1.8684063999999998 -1.8648799999999999 -1.8643421000000002 -1.8604272000000002 -1.868257
-1.8693627 -1.8697363 -1.8704834 -1.870334 -1.8684063999999998 -1.8648799999999999 -1.8643421000000002 -1.8604272000000002 -1.868257 -1.8716041
-1.8697363 -1.8704834 -1.870334 -1.8684063999999998 -1.8648799999999999 -1.8643421000000002 -1.8604272000000002 -1.868257 -1.8716041 -1.8679731
