5.7368903160095215 5.745675086975098
3.609726905822754 3.613445997238159
3.102382183074951 3.4315812587738037
3.0625150203704834 3.1211845874786377
3.0606861114501953 3.33986759185791
3.0174176692962646 3.305943489074707
2.933936595916748 2.9515066146850586
2.871583938598633 3.0632450580596924
2.6703364849090576 3.0077321529388428
2.6399362087249756 2.666450023651123
2.5032739639282227 2.904256582260132
2.0486602783203125 2.069211483001709
1.9945341348648071 2.023648977279663
1.9874696731567383 2.018587827682495
1.9596078395843506 2.027498483657837
1.9559463262557983 2.0388126373291016
1.9485939741134644 2.0361382961273193
1.9461103677749634 2.0256268978118896
1.9435677528381348 1.9836969375610352
1.9153940677642822 2.0224552154541016
1.8938530683517456 1.9560868740081787
1.8827029466629028 1.889607310295105
1.8821110725402832 2.0047011375427246
1.872758150100708 1.9396508932113647
1.863175630569458 1.9598265886306763
1.854767084121704 1.9840089082717896
1.8372035026550293 2.0919041633605957
1.8368384838104248 1.9514492750167847
1.8189111948013306 1.8776499032974243
1.7964743375778198 1.9446957111358643
1.792341947555542 1.8760876655578613
1.789262056350708 1.8931083679199219
1.7888983488082886 1.911629557609558
1.7880390882492065 1.9824295043945312
1.7779085636138916 1.946109652519226
1.7734410762786865 1.8541837930679321
1.7720179557800293 1.8116461038589478
1.7676559686660767 1.8767001628875732
1.7651417255401611 2.0781538486480713
1.7625266313552856 1.8753166198730469
1.7477508783340454 1.9006725549697876
1.7460896968841553 1.9881563186645508
1.7442981004714966 1.9794458150863647
1.7426588535308838 2.0919249057769775
1.7322815656661987 1.9036121368408203
1.7298493385314941 1.8648885488510132
1.7219231128692627 1.9005669355392456
1.7207393646240234 1.724156379699707
1.717799186706543 1.742445468902588
1.709383249282837 1.7616382837295532
1.6807421445846558 1.7885280847549438
1.6795992851257324 1.6866298913955688
1.6501786708831787 2.0115952491760254
1.6498767137527466 1.8915064334869385
1.6477144956588745 1.889272689819336
1.647252082824707 1.868844985961914
1.633131980895996 1.8166651725769043
1.6267943382263184 1.8452059030532837
1.6223291158676147 1.6937646865844727
1.5995204448699951 1.919035792350769
1.5834012031555176 1.7166452407836914
1.5454851388931274 1.6199941635131836
1.524657130241394 1.5870345830917358
1.5012249946594238 1.5887272357940674
1.4630745649337769 1.5302314758300781
1.4585927724838257 1.6199941635131836
1.4579850435256958 1.525680661201477
1.4550518989562988 1.6221001148223877
1.4000154733657837 1.414900302886963
1.3377151489257812 1.5719242095947266
1.3360868692398071 1.489712119102478
1.32936429977417 1.379946231842041
1.3195343017578125 1.4045029878616333
1.3051458597183228 1.3912957906723022
1.1971800327301025 1.4696873426437378
1.1954638957977295 1.4694410562515259
1.0442661046981812 1.1089733839035034
1.0352774858474731 1.7350760698318481
1.0335983037948608 1.1200309991836548
1.010759949684143 1.9881563186645508
