3.2880024909973145 3.3703243732452393
3.0480706691741943 3.3114962577819824
2.8152048587799072 3.011870861053467
2.7814764976501465 2.8304858207702637
2.690918207168579 2.9014296531677246
2.580592155456543 2.596531629562378
2.5650458335876465 2.654907703399658
2.524940252304077 2.60084867477417
2.4994659423828125 2.7864060401916504
2.4746875762939453 2.543384552001953
2.4595446586608887 2.5128955841064453
2.453437089920044 2.6246845722198486
2.4388701915740967 2.6628870964050293
2.406177282333374 2.4222068786621094
2.377986431121826 2.4529881477355957
2.3588712215423584 2.5128955841064453
2.31942081451416 2.8927927017211914
2.310872793197632 2.3251941204071045
2.3071985244750977 2.342280626296997
2.285611152648926 2.4310050010681152
2.2799758911132812 2.5195717811584473
2.234041452407837 2.3734679222106934
2.213522434234619 2.4316422939300537
2.166403293609619 2.3248884677886963
2.1545779705047607 2.3016419410705566
2.1460561752319336 2.252053737640381
2.1458377838134766 2.188756227493286
2.144242525100708 2.192187786102295
2.1332638263702393 2.3242247104644775
2.13036847114563 2.164307117462158
2.129678964614868 2.161254405975342
2.098430871963501 2.3109421730041504
2.0665149688720703 2.174142360687256
2.0621705055236816 2.1651437282562256
2.047999143600464 2.11324405670166
2.038522958755493 2.087650775909424
2.0383996963500977 2.261671543121338
2.037919521331787 2.3226850032806396
2.015842914581299 2.0662734508514404
2.0136775970458984 2.1928439140319824
2.0136187076568604 2.5195717811584473
1.990596055984497 2.073162317276001
1.9852244853973389 2.045100688934326
1.9513506889343262 2.0792157649993896
1.9387770891189575 2.1317055225372314
1.9196548461914062 1.9569742679595947
1.9059395790100098 1.9569742679595947
1.8831992149353027 2.003983497619629
1.8444938659667969 1.9497822523117065
1.8429113626480103 1.8607840538024902
1.82710862159729 2.0615997314453125
1.824137568473816 2.005174160003662
1.8181120157241821 2.2045679092407227
1.8163877725601196 2.2285633087158203
1.8134607076644897 2.314730644226074
1.8125420808792114 1.9024224281311035
1.804526686668396 1.8064831495285034
1.8006199598312378 1.8412667512893677
1.7989802360534668 1.977742075920105
1.7985285520553589 2.0688438415527344
1.7977238893508911 1.918243646621704
1.7951382398605347 1.8747228384017944
1.7950422763824463 2.19398832321167
1.7847216129302979 2.1045572757720947
1.7634495496749878 1.8241490125656128
1.7525005340576172 2.1941030025482178
1.7497445344924927 2.1688597202301025
1.7440979480743408 1.7874376773834229
1.7378548383712769 2.1728036403656006
1.724951148033142 2.129462718963623
1.7176077365875244 2.084148406982422
1.7097893953323364 1.9579640626907349
1.7008442878723145 1.7455155849456787
1.6832704544067383 1.7578028440475464
1.6763912439346313 1.773017406463623
1.6297229528427124 1.9799716472625732
1.5806964635849 1.7533897161483765
1.5804321765899658 1.753175973892212
1.553493618965149 1.5769656896591187
1.5145084857940674 1.6661465167999268
1.4749821424484253 1.6491622924804688
1.4693615436553955 1.5698908567428589
1.422039270401001 1.977742075920105
1.384498119354248 2.068416118621826
1.3658969402313232 1.3954694271087646
1.3328968286514282 1.3765257596969604
1.0651236772537231 1.2097491025924683
0.9762828350067139 1.0541582107543945
0.9729621410369873 1.1006473302841187
