4.965648174285889 4.990818977355957
2.6556336879730225 2.7058634757995605
2.653757095336914 2.666473388671875
2.6119492053985596 2.721269130706787
2.546342134475708 2.5475194454193115
2.5369856357574463 2.662869930267334
2.5327775478363037 2.6325149536132812
2.5092573165893555 2.833313226699829
2.49714732170105 2.512476682662964
2.48585844039917 2.5254547595977783
2.4672694206237793 2.5090339183807373
2.42134690284729 2.518603563308716
2.3275246620178223 2.401031494140625
2.3106069564819336 2.3131158351898193
2.274677276611328 2.499953269958496
2.2530577182769775 2.2669079303741455
2.2496917247772217 2.3355236053466797
2.240063428878784 2.3248696327209473
2.2360618114471436 2.3101837635040283
2.2158374786376953 2.2901084423065186
2.1787667274475098 2.224862813949585
2.178154706954956 2.207441806793213
2.1758785247802734 2.402588367462158
2.1729047298431396 2.499953269958496
2.1642913818359375 2.3711280822753906
2.156283378601074 2.184267044067383
2.15218186378479 2.2557432651519775
2.144280195236206 2.3724756240844727
2.1308484077453613 2.4209821224212646
2.1250216960906982 2.235964775085449
2.1244330406188965 2.300236701965332
2.1089656352996826 2.2259445190429688
2.0956637859344482 2.213087320327759
2.085272789001465 2.336881399154663
2.0680439472198486 2.319828510284424
2.0532710552215576 2.31492018699646
2.042837381362915 2.142468214035034
2.0292108058929443 2.300236701965332
2.0277280807495117 2.4798145294189453
2.0032379627227783 2.1001994609832764
1.9685791730880737 2.0888352394104004
1.9537633657455444 2.0187320709228516
1.8828717470169067 1.9224437475204468
1.877712607383728 1.9302668571472168
1.8699604272842407 2.0879158973693848
1.8687320947647095 1.9458670616149902
1.864380955696106 2.0103609561920166
1.8493237495422363 1.9176385402679443
1.843299388885498 1.8959077596664429
1.8422578573226929 1.9706346988677979
1.8282798528671265 1.937009572982788
1.8245705366134644 2.2640979290008545
1.8186006546020508 2.1348769664764404
1.8128963708877563 1.95980966091156
1.7933576107025146 2.031682252883911
1.7890552282333374 1.9234927892684937
1.7573027610778809 2.2165400981903076
1.730339765548706 1.7486406564712524
1.7174758911132812 1.8945693969726562
1.6873887777328491 2.4136219024658203
1.6706385612487793 1.712225317955017
1.6623510122299194 1.9452866315841675
1.6527528762817383 1.958457350730896
1.6497113704681396 1.717638373374939
1.6465810537338257 1.8588980436325073
1.6078590154647827 1.6212258338928223
1.5623031854629517 1.649088740348816
1.5582908391952515 2.0613837242126465
1.5491183996200562 1.9145240783691406
1.5220469236373901 1.9864616394042969
1.4568252563476562 1.9362353086471558
1.4313689470291138 1.4673460721969604
1.4047476053237915 1.4381736516952515
1.3758141994476318 1.4670335054397583
1.3275784254074097 1.3523513078689575
1.3066637516021729 1.3773905038833618
1.2309097051620483 1.258230209350586
0.9833086133003235 1.0097662210464478
