3.1764795780181885 3.5254924297332764
2.840744733810425 2.8474209308624268
2.751382827758789 2.865166425704956
2.750778913497925 2.94008731842041
2.706789255142212 2.9761815071105957
2.6745524406433105 2.698500156402588
2.6566708087921143 2.663722515106201
2.633237838745117 2.6650230884552
2.342186212539673 2.429032802581787
2.236710786819458 2.2875781059265137
1.8561959266662598 1.995283842086792
1.706148386001587 1.9733166694641113
1.704416275024414 1.7132278680801392
1.5686765909194946 1.6270854473114014
1.5681790113449097 1.6306260824203491
1.5436420440673828 1.5483845472335815
1.5416860580444336 1.7285312414169312
1.5308384895324707 1.618091106414795
1.524858832359314 1.5969587564468384
1.5240895748138428 1.5961958169937134
1.5093916654586792 1.6317377090454102
1.50862717628479 1.5476624965667725
1.47238028049469 1.5942789316177368
1.4655168056488037 1.667468786239624
1.4556013345718384 1.5225111246109009
1.448941707611084 1.6757676601409912
1.44278085231781 1.4774901866912842
1.4409739971160889 1.6044961214065552
1.437503457069397 1.5548129081726074
1.433017611503601 1.744160532951355
1.4291805028915405 1.6773812770843506
1.4290660619735718 1.756596565246582
1.4253778457641602 1.4942049980163574
1.418738842010498 1.4753923416137695
1.3927966356277466 1.4939039945602417
1.3818130493164062 1.7384737730026245
1.3752481937408447 1.4087293148040771
1.3721555471420288 1.413183569908142
1.3665995597839355 1.6437979936599731
1.3610048294067383 1.3859493732452393
1.3515021800994873 1.4864821434020996
1.3507585525512695 1.6773812770843506
1.3441747426986694 1.3858416080474854
1.3324052095413208 1.4366992712020874
1.318816065788269 1.3917104005813599
1.3179152011871338 1.5221126079559326
1.314050316810608 1.465452790260315
1.3080661296844482 1.3256720304489136
1.2994999885559082 1.4660999774932861
1.2983766794204712 1.4672858715057373
1.2852683067321777 1.3458571434020996
1.2829748392105103 1.4881218671798706
1.2756267786026 1.5569255352020264
1.274897813796997 1.3467522859573364
1.2718464136123657 1.272009253501892
1.2692681550979614 1.4901524782180786
1.2643873691558838 1.4517011642456055
1.259185791015625 1.3747467994689941
1.2472447156906128 1.4649837017059326
1.2466214895248413 1.2805709838867188
1.235288381576538 1.2610642910003662
1.1847862005233765 1.2417631149291992
1.1657887697219849 1.170086145401001
1.136884093284607 1.2801539897918701
1.0896676778793335 1.261296272277832
0.9934271574020386 0.9958546757698059
0.9115592837333679 0.9208143353462219
0.8698331713676453 0.8931894302368164
