3.689941167831421 3.758974552154541
3.4762966632843018 3.606743812561035
3.2392797470092773 3.5186493396759033
2.9197847843170166 3.3031911849975586
2.746610403060913 2.7743942737579346
2.743459701538086 2.8593173027038574
2.623133897781372 2.8875012397766113
2.5711543560028076 2.5989956855773926
2.5522003173828125 2.6359317302703857
2.4626340866088867 2.4885659217834473
2.455906629562378 2.4914331436157227
2.450605630874634 3.0054662227630615
2.4337007999420166 2.485628843307495
2.425400495529175 2.5653886795043945
2.3968777656555176 2.4841268062591553
2.392153739929199 2.7117919921875
2.371742010116577 2.7071096897125244
2.368548631668091 2.687206268310547
2.367609739303589 2.6713645458221436
2.3421683311462402 2.70145320892334
2.333392858505249 2.4936599731445312
2.2776546478271484 2.7117919921875
2.2288801670074463 2.6359317302703857
2.225968599319458 2.355285882949829
2.202468156814575 2.219869375228882
2.1620125770568848 2.1808555126190186
2.1268107891082764 2.2415921688079834
2.1262032985687256 2.1321423053741455
2.1094443798065186 2.120138168334961
2.0911340713500977 2.175546169281006
2.0887413024902344 2.183123826980591
2.0833146572113037 2.37913179397583
2.0649638175964355 2.2325334548950195
2.0455548763275146 2.1641368865966797
2.0181782245635986 2.087646722793579
1.998289942741394 2.0095934867858887
1.9866482019424438 2.03021502494812
1.9739969968795776 2.144730806350708
1.9613362550735474 2.0915184020996094
1.9564287662506104 2.071446657180786
1.9313218593597412 1.9825018644332886
1.9261618852615356 2.0286366939544678
1.9194892644882202 2.123394012451172
1.9177017211914062 2.073981285095215
1.9166316986083984 2.115642786026001
1.9079653024673462 1.951733946800232
1.901728630065918 2.141158103942871
1.886961817741394 2.072014570236206
1.8837859630584717 1.899941325187683
1.871384620666504 1.8966256380081177
1.8672200441360474 1.959394931793213
1.8485181331634521 1.9610824584960938
1.7946263551712036 1.969171166419983
1.774482011795044 1.9459640979766846
1.7673975229263306 1.8174060583114624
1.7279987335205078 2.006521224975586
1.7208300828933716 1.9004852771759033
1.7208200693130493 1.9402662515640259
1.712145209312439 1.920437216758728
1.7071417570114136 1.9196025133132935
1.706268072128296 2.0092949867248535
1.7062110900878906 1.9031459093093872
1.706041932106018 1.800583004951477
1.6993917226791382 2.009512186050415
1.6930322647094727 2.1701982021331787
1.6914126873016357 2.0338730812072754
1.6907798051834106 1.9313907623291016
1.6631580591201782 2.1915180683135986
1.5926679372787476 1.6520832777023315
1.5543580055236816 1.6027573347091675
1.5300464630126953 1.7527247667312622
1.5035802125930786 1.5089430809020996
1.4945499897003174 1.8656995296478271
1.4863370656967163 1.8586946725845337
1.4833009243011475 1.6191856861114502
1.4784941673278809 2.0228095054626465
1.4769037961959839 1.5104457139968872
1.4739371538162231 1.9887361526489258
1.4538134336471558 1.4959895610809326
1.4148069620132446 1.5395687818527222
1.0399256944656372 1.132061243057251
