5.342950344085693 5.422784328460693
3.068894624710083 3.1461100578308105
3.059951066970825 3.2103021144866943
3.027604341506958 3.12060284614563
2.9540975093841553 3.0511066913604736
2.921959161758423 3.116159439086914
2.8902416229248047 2.920961618423462
2.7658443450927734 2.8227946758270264
2.7483389377593994 3.015522003173828
2.2748641967773438 2.279782295227051
2.2739675045013428 2.351275682449341
2.24177622795105 2.2948689460754395
2.1589059829711914 2.1976637840270996
2.1506974697113037 2.169010639190674
2.1502749919891357 2.22819185256958
2.148420572280884 2.17232084274292
2.1465659141540527 2.197153091430664
2.1400516033172607 2.24280047416687
2.124418258666992 2.200871229171753
2.0986342430114746 2.107825517654419
2.0214333534240723 2.1396186351776123
2.02046799659729 2.22151255607605
1.986598253250122 2.024703025817871
1.9714463949203491 2.200871229171753
1.964801549911499 2.2357029914855957
1.9602872133255005 1.9879872798919678
1.9373856782913208 2.1175317764282227
1.9118151664733887 1.995684027671814
1.8184961080551147 1.9060927629470825
1.8122854232788086 1.8381826877593994
1.7971404790878296 1.8528757095336914
1.7676056623458862 2.0170226097106934
1.7474440336227417 1.7962909936904907
1.7154825925827026 1.8528597354888916
1.6830235719680786 1.7290657758712769
1.674904704093933 1.7626593112945557
1.622738003730774 1.915117859840393
1.619804859161377 1.9355281591415405
1.5888334512710571 1.6053967475891113
1.588790774345398 1.6003053188323975
1.5539753437042236 1.8433536291122437
1.53898024559021 1.7294238805770874
1.5208367109298706 1.5467112064361572
1.4885989427566528 1.9076646566390991
1.4238940477371216 1.5166958570480347
1.4066200256347656 1.6210646629333496
1.4043529033660889 1.6124188899993896
1.3748747110366821 1.460071086883545
1.359875202178955 1.5334789752960205
1.359119176864624 1.5585331916809082
1.3485058546066284 1.6003053188323975
1.3469070196151733 1.6008847951889038
1.3222607374191284 1.5810840129852295
1.2757444381713867 2.24280047416687
1.2624988555908203 1.6006532907485962
1.2253292798995972 1.3710678815841675
1.1712501049041748 1.6820182800292969
1.135619044303894 1.1512645483016968
0.9271095991134644 1.005910873413086
0.874273419380188 0.9025859236717224
0.7630224227905273 0.9134710431098938
