3.2278122901916504 3.2324209213256836
3.1502161026000977 3.166196823120117
3.0817389488220215 3.127920389175415
2.8113532066345215 3.0025267601013184
2.706712007522583 2.840811014175415
2.6806349754333496 2.8419249057769775
2.6540791988372803 2.691331148147583
2.641464948654175 2.676370859146118
2.6098976135253906 2.6547460556030273
2.5941028594970703 2.954280138015747
2.4941840171813965 2.552793025970459
2.372251510620117 2.9617879390716553
2.3157217502593994 3.1813881397247314
2.3125991821289062 2.4666523933410645
2.2674992084503174 2.3239777088165283
2.2519898414611816 2.8071112632751465
2.2399747371673584 2.622933864593506
2.2360856533050537 2.61804461479187
2.1382944583892822 2.2478160858154297
2.1337831020355225 2.1855428218841553
2.1296627521514893 2.168308734893799
2.096869945526123 2.2809665203094482
2.091968536376953 2.4769067764282227
2.0842859745025635 2.195876121520996
2.078953742980957 2.615455389022827
2.074906826019287 2.2977283000946045
2.0713634490966797 2.300318717956543
2.051534652709961 2.2992866039276123
2.039158582687378 2.076653242111206
2.0231966972351074 2.0714643001556396
2.005249261856079 2.19765043258667
2.0046699047088623 2.033583879470825
1.9937180280685425 2.0763864517211914
1.9732308387756348 2.0234713554382324
1.9129868745803833 2.0741095542907715
1.8997482061386108 1.9999648332595825
1.8931260108947754 2.037008047103882
1.8735195398330688 1.9540841579437256
1.855750322341919 1.8577522039413452
1.8276911973953247 2.0966038703918457
1.806248426437378 1.9314014911651611
1.7895220518112183 2.314039707183838
1.7795369625091553 1.974022626876831
1.7742711305618286 1.9240621328353882
1.7637519836425781 2.141566753387451
1.7612587213516235 1.885575532913208
1.7525291442871094 2.1289010047912598
1.7148102521896362 2.135859489440918
1.7008947134017944 2.072218179702759
1.6889142990112305 1.807834506034851
1.6341099739074707 1.6751965284347534
1.6003761291503906 1.9257621765136719
1.5459200143814087 1.6283458471298218
1.5388418436050415 1.5689237117767334
1.5177216529846191 1.6789038181304932
1.5177046060562134 1.603596806526184
1.460730791091919 1.917429804801941
1.4581197500228882 2.050809621810913
1.4580925703048706 2.0420496463775635
1.4507131576538086 1.696422815322876
1.4491841793060303 2.1291449069976807
1.4239094257354736 2.320378065109253
1.4163298606872559 2.326936721801758
1.4044082164764404 2.0353891849517822
1.3673443794250488 1.5573158264160156
1.3525789976119995 1.3530443906784058
1.3487794399261475 1.5573158264160156
1.2117409706115723 1.3530443906784058
1.1475681066513062 1.2795318365097046
0.9285415410995483 0.9297491908073425
0.8925018310546875 0.8968592882156372
0.7954064607620239 0.820582926273346
