5.71227502822876 5.733372211456299
4.71612024307251 4.844151020050049
3.5662436485290527 3.591750383377075
3.508765697479248 3.6034750938415527
3.2654519081115723 3.414430618286133
3.0686123371124268 3.3552958965301514
3.0631542205810547 3.384277105331421
2.8937666416168213 3.0543174743652344
2.887939691543579 3.1044867038726807
2.8655810356140137 3.111895799636841
2.8026223182678223 2.8334999084472656
2.782146453857422 2.8145928382873535
2.7763452529907227 3.0423049926757812
2.7648847103118896 2.9028663635253906
2.627929449081421 2.8280954360961914
2.5357470512390137 2.87811017036438
2.3854293823242188 2.466567039489746
1.582071304321289 1.5836126804351807
1.561882734298706 1.602752685546875
1.5407253503799438 1.5826219320297241
1.4248942136764526 1.605666160583496
1.4200148582458496 1.6352888345718384
1.414867877960205 1.502729892730713
1.411333680152893 1.60874342918396
1.3974761962890625 1.5103404521942139
1.390882134437561 1.6262372732162476
1.3889896869659424 1.3931480646133423
1.3628641366958618 1.464113712310791
1.3345024585723877 1.4022881984710693
1.3281875848770142 1.3592712879180908
1.3258345127105713 1.374826431274414
1.3069648742675781 1.405188798904419
1.3062891960144043 1.4878705739974976
1.2860467433929443 1.3085230588912964
1.2710548639297485 1.283571720123291
1.2678858041763306 1.3494949340820312
1.2512677907943726 1.3158856630325317
1.2484619617462158 1.2603380680084229
1.2295746803283691 1.4039078950881958
1.2231738567352295 1.2661651372909546
1.2220484018325806 1.4878705739974976
1.2213259935379028 1.2481322288513184
1.2192128896713257 1.229317545890808
1.187549352645874 1.2833678722381592
1.1872259378433228 1.1890560388565063
1.184572696685791 1.2722837924957275
1.1828805208206177 1.2833704948425293
1.1592373847961426 1.2323018312454224
1.1533805131912231 1.1850171089172363
1.1510852575302124 1.1771734952926636
1.1417690515518188 1.2539838552474976
1.1272140741348267 1.279532551765442
1.1232491731643677 1.1552149057388306
1.1166280508041382 1.1649428606033325
1.1107699871063232 1.11832594871521
1.102927327156067 1.3161156177520752
1.088463306427002 1.3462855815887451
1.0743310451507568 1.13478684425354
1.0694752931594849 1.1552149057388306
1.0692552328109741 1.1884477138519287
1.0681166648864746 1.2910797595977783
1.06017005443573 1.139623761177063
1.0520482063293457 1.0586669445037842
1.0517302751541138 1.0793540477752686
1.0495773553848267 1.0534672737121582
1.037267804145813 1.1672056913375854
1.035493016242981 1.0903645753860474
1.0335195064544678 1.1733837127685547
1.0333987474441528 1.3519949913024902
1.030274748802185 1.066019058227539
1.0192627906799316 1.090661644935608
0.9929511547088623 1.0305824279785156
0.9918504357337952 1.0102202892303467
0.9848812222480774 1.047717571258545
0.9646289944648743 1.1446733474731445
0.9595252275466919 1.019227147102356
0.9209880232810974 0.9231665134429932
0.8875082731246948 0.9054892063140869
0.8503465056419373 0.8878856301307678
0.8397960662841797 0.887086033821106
0.7251803874969482 0.7253553867340088
0.5745075941085815 0.6097691655158997
