2.911559820175171 2.925764560699463
2.87844181060791 2.8942863941192627
2.809762716293335 2.844432830810547
2.5304925441741943 2.5939536094665527
2.438929796218872 2.4811904430389404
2.4273478984832764 2.687758207321167
2.1923835277557373 2.410224437713623
2.1764628887176514 2.369544267654419
2.016507863998413 2.303736448287964
1.6829948425292969 1.699194073677063
1.3051813840866089 1.4019062519073486
1.2896367311477661 1.2969900369644165
1.2471696138381958 1.3774091005325317
1.242251992225647 1.3422110080718994
1.2386869192123413 1.4288387298583984
1.2378381490707397 1.2563440799713135
1.236907720565796 1.2597168684005737
1.2355433702468872 1.2476290464401245
1.233871340751648 1.4261373281478882
1.2315584421157837 1.2407655715942383
1.2308101654052734 1.4219287633895874
1.2297706604003906 1.2323182821273804
1.2275878190994263 1.3596243858337402
1.2173004150390625 1.267697811126709
1.2131787538528442 1.4461891651153564
1.2121071815490723 1.4044930934906006
1.1979544162750244 1.2767231464385986
1.1976922750473022 1.3207319974899292
1.1933437585830688 1.1939140558242798
1.1890944242477417 1.3816133737564087
1.1875401735305786 1.194650650024414
1.1871235370635986 1.2090479135513306
1.1741610765457153 1.3665831089019775
1.1378767490386963 1.357694387435913
1.1285964250564575 1.377326488494873
1.1223335266113281 1.3096776008605957
1.1209065914154053 1.1876801252365112
1.1196630001068115 1.3419208526611328
1.1178829669952393 1.2093007564544678
1.108838677406311 1.3571430444717407
1.1058356761932373 1.3119474649429321
1.0985665321350098 1.1934480667114258
1.0701419115066528 1.0970735549926758
1.0682817697525024 1.089599370956421
1.0505660772323608 1.1869741678237915
1.034216046333313 1.2438174486160278
1.0332268476486206 1.0554513931274414
1.028769850730896 1.0753438472747803
1.0220561027526855 1.3027030229568481
1.0215801000595093 1.2484530210494995
1.0167316198349 1.256150722503662
1.0076040029525757 1.1542229652404785
0.9909636378288269 0.994867205619812
0.9778624176979065 0.9952210783958435
0.9050256609916687 0.9461809396743774
0.8736535906791687 0.9018635749816895
0.814459502696991 0.8666709065437317
0.8101599812507629 0.8104041218757629
0.7129186987876892 0.745862603187561
0.6424190402030945 0.6520196199417114
0.6410220265388489 0.677801787853241
0.5957987308502197 0.6264132261276245
0.58282071352005 0.6509395241737366
0.5798737406730652 0.6410672068595886
0.5398298501968384 0.6474534869194031
0.5269896388053894 0.5649619102478027
0.4730423092842102 0.5158476233482361
0.4454151690006256 0.4847297668457031
0.4294963479042053 0.4340331554412842
