2.7185611724853516 2.7358508110046387
2.6148228645324707 2.68005108833313
2.5704004764556885 2.607316493988037
2.56826114654541 2.5958051681518555
2.5658109188079834 2.65922474861145
2.5501041412353516 2.581012010574341
2.497037649154663 2.668078899383545
2.4474735260009766 2.4766604900360107
2.235067367553711 2.4105074405670166
2.2349724769592285 2.4504222869873047
2.095811605453491 2.189901113510132
2.067664623260498 2.116334915161133
1.8674150705337524 1.8801978826522827
1.7786402702331543 2.064253807067871
1.6931160688400269 1.7649637460708618
1.3953886032104492 1.8055511713027954
1.2966408729553223 1.3063626289367676
1.2784281969070435 1.2860805988311768
1.2525739669799805 1.29698646068573
1.2105798721313477 1.325762152671814
1.1925477981567383 1.2157212495803833
1.1532082557678223 1.198355793952942
1.1521618366241455 1.1560027599334717
1.1471738815307617 1.2114391326904297
1.146494746208191 1.231896996498108
1.142101764678955 1.1904337406158447
1.1388267278671265 1.2188082933425903
1.136927604675293 1.2294265031814575
1.0960391759872437 1.234278917312622
1.0869419574737549 1.1251850128173828
1.0841097831726074 1.116180181503296
1.0805749893188477 1.116734266281128
1.0698379278182983 1.1198383569717407
1.0674209594726562 1.2188904285430908
1.0668855905532837 1.165723443031311
1.066196084022522 1.1441742181777954
1.0512185096740723 1.1168193817138672
1.0510257482528687 1.1560027599334717
0.9955590963363647 1.2572251558303833
0.9762568473815918 1.031707763671875
0.97358238697052 1.1131511926651
0.9308752417564392 1.0004993677139282
0.9218847751617432 1.2293602228164673
0.8932061791419983 0.9140204787254333
0.8858544230461121 0.9114365577697754
0.8782476782798767 0.8821976184844971
0.8562918305397034 0.8622092604637146
0.8500057458877563 1.0225257873535156
0.8469038605690002 1.0208373069763184
0.8441464900970459 1.000847339630127
0.8438428044319153 0.8551679253578186
0.8412516117095947 0.9466844797134399
0.8351001739501953 0.8974440097808838
0.8294594883918762 0.911588728427887
0.8154733180999756 0.8529716730117798
0.8100166320800781 0.8442023396492004
0.7876591086387634 0.8453131914138794
0.7817987203598022 0.8873578310012817
0.728877067565918 0.7311291098594666
0.7248662114143372 0.7272821664810181
0.718731164932251 0.7388221025466919
0.7181620001792908 0.7452261447906494
0.7039827108383179 0.7061236500740051
0.6949422955513 0.7189595103263855
0.6865236759185791 0.7267327308654785
0.6777617335319519 0.6926952600479126
0.6675683259963989 0.6698324680328369
0.6661715507507324 0.7535805702209473
0.6615233421325684 0.6616114974021912
0.6613632440567017 0.6813973188400269
0.656618058681488 0.6781977415084839
0.6541621685028076 0.7292487025260925
0.6510635018348694 0.6837445497512817
0.648260772228241 0.7167068719863892
0.6476489305496216 0.6698324680328369
0.6446895003318787 0.7186152338981628
0.6344802975654602 0.6487746238708496
0.6273765563964844 0.6724525094032288
0.6207618117332458 0.6213100552558899
0.6102066040039062 0.6132575869560242
0.6085166335105896 0.6625325679779053
0.59657222032547 0.5977802276611328
0.5904833674430847 0.667605459690094
0.5889983773231506 0.601705014705658
0.5870026350021362 0.6979743242263794
0.5826036334037781 0.5896344780921936
0.578587532043457 0.5864845514297485
0.5721790194511414 0.5815839171409607
0.5662479996681213 0.6103496551513672
0.5647719502449036 0.6519237756729126
0.5635620951652527 0.5843725204467773
0.5613547563552856 0.6625325679779053
0.5317186713218689 0.5443221926689148
0.5261774063110352 0.5560885071754456
0.525912880897522 0.5991072058677673
