2.7969677448272705 6.262763500213623
0.11040066182613373 0.1154058575630188
0.11040063202381134 0.12456274777650833
0.09416685998439789 0.09958494454622269
0.08817291259765625 0.09407443553209305
0.08817283809185028 0.09407443553209305
0.08160683512687683 0.08164073526859283
0.07448510825634003 0.08140873908996582
0.07444509863853455 0.0812646895647049
0.07443329691886902 0.08121611922979355
0.07432666420936584 0.08124682307243347
0.06650647521018982 0.06656058132648468
0.06649086624383926 0.06660052388906479
0.06648874282836914 0.06654316186904907
0.06645570695400238 0.06648851186037064
0.06642632186412811 0.0664433017373085
0.0663921982049942 0.06639969348907471
0.0663904994726181 0.06647054105997086
0.06637781113386154 0.06641559302806854
0.06634622812271118 0.07406876236200333
0.06631946563720703 0.0663723573088646
0.06630197167396545 0.06656058132648468
0.06629586964845657 0.06653229147195816
0.06629465520381927 0.06634620577096939
0.06628116220235825 0.0740698054432869
0.06625670939683914 0.06661823391914368
0.06620996445417404 0.0741119235754013
0.06620574742555618 0.06637062877416611
0.06620573997497559 0.06628411263227463
0.057821985334157944 0.06643687188625336
0.05781937018036842 0.06648976355791092
0.05780898407101631 0.06641919910907745
0.05768902599811554 0.06653391569852829
0.057688675820827484 0.057808272540569305
0.05768708512187004 0.05776334926486015
0.05767465755343437 0.057712238281965256
0.057672832161188126 0.06628873944282532
0.0576716884970665 0.06655512005090714
0.057670801877975464 0.05767567828297615
0.05763774365186691 0.06635899096727371
0.057631734758615494 0.05768918991088867
0.0576246976852417 0.05771379917860031
0.05762268230319023 0.06626670062541962
0.057605791836977005 0.05764520913362503
0.05760335549712181 0.057616595178842545
0.0575932115316391 0.06623416393995285
0.05759137123823166 0.06643687188625336
0.05756429210305214 0.066470667719841
0.05756359547376633 0.05786023288965225
0.05755525082349777 0.06634620577096939
0.05755498260259628 0.057617127895355225
0.057551201432943344 0.06646806001663208
0.057551149278879166 0.06645555049180984
0.05754316225647926 0.06626672297716141
0.05753936991095543 0.0575576014816761
0.057539332658052444 0.0575575977563858
0.05752812698483467 0.06646785140037537
0.057527776807546616 0.06650440394878387
0.05752062797546387 0.06619177013635635
0.057513460516929626 0.06653188169002533
0.05751305818557739 0.057528313249349594
0.057512857019901276 0.05752832069993019
0.057507649064064026 0.06630491465330124
0.05749782919883728 0.05753934755921364
0.0574941523373127 0.0664430633187294
0.057493433356285095 0.05751245468854904
0.057488735765218735 0.05752447620034218
0.057485584169626236 0.06638588011264801
0.05748533457517624 0.06640349328517914
0.05748523399233818 0.06642221659421921
0.05748520791530609 0.0663868859410286
0.05747740715742111 0.05760898441076279
0.057477302849292755 0.05758548527956009
0.05747692659497261 0.0575215183198452
0.057458147406578064 0.05767645314335823
0.057448610663414 0.06632929295301437
0.05744851008057594 0.057534970343112946
0.057448431849479675 0.05745565891265869
0.05744732916355133 0.06624618172645569
0.05744615197181702 0.05756610259413719
0.05743957683444023 0.06655517965555191
0.05742963030934334 0.05749434232711792
0.05742928013205528 0.06631976366043091
0.05742912366986275 0.06619119644165039
0.05742695927619934 0.05752447620034218
0.05742637813091278 0.057490888983011246
0.05742631107568741 0.057490818202495575
0.057385992258787155 0.057573314756155014
0.05737536400556564 0.07410881668329239
0.057364966720342636 0.057456403970718384
0.057364702224731445 0.05745667964220047
0.05736462399363518 0.057539381086826324
0.057348188012838364 0.05748927220702171
0.0573480986058712 0.057546693831682205
0.05734802410006523 0.05754658952355385
0.0573280043900013 0.05756070837378502
0.05732765421271324 0.057521283626556396
0.05728611350059509 0.05742676183581352
0.05727434903383255 0.057526979595422745
0.047222841531038284 0.047261301428079605
0.04721466824412346 0.05763307213783264
0.047213781625032425 0.057696036994457245
0.047109205275774 0.06651786714792252
0.04708806797862053 0.04716189578175545
0.04708791896700859 0.04719788208603859
0.04707782715559006 0.04713872820138931
0.04705654829740524 0.04717129468917847
0.04704586789011955 0.05775801092386246
0.04703977704048157 0.04708019271492958
0.047022804617881775 0.04708884283900261
0.04698457941412926 0.04707686975598335
0.046984024345874786 0.047199927270412445
0.04698364809155464 0.05756611004471779
0.04696694388985634 0.04709522798657417
0.04696523770689964 0.047007009387016296
0.04696522280573845 0.05745565891265869
0.046964213252067566 0.04708019271492958
0.04695460945367813 0.04697472229599953
0.046951837837696075 0.04720371589064598
0.046930085867643356 0.04695851355791092
0.04688577726483345 0.04701936990022659
0.046868957579135895 0.057431064546108246
0.04684825614094734 0.047096457332372665
0.04682168364524841 0.04683033004403114
0.03351428359746933 0.04713469371199608
0.0004060305072925985 0.00044116753269918263
0.0003673620813060552 0.00037569153937511146
0.0003559936594683677 0.0003586219099815935
0.0003553417045623064 0.0003578248724807054
0.00035464728716760874 0.00036020687548443675
0.0003519901947584003 0.0003828605986200273
0.0003460103180259466 0.00036408513551577926
0.0003404879826121032 0.0003779352700803429
0.00032855410245247185 0.0003451755328569561
0.00032689981162548065 0.00034662417601794004
0.00032263764296658337 0.0003259540826547891
0.00030858092941343784 0.0003208031121175736
0.0003063407784793526 0.0003129084361717105
0.0003011959488503635 0.0003208031121175736
0.0003011465014424175 0.00031253398628905416
0.00030016229720786214 0.0003054742410313338
0.0002976070099975914 0.00030205011717043817
0.00029263729811646044 0.0003193797601852566
0.0002913333592005074 0.0003134997095912695
0.0002879704406950623 0.00031253398628905416
0.0002838943910319358 0.00031860178569331765
0.00028382294112816453 0.00028866695356555283
0.0002824458933901042 0.0002947026223409921
0.0002807017008308321 0.00028404491604305804
0.0002797228517010808 0.00031129783019423485
0.00027844496071338654 0.0003024786419700831
0.00027621109620667994 0.0003054742410313338
0.00027377757942304015 0.000278140272712335
0.00027370231691747904 0.0002760915958788246
0.00026534602511674166 0.000274632970103994
0.00026404153322800994 0.0002915225923061371
0.00026026630075648427 0.00027558678993955255
0.00025955020100809634 0.000274632970103994
0.00025851247482933104 0.00027052403311245143
0.00025811101659201086 0.0002792125742416829
0.00025575526524335146 0.0002831135643646121
0.00025530168204568326 0.000276799633866176
0.000254917104030028 0.00028018406010232866
0.0002545447205193341 0.0002794199390336871
0.0002544643066357821 0.00028736941749230027
0.00025064207147806883 0.00028218378429301083
0.00024968659272417426 0.0002577422128524631
0.00024647172540426254 0.0002855288330465555
