2.7096753120422363 6.09454345703125
0.0740356519818306 0.08081738650798798
0.07391596585512161 0.08078829944133759
0.07355283200740814 0.07359511405229568
0.07348146289587021 0.07351366430521011
0.06624039262533188 0.07374286651611328
0.06608621031045914 0.06616636365652084
0.06601406633853912 0.06604178249835968
0.06596968322992325 0.06612029671669006
0.06596966087818146 0.06613846868276596
0.06592735648155212 0.06623335927724838
0.06592421233654022 0.07336070388555527
0.06589871644973755 0.06589879840612411
0.06587234884500504 0.06597870588302612
0.06585539877414703 0.0662350058555603
0.06583336740732193 0.06584694236516953
0.06582249701023102 0.07345704734325409
0.06581614911556244 0.07349713146686554
0.06581609696149826 0.07349713891744614
0.0657946765422821 0.06589137017726898
0.06578364223241806 0.06593218445777893
0.06578328460454941 0.07360424101352692
0.06578327715396881 0.07345859706401825
0.06578109413385391 0.06588751822710037
0.06577809900045395 0.0660063624382019
0.06575822085142136 0.06579664349555969
0.06574422121047974 0.06574494391679764
0.06573838740587234 0.06591137498617172
0.06573806703090668 0.06590443104505539
0.06573805212974548 0.06590759009122849
0.06573498994112015 0.06575752049684525
0.05742720887064934 0.06619711220264435
0.057365063577890396 0.0662372037768364
0.05733681470155716 0.08733076602220535
0.0573260597884655 0.05738469213247299
0.05732590705156326 0.06616608798503876
0.057305239140987396 0.057543106377124786
0.05728897824883461 0.06614291667938232
0.05728886276483536 0.06622174382209778
0.057257331907749176 0.07362622022628784
0.05725732818245888 0.057385195046663284
0.057236626744270325 0.06626372784376144
0.057203833013772964 0.05723198130726814
0.05716885253787041 0.05721668526530266
0.0571514330804348 0.06587465107440948
0.05714964121580124 0.05718225985765457
0.05714850872755051 0.06599213927984238
0.05711505934596062 0.05713118240237236
0.05711083486676216 0.06579211354255676
0.05709310621023178 0.05712011083960533
0.05708114057779312 0.0572182722389698
0.057080939412117004 0.05721813440322876
0.057072028517723083 0.06574884057044983
0.05703162029385567 0.05707857012748718
0.05701544135808945 0.06573084741830826
0.05699574947357178 0.0570589117705822
0.056992027908563614 0.06577389687299728
0.05699167028069496 0.06581497192382812
0.056985124945640564 0.05727507919073105
0.05698508396744728 0.057275231927633286
0.05696510151028633 0.05697588622570038
0.056965045630931854 0.0572073794901371
0.05696480721235275 0.056975532323122025
0.056959960609674454 0.06579680740833282
0.056959860026836395 0.06589430570602417
0.05695950612425804 0.06585774570703506
0.05695496127009392 0.057058773934841156
0.056943826377391815 0.057002607733011246
0.05692880228161812 0.06565509736537933
0.0568578876554966 0.05707857012748718
0.056828323751688004 0.05698481202125549
0.056819166988134384 0.056975532323122025
0.05680885165929794 0.05690275877714157
0.056808795779943466 0.056902676820755005
0.05677244812250137 0.05700688064098358
0.04679236561059952 0.05698806792497635
0.04674151539802551 0.05705881491303444
0.046735722571611404 0.05719926580786705
0.04673352092504501 0.05719899386167526
0.04673328995704651 0.057198937982320786
0.04673328623175621 0.057177748531103134
0.046719666570425034 0.04679688811302185
0.046695299446582794 0.0467275008559227
0.046695251017808914 0.046727463603019714
0.046671994030475616 0.04672757536172867
0.04665891081094742 0.04666045308113098
0.0466574989259243 0.05706131085753441
0.046612177044153214 0.05698904022574425
0.04660381004214287 0.04670177400112152
0.046594493091106415 0.046660877764225006
0.04656054452061653 0.04659603163599968
0.04655644670128822 0.05719926953315735
0.04653827100992203 0.04679705947637558
0.04653629660606384 0.046572573482990265
0.046531982719898224 0.046564437448978424
0.04651946574449539 0.04666754975914955
0.046519242227077484 0.046668119728565216
0.04651559144258499 0.04652053117752075
0.04642416909337044 0.04652092233300209
0.0331011600792408 0.04648997262120247
0.032966747879981995 0.06599262356758118
0.03295634314417839 0.04653242975473404
0.00041373533895239234 0.0004278774722479284
0.0003959072637371719 0.000410560256568715
0.0003890580264851451 0.0003931235405616462
0.00038223175215534866 0.0004253150545991957
0.00038005676469765604 0.0003828146436717361
0.0003757491067517549 0.00038018138729967177
0.00037382179289124906 0.0003861201403196901
0.0003704045375343412 0.0003855681570712477
0.0003655038890428841 0.00039721946814097464
0.00036160883610136807 0.00041978381341323256
0.00036112574161961675 0.0003657356428448111
0.0003597386530600488 0.00038931690505705774
0.00035625696182250977 0.0003783716820180416
0.0003511840186547488 0.0003820350393652916
0.0003506080829538405 0.0003717511717695743
0.000350256625097245 0.000373660383047536
0.00034583514207042754 0.0003528644738253206
0.0003446056798566133 0.0003545903309714049
0.0003433039237279445 0.00037328971666283906
0.0003426276962272823 0.0003739667881745845
0.0003424784808885306 0.0003496216668281704
0.0003414525417611003 0.0003653676249086857
0.00034109214902855456 0.00035666601615957916
0.0003403472946956754 0.0003855681570712477
0.00033983387402258813 0.0003581159980967641
0.0003351296472828835 0.0003373936051502824
0.0003349866601638496 0.0003661123337224126
0.0003343960561323911 0.00037096027517691255
0.00032994680805131793 0.0003472962125670165
0.00032692280365154147 0.00033399779931642115
0.00031897929147817194 0.0003500779566820711
0.00031854459666647017 0.00034315764787606895
0.00031162839150056243 0.00033224705839529634
0.00030836189398542047 0.0003480885934550315
0.00030806244467385113 0.0003314086643513292
0.000304852903354913 0.00031945836963132024
0.000302188447676599 0.0003353363135829568
0.00030147790675982833 0.00034369516652077436
0.00030033779330551624 0.0003229874128010124
0.0002989748027175665 0.00032539269886910915
0.00029798538889735937 0.00030266138492152095
0.0002966528991237283 0.0003430579090490937
0.0002952874347101897 0.00031246180878952146
0.0002912000345531851 0.0003750904288608581
0.0002901510742958635 0.00034354228409938514
0.0002825471747200936 0.00029233950772322714
0.00027523754397407174 0.00031246180878952146
0.0002709728432819247 0.0003059279697481543
0.0002702683850657195 0.00031177239725366235
0.0002683014899957925 0.0003200189967174083
0.00026405960670672357 0.00027390013565309346
