2.6249945163726807 5.489426136016846
0.10129203647375107 0.1013425961136818
0.10101653635501862 0.10107295960187912
0.0906454473733902 0.09071774035692215
0.09062012284994125 0.10109645128250122
0.09061001241207123 0.09082102030515671
0.09059129655361176 0.10115335136651993
0.09054382890462875 0.09089788794517517
0.0905400738120079 0.0907982885837555
0.09049519896507263 0.0908542349934578
0.09047351777553558 0.09061016887426376
0.09044881165027618 0.09061781316995621
0.09044653177261353 0.09046043455600739
0.09042750298976898 0.09062118083238602
0.0903865247964859 0.09041538834571838
0.09037893265485764 0.09069056808948517
0.09036897867918015 0.09071896970272064
0.09036894142627716 0.09051278978586197
0.09030234068632126 0.09041964262723923
0.09026264399290085 0.10075002908706665
0.0902622640132904 0.0903548151254654
0.09021398425102234 0.09030350297689438
0.09015118330717087 0.09042925387620926
0.09015116095542908 0.09045034646987915
0.09012775868177414 0.0902070477604866
0.09012739360332489 0.0902065634727478
0.09008035808801651 0.09051278978586197
0.09003449231386185 0.09053371101617813
0.09003407508134842 0.0904560461640358
0.09003406763076782 0.09053409099578857
0.07865682989358902 0.09025842696428299
0.07857271283864975 0.07867097109556198
0.07855145633220673 0.09080678969621658
0.07855145633220673 0.09047392755746841
0.07855134457349777 0.10085664689540863
0.07854431122541428 0.09063156694173813
0.0785156711935997 0.0903826504945755
0.078433096408844 0.09037705510854721
0.07841724157333374 0.09021691232919693
0.07838801294565201 0.07859804481267929
0.07833355665206909 0.09026699513196945
0.07832895219326019 0.09010976552963257
0.07830683141946793 0.09012226015329361
0.07829907536506653 0.07830629497766495
0.0782555416226387 0.09018419682979584
0.07825502008199692 0.09018419682979584
0.07825452834367752 0.09012226015329361
0.07825393229722977 0.07825590670108795
0.07822965830564499 0.07827670127153397
0.078229621052742 0.07827698439359665
0.07819236069917679 0.09026699513196945
0.07816006988286972 0.07852024585008621
0.07813315838575363 0.07837316393852234
0.07812332361936569 0.07822544872760773
0.07810839265584946 0.07811377197504044
0.07810815423727036 0.07824893295764923
0.07810799032449722 0.0903150662779808
0.07810741662979126 0.07812812179327011
0.07810518145561218 0.07816634327173233
0.07810506969690323 0.0781664326786995
0.0781010314822197 0.07828757911920547
0.07808425277471542 0.07814378291368484
0.07802659273147583 0.07803411781787872
0.07798584550619125 0.07812671363353729
0.06416818499565125 0.07820937037467957
0.06402470171451569 0.0782935619354248
0.0639239177107811 0.06397120654582977
0.06388349086046219 0.06429120153188705
0.06382861733436584 0.06385217607021332
0.06382851302623749 0.07809509336948395
0.0638175755739212 0.06396615505218506
0.06380690634250641 0.06402610242366791
0.06377829611301422 0.07835018634796143
0.06375743448734283 0.07809920608997345
0.06374082714319229 0.07813182473182678
0.06369943916797638 0.06385254859924316
0.06363020837306976 0.06373415887355804
0.04528491199016571 0.06367164850234985
0.045284584164619446 0.06351473927497864
0.04528447613120079 0.06351543217897415
0.04528443515300751 0.06351529806852341
0.045185063034296036 0.06357812881469727
0.04514966532588005 0.06368768960237503
0.04514932632446289 0.06351649761199951
0.045149240642786026 0.06351631879806519
0.04514900594949722 0.06351650506258011
0.04514749348163605 0.0635153278708458
0.0005532285431399941 0.0006834862288087606
0.0004983642138540745 0.000500328722409904
0.0004943981766700745 0.0005070713814347982
0.0004878951294813305 0.0004923715605400503
0.0004835385479964316 0.0004999939701519907
0.00047819729661569 0.000478584406664595
0.00047389118117280304 0.00047745052143000066
0.00046743167331442237 0.0004710170323960483
0.00046586606185883284 0.0004949494614265859
0.00046189301065169275 0.0004779308510478586
0.00045792452874593437 0.0004641159903258085
0.0004562753310892731 0.00046405737521126866
0.0004487010301090777 0.0004739775322377682
0.00044820044422522187 0.00048046535812318325
0.0004476465692277998 0.00048717213212512434
0.0004425599763635546 0.000446123507572338
0.0004421477497089654 0.0004655364609789103
0.0004417995805852115 0.00045419586240313947
0.00044093391625210643 0.00048664622590877116
0.00044089448056183755 0.0004480416246224195
0.00043907095096074045 0.000443823984824121
0.00043825688771903515 0.0004421608173288405
0.0004365102213341743 0.0004578246152959764
0.00043384323362261057 0.00044103749678470194
0.0004314954858273268 0.00043462569010443985
0.00042746070539578795 0.00044815518776886165
0.00042729228152893484 0.00044396560406312346
0.00042706498061306775 0.00047197967069223523
0.00042637824662961066 0.00045373040484264493
0.00042619562009349465 0.0004697014228440821
0.0004256913671270013 0.0004472089931368828
0.00042532646330073476 0.0004263629380147904
0.00042519820271991193 0.0004919613711535931
0.0004242401337251067 0.0004358065780252218
0.0004225065349601209 0.0004300277796573937
0.0004219780385028571 0.00045553696691058576
0.0004197528469376266 0.0004261318827047944
0.00041870097629725933 0.00044906765106134117
0.00041822734056040645 0.0004298094136174768
0.00041798336314968765 0.00044790131505578756
0.0004151975444983691 0.00045867881271988153
0.00041499370126985013 0.0004225296142976731
0.0004133805341552943 0.0004183894779998809
0.00041222741128876805 0.00042267845128662884
0.0004114338953513652 0.0004262403817847371
0.00040974467992782593 0.0004393643466755748
0.00040971406269818544 0.00046594784362241626
0.0004091158334631473 0.0004608798190020025
0.0004061684594489634 0.0004105026018805802
0.00040458739385940135 0.00040734949288889766
0.0004031796706840396 0.0004305767361074686
0.0003948548110201955 0.000450844265287742
0.0003931192622985691 0.000418054434703663
0.00039235365693457425 0.0004386202781461179
0.00038938596844673157 0.00045902031706646085
0.00038813939318060875 0.00042137588025070727
0.0003841172729153186 0.000390704779420048
0.0003840274002868682 0.00040950067341327667
0.000383427191991359 0.00041527580469846725
0.00038146236329339445 0.000418054434703663
0.00037668499862775207 0.000393009016988799
0.00037478384911082685 0.00043430569348856807
0.00037187093403190374 0.0003799542610067874
0.00036922103026881814 0.0003880466101691127
0.0003659660869743675 0.0003905975027009845
0.00036578677827492356 0.0003854265087284148
0.0003656244953162968 0.00039986352203413844
0.00036347025888971984 0.00043262369581498206
0.00036279598134569824 0.00042911781929433346
0.0003597266913857311 0.00040351328789256513
0.0003594793379306793 0.0004088624264113605
0.00035774201387539506 0.00041527580469846725
0.00035375021980144083 0.0004122340469621122
0.0003505531349219382 0.0004144856648053974
0.00034262335975654423 0.0003969610552303493
