-0.89826127 -0.89831975 -0.89834028 -0.89826309 -0.89818362 -0.89820194 -0.89814667 -0.89825117 -0.89836715 -0.89819695
-0.89831975 -0.89834028 -0.89826309 -0.89818362 -0.89820194 -0.89814667 -0.89825117 -0.89836715 -0.89819695 -0.89836988
-0.89834028 -0.89826309 -0.89818362 -0.89820194 -0.89814667 -0.89825117 -0.89836715 -0.89819695 -0.89836988 -0.89824876
-0.89826309 -0.89818362 -0.89820194 -0.89814667 -0.89825117 -0.89836715 -0.89819695 -0.89836988 -0.89824876 -0.89825468
-0.89818362 -0.89820194 -0.89814667 -0.89825117 -0.89836715 -0.89819695 -0.89836988 -0.89824876 -0.89825468 -0.89814949
-0.89820194 -0.89814667 -0.89825117 -0.89836715 -0.89819695 -0.89836988 -0.89824876 -0.89825468 -0.89814949 -0.89831644
-0.89814667 -0.89825117 -0.89836715 -0.89819695 -0.89836988 -0.89824876 -0.89825468 -0.89814949 -0.89831644 -0.89821205
-0.89825117 -0.89836715 -0.89819695 -0.89836988 -0.89824876 -0.89825468 -0.89814949 -0.89831644 -0.89821205 -0.89829605
-0.89836715 -0.89819695 -0.89836988 -0.89824876 -0.89825468 -0.89814949 -0.89831644 -0.89821205 -0.89829605 -0.89815004
-0.89819695 -0.89836988 -0.89824876 -0.89825468 -0.89814949 -0.89831644 -0.89821205 -0.89829605 -0.89815004 -0.89832184
-0.89836988 -0.89824876 -0.89825468 -0.89814949 -0.89831644 -0.89821205 -0.89829605 -0.89815004 -0.89832184 -0.89827541
-0.89824876 -0.89825468 -0.89814949 -0.89831644 -0.89821205 -0.89829605 -0.89815004 -0.89832184 -0.89827541 -0.89824308
-0.89825468 -0.89814949 -0.89831644 -0.89821205 -0.89829605 -0.89815004 -0.89832184 -0.89827541 -0.89824308 -0.89829597
-0.89814949 -0.89831644 -0.89821205 -0.89829605 -0.89815004 -0.89832184 -0.89827541 -0.89824308 -0.89829597 -0.89831297
-0.89831644 -0.89821205 -0.89829605 -0.89815004 -0.89832184 -0.89827541 -0.89824308 -0.89829597 -0.89831297 -0.89815314
-0.89821205 -0.89829605 -0.89815004 -0.89832184 -0.89827541 -0.89824308 -0.89829597 -0.89831297 -0.89815314 -0.89815469
-0.89829605 -0.89815004 -0.89832184 -0.89827541 -0.89824308 -0.89829597 -0.89831297 -0.89815314 -0.89815469 -0.89827216
-0.89815004 -0.89832184 -0.89827541 -0.89824308 -0.89829597 -0.89831297 -0.89815314 -0.89815469 -0.89827216 -0.89833397
-0.89832184 -0.89827541 -0.89824308 -0.89829597 -0.89831297 -0.89815314 -0.89815469 -0.89827216 -0.89833397 -0.89831681
-0.89827541 -0.89824308 -0.89829597 -0.89831297 -0.89815314 -0.89815469 -0.89827216 -0.89833397 -0.89831681 -0.89827728
-0.89824308 -0.89829597 -0.89831297 -0.89815314 -0.89815469 -0.89827216 -0.89833397 -0.89831681 -0.89827728 -0.89813816
-0.89829597 -0.89831297 -0.89815314 -0.89815469 -0.89827216 -0.89833397 -0.89831681 -0.89827728 -0.89813816 -0.89823272
-0.89831297 -0.89815314 -0.89815469 -0.89827216 -0.89833397 -0.89831681 -0.89827728 -0.89813816 -0.89823272 -0.89822798
-0.89815314 -0.89815469 -0.89827216 -0.89833397 -0.89831681 -0.89827728 -0.89813816 -0.89823272 -0.89822798 -0.89841305
-0.89815469 -0.89827216 -0.89833397 -0.89831681 -0.89827728 -0.89813816 -0.89823272 -0.89822798 -0.89841305 -0.89826645
-0.89827216 -0.89833397 -0.89831681 -0.89827728 -0.89813816 -0.89823272 -0.89822798 -0.89841305 -0.89826645 -0.89822962
-0.89833397 -0.89831681 -0.89827728 -0.89813816 -0.89823272 -0.89822798 -0.89841305 -0.89826645 -0.89822962 -0.89834121
-0.89831681 -0.89827728 -0.89813816 -0.89823272 -0.89822798 -0.89841305 -0.89826645 -0.89822962 -0.89834121 -0.89820579
-0.89827728 -0.89813816 -0.89823272 -0.89822798 -0.89841305 -0.89826645 -0.89822962 -0.89834121 -0.89820579 -0.89818234
-0.89813816 -0.89823272 -0.89822798 -0.89841305 -0.89826645 -0.89822962 -0.89834121 -0.89820579 -0.89818234 -0.89819241
-0.89823272 -0.89822798 -0.89841305 -0.89826645 -0.89822962 -0.89834121 -0.89820579 -0.89818234 -0.89819241 -0.89828069
-0.89822798 -0.89841305 -0.89826645 -0.89822962 -0.89834121 -0.89820579 -0.89818234 -0.89819241 -0.89828069 -0.89839864
-0.89841305 -0.89826645 -0.89822962 -0.89834121 -0.89820579 -0.89818234 -0.89819241 -0.89828069 -0.89839864 -0.8982889000000001
-0.89826645 -0.89822962 -0.89834121 -0.89820579 -0.89818234 -0.89819241 -0.89828069 -0.89839864 -0.8982889000000001 -0.898166
-0.89822962 -0.89834121 -0.89820579 -0.89818234 -0.89819241 -0.89828069 -0.89839864 -0.8982889000000001 -0.898166 -0.89814572
-0.89834121 -0.89820579 -0.89818234 -0.89819241 -0.89828069 -0.89839864 -0.8982889000000001 -0.898166 -0.89814572 -0.89830371
-0.89820579 -0.89818234 -0.89819241 -0.89828069 -0.89839864 -0.8982889000000001 -0.898166 -0.89814572 -0.89830371 -0.89819934
-0.89818234 -0.89819241 -0.89828069 -0.89839864 -0.8982889000000001 -0.898166 -0.89814572 -0.89830371 -0.89819934 -0.89826393
-0.89819241 -0.89828069 -0.89839864 -0.8982889000000001 -0.898166 -0.89814572 -0.89830371 -0.89819934 -0.89826393 -0.89832425
-0.89828069 -0.89839864 -0.8982889000000001 -0.898166 -0.89814572 -0.89830371 -0.89819934 -0.89826393 -0.89832425 -0.89834172
-0.89839864 -0.8982889000000001 -0.898166 -0.89814572 -0.89830371 -0.89819934 -0.89826393 -0.89832425 -0.89834172 -0.89814153
-0.8982889000000001 -0.898166 -0.89814572 -0.89830371 -0.89819934 -0.89826393 -0.89832425 -0.89834172 -0.89814153 1.4394541
-0.898166 -0.89814572 -0.89830371 -0.89819934 -0.89826393 -0.89832425 -0.89834172 -0.89814153 1.4394541 1.4679235000000002
-0.89814572 -0.89830371 -0.89819934 -0.89826393 -0.89832425 -0.89834172 -0.89814153 1.4394541 1.4679235000000002 1.4108301
-0.89830371 -0.89819934 -0.89826393 -0.89832425 -0.89834172 -0.89814153 1.4394541 1.4679235000000002 1.4108301 1.4108618999999998
-0.89819934 -0.89826393 -0.89832425 -0.89834172 -0.89814153 1.4394541 1.4679235000000002 1.4108301 1.4108618999999998 1.4108607
-0.89826393 -0.89832425 -0.89834172 -0.89814153 1.4394541 1.4679235000000002 1.4108301 1.4108618999999998 1.4108607 1.4110376
-0.89832425 -0.89834172 -0.89814153 1.4394541 1.4679235000000002 1.4108301 1.4108618999999998 1.4108607 1.4110376 1.2683575
-0.89834172 -0.89814153 1.4394541 1.4679235000000002 1.4108301 1.4108618999999998 1.4108607 1.4110376 1.2683575 1.2684425
-0.89814153 1.4394541 1.4679235000000002 1.4108301 1.4108618999999998 1.4108607 1.4110376 1.2683575 1.2684425 1.2398156999999999
1.4394541 1.4679235000000002 1.4108301 1.4108618999999998 1.4108607 1.4110376 1.2683575 1.2684425 1.2398156999999999 1.2112754
1.4679235000000002 1.4108301 1.4108618999999998 1.4108607 1.4110376 1.2683575 1.2684425 1.2398156999999999 1.2112754 1.1827589
1.4108301 1.4108618999999998 1.4108607 1.4110376 1.2683575 1.2684425 1.2398156999999999 1.2112754 1.1827589 1.1829059
1.4108618999999998 1.4108607 1.4110376 1.2683575 1.2684425 1.2398156999999999 1.2112754 1.1827589 1.1829059 1.2113136
1.4108607 1.4110376 1.2683575 1.2684425 1.2398156999999999 1.2112754 1.1827589 1.1829059 1.2113136 1.1829165000000001
1.4110376 1.2683575 1.2684425 1.2398156999999999 1.2112754 1.1827589 1.1829059 1.2113136 1.1829165000000001 1.1828582
1.2683575 1.2684425 1.2398156999999999 1.2112754 1.1827589 1.1829059 1.2113136 1.1829165000000001 1.1828582 1.1828929
1.2684425 1.2398156999999999 1.2112754 1.1827589 1.1829059 1.2113136 1.1829165000000001 1.1828582 1.1828929 1.1544497999999999
1.2398156999999999 1.2112754 1.1827589 1.1829059 1.2113136 1.1829165000000001 1.1828582 1.1828929 1.1544497999999999 1.182923
1.2112754 1.1827589 1.1829059 1.2113136 1.1829165000000001 1.1828582 1.1828929 1.1544497999999999 1.182923 1.125894
1.1827589 1.1829059 1.2113136 1.1829165000000001 1.1828582 1.1828929 1.1544497999999999 1.182923 1.125894 1.1257293
1.1829059 1.2113136 1.1829165000000001 1.1828582 1.1828929 1.1544497999999999 1.182923 1.125894 1.1257293 1.1258489
1.2113136 1.1829165000000001 1.1828582 1.1828929 1.1544497999999999 1.182923 1.125894 1.1257293 1.1258489 1.1543658
1.1829165000000001 1.1828582 1.1828929 1.1544497999999999 1.182923 1.125894 1.1257293 1.1258489 1.1543658 1.1259391
1.1828582 1.1828929 1.1544497999999999 1.182923 1.125894 1.1257293 1.1258489 1.1543658 1.1259391 1.12584
1.1828929 1.1544497999999999 1.182923 1.125894 1.1257293 1.1258489 1.1543658 1.1259391 1.12584 1.1259993000000001
1.1544497999999999 1.182923 1.125894 1.1257293 1.1258489 1.1543658 1.1259391 1.12584 1.1259993000000001 1.125745
1.182923 1.125894 1.1257293 1.1258489 1.1543658 1.1259391 1.12584 1.1259993000000001 1.125745 1.1259534
1.125894 1.1257293 1.1258489 1.1543658 1.1259391 1.12584 1.1259993000000001 1.125745 1.1259534 1.125816
1.1257293 1.1258489 1.1543658 1.1259391 1.12584 1.1259993000000001 1.125745 1.1259534 1.125816 1.1259468000000001
1.1258489 1.1543658 1.1259391 1.12584 1.1259993000000001 1.125745 1.1259534 1.125816 1.1259468000000001 1.1258932
1.1543658 1.1259391 1.12584 1.1259993000000001 1.125745 1.1259534 1.125816 1.1259468000000001 1.1258932 1.1259294
1.1259391 1.12584 1.1259993000000001 1.125745 1.1259534 1.125816 1.1259468000000001 1.1258932 1.1259294 1.0974152
1.12584 1.1259993000000001 1.125745 1.1259534 1.125816 1.1259468000000001 1.1258932 1.1259294 1.0974152 1.0972412
1.1259993000000001 1.125745 1.1259534 1.125816 1.1259468000000001 1.1258932 1.1259294 1.0974152 1.0972412 1.1258504999999999
1.125745 1.1259534 1.125816 1.1259468000000001 1.1258932 1.1259294 1.0974152 1.0972412 1.1258504999999999 1.125973
1.1259534 1.125816 1.1259468000000001 1.1258932 1.1259294 1.0974152 1.0972412 1.1258504999999999 1.125973 1.1258457
1.125816 1.1259468000000001 1.1258932 1.1259294 1.0974152 1.0972412 1.1258504999999999 1.125973 1.1258457 1.1258941
1.1259468000000001 1.1258932 1.1259294 1.0974152 1.0972412 1.1258504999999999 1.125973 1.1258457 1.1258941 1.0972532
1.1258932 1.1259294 1.0974152 1.0972412 1.1258504999999999 1.125973 1.1258457 1.1258941 1.0972532 1.097473
1.1259294 1.0974152 1.0972412 1.1258504999999999 1.125973 1.1258457 1.1258941 1.0972532 1.097473 1.0973603
1.0974152 1.0972412 1.1258504999999999 1.125973 1.1258457 1.1258941 1.0972532 1.097473 1.0973603 1.1257591
1.0972412 1.1258504999999999 1.125973 1.1258457 1.1258941 1.0972532 1.097473 1.0973603 1.1257591 1.097315
1.1258504999999999 1.125973 1.1258457 1.1258941 1.0972532 1.097473 1.0973603 1.1257591 1.097315 1.0972214
1.125973 1.1258457 1.1258941 1.0972532 1.097473 1.0973603 1.1257591 1.097315 1.0972214 1.0973496999999999
1.1258457 1.1258941 1.0972532 1.097473 1.0973603 1.1257591 1.097315 1.0972214 1.0973496999999999 1.0972628
1.1258941 1.0972532 1.097473 1.0973603 1.1257591 1.097315 1.0972214 1.0973496999999999 1.0972628 1.09728
1.0972532 1.097473 1.0973603 1.1257591 1.097315 1.0972214 1.0973496999999999 1.0972628 1.09728 1.0972979999999999
1.097473 1.0973603 1.1257591 1.097315 1.0972214 1.0973496999999999 1.0972628 1.09728 1.0972979999999999 1.0973032
1.0973603 1.1257591 1.097315 1.0972214 1.0973496999999999 1.0972628 1.09728 1.0972979999999999 1.0973032 1.0974888
1.1257591 1.097315 1.0972214 1.0973496999999999 1.0972628 1.09728 1.0972979999999999 1.0973032 1.0974888 1.0974836000000001
1.097315 1.0972214 1.0973496999999999 1.0972628 1.09728 1.0972979999999999 1.0973032 1.0974888 1.0974836000000001 1.0974555000000001
1.0972214 1.0973496999999999 1.0972628 1.09728 1.0972979999999999 1.0973032 1.0974888 1.0974836000000001 1.0974555000000001 1.0974244
1.0973496999999999 1.0972628 1.09728 1.0972979999999999 1.0973032 1.0974888 1.0974836000000001 1.0974555000000001 1.0974244 1.0973727
1.0972628 1.09728 1.0972979999999999 1.0973032 1.0974888 1.0974836000000001 1.0974555000000001 1.0974244 1.0973727 1.0974489
1.09728 1.0972979999999999 1.0973032 1.0974888 1.0974836000000001 1.0974555000000001 1.0974244 1.0973727 1.0974489 1.097482
1.0972979999999999 1.0973032 1.0974888 1.0974836000000001 1.0974555000000001 1.0974244 1.0973727 1.0974489 1.097482 1.0974356
1.0973032 1.0974888 1.0974836000000001 1.0974555000000001 1.0974244 1.0973727 1.0974489 1.097482 1.0974356 1.0687701
1.0974888 1.0974836000000001 1.0974555000000001 1.0974244 1.0973727 1.0974489 1.097482 1.0974356 1.0687701 1.0688985
1.0974836000000001 1.0974555000000001 1.0974244 1.0973727 1.0974489 1.097482 1.0974356 1.0687701 1.0688985 1.0688575
1.0974555000000001 1.0974244 1.0973727 1.0974489 1.097482 1.0974356 1.0687701 1.0688985 1.0688575 1.0972261
1.0974244 1.0973727 1.0974489 1.097482 1.0974356 1.0687701 1.0688985 1.0688575 1.0972261 1.0973985000000002
1.0973727 1.0974489 1.097482 1.0974356 1.0687701 1.0688985 1.0688575 1.0972261 1.0973985000000002 1.0689362
1.0974489 1.097482 1.0974356 1.0687701 1.0688985 1.0688575 1.0972261 1.0973985000000002 1.0689362 1.0687248
1.097482 1.0974356 1.0687701 1.0688985 1.0688575 1.0972261 1.0973985000000002 1.0689362 1.0687248 1.0974373
1.0974356 1.0687701 1.0688985 1.0688575 1.0972261 1.0973985000000002 1.0689362 1.0687248 1.0974373 1.0974487
1.0687701 1.0688985 1.0688575 1.0972261 1.0973985000000002 1.0689362 1.0687248 1.0974373 1.0974487 1.0974097
1.0688985 1.0688575 1.0972261 1.0973985000000002 1.0689362 1.0687248 1.0974373 1.0974487 1.0974097 1.0972989
1.0688575 1.0972261 1.0973985000000002 1.0689362 1.0687248 1.0974373 1.0974487 1.0974097 1.0972989 1.1258476
1.0972261 1.0973985000000002 1.0689362 1.0687248 1.0974373 1.0974487 1.0974097 1.0972989 1.1258476 1.0688953
1.0973985000000002 1.0689362 1.0687248 1.0974373 1.0974487 1.0974097 1.0972989 1.1258476 1.0688953 1.097404
1.0689362 1.0687248 1.0974373 1.0974487 1.0974097 1.0972989 1.1258476 1.0688953 1.097404 1.0973285
1.0687248 1.0974373 1.0974487 1.0974097 1.0972989 1.1258476 1.0688953 1.097404 1.0973285 1.0688312
1.0974373 1.0974487 1.0974097 1.0972989 1.1258476 1.0688953 1.097404 1.0973285 1.0688312 1.0973663
1.0974487 1.0974097 1.0972989 1.1258476 1.0688953 1.097404 1.0973285 1.0688312 1.0973663 1.0972556999999998
1.0974097 1.0972989 1.1258476 1.0688953 1.097404 1.0973285 1.0688312 1.0973663 1.0972556999999998 1.0974233999999998
1.0972989 1.1258476 1.0688953 1.097404 1.0973285 1.0688312 1.0973663 1.0972556999999998 1.0974233999999998 1.0974959
1.1258476 1.0688953 1.097404 1.0973285 1.0688312 1.0973663 1.0972556999999998 1.0974233999999998 1.0974959 1.0974678999999998
1.0688953 1.097404 1.0973285 1.0688312 1.0973663 1.0972556999999998 1.0974233999999998 1.0974959 1.0974678999999998 1.0974318
1.097404 1.0973285 1.0688312 1.0973663 1.0972556999999998 1.0974233999999998 1.0974959 1.0974678999999998 1.0974318 1.0973135
1.0973285 1.0688312 1.0973663 1.0972556999999998 1.0974233999999998 1.0974959 1.0974678999999998 1.0974318 1.0973135 1.0688178
1.0688312 1.0973663 1.0972556999999998 1.0974233999999998 1.0974959 1.0974678999999998 1.0974318 1.0973135 1.0688178 1.0688454
1.0973663 1.0972556999999998 1.0974233999999998 1.0974959 1.0974678999999998 1.0974318 1.0973135 1.0688178 1.0688454 1.0973795
1.0972556999999998 1.0974233999999998 1.0974959 1.0974678999999998 1.0974318 1.0973135 1.0688178 1.0688454 1.0973795 1.0687362
1.0974233999999998 1.0974959 1.0974678999999998 1.0974318 1.0973135 1.0688178 1.0688454 1.0973795 1.0687362 1.0975017
1.0974959 1.0974678999999998 1.0974318 1.0973135 1.0688178 1.0688454 1.0973795 1.0687362 1.0975017 1.0688055
1.0974678999999998 1.0974318 1.0973135 1.0688178 1.0688454 1.0973795 1.0687362 1.0975017 1.0688055 1.0689796
1.0974318 1.0973135 1.0688178 1.0688454 1.0973795 1.0687362 1.0975017 1.0688055 1.0689796 1.0974423
1.0973135 1.0688178 1.0688454 1.0973795 1.0687362 1.0975017 1.0688055 1.0689796 1.0974423 1.09725
1.0688178 1.0688454 1.0973795 1.0687362 1.0975017 1.0688055 1.0689796 1.0974423 1.09725 1.0972778
1.0688454 1.0973795 1.0687362 1.0975017 1.0688055 1.0689796 1.0974423 1.09725 1.0972778 1.0687559
1.0973795 1.0687362 1.0975017 1.0688055 1.0689796 1.0974423 1.09725 1.0972778 1.0687559 1.1259184
1.0687362 1.0975017 1.0688055 1.0689796 1.0974423 1.09725 1.0972778 1.0687559 1.1259184 1.0973576999999999
1.0975017 1.0688055 1.0689796 1.0974423 1.09725 1.0972778 1.0687559 1.1259184 1.0973576999999999 1.0688246000000001
1.0688055 1.0689796 1.0974423 1.09725 1.0972778 1.0687559 1.1259184 1.0973576999999999 1.0688246000000001 1.0402981
1.0689796 1.0974423 1.09725 1.0972778 1.0687559 1.1259184 1.0973576999999999 1.0688246000000001 1.0402981 1.068727
1.0974423 1.09725 1.0972778 1.0687559 1.1259184 1.0973576999999999 1.0688246000000001 1.0402981 1.068727 1.0972263999999998
1.09725 1.0972778 1.0687559 1.1259184 1.0973576999999999 1.0688246000000001 1.0402981 1.068727 1.0972263999999998 1.0689568999999999
1.0972778 1.0687559 1.1259184 1.0973576999999999 1.0688246000000001 1.0402981 1.068727 1.0972263999999998 1.0689568999999999 1.0688725000000001
1.0687559 1.1259184 1.0973576999999999 1.0688246000000001 1.0402981 1.068727 1.0972263999999998 1.0689568999999999 1.0688725000000001 1.0687258
1.1259184 1.0973576999999999 1.0688246000000001 1.0402981 1.068727 1.0972263999999998 1.0689568999999999 1.0688725000000001 1.0687258 1.0403372
1.0973576999999999 1.0688246000000001 1.0402981 1.068727 1.0972263999999998 1.0689568999999999 1.0688725000000001 1.0687258 1.0403372 1.0689066999999999
1.0688246000000001 1.0402981 1.068727 1.0972263999999998 1.0689568999999999 1.0688725000000001 1.0687258 1.0403372 1.0689066999999999 1.068908
1.0402981 1.068727 1.0972263999999998 1.0689568999999999 1.0688725000000001 1.0687258 1.0403372 1.0689066999999999 1.068908 1.0688692
1.068727 1.0972263999999998 1.0689568999999999 1.0688725000000001 1.0687258 1.0403372 1.0689066999999999 1.068908 1.0688692 1.0687655
1.0972263999999998 1.0689568999999999 1.0688725000000001 1.0687258 1.0403372 1.0689066999999999 1.068908 1.0688692 1.0687655 1.068936
1.0689568999999999 1.0688725000000001 1.0687258 1.0403372 1.0689066999999999 1.068908 1.0688692 1.0687655 1.068936 1.0402751000000001
1.0688725000000001 1.0687258 1.0403372 1.0689066999999999 1.068908 1.0688692 1.0687655 1.068936 1.0402751000000001 1.0687715
1.0687258 1.0403372 1.0689066999999999 1.068908 1.0688692 1.0687655 1.068936 1.0402751000000001 1.0687715 1.0689318
1.0403372 1.0689066999999999 1.068908 1.0688692 1.0687655 1.068936 1.0402751000000001 1.0687715 1.0689318 1.0688512
1.0689066999999999 1.068908 1.0688692 1.0687655 1.068936 1.0402751000000001 1.0687715 1.0689318 1.0688512 1.0688541999999999
1.068908 1.0688692 1.0687655 1.068936 1.0402751000000001 1.0687715 1.0689318 1.0688512 1.0688541999999999 1.0688971999999999
1.0688692 1.0687655 1.068936 1.0402751000000001 1.0687715 1.0689318 1.0688512 1.0688541999999999 1.0688971999999999 1.0689707
1.0687655 1.068936 1.0402751000000001 1.0687715 1.0689318 1.0688512 1.0688541999999999 1.0688971999999999 1.0689707 1.0689918999999999
1.068936 1.0402751000000001 1.0687715 1.0689318 1.0688512 1.0688541999999999 1.0688971999999999 1.0689707 1.0689918999999999 1.0688086
1.0402751000000001 1.0687715 1.0689318 1.0688512 1.0688541999999999 1.0688971999999999 1.0689707 1.0689918999999999 1.0688086 1.0689309999999999
1.0687715 1.0689318 1.0688512 1.0688541999999999 1.0688971999999999 1.0689707 1.0689918999999999 1.0688086 1.0689309999999999 1.0687731000000003
1.0689318 1.0688512 1.0688541999999999 1.0688971999999999 1.0689707 1.0689918999999999 1.0688086 1.0689309999999999 1.0687731000000003 1.040365
1.0688512 1.0688541999999999 1.0688971999999999 1.0689707 1.0689918999999999 1.0688086 1.0689309999999999 1.0687731000000003 1.040365 1.0688171999999998
1.0688541999999999 1.0688971999999999 1.0689707 1.0689918999999999 1.0688086 1.0689309999999999 1.0687731000000003 1.040365 1.0688171999999998 1.0689446000000002
1.0688971999999999 1.0689707 1.0689918999999999 1.0688086 1.0689309999999999 1.0687731000000003 1.040365 1.0688171999999998 1.0689446000000002 1.0688708999999998
1.0689707 1.0689918999999999 1.0688086 1.0689309999999999 1.0687731000000003 1.040365 1.0688171999999998 1.0689446000000002 1.0688708999999998 1.0403098
1.0689918999999999 1.0688086 1.0689309999999999 1.0687731000000003 1.040365 1.0688171999999998 1.0689446000000002 1.0688708999999998 1.0403098 1.0687236999999998
1.0688086 1.0689309999999999 1.0687731000000003 1.040365 1.0688171999999998 1.0689446000000002 1.0688708999999998 1.0403098 1.0687236999999998 1.0402738
1.0689309999999999 1.0687731000000003 1.040365 1.0688171999999998 1.0689446000000002 1.0688708999999998 1.0403098 1.0687236999999998 1.0402738 1.0402382
1.0687731000000003 1.040365 1.0688171999999998 1.0689446000000002 1.0688708999999998 1.0403098 1.0687236999999998 1.0402738 1.0402382 1.0403357
1.040365 1.0688171999999998 1.0689446000000002 1.0688708999999998 1.0403098 1.0687236999999998 1.0402738 1.0402382 1.0403357 1.040302
1.0688171999999998 1.0689446000000002 1.0688708999999998 1.0403098 1.0687236999999998 1.0402738 1.0402382 1.0403357 1.040302 1.0402791999999998
1.0689446000000002 1.0688708999999998 1.0403098 1.0687236999999998 1.0402738 1.0402382 1.0403357 1.040302 1.0402791999999998 1.0402769
1.0688708999999998 1.0403098 1.0687236999999998 1.0402738 1.0402382 1.0403357 1.040302 1.0402791999999998 1.0402769 1.0687571000000002
1.0403098 1.0687236999999998 1.0402738 1.0402382 1.0403357 1.040302 1.0402791999999998 1.0402769 1.0687571000000002 1.0689896
1.0687236999999998 1.0402738 1.0402382 1.0403357 1.040302 1.0402791999999998 1.0402769 1.0687571000000002 1.0689896 1.0403067
1.0402738 1.0402382 1.0403357 1.040302 1.0402791999999998 1.0402769 1.0687571000000002 1.0689896 1.0403067 1.0402168999999999
1.0402382 1.0403357 1.040302 1.0402791999999998 1.0402769 1.0687571000000002 1.0689896 1.0403067 1.0402168999999999 1.0403571
1.0403357 1.040302 1.0402791999999998 1.0402769 1.0687571000000002 1.0689896 1.0403067 1.0402168999999999 1.0403571 0.61258998
1.040302 1.0402791999999998 1.0402769 1.0687571000000002 1.0689896 1.0403067 1.0402168999999999 1.0403571 0.61258998 0.6127220999999999
1.0402791999999998 1.0402769 1.0687571000000002 1.0689896 1.0403067 1.0402168999999999 1.0403571 0.61258998 0.6127220999999999 -0.89829061
1.0402769 1.0687571000000002 1.0689896 1.0403067 1.0402168999999999 1.0403571 0.61258998 0.6127220999999999 -0.89829061 -0.89830356
1.0687571000000002 1.0689896 1.0403067 1.0402168999999999 1.0403571 0.61258998 0.6127220999999999 -0.89829061 -0.89830356 -0.89830626
1.0689896 1.0403067 1.0402168999999999 1.0403571 0.61258998 0.6127220999999999 -0.89829061 -0.89830356 -0.89830626 -0.89840303
1.0403067 1.0402168999999999 1.0403571 0.61258998 0.6127220999999999 -0.89829061 -0.89830356 -0.89830626 -0.89840303 -0.8982644000000001
1.0402168999999999 1.0403571 0.61258998 0.6127220999999999 -0.89829061 -0.89830356 -0.89830626 -0.89840303 -0.8982644000000001 -0.89818044
1.0403571 0.61258998 0.6127220999999999 -0.89829061 -0.89830356 -0.89830626 -0.89840303 -0.8982644000000001 -0.89818044 -0.8983610000000001
0.61258998 0.6127220999999999 -0.89829061 -0.89830356 -0.89830626 -0.89840303 -0.8982644000000001 -0.89818044 -0.8983610000000001 -0.89839502
0.6127220999999999 -0.89829061 -0.89830356 -0.89830626 -0.89840303 -0.8982644000000001 -0.89818044 -0.8983610000000001 -0.89839502 -0.89822864
-0.89829061 -0.89830356 -0.89830626 -0.89840303 -0.8982644000000001 -0.89818044 -0.8983610000000001 -0.89839502 -0.89822864 -0.8982095999999999
-0.89830356 -0.89830626 -0.89840303 -0.8982644000000001 -0.89818044 -0.8983610000000001 -0.89839502 -0.89822864 -0.8982095999999999 -0.89835674
-0.89830626 -0.89840303 -0.8982644000000001 -0.89818044 -0.8983610000000001 -0.89839502 -0.89822864 -0.8982095999999999 -0.89835674 -0.89825692
-0.89840303 -0.8982644000000001 -0.89818044 -0.8983610000000001 -0.89839502 -0.89822864 -0.8982095999999999 -0.89835674 -0.89825692 -0.89835143
-0.8982644000000001 -0.89818044 -0.8983610000000001 -0.89839502 -0.89822864 -0.8982095999999999 -0.89835674 -0.89825692 -0.89835143 -0.89824284
-0.89818044 -0.8983610000000001 -0.89839502 -0.89822864 -0.8982095999999999 -0.89835674 -0.89825692 -0.89835143 -0.89824284 -0.89815811
-0.8983610000000001 -0.89839502 -0.89822864 -0.8982095999999999 -0.89835674 -0.89825692 -0.89835143 -0.89824284 -0.89815811 -0.89813948
-0.89839502 -0.89822864 -0.8982095999999999 -0.89835674 -0.89825692 -0.89835143 -0.89824284 -0.89815811 -0.89813948 -0.89813861
-0.89822864 -0.8982095999999999 -0.89835674 -0.89825692 -0.89835143 -0.89824284 -0.89815811 -0.89813948 -0.89813861 -0.89841311
-0.8982095999999999 -0.89835674 -0.89825692 -0.89835143 -0.89824284 -0.89815811 -0.89813948 -0.89813861 -0.89841311 -0.89836625
-0.89835674 -0.89825692 -0.89835143 -0.89824284 -0.89815811 -0.89813948 -0.89813861 -0.89841311 -0.89836625 -0.89829937
-0.89825692 -0.89835143 -0.89824284 -0.89815811 -0.89813948 -0.89813861 -0.89841311 -0.89836625 -0.89829937 -0.8983162
-0.89835143 -0.89824284 -0.89815811 -0.89813948 -0.89813861 -0.89841311 -0.89836625 -0.89829937 -0.8983162 -0.8981943000000001
-0.89824284 -0.89815811 -0.89813948 -0.89813861 -0.89841311 -0.89836625 -0.89829937 -0.8983162 -0.8981943000000001 -0.8983152
-0.89815811 -0.89813948 -0.89813861 -0.89841311 -0.89836625 -0.89829937 -0.8983162 -0.8981943000000001 -0.8983152 -0.89830475
-0.89813948 -0.89813861 -0.89841311 -0.89836625 -0.89829937 -0.8983162 -0.8981943000000001 -0.8983152 -0.89830475 -0.89815121
-0.89813861 -0.89841311 -0.89836625 -0.89829937 -0.8983162 -0.8981943000000001 -0.8983152 -0.89830475 -0.89815121 -0.89820039
-0.89841311 -0.89836625 -0.89829937 -0.8983162 -0.8981943000000001 -0.8983152 -0.89830475 -0.89815121 -0.89820039 -0.89841381
-0.89836625 -0.89829937 -0.8983162 -0.8981943000000001 -0.8983152 -0.89830475 -0.89815121 -0.89820039 -0.89841381 -0.89823047
-0.89829937 -0.8983162 -0.8981943000000001 -0.8983152 -0.89830475 -0.89815121 -0.89820039 -0.89841381 -0.89823047 -0.89832688
-0.8983162 -0.8981943000000001 -0.8983152 -0.89830475 -0.89815121 -0.89820039 -0.89841381 -0.89823047 -0.89832688 -0.89827618
-0.8981943000000001 -0.8983152 -0.89830475 -0.89815121 -0.89820039 -0.89841381 -0.89823047 -0.89832688 -0.89827618 -0.89823301
-0.8983152 -0.89830475 -0.89815121 -0.89820039 -0.89841381 -0.89823047 -0.89832688 -0.89827618 -0.89823301 -0.89827305
-0.89830475 -0.89815121 -0.89820039 -0.89841381 -0.89823047 -0.89832688 -0.89827618 -0.89823301 -0.89827305 -0.89815593
-0.89815121 -0.89820039 -0.89841381 -0.89823047 -0.89832688 -0.89827618 -0.89823301 -0.89827305 -0.89815593 -0.89832735
-0.89820039 -0.89841381 -0.89823047 -0.89832688 -0.89827618 -0.89823301 -0.89827305 -0.89815593 -0.89832735 -0.89816875
-0.89841381 -0.89823047 -0.89832688 -0.89827618 -0.89823301 -0.89827305 -0.89815593 -0.89832735 -0.89816875 -0.89831741
-0.89823047 -0.89832688 -0.89827618 -0.89823301 -0.89827305 -0.89815593 -0.89832735 -0.89816875 -0.89831741 -0.89831078
-0.89832688 -0.89827618 -0.89823301 -0.89827305 -0.89815593 -0.89832735 -0.89816875 -0.89831741 -0.89831078 -0.89841021
-0.89827618 -0.89823301 -0.89827305 -0.89815593 -0.89832735 -0.89816875 -0.89831741 -0.89831078 -0.89841021 -0.89829289
-0.89823301 -0.89827305 -0.89815593 -0.89832735 -0.89816875 -0.89831741 -0.89831078 -0.89841021 -0.89829289 -0.89816176
-0.89827305 -0.89815593 -0.89832735 -0.89816875 -0.89831741 -0.89831078 -0.89841021 -0.89829289 -0.89816176 -0.89835604
-0.89815593 -0.89832735 -0.89816875 -0.89831741 -0.89831078 -0.89841021 -0.89829289 -0.89816176 -0.89835604 -0.89818915
-0.89832735 -0.89816875 -0.89831741 -0.89831078 -0.89841021 -0.89829289 -0.89816176 -0.89835604 -0.89818915 -0.89840512
-0.89816875 -0.89831741 -0.89831078 -0.89841021 -0.89829289 -0.89816176 -0.89835604 -0.89818915 -0.89840512 -0.89815209
-0.89831741 -0.89831078 -0.89841021 -0.89829289 -0.89816176 -0.89835604 -0.89818915 -0.89840512 -0.89815209 -0.89828172
-0.89831078 -0.89841021 -0.89829289 -0.89816176 -0.89835604 -0.89818915 -0.89840512 -0.89815209 -0.89828172 -0.89824649
-0.89841021 -0.89829289 -0.89816176 -0.89835604 -0.89818915 -0.89840512 -0.89815209 -0.89828172 -0.89824649 -0.89815395
-0.89829289 -0.89816176 -0.89835604 -0.89818915 -0.89840512 -0.89815209 -0.89828172 -0.89824649 -0.89815395 -0.89824134
-0.89816176 -0.89835604 -0.89818915 -0.89840512 -0.89815209 -0.89828172 -0.89824649 -0.89815395 -0.89824134 -0.89833436
-0.89835604 -0.89818915 -0.89840512 -0.89815209 -0.89828172 -0.89824649 -0.89815395 -0.89824134 -0.89833436 -0.89830156
-0.89818915 -0.89840512 -0.89815209 -0.89828172 -0.89824649 -0.89815395 -0.89824134 -0.89833436 -0.89830156 -0.89831481
-0.89840512 -0.89815209 -0.89828172 -0.89824649 -0.89815395 -0.89824134 -0.89833436 -0.89830156 -0.89831481 -0.89828957
-0.89815209 -0.89828172 -0.89824649 -0.89815395 -0.89824134 -0.89833436 -0.89830156 -0.89831481 -0.89828957 -0.89829642
-0.89828172 -0.89824649 -0.89815395 -0.89824134 -0.89833436 -0.89830156 -0.89831481 -0.89828957 -0.89829642 -0.89830497
-0.89824649 -0.89815395 -0.89824134 -0.89833436 -0.89830156 -0.89831481 -0.89828957 -0.89829642 -0.89830497 -0.89826415
-0.89815395 -0.89824134 -0.89833436 -0.89830156 -0.89831481 -0.89828957 -0.89829642 -0.89830497 -0.89826415 -0.89834718
-0.89824134 -0.89833436 -0.89830156 -0.89831481 -0.89828957 -0.89829642 -0.89830497 -0.89826415 -0.89834718 -0.89831945
-0.89833436 -0.89830156 -0.89831481 -0.89828957 -0.89829642 -0.89830497 -0.89826415 -0.89834718 -0.89831945 -0.89816752
-0.89830156 -0.89831481 -0.89828957 -0.89829642 -0.89830497 -0.89826415 -0.89834718 -0.89831945 -0.89816752 -0.89830877
-0.89831481 -0.89828957 -0.89829642 -0.89830497 -0.89826415 -0.89834718 -0.89831945 -0.89816752 -0.89830877 -0.89833081
-0.89828957 -0.89829642 -0.89830497 -0.89826415 -0.89834718 -0.89831945 -0.89816752 -0.89830877 -0.89833081 -0.89841705
-0.89829642 -0.89830497 -0.89826415 -0.89834718 -0.89831945 -0.89816752 -0.89830877 -0.89833081 -0.89841705 -0.89824916
-0.89830497 -0.89826415 -0.89834718 -0.89831945 -0.89816752 -0.89830877 -0.89833081 -0.89841705 -0.89824916 -0.89838889
-0.89826415 -0.89834718 -0.89831945 -0.89816752 -0.89830877 -0.89833081 -0.89841705 -0.89824916 -0.89838889 -0.89837335
-0.89834718 -0.89831945 -0.89816752 -0.89830877 -0.89833081 -0.89841705 -0.89824916 -0.89838889 -0.89837335 -0.89830061
-0.89831945 -0.89816752 -0.89830877 -0.89833081 -0.89841705 -0.89824916 -0.89838889 -0.89837335 -0.89830061 -0.89820436
-0.89816752 -0.89830877 -0.89833081 -0.89841705 -0.89824916 -0.89838889 -0.89837335 -0.89830061 -0.89820436 -0.89821259
-0.89830877 -0.89833081 -0.89841705 -0.89824916 -0.89838889 -0.89837335 -0.89830061 -0.89820436 -0.89821259 -0.89813428
-0.89833081 -0.89841705 -0.89824916 -0.89838889 -0.89837335 -0.89830061 -0.89820436 -0.89821259 -0.89813428 -0.89819511
-0.89841705 -0.89824916 -0.89838889 -0.89837335 -0.89830061 -0.89820436 -0.89821259 -0.89813428 -0.89819511 -0.89825715
-0.89824916 -0.89838889 -0.89837335 -0.89830061 -0.89820436 -0.89821259 -0.89813428 -0.89819511 -0.89825715 -0.89825961
-0.89838889 -0.89837335 -0.89830061 -0.89820436 -0.89821259 -0.89813428 -0.89819511 -0.89825715 -0.89825961 -0.89830815
-0.89837335 -0.89830061 -0.89820436 -0.89821259 -0.89813428 -0.89819511 -0.89825715 -0.89825961 -0.89830815 -0.89822501
-0.89830061 -0.89820436 -0.89821259 -0.89813428 -0.89819511 -0.89825715 -0.89825961 -0.89830815 -0.89822501 -0.89822351
-0.89820436 -0.89821259 -0.89813428 -0.89819511 -0.89825715 -0.89825961 -0.89830815 -0.89822501 -0.89822351 -0.89820453
-0.89821259 -0.89813428 -0.89819511 -0.89825715 -0.89825961 -0.89830815 -0.89822501 -0.89822351 -0.89820453 -0.89824019
-0.89813428 -0.89819511 -0.89825715 -0.89825961 -0.89830815 -0.89822501 -0.89822351 -0.89820453 -0.89824019 -0.89840242
-0.89819511 -0.89825715 -0.89825961 -0.89830815 -0.89822501 -0.89822351 -0.89820453 -0.89824019 -0.89840242 -0.89818393
-0.89825715 -0.89825961 -0.89830815 -0.89822501 -0.89822351 -0.89820453 -0.89824019 -0.89840242 -0.89818393 -0.89828542
-0.89825961 -0.89830815 -0.89822501 -0.89822351 -0.89820453 -0.89824019 -0.89840242 -0.89818393 -0.89828542 -0.89822833
-0.89830815 -0.89822501 -0.89822351 -0.89820453 -0.89824019 -0.89840242 -0.89818393 -0.89828542 -0.89822833 -0.89819553
-0.89822501 -0.89822351 -0.89820453 -0.89824019 -0.89840242 -0.89818393 -0.89828542 -0.89822833 -0.89819553 -0.89835161
-0.89822351 -0.89820453 -0.89824019 -0.89840242 -0.89818393 -0.89828542 -0.89822833 -0.89819553 -0.89835161 -0.89814135
-0.89820453 -0.89824019 -0.89840242 -0.89818393 -0.89828542 -0.89822833 -0.89819553 -0.89835161 -0.89814135 -0.89820075
-0.89824019 -0.89840242 -0.89818393 -0.89828542 -0.89822833 -0.89819553 -0.89835161 -0.89814135 -0.89820075 -0.89819951
-0.89840242 -0.89818393 -0.89828542 -0.89822833 -0.89819553 -0.89835161 -0.89814135 -0.89820075 -0.89819951 -0.89831182
-0.89818393 -0.89828542 -0.89822833 -0.89819553 -0.89835161 -0.89814135 -0.89820075 -0.89819951 -0.89831182 -0.89834326
-0.89828542 -0.89822833 -0.89819553 -0.89835161 -0.89814135 -0.89820075 -0.89819951 -0.89831182 -0.89834326 -0.89823007
-0.89822833 -0.89819553 -0.89835161 -0.89814135 -0.89820075 -0.89819951 -0.89831182 -0.89834326 -0.89823007 -0.89837377
-0.89819553 -0.89835161 -0.89814135 -0.89820075 -0.89819951 -0.89831182 -0.89834326 -0.89823007 -0.89837377 -0.8981466999999999
-0.89835161 -0.89814135 -0.89820075 -0.89819951 -0.89831182 -0.89834326 -0.89823007 -0.89837377 -0.8981466999999999 -0.89824573
-0.89814135 -0.89820075 -0.89819951 -0.89831182 -0.89834326 -0.89823007 -0.89837377 -0.8981466999999999 -0.89824573 -0.89819385
-0.89820075 -0.89819951 -0.89831182 -0.89834326 -0.89823007 -0.89837377 -0.8981466999999999 -0.89824573 -0.89819385 -0.89830356
-0.89819951 -0.89831182 -0.89834326 -0.89823007 -0.89837377 -0.8981466999999999 -0.89824573 -0.89819385 -0.89830356 -0.89826285
-0.89831182 -0.89834326 -0.89823007 -0.89837377 -0.8981466999999999 -0.89824573 -0.89819385 -0.89830356 -0.89826285 -0.89814947
-0.89834326 -0.89823007 -0.89837377 -0.8981466999999999 -0.89824573 -0.89819385 -0.89830356 -0.89826285 -0.89814947 -0.89829688
-0.89823007 -0.89837377 -0.8981466999999999 -0.89824573 -0.89819385 -0.89830356 -0.89826285 -0.89814947 -0.89829688 -0.8984155
-0.89837377 -0.8981466999999999 -0.89824573 -0.89819385 -0.89830356 -0.89826285 -0.89814947 -0.89829688 -0.8984155 -0.89826753
-0.8981466999999999 -0.89824573 -0.89819385 -0.89830356 -0.89826285 -0.89814947 -0.89829688 -0.8984155 -0.89826753 -0.89827233
-0.89824573 -0.89819385 -0.89830356 -0.89826285 -0.89814947 -0.89829688 -0.8984155 -0.89826753 -0.89827233 -0.89814407
-0.89819385 -0.89830356 -0.89826285 -0.89814947 -0.89829688 -0.8984155 -0.89826753 -0.89827233 -0.89814407 -0.89840629
-0.89830356 -0.89826285 -0.89814947 -0.89829688 -0.8984155 -0.89826753 -0.89827233 -0.89814407 -0.89840629 -0.89818414
-0.89826285 -0.89814947 -0.89829688 -0.8984155 -0.89826753 -0.89827233 -0.89814407 -0.89840629 -0.89818414 -0.89826848
-0.89814947 -0.89829688 -0.8984155 -0.89826753 -0.89827233 -0.89814407 -0.89840629 -0.89818414 -0.89826848 -0.89835511
-0.89829688 -0.8984155 -0.89826753 -0.89827233 -0.89814407 -0.89840629 -0.89818414 -0.89826848 -0.89835511 -0.89840455
-0.8984155 -0.89826753 -0.89827233 -0.89814407 -0.89840629 -0.89818414 -0.89826848 -0.89835511 -0.89840455 -0.89822822
-0.89826753 -0.89827233 -0.89814407 -0.89840629 -0.89818414 -0.89826848 -0.89835511 -0.89840455 -0.89822822 -0.89839643
-0.89827233 -0.89814407 -0.89840629 -0.89818414 -0.89826848 -0.89835511 -0.89840455 -0.89822822 -0.89839643 -0.89831041
-0.89814407 -0.89840629 -0.89818414 -0.89826848 -0.89835511 -0.89840455 -0.89822822 -0.89839643 -0.89831041 -0.89835348
-0.89840629 -0.89818414 -0.89826848 -0.89835511 -0.89840455 -0.89822822 -0.89839643 -0.89831041 -0.89835348 -0.89815423
-0.89818414 -0.89826848 -0.89835511 -0.89840455 -0.89822822 -0.89839643 -0.89831041 -0.89835348 -0.89815423 -0.89822338
-0.89826848 -0.89835511 -0.89840455 -0.89822822 -0.89839643 -0.89831041 -0.89835348 -0.89815423 -0.89822338 -0.89831748
-0.89835511 -0.89840455 -0.89822822 -0.89839643 -0.89831041 -0.89835348 -0.89815423 -0.89822338 -0.89831748 -0.89819376
-0.89840455 -0.89822822 -0.89839643 -0.89831041 -0.89835348 -0.89815423 -0.89822338 -0.89831748 -0.89819376 -0.89816756
-0.89822822 -0.89839643 -0.89831041 -0.89835348 -0.89815423 -0.89822338 -0.89831748 -0.89819376 -0.89816756 -0.89819532
-0.89839643 -0.89831041 -0.89835348 -0.89815423 -0.89822338 -0.89831748 -0.89819376 -0.89816756 -0.89819532 -0.89816563
