-1.3824973999999999 -1.3826226000000001 -1.3823553 -1.3822991000000002 -1.3824326999999998 -1.3825903999999998 -1.382493 -1.3826419 -1.3824663000000001 -1.3824979
-1.3826226000000001 -1.3823553 -1.3822991000000002 -1.3824326999999998 -1.3825903999999998 -1.382493 -1.3826419 -1.3824663000000001 -1.3824979 -1.382465
-1.3823553 -1.3822991000000002 -1.3824326999999998 -1.3825903999999998 -1.382493 -1.3826419 -1.3824663000000001 -1.3824979 -1.382465 -1.3823162
-1.3822991000000002 -1.3824326999999998 -1.3825903999999998 -1.382493 -1.3826419 -1.3824663000000001 -1.3824979 -1.382465 -1.3823162 -1.3823173999999998
-1.3824326999999998 -1.3825903999999998 -1.382493 -1.3826419 -1.3824663000000001 -1.3824979 -1.382465 -1.3823162 -1.3823173999999998 -1.382551
-1.3825903999999998 -1.382493 -1.3826419 -1.3824663000000001 -1.3824979 -1.382465 -1.3823162 -1.3823173999999998 -1.382551 -1.3824468
-1.382493 -1.3826419 -1.3824663000000001 -1.3824979 -1.382465 -1.3823162 -1.3823173999999998 -1.382551 -1.3824468 -1.3824492
-1.3826419 -1.3824663000000001 -1.3824979 -1.382465 -1.3823162 -1.3823173999999998 -1.382551 -1.3824468 -1.3824492 -1.3824288999999998
-1.3824663000000001 -1.3824979 -1.382465 -1.3823162 -1.3823173999999998 -1.382551 -1.3824468 -1.3824492 -1.3824288999999998 -1.3826163999999999
-1.3824979 -1.382465 -1.3823162 -1.3823173999999998 -1.382551 -1.3824468 -1.3824492 -1.3824288999999998 -1.3826163999999999 -1.3826053999999999
-1.382465 -1.3823162 -1.3823173999999998 -1.382551 -1.3824468 -1.3824492 -1.3824288999999998 -1.3826163999999999 -1.3826053999999999 -1.3826176000000001
-1.3823162 -1.3823173999999998 -1.382551 -1.3824468 -1.3824492 -1.3824288999999998 -1.3826163999999999 -1.3826053999999999 -1.3826176000000001 -1.3823454
-1.3823173999999998 -1.382551 -1.3824468 -1.3824492 -1.3824288999999998 -1.3826163999999999 -1.3826053999999999 -1.3826176000000001 -1.3823454 -1.3823155
-1.382551 -1.3824468 -1.3824492 -1.3824288999999998 -1.3826163999999999 -1.3826053999999999 -1.3826176000000001 -1.3823454 -1.3823155 -1.3827091
-1.3824468 -1.3824492 -1.3824288999999998 -1.3826163999999999 -1.3826053999999999 -1.3826176000000001 -1.3823454 -1.3823155 -1.3827091 -1.3822838
-1.3824492 -1.3824288999999998 -1.3826163999999999 -1.3826053999999999 -1.3826176000000001 -1.3823454 -1.3823155 -1.3827091 -1.3822838 -1.3827205
-1.3824288999999998 -1.3826163999999999 -1.3826053999999999 -1.3826176000000001 -1.3823454 -1.3823155 -1.3827091 -1.3822838 -1.3827205 -1.3822816
-1.3826163999999999 -1.3826053999999999 -1.3826176000000001 -1.3823454 -1.3823155 -1.3827091 -1.3822838 -1.3827205 -1.3822816 -1.3823116000000002
-1.3826053999999999 -1.3826176000000001 -1.3823454 -1.3823155 -1.3827091 -1.3822838 -1.3827205 -1.3822816 -1.3823116000000002 -1.3823988
-1.3826176000000001 -1.3823454 -1.3823155 -1.3827091 -1.3822838 -1.3827205 -1.3822816 -1.3823116000000002 -1.3823988 -1.3827121999999998
-1.3823454 -1.3823155 -1.3827091 -1.3822838 -1.3827205 -1.3822816 -1.3823116000000002 -1.3823988 -1.3827121999999998 -1.382647
-1.3823155 -1.3827091 -1.3822838 -1.3827205 -1.3822816 -1.3823116000000002 -1.3823988 -1.3827121999999998 -1.382647 -1.3824967
-1.3827091 -1.3822838 -1.3827205 -1.3822816 -1.3823116000000002 -1.3823988 -1.3827121999999998 -1.382647 -1.3824967 -1.382681
-1.3822838 -1.3827205 -1.3822816 -1.3823116000000002 -1.3823988 -1.3827121999999998 -1.382647 -1.3824967 -1.382681 -1.3823178999999999
-1.3827205 -1.3822816 -1.3823116000000002 -1.3823988 -1.3827121999999998 -1.382647 -1.3824967 -1.382681 -1.3823178999999999 -1.3823281
-1.3822816 -1.3823116000000002 -1.3823988 -1.3827121999999998 -1.382647 -1.3824967 -1.382681 -1.3823178999999999 -1.3823281 -1.3823983999999998
-1.3823116000000002 -1.3823988 -1.3827121999999998 -1.382647 -1.3824967 -1.382681 -1.3823178999999999 -1.3823281 -1.3823983999999998 -1.3824584999999998
-1.3823988 -1.3827121999999998 -1.382647 -1.3824967 -1.382681 -1.3823178999999999 -1.3823281 -1.3823983999999998 -1.3824584999999998 -1.3826861000000001
-1.3827121999999998 -1.382647 -1.3824967 -1.382681 -1.3823178999999999 -1.3823281 -1.3823983999999998 -1.3824584999999998 -1.3826861000000001 -1.3823351000000001
-1.382647 -1.3824967 -1.382681 -1.3823178999999999 -1.3823281 -1.3823983999999998 -1.3824584999999998 -1.3826861000000001 -1.3823351000000001 -1.3822831
-1.3824967 -1.382681 -1.3823178999999999 -1.3823281 -1.3823983999999998 -1.3824584999999998 -1.3826861000000001 -1.3823351000000001 -1.3822831 -1.3826931
-1.382681 -1.3823178999999999 -1.3823281 -1.3823983999999998 -1.3824584999999998 -1.3826861000000001 -1.3823351000000001 -1.3822831 -1.3826931 -1.3825101999999998
-1.3823178999999999 -1.3823281 -1.3823983999999998 -1.3824584999999998 -1.3826861000000001 -1.3823351000000001 -1.3822831 -1.3826931 -1.3825101999999998 -1.3825237
-1.3823281 -1.3823983999999998 -1.3824584999999998 -1.3826861000000001 -1.3823351000000001 -1.3822831 -1.3826931 -1.3825101999999998 -1.3825237 -1.3824268
-1.3823983999999998 -1.3824584999999998 -1.3826861000000001 -1.3823351000000001 -1.3822831 -1.3826931 -1.3825101999999998 -1.3825237 -1.3824268 -1.3825128999999998
-1.3824584999999998 -1.3826861000000001 -1.3823351000000001 -1.3822831 -1.3826931 -1.3825101999999998 -1.3825237 -1.3824268 -1.3825128999999998 -1.3824094999999998
-1.3826861000000001 -1.3823351000000001 -1.3822831 -1.3826931 -1.3825101999999998 -1.3825237 -1.3824268 -1.3825128999999998 -1.3824094999999998 -1.3824816
-1.3823351000000001 -1.3822831 -1.3826931 -1.3825101999999998 -1.3825237 -1.3824268 -1.3825128999999998 -1.3824094999999998 -1.3824816 -1.3826593
-1.3822831 -1.3826931 -1.3825101999999998 -1.3825237 -1.3824268 -1.3825128999999998 -1.3824094999999998 -1.3824816 -1.3826593 -1.3824868000000001
-1.3826931 -1.3825101999999998 -1.3825237 -1.3824268 -1.3825128999999998 -1.3824094999999998 -1.3824816 -1.3826593 -1.3824868000000001 -1.3824131000000002
-1.3825101999999998 -1.3825237 -1.3824268 -1.3825128999999998 -1.3824094999999998 -1.3824816 -1.3826593 -1.3824868000000001 -1.3824131000000002 -1.3823257
-1.3825237 -1.3824268 -1.3825128999999998 -1.3824094999999998 -1.3824816 -1.3826593 -1.3824868000000001 -1.3824131000000002 -1.3823257 1.1751214
-1.3824268 -1.3825128999999998 -1.3824094999999998 -1.3824816 -1.3826593 -1.3824868000000001 -1.3824131000000002 -1.3823257 1.1751214 1.1752333000000001
-1.3825128999999998 -1.3824094999999998 -1.3824816 -1.3826593 -1.3824868000000001 -1.3824131000000002 -1.3823257 1.1751214 1.1752333000000001 1.1751648000000001
-1.3824094999999998 -1.3824816 -1.3826593 -1.3824868000000001 -1.3824131000000002 -1.3823257 1.1751214 1.1752333000000001 1.1751648000000001 1.309591
-1.3824816 -1.3826593 -1.3824868000000001 -1.3824131000000002 -1.3823257 1.1751214 1.1752333000000001 1.1751648000000001 1.309591 1.3095739
-1.3826593 -1.3824868000000001 -1.3824131000000002 -1.3823257 1.1751214 1.1752333000000001 1.1751648000000001 1.309591 1.3095739 1.3095706
-1.3824868000000001 -1.3824131000000002 -1.3823257 1.1751214 1.1752333000000001 1.1751648000000001 1.309591 1.3095739 1.3095706 1.3096698999999998
-1.3824131000000002 -1.3823257 1.1751214 1.1752333000000001 1.1751648000000001 1.309591 1.3095739 1.3095706 1.3096698999999998 1.3099366000000001
-1.3823257 1.1751214 1.1752333000000001 1.1751648000000001 1.309591 1.3095739 1.3095706 1.3096698999999998 1.3099366000000001 1.1301853000000002
1.1751214 1.1752333000000001 1.1751648000000001 1.309591 1.3095739 1.3095706 1.3096698999999998 1.3099366000000001 1.1301853000000002 1.1302111000000001
1.1752333000000001 1.1751648000000001 1.309591 1.3095739 1.3095706 1.3096698999999998 1.3099366000000001 1.1301853000000002 1.1302111000000001 1.0406404
1.1751648000000001 1.309591 1.3095739 1.3095706 1.3096698999999998 1.3099366000000001 1.1301853000000002 1.1302111000000001 1.0406404 1.0406855
1.309591 1.3095739 1.3095706 1.3096698999999998 1.3099366000000001 1.1301853000000002 1.1302111000000001 1.0406404 1.0406855 1.0403417
1.3095739 1.3095706 1.3096698999999998 1.3099366000000001 1.1301853000000002 1.1302111000000001 1.0406404 1.0406855 1.0403417 0.95081283
1.3095706 1.3096698999999998 1.3099366000000001 1.1301853000000002 1.1302111000000001 1.0406404 1.0406855 1.0403417 0.95081283 0.99578165
1.3096698999999998 1.3099366000000001 1.1301853000000002 1.1302111000000001 1.0406404 1.0406855 1.0403417 0.95081283 0.99578165 0.90587713
1.3099366000000001 1.1301853000000002 1.1302111000000001 1.0406404 1.0406855 1.0403417 0.95081283 0.99578165 0.90587713 0.90584322
1.1301853000000002 1.1302111000000001 1.0406404 1.0406855 1.0403417 0.95081283 0.99578165 0.90587713 0.90584322 0.90597755
1.1302111000000001 1.0406404 1.0406855 1.0403417 0.95081283 0.99578165 0.90587713 0.90584322 0.90597755 0.90602362
1.0406404 1.0406855 1.0403417 0.95081283 0.99578165 0.90587713 0.90584322 0.90597755 0.90602362 0.86100482
1.0406855 1.0403417 0.95081283 0.99578165 0.90587713 0.90584322 0.90597755 0.90602362 0.86100482 0.86093791
1.0403417 0.95081283 0.99578165 0.90587713 0.90584322 0.90597755 0.90602362 0.86100482 0.86093791 0.86108907
0.95081283 0.99578165 0.90587713 0.90584322 0.90597755 0.90602362 0.86100482 0.86093791 0.86108907 0.81623184
0.99578165 0.90587713 0.90584322 0.90597755 0.90602362 0.86100482 0.86093791 0.86108907 0.81623184 0.86097757
0.90587713 0.90584322 0.90597755 0.90602362 0.86100482 0.86093791 0.86108907 0.81623184 0.86097757 0.7713936
0.90584322 0.90597755 0.90602362 0.86100482 0.86093791 0.86108907 0.81623184 0.86097757 0.7713936 0.81615141
0.90597755 0.90602362 0.86100482 0.86093791 0.86108907 0.81623184 0.86097757 0.7713936 0.81615141 0.81617021
0.90602362 0.86100482 0.86093791 0.86108907 0.81623184 0.86097757 0.7713936 0.81615141 0.81617021 0.81637172
0.86100482 0.86093791 0.86108907 0.81623184 0.86097757 0.7713936 0.81615141 0.81617021 0.81637172 0.77124864
0.86093791 0.86108907 0.81623184 0.86097757 0.7713936 0.81615141 0.81617021 0.81637172 0.77124864 0.77148311
0.86108907 0.81623184 0.86097757 0.7713936 0.81615141 0.81617021 0.81637172 0.77124864 0.77148311 0.77107045
0.81623184 0.86097757 0.7713936 0.81615141 0.81617021 0.81637172 0.77124864 0.77148311 0.77107045 0.77149249
0.86097757 0.7713936 0.81615141 0.81617021 0.81637172 0.77124864 0.77148311 0.77107045 0.77149249 0.77140833
0.7713936 0.81615141 0.81617021 0.81637172 0.77124864 0.77148311 0.77107045 0.77149249 0.77140833 0.77149305
0.81615141 0.81617021 0.81637172 0.77124864 0.77148311 0.77107045 0.77149249 0.77140833 0.77149305 0.77129614
0.81617021 0.81637172 0.77124864 0.77148311 0.77107045 0.77149249 0.77140833 0.77149305 0.77129614 0.77126868
0.81637172 0.77124864 0.77148311 0.77107045 0.77149249 0.77140833 0.77149305 0.77129614 0.77126868 0.77147813
0.77124864 0.77148311 0.77107045 0.77149249 0.77140833 0.77149305 0.77129614 0.77126868 0.77147813 0.77133869
0.77148311 0.77107045 0.77149249 0.77140833 0.77149305 0.77129614 0.77126868 0.77147813 0.77133869 0.77123365
0.77107045 0.77149249 0.77140833 0.77149305 0.77129614 0.77126868 0.77147813 0.77133869 0.77123365 0.77125817
0.77149249 0.77140833 0.77149305 0.77129614 0.77126868 0.77147813 0.77133869 0.77123365 0.77125817 0.77141545
0.77140833 0.77149305 0.77129614 0.77126868 0.77147813 0.77133869 0.77123365 0.77125817 0.77141545 0.77109608
0.77149305 0.77129614 0.77126868 0.77147813 0.77133869 0.77123365 0.77125817 0.77141545 0.77109608 0.77117083
0.77129614 0.77126868 0.77147813 0.77133869 0.77123365 0.77125817 0.77141545 0.77109608 0.77117083 0.72623166
0.77126868 0.77147813 0.77133869 0.77123365 0.77125817 0.77141545 0.77109608 0.77117083 0.72623166 0.7265248000000001
0.77147813 0.77133869 0.77123365 0.77125817 0.77141545 0.77109608 0.77117083 0.72623166 0.7265248000000001 0.77108953
0.77133869 0.77123365 0.77125817 0.77141545 0.77109608 0.77117083 0.72623166 0.7265248000000001 0.77108953 0.77132297
0.77123365 0.77125817 0.77141545 0.77109608 0.77117083 0.72623166 0.7265248000000001 0.77108953 0.77132297 0.72640577
0.77125817 0.77141545 0.77109608 0.77117083 0.72623166 0.7265248000000001 0.77108953 0.77132297 0.72640577 0.72646077
0.77141545 0.77109608 0.77117083 0.72623166 0.7265248000000001 0.77108953 0.77132297 0.72640577 0.72646077 0.77125098
0.77109608 0.77117083 0.72623166 0.7265248000000001 0.77108953 0.77132297 0.72640577 0.72646077 0.77125098 0.77120019
0.77117083 0.72623166 0.7265248000000001 0.77108953 0.77132297 0.72640577 0.72646077 0.77125098 0.77120019 0.72642421
0.72623166 0.7265248000000001 0.77108953 0.77132297 0.72640577 0.72646077 0.77125098 0.77120019 0.72642421 0.72620846
0.7265248000000001 0.77108953 0.77132297 0.72640577 0.72646077 0.77125098 0.77120019 0.72642421 0.72620846 0.77121808
0.77108953 0.77132297 0.72640577 0.72646077 0.77125098 0.77120019 0.72642421 0.72620846 0.77121808 0.72632415
0.77132297 0.72640577 0.72646077 0.77125098 0.77120019 0.72642421 0.72620846 0.77121808 0.72632415 0.72635157
0.72640577 0.72646077 0.77125098 0.77120019 0.72642421 0.72620846 0.77121808 0.72632415 0.72635157 0.72645364
0.72646077 0.77125098 0.77120019 0.72642421 0.72620846 0.77121808 0.72632415 0.72635157 0.72645364 0.72637902
0.77125098 0.77120019 0.72642421 0.72620846 0.77121808 0.72632415 0.72635157 0.72645364 0.72637902 0.77120586
0.77120019 0.72642421 0.72620846 0.77121808 0.72632415 0.72635157 0.72645364 0.72637902 0.77120586 0.7265155
0.72642421 0.72620846 0.77121808 0.72632415 0.72635157 0.72645364 0.72637902 0.77120586 0.7265155 0.72632827
0.72620846 0.77121808 0.72632415 0.72635157 0.72645364 0.72637902 0.77120586 0.7265155 0.72632827 0.72658385
0.77121808 0.72632415 0.72635157 0.72645364 0.72637902 0.77120586 0.7265155 0.72632827 0.72658385 0.72661108
0.72632415 0.72635157 0.72645364 0.72637902 0.77120586 0.7265155 0.72632827 0.72658385 0.72661108 0.72619525
0.72635157 0.72645364 0.72637902 0.77120586 0.7265155 0.72632827 0.72658385 0.72661108 0.72619525 0.77115628
0.72645364 0.72637902 0.77120586 0.7265155 0.72632827 0.72658385 0.72661108 0.72619525 0.77115628 0.72640393
0.72637902 0.77120586 0.7265155 0.72632827 0.72658385 0.72661108 0.72619525 0.77115628 0.72640393 0.72630421
0.77120586 0.7265155 0.72632827 0.72658385 0.72661108 0.72619525 0.77115628 0.72640393 0.72630421 0.7263841999999999
0.7265155 0.72632827 0.72658385 0.72661108 0.72619525 0.77115628 0.72640393 0.72630421 0.7263841999999999 0.72624979
0.72632827 0.72658385 0.72661108 0.72619525 0.77115628 0.72640393 0.72630421 0.7263841999999999 0.72624979 0.72656531
0.72658385 0.72661108 0.72619525 0.77115628 0.72640393 0.72630421 0.7263841999999999 0.72624979 0.72656531 0.7265052
0.72661108 0.72619525 0.77115628 0.72640393 0.72630421 0.7263841999999999 0.72624979 0.72656531 0.7265052 0.72661244
0.72619525 0.77115628 0.72640393 0.72630421 0.7263841999999999 0.72624979 0.72656531 0.7265052 0.72661244 0.72659938
0.77115628 0.72640393 0.72630421 0.7263841999999999 0.72624979 0.72656531 0.7265052 0.72661244 0.72659938 0.72626447
0.72640393 0.72630421 0.7263841999999999 0.72624979 0.72656531 0.7265052 0.72661244 0.72659938 0.72626447 0.72648346
0.72630421 0.7263841999999999 0.72624979 0.72656531 0.7265052 0.72661244 0.72659938 0.72626447 0.72648346 0.72630743
0.7263841999999999 0.72624979 0.72656531 0.7265052 0.72661244 0.72659938 0.72626447 0.72648346 0.72630743 0.72660536
0.72624979 0.72656531 0.7265052 0.72661244 0.72659938 0.72626447 0.72648346 0.72630743 0.72660536 0.72631461
0.72656531 0.7265052 0.72661244 0.72659938 0.72626447 0.72648346 0.72630743 0.72660536 0.72631461 0.68139205
0.7265052 0.72661244 0.72659938 0.72626447 0.72648346 0.72630743 0.72660536 0.72631461 0.68139205 0.68155912
0.72661244 0.72659938 0.72626447 0.72648346 0.72630743 0.72660536 0.72631461 0.68139205 0.68155912 0.68163264
0.72659938 0.72626447 0.72648346 0.72630743 0.72660536 0.72631461 0.68139205 0.68155912 0.68163264 0.68168828
0.72626447 0.72648346 0.72630743 0.72660536 0.72631461 0.68139205 0.68155912 0.68163264 0.68168828 0.68146256
0.72648346 0.72630743 0.72660536 0.72631461 0.68139205 0.68155912 0.68163264 0.68168828 0.68146256 0.68142969
0.72630743 0.72660536 0.72631461 0.68139205 0.68155912 0.68163264 0.68168828 0.68146256 0.68142969 0.68135051
0.72660536 0.72631461 0.68139205 0.68155912 0.68163264 0.68168828 0.68146256 0.68142969 0.68135051 0.68136387
0.72631461 0.68139205 0.68155912 0.68163264 0.68168828 0.68146256 0.68142969 0.68135051 0.68136387 0.68132001
0.68139205 0.68155912 0.68163264 0.68168828 0.68146256 0.68142969 0.68135051 0.68136387 0.68132001 0.68136973
0.68155912 0.68163264 0.68168828 0.68146256 0.68142969 0.68135051 0.68136387 0.68132001 0.68136973 0.72649529
0.68163264 0.68168828 0.68146256 0.68142969 0.68135051 0.68136387 0.68132001 0.68136973 0.72649529 0.72647009
0.68168828 0.68146256 0.68142969 0.68135051 0.68136387 0.68132001 0.68136973 0.72649529 0.72647009 0.72657703
0.68146256 0.68142969 0.68135051 0.68136387 0.68132001 0.68136973 0.72649529 0.72647009 0.72657703 0.68147546
0.68142969 0.68135051 0.68136387 0.68132001 0.68136973 0.72649529 0.72647009 0.72657703 0.68147546 0.68168197
0.68135051 0.68136387 0.68132001 0.68136973 0.72649529 0.72647009 0.72657703 0.68147546 0.68168197 0.68156249
0.68136387 0.68132001 0.68136973 0.72649529 0.72647009 0.72657703 0.68147546 0.68168197 0.68156249 0.68169593
0.68132001 0.68136973 0.72649529 0.72647009 0.72657703 0.68147546 0.68168197 0.68156249 0.68169593 0.68166396
0.68136973 0.72649529 0.72647009 0.72657703 0.68147546 0.68168197 0.68156249 0.68169593 0.68166396 0.68140473
0.72649529 0.72647009 0.72657703 0.68147546 0.68168197 0.68156249 0.68169593 0.68166396 0.68140473 0.68146305
0.72647009 0.72657703 0.68147546 0.68168197 0.68156249 0.68169593 0.68166396 0.68140473 0.68146305 0.68134213
0.72657703 0.68147546 0.68168197 0.68156249 0.68169593 0.68166396 0.68140473 0.68146305 0.68134213 0.68163839
0.68147546 0.68168197 0.68156249 0.68169593 0.68166396 0.68140473 0.68146305 0.68134213 0.68163839 0.68137481
0.68168197 0.68156249 0.68169593 0.68166396 0.68140473 0.68146305 0.68134213 0.68163839 0.68137481 0.68166606
0.68156249 0.68169593 0.68166396 0.68140473 0.68146305 0.68134213 0.68163839 0.68137481 0.68166606 0.68133004
0.68169593 0.68166396 0.68140473 0.68146305 0.68134213 0.68163839 0.68137481 0.68166606 0.68133004 0.68175582
0.68166396 0.68140473 0.68146305 0.68134213 0.68163839 0.68137481 0.68166606 0.68133004 0.68175582 0.68159968
0.68140473 0.68146305 0.68134213 0.68163839 0.68137481 0.68166606 0.68133004 0.68175582 0.68159968 0.68150195
0.68146305 0.68134213 0.68163839 0.68137481 0.68166606 0.68133004 0.68175582 0.68159968 0.68150195 0.68154993
0.68134213 0.68163839 0.68137481 0.68166606 0.68133004 0.68175582 0.68159968 0.68150195 0.68154993 0.68138391
0.68163839 0.68137481 0.68166606 0.68133004 0.68175582 0.68159968 0.68150195 0.68154993 0.68138391 0.68161632
0.68137481 0.68166606 0.68133004 0.68175582 0.68159968 0.68150195 0.68154993 0.68138391 0.68161632 0.68146902
0.68166606 0.68133004 0.68175582 0.68159968 0.68150195 0.68154993 0.68138391 0.68161632 0.68146902 0.68143307
0.68133004 0.68175582 0.68159968 0.68150195 0.68154993 0.68138391 0.68161632 0.68146902 0.68143307 0.68166782
0.68175582 0.68159968 0.68150195 0.68154993 0.68138391 0.68161632 0.68146902 0.68143307 0.68166782 0.68154928
0.68159968 0.68150195 0.68154993 0.68138391 0.68161632 0.68146902 0.68143307 0.68166782 0.68154928 0.68163596
0.68150195 0.68154993 0.68138391 0.68161632 0.68146902 0.68143307 0.68166782 0.68154928 0.68163596 0.63681856
0.68154993 0.68138391 0.68161632 0.68146902 0.68143307 0.68166782 0.68154928 0.68163596 0.63681856 0.63675614
0.68138391 0.68161632 0.68146902 0.68143307 0.68166782 0.68154928 0.68163596 0.63681856 0.63675614 0.68162796
0.68161632 0.68146902 0.68143307 0.68166782 0.68154928 0.68163596 0.63681856 0.63675614 0.68162796 0.68153994
0.68146902 0.68143307 0.68166782 0.68154928 0.68163596 0.63681856 0.63675614 0.68162796 0.68153994 0.6813831
0.68143307 0.68166782 0.68154928 0.68163596 0.63681856 0.63675614 0.68162796 0.68153994 0.6813831 0.63649983
0.68166782 0.68154928 0.68163596 0.63681856 0.63675614 0.68162796 0.68153994 0.6813831 0.63649983 0.6368001
0.68154928 0.68163596 0.63681856 0.63675614 0.68162796 0.68153994 0.6813831 0.63649983 0.6368001 0.68139784
0.68163596 0.63681856 0.63675614 0.68162796 0.68153994 0.6813831 0.63649983 0.6368001 0.68139784 0.68141317
0.63681856 0.63675614 0.68162796 0.68153994 0.6813831 0.63649983 0.6368001 0.68139784 0.68141317 0.63669286
0.63675614 0.68162796 0.68153994 0.6813831 0.63649983 0.6368001 0.68139784 0.68141317 0.63669286 0.63684183
0.68162796 0.68153994 0.6813831 0.63649983 0.6368001 0.68139784 0.68141317 0.63669286 0.63684183 0.63657044
0.68153994 0.6813831 0.63649983 0.6368001 0.68139784 0.68141317 0.63669286 0.63684183 0.63657044 0.59164923
0.6813831 0.63649983 0.6368001 0.68139784 0.68141317 0.63669286 0.63684183 0.63657044 0.59164923 0.63669592
0.63649983 0.6368001 0.68139784 0.68141317 0.63669286 0.63684183 0.63657044 0.59164923 0.63669592 0.63664558
0.6368001 0.68139784 0.68141317 0.63669286 0.63684183 0.63657044 0.59164923 0.63669592 0.63664558 0.63676533
0.68139784 0.68141317 0.63669286 0.63684183 0.63657044 0.59164923 0.63669592 0.63664558 0.63676533 0.63652166
0.68141317 0.63669286 0.63684183 0.63657044 0.59164923 0.63669592 0.63664558 0.63676533 0.63652166 0.63671408
0.63669286 0.63684183 0.63657044 0.59164923 0.63669592 0.63664558 0.63676533 0.63652166 0.63671408 0.63654974
0.63684183 0.63657044 0.59164923 0.63669592 0.63664558 0.63676533 0.63652166 0.63671408 0.63654974 0.63662293
0.63657044 0.59164923 0.63669592 0.63664558 0.63676533 0.63652166 0.63671408 0.63654974 0.63662293 0.63666705
0.59164923 0.63669592 0.63664558 0.63676533 0.63652166 0.63671408 0.63654974 0.63662293 0.63666705 0.63660594
0.63669592 0.63664558 0.63676533 0.63652166 0.63671408 0.63654974 0.63662293 0.63666705 0.63660594 0.59170094
0.63664558 0.63676533 0.63652166 0.63671408 0.63654974 0.63662293 0.63666705 0.63660594 0.59170094 0.59192271
0.63676533 0.63652166 0.63671408 0.63654974 0.63662293 0.63666705 0.63660594 0.59170094 0.59192271 0.63678639
0.63652166 0.63671408 0.63654974 0.63662293 0.63666705 0.63660594 0.59170094 0.59192271 0.63678639 0.63675191
0.63671408 0.63654974 0.63662293 0.63666705 0.63660594 0.59170094 0.59192271 0.63678639 0.63675191 0.63681444
0.63654974 0.63662293 0.63666705 0.63660594 0.59170094 0.59192271 0.63678639 0.63675191 0.63681444 0.63660946
0.63662293 0.63666705 0.63660594 0.59170094 0.59192271 0.63678639 0.63675191 0.63681444 0.63660946 0.63673149
0.63666705 0.63660594 0.59170094 0.59192271 0.63678639 0.63675191 0.63681444 0.63660946 0.63673149 0.63684951
0.63660594 0.59170094 0.59192271 0.63678639 0.63675191 0.63681444 0.63660946 0.63673149 0.63684951 0.59186124
0.59170094 0.59192271 0.63678639 0.63675191 0.63681444 0.63660946 0.63673149 0.63684951 0.59186124 0.59183276
0.59192271 0.63678639 0.63675191 0.63681444 0.63660946 0.63673149 0.63684951 0.59186124 0.59183276 0.59182041
0.63678639 0.63675191 0.63681444 0.63660946 0.63673149 0.63684951 0.59186124 0.59183276 0.59182041 0.63661787
0.63675191 0.63681444 0.63660946 0.63673149 0.63684951 0.59186124 0.59183276 0.59182041 0.63661787 0.59169472
0.63681444 0.63660946 0.63673149 0.63684951 0.59186124 0.59183276 0.59182041 0.63661787 0.59169472 0.59202594
0.63660946 0.63673149 0.63684951 0.59186124 0.59183276 0.59182041 0.63661787 0.59169472 0.59202594 0.63662374
0.63673149 0.63684951 0.59186124 0.59183276 0.59182041 0.63661787 0.59169472 0.59202594 0.63662374 0.59170601
0.63684951 0.59186124 0.59183276 0.59182041 0.63661787 0.59169472 0.59202594 0.63662374 0.59170601 0.59165953
0.59186124 0.59183276 0.59182041 0.63661787 0.59169472 0.59202594 0.63662374 0.59170601 0.59165953 0.59181955
0.59183276 0.59182041 0.63661787 0.59169472 0.59202594 0.63662374 0.59170601 0.59165953 0.59181955 0.59187343
0.59182041 0.63661787 0.59169472 0.59202594 0.63662374 0.59170601 0.59165953 0.59181955 0.59187343 0.59174487
0.63661787 0.59169472 0.59202594 0.63662374 0.59170601 0.59165953 0.59181955 0.59187343 0.59174487 0.59185933
0.59169472 0.59202594 0.63662374 0.59170601 0.59165953 0.59181955 0.59187343 0.59174487 0.59185933 0.59181374
0.59202594 0.63662374 0.59170601 0.59165953 0.59181955 0.59187343 0.59174487 0.59185933 0.59181374 0.5917425000000001
0.63662374 0.59170601 0.59165953 0.59181955 0.59187343 0.59174487 0.59185933 0.59181374 0.5917425000000001 0.591857
0.59170601 0.59165953 0.59181955 0.59187343 0.59174487 0.59185933 0.59181374 0.5917425000000001 0.591857 0.59188011
0.59165953 0.59181955 0.59187343 0.59174487 0.59185933 0.59181374 0.5917425000000001 0.591857 0.59188011 0.59200671
0.59181955 0.59187343 0.59174487 0.59185933 0.59181374 0.5917425000000001 0.591857 0.59188011 0.59200671 0.59192264
0.59187343 0.59174487 0.59185933 0.59181374 0.5917425000000001 0.591857 0.59188011 0.59200671 0.59192264 0.59196703
0.59174487 0.59185933 0.59181374 0.5917425000000001 0.591857 0.59188011 0.59200671 0.59192264 0.59196703 0.54706399
0.59185933 0.59181374 0.5917425000000001 0.591857 0.59188011 0.59200671 0.59192264 0.59196703 0.54706399 0.5470038
0.59181374 0.5917425000000001 0.591857 0.59188011 0.59200671 0.59192264 0.59196703 0.54706399 0.5470038 0.63666951
0.5917425000000001 0.591857 0.59188011 0.59200671 0.59192264 0.59196703 0.54706399 0.5470038 0.63666951 0.59177488
0.591857 0.59188011 0.59200671 0.59192264 0.59196703 0.54706399 0.5470038 0.63666951 0.59177488 0.59182537
0.59188011 0.59200671 0.59192264 0.59196703 0.54706399 0.5470038 0.63666951 0.59177488 0.59182537 0.59178018
0.59200671 0.59192264 0.59196703 0.54706399 0.5470038 0.63666951 0.59177488 0.59182537 0.59178018 0.59174422
0.59192264 0.59196703 0.54706399 0.5470038 0.63666951 0.59177488 0.59182537 0.59178018 0.59174422 0.5468805999999999
0.59196703 0.54706399 0.5470038 0.63666951 0.59177488 0.59182537 0.59178018 0.59174422 0.5468805999999999 0.59181355
0.54706399 0.5470038 0.63666951 0.59177488 0.59182537 0.59178018 0.59174422 0.5468805999999999 0.59181355 0.591729
0.5470038 0.63666951 0.59177488 0.59182537 0.59178018 0.59174422 0.5468805999999999 0.59181355 0.591729 0.59198713
0.63666951 0.59177488 0.59182537 0.59178018 0.59174422 0.5468805999999999 0.59181355 0.591729 0.59198713 0.59186358
0.59177488 0.59182537 0.59178018 0.59174422 0.5468805999999999 0.59181355 0.591729 0.59198713 0.59186358 0.59166252
0.59182537 0.59178018 0.59174422 0.5468805999999999 0.59181355 0.591729 0.59198713 0.59186358 0.59166252 0.59177251
0.59178018 0.59174422 0.5468805999999999 0.59181355 0.591729 0.59198713 0.59186358 0.59166252 0.59177251 0.59167117
0.59174422 0.5468805999999999 0.59181355 0.591729 0.59198713 0.59186358 0.59166252 0.59177251 0.59167117 0.59158205
0.5468805999999999 0.59181355 0.591729 0.59198713 0.59186358 0.59166252 0.59177251 0.59167117 0.59158205 0.54705301
0.59181355 0.591729 0.59198713 0.59186358 0.59166252 0.59177251 0.59167117 0.59158205 0.54705301 0.54700144
0.591729 0.59198713 0.59186358 0.59166252 0.59177251 0.59167117 0.59158205 0.54705301 0.54700144 0.54672747
0.59198713 0.59186358 0.59166252 0.59177251 0.59167117 0.59158205 0.54705301 0.54700144 0.54672747 0.54708029
0.59186358 0.59166252 0.59177251 0.59167117 0.59158205 0.54705301 0.54700144 0.54672747 0.54708029 0.54687781
0.59166252 0.59177251 0.59167117 0.59158205 0.54705301 0.54700144 0.54672747 0.54708029 0.54687781 0.59163537
0.59177251 0.59167117 0.59158205 0.54705301 0.54700144 0.54672747 0.54708029 0.54687781 0.59163537 0.5918415
0.59167117 0.59158205 0.54705301 0.54700144 0.54672747 0.54708029 0.54687781 0.59163537 0.5918415 0.54703775
0.59158205 0.54705301 0.54700144 0.54672747 0.54708029 0.54687781 0.59163537 0.5918415 0.54703775 0.54691631
0.54705301 0.54700144 0.54672747 0.54708029 0.54687781 0.59163537 0.5918415 0.54703775 0.54691631 0.59186115
0.54700144 0.54672747 0.54708029 0.54687781 0.59163537 0.5918415 0.54703775 0.54691631 0.59186115 0.59184792
0.54672747 0.54708029 0.54687781 0.59163537 0.5918415 0.54703775 0.54691631 0.59186115 0.59184792 0.54699351
0.54708029 0.54687781 0.59163537 0.5918415 0.54703775 0.54691631 0.59186115 0.59184792 0.54699351 0.54715429
0.54687781 0.59163537 0.5918415 0.54703775 0.54691631 0.59186115 0.59184792 0.54699351 0.54715429 0.54675061
0.59163537 0.5918415 0.54703775 0.54691631 0.59186115 0.59184792 0.54699351 0.54715429 0.54675061 0.54681278
0.5918415 0.54703775 0.54691631 0.59186115 0.59184792 0.54699351 0.54715429 0.54675061 0.54681278 0.54677955
0.54703775 0.54691631 0.59186115 0.59184792 0.54699351 0.54715429 0.54675061 0.54681278 0.54677955 0.54706121
0.54691631 0.59186115 0.59184792 0.54699351 0.54715429 0.54675061 0.54681278 0.54677955 0.54706121 0.27781809
0.59186115 0.59184792 0.54699351 0.54715429 0.54675061 0.54681278 0.54677955 0.54706121 0.27781809 0.27782631
0.59184792 0.54699351 0.54715429 0.54675061 0.54681278 0.54677955 0.54706121 0.27781809 0.27782631 -1.3826448
0.54699351 0.54715429 0.54675061 0.54681278 0.54677955 0.54706121 0.27781809 0.27782631 -1.3826448 -1.3824125
0.54715429 0.54675061 0.54681278 0.54677955 0.54706121 0.27781809 0.27782631 -1.3826448 -1.3824125 -1.3823054
0.54675061 0.54681278 0.54677955 0.54706121 0.27781809 0.27782631 -1.3826448 -1.3824125 -1.3823054 -1.3823727
0.54681278 0.54677955 0.54706121 0.27781809 0.27782631 -1.3826448 -1.3824125 -1.3823054 -1.3823727 -1.3822983999999998
0.54677955 0.54706121 0.27781809 0.27782631 -1.3826448 -1.3824125 -1.3823054 -1.3823727 -1.3822983999999998 -1.3824276000000002
0.54706121 0.27781809 0.27782631 -1.3826448 -1.3824125 -1.3823054 -1.3823727 -1.3822983999999998 -1.3824276000000002 -1.3823325
0.27781809 0.27782631 -1.3826448 -1.3824125 -1.3823054 -1.3823727 -1.3822983999999998 -1.3824276000000002 -1.3823325 -1.382342
0.27782631 -1.3826448 -1.3824125 -1.3823054 -1.3823727 -1.3822983999999998 -1.3824276000000002 -1.3823325 -1.382342 -1.3824923
-1.3826448 -1.3824125 -1.3823054 -1.3823727 -1.3822983999999998 -1.3824276000000002 -1.3823325 -1.382342 -1.3824923 -1.3823406999999999
-1.3824125 -1.3823054 -1.3823727 -1.3822983999999998 -1.3824276000000002 -1.3823325 -1.382342 -1.3824923 -1.3823406999999999 -1.3823671
-1.3823054 -1.3823727 -1.3822983999999998 -1.3824276000000002 -1.3823325 -1.382342 -1.3824923 -1.3823406999999999 -1.3823671 -1.3825339
-1.3823727 -1.3822983999999998 -1.3824276000000002 -1.3823325 -1.382342 -1.3824923 -1.3823406999999999 -1.3823671 -1.3825339 -1.3822869
-1.3822983999999998 -1.3824276000000002 -1.3823325 -1.382342 -1.3824923 -1.3823406999999999 -1.3823671 -1.3825339 -1.3822869 -1.3825936
-1.3824276000000002 -1.3823325 -1.382342 -1.3824923 -1.3823406999999999 -1.3823671 -1.3825339 -1.3822869 -1.3825936 -1.3825813999999998
-1.3823325 -1.382342 -1.3824923 -1.3823406999999999 -1.3823671 -1.3825339 -1.3822869 -1.3825936 -1.3825813999999998 -1.3825450000000001
-1.382342 -1.3824923 -1.3823406999999999 -1.3823671 -1.3825339 -1.3822869 -1.3825936 -1.3825813999999998 -1.3825450000000001 -1.3825459
-1.3824923 -1.3823406999999999 -1.3823671 -1.3825339 -1.3822869 -1.3825936 -1.3825813999999998 -1.3825450000000001 -1.3825459 -1.3823558
-1.3823406999999999 -1.3823671 -1.3825339 -1.3822869 -1.3825936 -1.3825813999999998 -1.3825450000000001 -1.3825459 -1.3823558 -1.3826562
-1.3823671 -1.3825339 -1.3822869 -1.3825936 -1.3825813999999998 -1.3825450000000001 -1.3825459 -1.3823558 -1.3826562 -1.3826694
-1.3825339 -1.3822869 -1.3825936 -1.3825813999999998 -1.3825450000000001 -1.3825459 -1.3823558 -1.3826562 -1.3826694 -1.3826281999999999
-1.3822869 -1.3825936 -1.3825813999999998 -1.3825450000000001 -1.3825459 -1.3823558 -1.3826562 -1.3826694 -1.3826281999999999 -1.3826152
-1.3825936 -1.3825813999999998 -1.3825450000000001 -1.3825459 -1.3823558 -1.3826562 -1.3826694 -1.3826281999999999 -1.3826152 -1.3825885
-1.3825813999999998 -1.3825450000000001 -1.3825459 -1.3823558 -1.3826562 -1.3826694 -1.3826281999999999 -1.3826152 -1.3825885 -1.3823749
-1.3825450000000001 -1.3825459 -1.3823558 -1.3826562 -1.3826694 -1.3826281999999999 -1.3826152 -1.3825885 -1.3823749 -1.3823442
-1.3825459 -1.3823558 -1.3826562 -1.3826694 -1.3826281999999999 -1.3826152 -1.3825885 -1.3823749 -1.3823442 -1.3824471999999999
-1.3823558 -1.3826562 -1.3826694 -1.3826281999999999 -1.3826152 -1.3825885 -1.3823749 -1.3823442 -1.3824471999999999 -1.3824549
-1.3826562 -1.3826694 -1.3826281999999999 -1.3826152 -1.3825885 -1.3823749 -1.3823442 -1.3824471999999999 -1.3824549 -1.3824444
-1.3826694 -1.3826281999999999 -1.3826152 -1.3825885 -1.3823749 -1.3823442 -1.3824471999999999 -1.3824549 -1.3824444 -1.382391
-1.3826281999999999 -1.3826152 -1.3825885 -1.3823749 -1.3823442 -1.3824471999999999 -1.3824549 -1.3824444 -1.382391 -1.3825209999999999
-1.3826152 -1.3825885 -1.3823749 -1.3823442 -1.3824471999999999 -1.3824549 -1.3824444 -1.382391 -1.3825209999999999 -1.3824067
-1.3825885 -1.3823749 -1.3823442 -1.3824471999999999 -1.3824549 -1.3824444 -1.382391 -1.3825209999999999 -1.3824067 -1.3823959
-1.3823749 -1.3823442 -1.3824471999999999 -1.3824549 -1.3824444 -1.382391 -1.3825209999999999 -1.3824067 -1.3823959 -1.3824162
-1.3823442 -1.3824471999999999 -1.3824549 -1.3824444 -1.382391 -1.3825209999999999 -1.3824067 -1.3823959 -1.3824162 -1.3822777
-1.3824471999999999 -1.3824549 -1.3824444 -1.382391 -1.3825209999999999 -1.3824067 -1.3823959 -1.3824162 -1.3822777 -1.3822758
-1.3824549 -1.3824444 -1.382391 -1.3825209999999999 -1.3824067 -1.3823959 -1.3824162 -1.3822777 -1.3822758 -1.3823396000000001
-1.3824444 -1.382391 -1.3825209999999999 -1.3824067 -1.3823959 -1.3824162 -1.3822777 -1.3822758 -1.3823396000000001 -1.3823408000000001
-1.382391 -1.3825209999999999 -1.3824067 -1.3823959 -1.3824162 -1.3822777 -1.3822758 -1.3823396000000001 -1.3823408000000001 -1.382655
-1.3825209999999999 -1.3824067 -1.3823959 -1.3824162 -1.3822777 -1.3822758 -1.3823396000000001 -1.3823408000000001 -1.382655 -1.3825318000000002
-1.3824067 -1.3823959 -1.3824162 -1.3822777 -1.3822758 -1.3823396000000001 -1.3823408000000001 -1.382655 -1.3825318000000002 -1.3823527
-1.3823959 -1.3824162 -1.3822777 -1.3822758 -1.3823396000000001 -1.3823408000000001 -1.382655 -1.3825318000000002 -1.3823527 -1.3824302
-1.3824162 -1.3822777 -1.3822758 -1.3823396000000001 -1.3823408000000001 -1.382655 -1.3825318000000002 -1.3823527 -1.3824302 -1.3823983999999998
-1.3822777 -1.3822758 -1.3823396000000001 -1.3823408000000001 -1.382655 -1.3825318000000002 -1.3823527 -1.3824302 -1.3823983999999998 -1.3824334999999999
-1.3822758 -1.3823396000000001 -1.3823408000000001 -1.382655 -1.3825318000000002 -1.3823527 -1.3824302 -1.3823983999999998 -1.3824334999999999 -1.3825841
-1.3823396000000001 -1.3823408000000001 -1.382655 -1.3825318000000002 -1.3823527 -1.3824302 -1.3823983999999998 -1.3824334999999999 -1.3825841 -1.3825351000000001
-1.3823408000000001 -1.382655 -1.3825318000000002 -1.3823527 -1.3824302 -1.3823983999999998 -1.3824334999999999 -1.3825841 -1.3825351000000001 -1.382474
-1.382655 -1.3825318000000002 -1.3823527 -1.3824302 -1.3823983999999998 -1.3824334999999999 -1.3825841 -1.3825351000000001 -1.382474 -1.3826847
-1.3825318000000002 -1.3823527 -1.3824302 -1.3823983999999998 -1.3824334999999999 -1.3825841 -1.3825351000000001 -1.382474 -1.3826847 -1.3824515
-1.3823527 -1.3824302 -1.3823983999999998 -1.3824334999999999 -1.3825841 -1.3825351000000001 -1.382474 -1.3826847 -1.3824515 -1.3826809
-1.3824302 -1.3823983999999998 -1.3824334999999999 -1.3825841 -1.3825351000000001 -1.382474 -1.3826847 -1.3824515 -1.3826809 -1.3825722
-1.3823983999999998 -1.3824334999999999 -1.3825841 -1.3825351000000001 -1.382474 -1.3826847 -1.3824515 -1.3826809 -1.3825722 -1.3826243999999999
-1.3824334999999999 -1.3825841 -1.3825351000000001 -1.382474 -1.3826847 -1.3824515 -1.3826809 -1.3825722 -1.3826243999999999 -1.3824731000000001
