-1.1143492 -1.1143178 -1.1145254999999998 -1.1143606000000001 -1.1145566 -1.1145391000000002 -1.1146208 -1.1143337 -1.1144041 -1.1142854
-1.1143178 -1.1145254999999998 -1.1143606000000001 -1.1145566 -1.1145391000000002 -1.1146208 -1.1143337 -1.1144041 -1.1142854 -1.1143253999999998
-1.1145254999999998 -1.1143606000000001 -1.1145566 -1.1145391000000002 -1.1146208 -1.1143337 -1.1144041 -1.1142854 -1.1143253999999998 -1.1146368999999998
-1.1143606000000001 -1.1145566 -1.1145391000000002 -1.1146208 -1.1143337 -1.1144041 -1.1142854 -1.1143253999999998 -1.1146368999999998 -1.1145824
-1.1145566 -1.1145391000000002 -1.1146208 -1.1143337 -1.1144041 -1.1142854 -1.1143253999999998 -1.1146368999999998 -1.1145824 -1.1146186000000002
-1.1145391000000002 -1.1146208 -1.1143337 -1.1144041 -1.1142854 -1.1143253999999998 -1.1146368999999998 -1.1145824 -1.1146186000000002 -1.1147035
-1.1146208 -1.1143337 -1.1144041 -1.1142854 -1.1143253999999998 -1.1146368999999998 -1.1145824 -1.1146186000000002 -1.1147035 -1.1145577
-1.1143337 -1.1144041 -1.1142854 -1.1143253999999998 -1.1146368999999998 -1.1145824 -1.1146186000000002 -1.1147035 -1.1145577 -1.1145378000000001
-1.1144041 -1.1142854 -1.1143253999999998 -1.1146368999999998 -1.1145824 -1.1146186000000002 -1.1147035 -1.1145577 -1.1145378000000001 -1.1145938
-1.1142854 -1.1143253999999998 -1.1146368999999998 -1.1145824 -1.1146186000000002 -1.1147035 -1.1145577 -1.1145378000000001 -1.1145938 -1.1145515
-1.1143253999999998 -1.1146368999999998 -1.1145824 -1.1146186000000002 -1.1147035 -1.1145577 -1.1145378000000001 -1.1145938 -1.1145515 -1.1143433999999999
-1.1146368999999998 -1.1145824 -1.1146186000000002 -1.1147035 -1.1145577 -1.1145378000000001 -1.1145938 -1.1145515 -1.1143433999999999 -1.11437
-1.1145824 -1.1146186000000002 -1.1147035 -1.1145577 -1.1145378000000001 -1.1145938 -1.1145515 -1.1143433999999999 -1.11437 -1.1143299999999998
-1.1146186000000002 -1.1147035 -1.1145577 -1.1145378000000001 -1.1145938 -1.1145515 -1.1143433999999999 -1.11437 -1.1143299999999998 -1.114327
-1.1147035 -1.1145577 -1.1145378000000001 -1.1145938 -1.1145515 -1.1143433999999999 -1.11437 -1.1143299999999998 -1.114327 -1.1144628
-1.1145577 -1.1145378000000001 -1.1145938 -1.1145515 -1.1143433999999999 -1.11437 -1.1143299999999998 -1.114327 -1.1144628 -1.1143006000000002
-1.1145378000000001 -1.1145938 -1.1145515 -1.1143433999999999 -1.11437 -1.1143299999999998 -1.114327 -1.1144628 -1.1143006000000002 -1.1145771
-1.1145938 -1.1145515 -1.1143433999999999 -1.11437 -1.1143299999999998 -1.114327 -1.1144628 -1.1143006000000002 -1.1145771 -1.1145388
-1.1145515 -1.1143433999999999 -1.11437 -1.1143299999999998 -1.114327 -1.1144628 -1.1143006000000002 -1.1145771 -1.1145388 -1.1145246000000002
-1.1143433999999999 -1.11437 -1.1143299999999998 -1.114327 -1.1144628 -1.1143006000000002 -1.1145771 -1.1145388 -1.1145246000000002 -1.1145875
-1.11437 -1.1143299999999998 -1.114327 -1.1144628 -1.1143006000000002 -1.1145771 -1.1145388 -1.1145246000000002 -1.1145875 -1.1143825
-1.1143299999999998 -1.114327 -1.1144628 -1.1143006000000002 -1.1145771 -1.1145388 -1.1145246000000002 -1.1145875 -1.1143825 -1.114426
-1.114327 -1.1144628 -1.1143006000000002 -1.1145771 -1.1145388 -1.1145246000000002 -1.1145875 -1.1143825 -1.114426 -1.1146645
-1.1144628 -1.1143006000000002 -1.1145771 -1.1145388 -1.1145246000000002 -1.1145875 -1.1143825 -1.114426 -1.1146645 -1.1144166000000002
-1.1143006000000002 -1.1145771 -1.1145388 -1.1145246000000002 -1.1145875 -1.1143825 -1.114426 -1.1146645 -1.1144166000000002 -1.1145128999999998
-1.1145771 -1.1145388 -1.1145246000000002 -1.1145875 -1.1143825 -1.114426 -1.1146645 -1.1144166000000002 -1.1145128999999998 -1.1143534
-1.1145388 -1.1145246000000002 -1.1145875 -1.1143825 -1.114426 -1.1146645 -1.1144166000000002 -1.1145128999999998 -1.1143534 -1.1145675
-1.1145246000000002 -1.1145875 -1.1143825 -1.114426 -1.1146645 -1.1144166000000002 -1.1145128999999998 -1.1143534 -1.1145675 -1.1144562
-1.1145875 -1.1143825 -1.114426 -1.1146645 -1.1144166000000002 -1.1145128999999998 -1.1143534 -1.1145675 -1.1144562 -1.1143513999999999
-1.1143825 -1.114426 -1.1146645 -1.1144166000000002 -1.1145128999999998 -1.1143534 -1.1145675 -1.1144562 -1.1143513999999999 -1.1143476
-1.114426 -1.1146645 -1.1144166000000002 -1.1145128999999998 -1.1143534 -1.1145675 -1.1144562 -1.1143513999999999 -1.1143476 -1.1144071000000002
-1.1146645 -1.1144166000000002 -1.1145128999999998 -1.1143534 -1.1145675 -1.1144562 -1.1143513999999999 -1.1143476 -1.1144071000000002 -1.1144935
-1.1144166000000002 -1.1145128999999998 -1.1143534 -1.1145675 -1.1144562 -1.1143513999999999 -1.1143476 -1.1144071000000002 -1.1144935 -1.1142862
-1.1145128999999998 -1.1143534 -1.1145675 -1.1144562 -1.1143513999999999 -1.1143476 -1.1144071000000002 -1.1144935 -1.1142862 -1.1146744
-1.1143534 -1.1145675 -1.1144562 -1.1143513999999999 -1.1143476 -1.1144071000000002 -1.1144935 -1.1142862 -1.1146744 -1.114426
-1.1145675 -1.1144562 -1.1143513999999999 -1.1143476 -1.1144071000000002 -1.1144935 -1.1142862 -1.1146744 -1.114426 -1.1145382
-1.1144562 -1.1143513999999999 -1.1143476 -1.1144071000000002 -1.1144935 -1.1142862 -1.1146744 -1.114426 -1.1145382 -1.1146837
-1.1143513999999999 -1.1143476 -1.1144071000000002 -1.1144935 -1.1142862 -1.1146744 -1.114426 -1.1145382 -1.1146837 -1.1143556000000001
-1.1143476 -1.1144071000000002 -1.1144935 -1.1142862 -1.1146744 -1.114426 -1.1145382 -1.1146837 -1.1143556000000001 -1.1144713
-1.1144071000000002 -1.1144935 -1.1142862 -1.1146744 -1.114426 -1.1145382 -1.1146837 -1.1143556000000001 -1.1144713 -1.1143464
-1.1144935 -1.1142862 -1.1146744 -1.114426 -1.1145382 -1.1146837 -1.1143556000000001 -1.1144713 -1.1143464 -1.1143536
-1.1142862 -1.1146744 -1.114426 -1.1145382 -1.1146837 -1.1143556000000001 -1.1144713 -1.1143464 -1.1143536 1.3118733
-1.1146744 -1.114426 -1.1145382 -1.1146837 -1.1143556000000001 -1.1144713 -1.1143464 -1.1143536 1.3118733 1.3117808000000002
-1.114426 -1.1145382 -1.1146837 -1.1143556000000001 -1.1144713 -1.1143464 -1.1143536 1.3118733 1.3117808000000002 1.311715
-1.1145382 -1.1146837 -1.1143556000000001 -1.1144713 -1.1143464 -1.1143536 1.3118733 1.3117808000000002 1.311715 1.3967565
-1.1146837 -1.1143556000000001 -1.1144713 -1.1143464 -1.1143536 1.3118733 1.3117808000000002 1.311715 1.3967565 1.396828
-1.1143556000000001 -1.1144713 -1.1143464 -1.1143536 1.3118733 1.3117808000000002 1.311715 1.3967565 1.396828 1.3968572
-1.1144713 -1.1143464 -1.1143536 1.3118733 1.3117808000000002 1.311715 1.3967565 1.396828 1.3968572 1.3968666
-1.1143464 -1.1143536 1.3118733 1.3117808000000002 1.311715 1.3967565 1.396828 1.3968572 1.3968666 1.3118534
-1.1143536 1.3118733 1.3117808000000002 1.311715 1.3967565 1.396828 1.3968572 1.3968666 1.3118534 1.2690286
1.3118733 1.3117808000000002 1.311715 1.3967565 1.396828 1.3968572 1.3968666 1.3118534 1.2690286 1.2690264999999998
1.3117808000000002 1.311715 1.3967565 1.396828 1.3968572 1.3968666 1.3118534 1.2690286 1.2690264999999998 1.184118
1.311715 1.3967565 1.396828 1.3968572 1.3968666 1.3118534 1.2690286 1.2690264999999998 1.184118 1.1842122
1.3967565 1.396828 1.3968572 1.3968666 1.3118534 1.2690286 1.2690264999999998 1.184118 1.1842122 1.1416202
1.396828 1.3968572 1.3968666 1.3118534 1.2690286 1.2690264999999998 1.184118 1.1842122 1.1416202 1.1414452
1.3968572 1.3968666 1.3118534 1.2690286 1.2690264999999998 1.184118 1.1842122 1.1416202 1.1414452 1.0989613
1.3968666 1.3118534 1.2690286 1.2690264999999998 1.184118 1.1842122 1.1416202 1.1414452 1.0989613 1.0987607
1.3118534 1.2690286 1.2690264999999998 1.184118 1.1842122 1.1416202 1.1414452 1.0989613 1.0987607 1.0988255
1.2690286 1.2690264999999998 1.184118 1.1842122 1.1416202 1.1414452 1.0989613 1.0987607 1.0988255 1.0563499
1.2690264999999998 1.184118 1.1842122 1.1416202 1.1414452 1.0989613 1.0987607 1.0988255 1.0563499 1.0561338
1.184118 1.1842122 1.1416202 1.1414452 1.0989613 1.0987607 1.0988255 1.0563499 1.0561338 1.0565015
1.1842122 1.1416202 1.1414452 1.0989613 1.0987607 1.0988255 1.0563499 1.0561338 1.0565015 1.013925
1.1416202 1.1414452 1.0989613 1.0987607 1.0988255 1.0563499 1.0561338 1.0565015 1.013925 1.0563307
1.1414452 1.0989613 1.0987607 1.0988255 1.0563499 1.0561338 1.0565015 1.013925 1.0563307 1.0563821000000002
1.0989613 1.0987607 1.0988255 1.0563499 1.0561338 1.0565015 1.013925 1.0563307 1.0563821000000002 1.0138806
1.0987607 1.0988255 1.0563499 1.0561338 1.0565015 1.013925 1.0563307 1.0563821000000002 1.0138806 1.01379
1.0988255 1.0563499 1.0561338 1.0565015 1.013925 1.0563307 1.0563821000000002 1.0138806 1.01379 1.0138589
1.0563499 1.0561338 1.0565015 1.013925 1.0563307 1.0563821000000002 1.0138806 1.01379 1.0138589 0.97140758
1.0561338 1.0565015 1.013925 1.0563307 1.0563821000000002 1.0138806 1.01379 1.0138589 0.97140758 0.97122926
1.0565015 1.013925 1.0563307 1.0563821000000002 1.0138806 1.01379 1.0138589 0.97140758 0.97122926 0.97135663
1.013925 1.0563307 1.0563821000000002 1.0138806 1.01379 1.0138589 0.97140758 0.97122926 0.97135663 0.97140274
1.0563307 1.0563821000000002 1.0138806 1.01379 1.0138589 0.97140758 0.97122926 0.97135663 0.97140274 0.97132854
1.0563821000000002 1.0138806 1.01379 1.0138589 0.97140758 0.97122926 0.97135663 0.97140274 0.97132854 0.97114192
1.0138806 1.01379 1.0138589 0.97140758 0.97122926 0.97135663 0.97140274 0.97132854 0.97114192 0.92873433
1.01379 1.0138589 0.97140758 0.97122926 0.97135663 0.97140274 0.97132854 0.97114192 0.92873433 0.92850985
1.0138589 0.97140758 0.97122926 0.97135663 0.97140274 0.97132854 0.97114192 0.92873433 0.92850985 0.92868293
0.97140758 0.97122926 0.97135663 0.97140274 0.97132854 0.97114192 0.92873433 0.92850985 0.92868293 0.97106991
0.97122926 0.97135663 0.97140274 0.97132854 0.97114192 0.92873433 0.92850985 0.92868293 0.97106991 0.97127037
0.97135663 0.97140274 0.97132854 0.97114192 0.92873433 0.92850985 0.92868293 0.97106991 0.97127037 0.92858678
0.97140274 0.97132854 0.97114192 0.92873433 0.92850985 0.92868293 0.97106991 0.97127037 0.92858678 0.92878401
0.97132854 0.97114192 0.92873433 0.92850985 0.92868293 0.97106991 0.97127037 0.92858678 0.92878401 0.92869414
0.97114192 0.92873433 0.92850985 0.92868293 0.97106991 0.97127037 0.92858678 0.92878401 0.92869414 0.92846017
0.92873433 0.92850985 0.92868293 0.97106991 0.97127037 0.92858678 0.92878401 0.92869414 0.92846017 0.92877885
0.92850985 0.92868293 0.97106991 0.97127037 0.92858678 0.92878401 0.92869414 0.92846017 0.92877885 0.92861469
0.92868293 0.97106991 0.97127037 0.92858678 0.92878401 0.92869414 0.92846017 0.92877885 0.92861469 0.92848339
0.97106991 0.97127037 0.92858678 0.92878401 0.92869414 0.92846017 0.92877885 0.92861469 0.92848339 0.92863191
0.97127037 0.92858678 0.92878401 0.92869414 0.92846017 0.92877885 0.92861469 0.92848339 0.92863191 0.92848195
0.92858678 0.92878401 0.92869414 0.92846017 0.92877885 0.92861469 0.92848339 0.92863191 0.92848195 0.8860281999999999
0.92878401 0.92869414 0.92846017 0.92877885 0.92861469 0.92848339 0.92863191 0.92848195 0.8860281999999999 0.88628728
0.92869414 0.92846017 0.92877885 0.92861469 0.92848339 0.92863191 0.92848195 0.8860281999999999 0.88628728 0.88589302
0.92846017 0.92877885 0.92861469 0.92848339 0.92863191 0.92848195 0.8860281999999999 0.88628728 0.88589302 0.88623355
0.92877885 0.92861469 0.92848339 0.92863191 0.92848195 0.8860281999999999 0.88628728 0.88589302 0.88623355 0.88619966
0.92861469 0.92848339 0.92863191 0.92848195 0.8860281999999999 0.88628728 0.88589302 0.88623355 0.88619966 0.88620178
0.92848339 0.92863191 0.92848195 0.8860281999999999 0.88628728 0.88589302 0.88623355 0.88619966 0.88620178 0.88588361
0.92863191 0.92848195 0.8860281999999999 0.88628728 0.88589302 0.88623355 0.88619966 0.88620178 0.88588361 0.88611858
0.92848195 0.8860281999999999 0.88628728 0.88589302 0.88623355 0.88619966 0.88620178 0.88588361 0.88611858 0.88595177
0.8860281999999999 0.88628728 0.88589302 0.88623355 0.88619966 0.88620178 0.88588361 0.88611858 0.88595177 0.88597642
0.88628728 0.88589302 0.88623355 0.88619966 0.88620178 0.88588361 0.88611858 0.88595177 0.88597642 0.88596015
0.88589302 0.88623355 0.88619966 0.88620178 0.88588361 0.88611858 0.88595177 0.88597642 0.88596015 0.88625028
0.88623355 0.88619966 0.88620178 0.88588361 0.88611858 0.88595177 0.88597642 0.88596015 0.88625028 0.84348596
0.88619966 0.88620178 0.88588361 0.88611858 0.88595177 0.88597642 0.88596015 0.88625028 0.84348596 0.84364209
0.88620178 0.88588361 0.88611858 0.88595177 0.88597642 0.88596015 0.88625028 0.84348596 0.84364209 0.84356497
0.88588361 0.88611858 0.88595177 0.88597642 0.88596015 0.88625028 0.84348596 0.84364209 0.84356497 0.88622036
0.88611858 0.88595177 0.88597642 0.88596015 0.88625028 0.84348596 0.84364209 0.84356497 0.88622036 0.88596424
0.88595177 0.88597642 0.88596015 0.88625028 0.84348596 0.84364209 0.84356497 0.88622036 0.88596424 0.8862901
0.88597642 0.88596015 0.88625028 0.84348596 0.84364209 0.84356497 0.88622036 0.88596424 0.8862901 0.88621774
0.88596015 0.88625028 0.84348596 0.84364209 0.84356497 0.88622036 0.88596424 0.8862901 0.88621774 0.84350993
0.88625028 0.84348596 0.84364209 0.84356497 0.88622036 0.88596424 0.8862901 0.88621774 0.84350993 0.8435661
0.84348596 0.84364209 0.84356497 0.88622036 0.88596424 0.8862901 0.88621774 0.84350993 0.8435661 0.84371685
0.84364209 0.84356497 0.88622036 0.88596424 0.8862901 0.88621774 0.84350993 0.8435661 0.84371685 0.84342094
0.84356497 0.88622036 0.88596424 0.8862901 0.88621774 0.84350993 0.8435661 0.84371685 0.84342094 0.84338413
0.88622036 0.88596424 0.8862901 0.88621774 0.84350993 0.8435661 0.84371685 0.84342094 0.84338413 0.84358367
0.88596424 0.8862901 0.88621774 0.84350993 0.8435661 0.84371685 0.84342094 0.84338413 0.84358367 0.84364985
0.8862901 0.88621774 0.84350993 0.8435661 0.84371685 0.84342094 0.84338413 0.84358367 0.84364985 0.84343305
0.88621774 0.84350993 0.8435661 0.84371685 0.84342094 0.84338413 0.84358367 0.84364985 0.84343305 0.8434923000000001
0.84350993 0.8435661 0.84371685 0.84342094 0.84338413 0.84358367 0.84364985 0.84343305 0.8434923000000001 0.84367756
0.8435661 0.84371685 0.84342094 0.84338413 0.84358367 0.84364985 0.84343305 0.8434923000000001 0.84367756 0.84339602
0.84371685 0.84342094 0.84338413 0.84358367 0.84364985 0.84343305 0.8434923000000001 0.84367756 0.84339602 0.84367654
0.84342094 0.84338413 0.84358367 0.84364985 0.84343305 0.8434923000000001 0.84367756 0.84339602 0.84367654 0.84360179
0.84338413 0.84358367 0.84364985 0.84343305 0.8434923000000001 0.84367756 0.84339602 0.84367654 0.84360179 0.8433546999999999
0.84358367 0.84364985 0.84343305 0.8434923000000001 0.84367756 0.84339602 0.84367654 0.84360179 0.8433546999999999 0.84349639
0.84364985 0.84343305 0.8434923000000001 0.84367756 0.84339602 0.84367654 0.84360179 0.8433546999999999 0.84349639 0.8433565000000001
0.84343305 0.8434923000000001 0.84367756 0.84339602 0.84367654 0.84360179 0.8433546999999999 0.84349639 0.8433565000000001 0.84365388
0.8434923000000001 0.84367756 0.84339602 0.84367654 0.84360179 0.8433546999999999 0.84349639 0.8433565000000001 0.84365388 0.84337992
0.84367756 0.84339602 0.84367654 0.84360179 0.8433546999999999 0.84349639 0.8433565000000001 0.84365388 0.84337992 0.84352427
0.84339602 0.84367654 0.84360179 0.8433546999999999 0.84349639 0.8433565000000001 0.84365388 0.84337992 0.84352427 0.80113058
0.84367654 0.84360179 0.8433546999999999 0.84349639 0.8433565000000001 0.84365388 0.84337992 0.84352427 0.80113058 0.80107749
0.84360179 0.8433546999999999 0.84349639 0.8433565000000001 0.84365388 0.84337992 0.84352427 0.80113058 0.80107749 0.80112582
0.8433546999999999 0.84349639 0.8433565000000001 0.84365388 0.84337992 0.84352427 0.80113058 0.80107749 0.80112582 0.84346106
0.84349639 0.8433565000000001 0.84365388 0.84337992 0.84352427 0.80113058 0.80107749 0.80112582 0.84346106 0.84345114
0.8433565000000001 0.84365388 0.84337992 0.84352427 0.80113058 0.80107749 0.80112582 0.84346106 0.84345114 0.80088706
0.84365388 0.84337992 0.84352427 0.80113058 0.80107749 0.80112582 0.84346106 0.84345114 0.80088706 0.80084526
0.84337992 0.84352427 0.80113058 0.80107749 0.80112582 0.84346106 0.84345114 0.80088706 0.80084526 0.80076536
0.84352427 0.80113058 0.80107749 0.80112582 0.84346106 0.84345114 0.80088706 0.80084526 0.80076536 0.80086856
0.80113058 0.80107749 0.80112582 0.84346106 0.84345114 0.80088706 0.80084526 0.80076536 0.80086856 0.80094483
0.80107749 0.80112582 0.84346106 0.84345114 0.80088706 0.80084526 0.80076536 0.80086856 0.80094483 0.80086486
0.80112582 0.84346106 0.84345114 0.80088706 0.80084526 0.80076536 0.80086856 0.80094483 0.80086486 0.8434345
0.84346106 0.84345114 0.80088706 0.80084526 0.80076536 0.80086856 0.80094483 0.80086486 0.8434345 0.84353862
0.84345114 0.80088706 0.80084526 0.80076536 0.80086856 0.80094483 0.80086486 0.8434345 0.84353862 0.8007545
0.80088706 0.80084526 0.80076536 0.80086856 0.80094483 0.80086486 0.8434345 0.84353862 0.8007545 0.80090512
0.80084526 0.80076536 0.80086856 0.80094483 0.80086486 0.8434345 0.84353862 0.8007545 0.80090512 0.80083239
0.80076536 0.80086856 0.80094483 0.80086486 0.8434345 0.84353862 0.8007545 0.80090512 0.80083239 0.84357658
0.80086856 0.80094483 0.80086486 0.8434345 0.84353862 0.8007545 0.80090512 0.80083239 0.84357658 0.84333751
0.80094483 0.80086486 0.8434345 0.84353862 0.8007545 0.80090512 0.80083239 0.84357658 0.84333751 0.80106676
0.80086486 0.8434345 0.84353862 0.8007545 0.80090512 0.80083239 0.84357658 0.84333751 0.80106676 0.84361761
0.8434345 0.84353862 0.8007545 0.80090512 0.80083239 0.84357658 0.84333751 0.80106676 0.84361761 0.84356272
0.84353862 0.8007545 0.80090512 0.80083239 0.84357658 0.84333751 0.80106676 0.84361761 0.84356272 0.8007956
0.8007545 0.80090512 0.80083239 0.84357658 0.84333751 0.80106676 0.84361761 0.84356272 0.8007956 0.80111505
0.80090512 0.80083239 0.84357658 0.84333751 0.80106676 0.84361761 0.84356272 0.8007956 0.80111505 0.80111796
0.80083239 0.84357658 0.84333751 0.80106676 0.84361761 0.84356272 0.8007956 0.80111505 0.80111796 0.80103038
0.84357658 0.84333751 0.80106676 0.84361761 0.84356272 0.8007956 0.80111505 0.80111796 0.80103038 0.80109762
0.84333751 0.80106676 0.84361761 0.84356272 0.8007956 0.80111505 0.80111796 0.80103038 0.80109762 0.80109661
0.80106676 0.84361761 0.84356272 0.8007956 0.80111505 0.80111796 0.80103038 0.80109762 0.80109661 0.8007709
0.84361761 0.84356272 0.8007956 0.80111505 0.80111796 0.80103038 0.80109762 0.80109661 0.8007709 0.80102117
0.84356272 0.8007956 0.80111505 0.80111796 0.80103038 0.80109762 0.80109661 0.8007709 0.80102117 0.80096202
0.8007956 0.80111505 0.80111796 0.80103038 0.80109762 0.80109661 0.8007709 0.80102117 0.80096202 0.80077705
0.80111505 0.80111796 0.80103038 0.80109762 0.80109661 0.8007709 0.80102117 0.80096202 0.80077705 0.80075828
0.80111796 0.80103038 0.80109762 0.80109661 0.8007709 0.80102117 0.80096202 0.80077705 0.80075828 0.80081246
0.80103038 0.80109762 0.80109661 0.8007709 0.80102117 0.80096202 0.80077705 0.80075828 0.80081246 0.80090137
0.80109762 0.80109661 0.8007709 0.80102117 0.80096202 0.80077705 0.80075828 0.80081246 0.80090137 0.80094453
0.80109661 0.8007709 0.80102117 0.80096202 0.80077705 0.80075828 0.80081246 0.80090137 0.80094453 0.80107613
0.8007709 0.80102117 0.80096202 0.80077705 0.80075828 0.80081246 0.80090137 0.80094453 0.80107613 0.80087576
0.80102117 0.80096202 0.80077705 0.80075828 0.80081246 0.80090137 0.80094453 0.80107613 0.80087576 0.80112837
0.80096202 0.80077705 0.80075828 0.80081246 0.80090137 0.80094453 0.80107613 0.80087576 0.80112837 0.80088646
0.80077705 0.80075828 0.80081246 0.80090137 0.80094453 0.80107613 0.80087576 0.80112837 0.80088646 0.80084116
0.80075828 0.80081246 0.80090137 0.80094453 0.80107613 0.80087576 0.80112837 0.80088646 0.80084116 0.80081125
0.80081246 0.80090137 0.80094453 0.80107613 0.80087576 0.80112837 0.80088646 0.80084116 0.80081125 0.80095662
0.80090137 0.80094453 0.80107613 0.80087576 0.80112837 0.80088646 0.80084116 0.80081125 0.80095662 0.80083105
0.80094453 0.80107613 0.80087576 0.80112837 0.80088646 0.80084116 0.80081125 0.80095662 0.80083105 0.80074293
0.80107613 0.80087576 0.80112837 0.80088646 0.80084116 0.80081125 0.80095662 0.80083105 0.80074293 0.80085334
0.80087576 0.80112837 0.80088646 0.80084116 0.80081125 0.80095662 0.80083105 0.80074293 0.80085334 0.80115752
0.80112837 0.80088646 0.80084116 0.80081125 0.80095662 0.80083105 0.80074293 0.80085334 0.80115752 0.80093051
0.80088646 0.80084116 0.80081125 0.80095662 0.80083105 0.80074293 0.80085334 0.80115752 0.80093051 0.80098032
0.80084116 0.80081125 0.80095662 0.80083105 0.80074293 0.80085334 0.80115752 0.80093051 0.80098032 0.80089
0.80081125 0.80095662 0.80083105 0.80074293 0.80085334 0.80115752 0.80093051 0.80098032 0.80089 0.80104223
0.80095662 0.80083105 0.80074293 0.80085334 0.80115752 0.80093051 0.80098032 0.80089 0.80104223 0.80090715
0.80083105 0.80074293 0.80085334 0.80115752 0.80093051 0.80098032 0.80089 0.80104223 0.80090715 0.80074804
0.80074293 0.80085334 0.80115752 0.80093051 0.80098032 0.80089 0.80104223 0.80090715 0.80074804 0.80075013
0.80085334 0.80115752 0.80093051 0.80098032 0.80089 0.80104223 0.80090715 0.80074804 0.80075013 0.80075752
0.80115752 0.80093051 0.80098032 0.80089 0.80104223 0.80090715 0.80074804 0.80075013 0.80075752 0.80102125
0.80093051 0.80098032 0.80089 0.80104223 0.80090715 0.80074804 0.80075013 0.80075752 0.80102125 0.80113509
0.80098032 0.80089 0.80104223 0.80090715 0.80074804 0.80075013 0.80075752 0.80102125 0.80113509 0.80113813
0.80089 0.80104223 0.80090715 0.80074804 0.80075013 0.80075752 0.80102125 0.80113509 0.80113813 0.8008435
0.80104223 0.80090715 0.80074804 0.80075013 0.80075752 0.80102125 0.80113509 0.80113813 0.8008435 0.80078907
0.80090715 0.80074804 0.80075013 0.80075752 0.80102125 0.80113509 0.80113813 0.8008435 0.80078907 0.75841711
0.80074804 0.80075013 0.80075752 0.80102125 0.80113509 0.80113813 0.8008435 0.80078907 0.75841711 0.75840721
0.80075013 0.80075752 0.80102125 0.80113509 0.80113813 0.8008435 0.80078907 0.75841711 0.75840721 0.75839755
0.80075752 0.80102125 0.80113509 0.80113813 0.8008435 0.80078907 0.75841711 0.75840721 0.75839755 0.75827832
0.80102125 0.80113509 0.80113813 0.8008435 0.80078907 0.75841711 0.75840721 0.75839755 0.75827832 0.80106539
0.80113509 0.80113813 0.8008435 0.80078907 0.75841711 0.75840721 0.75839755 0.75827832 0.80106539 0.80102017
0.80113813 0.8008435 0.80078907 0.75841711 0.75840721 0.75839755 0.75827832 0.80106539 0.80102017 0.80111746
0.8008435 0.80078907 0.75841711 0.75840721 0.75839755 0.75827832 0.80106539 0.80102017 0.80111746 0.80095002
0.80078907 0.75841711 0.75840721 0.75839755 0.75827832 0.80106539 0.80102017 0.80111746 0.80095002 0.75828794
0.75841711 0.75840721 0.75839755 0.75827832 0.80106539 0.80102017 0.80111746 0.80095002 0.75828794 0.75817015
0.75840721 0.75839755 0.75827832 0.80106539 0.80102017 0.80111746 0.80095002 0.75828794 0.75817015 0.75858123
0.75839755 0.75827832 0.80106539 0.80102017 0.80111746 0.80095002 0.75828794 0.75817015 0.75858123 0.75853174
0.75827832 0.80106539 0.80102017 0.80111746 0.80095002 0.75828794 0.75817015 0.75858123 0.75853174 0.80113236
0.80106539 0.80102017 0.80111746 0.80095002 0.75828794 0.75817015 0.75858123 0.75853174 0.80113236 0.80112823
0.80102017 0.80111746 0.80095002 0.75828794 0.75817015 0.75858123 0.75853174 0.80113236 0.80112823 0.80112626
0.80111746 0.80095002 0.75828794 0.75817015 0.75858123 0.75853174 0.80113236 0.80112823 0.80112626 0.80091107
0.80095002 0.75828794 0.75817015 0.75858123 0.75853174 0.80113236 0.80112823 0.80112626 0.80091107 0.80103728
0.75828794 0.75817015 0.75858123 0.75853174 0.80113236 0.80112823 0.80112626 0.80091107 0.80103728 0.75858583
0.75817015 0.75858123 0.75853174 0.80113236 0.80112823 0.80112626 0.80091107 0.80103728 0.75858583 0.75844035
0.75858123 0.75853174 0.80113236 0.80112823 0.80112626 0.80091107 0.80103728 0.75858583 0.75844035 0.80074693
0.75853174 0.80113236 0.80112823 0.80112626 0.80091107 0.80103728 0.75858583 0.75844035 0.80074693 0.54552849
0.80113236 0.80112823 0.80112626 0.80091107 0.80103728 0.75858583 0.75844035 0.80074693 0.54552849 0.54560032
0.80112823 0.80112626 0.80091107 0.80103728 0.75858583 0.75844035 0.80074693 0.54552849 0.54560032 0.54570875
0.80112626 0.80091107 0.80103728 0.75858583 0.75844035 0.80074693 0.54552849 0.54560032 0.54570875 0.54555578
0.80091107 0.80103728 0.75858583 0.75844035 0.80074693 0.54552849 0.54560032 0.54570875 0.54555578 0.54559461
0.80103728 0.75858583 0.75844035 0.80074693 0.54552849 0.54560032 0.54570875 0.54555578 0.54559461 -1.1143752
0.75858583 0.75844035 0.80074693 0.54552849 0.54560032 0.54570875 0.54555578 0.54559461 -1.1143752 -1.1144948000000001
0.75844035 0.80074693 0.54552849 0.54560032 0.54570875 0.54555578 0.54559461 -1.1143752 -1.1144948000000001 -1.1146260000000001
0.80074693 0.54552849 0.54560032 0.54570875 0.54555578 0.54559461 -1.1143752 -1.1144948000000001 -1.1146260000000001 -1.1147067
0.54552849 0.54560032 0.54570875 0.54555578 0.54559461 -1.1143752 -1.1144948000000001 -1.1146260000000001 -1.1147067 -1.1144273
0.54560032 0.54570875 0.54555578 0.54559461 -1.1143752 -1.1144948000000001 -1.1146260000000001 -1.1147067 -1.1144273 -1.1144755
0.54570875 0.54555578 0.54559461 -1.1143752 -1.1144948000000001 -1.1146260000000001 -1.1147067 -1.1144273 -1.1144755 -1.1143375
0.54555578 0.54559461 -1.1143752 -1.1144948000000001 -1.1146260000000001 -1.1147067 -1.1144273 -1.1144755 -1.1143375 -1.1145413
0.54559461 -1.1143752 -1.1144948000000001 -1.1146260000000001 -1.1147067 -1.1144273 -1.1144755 -1.1143375 -1.1145413 -1.114674
-1.1143752 -1.1144948000000001 -1.1146260000000001 -1.1147067 -1.1144273 -1.1144755 -1.1143375 -1.1145413 -1.114674 -1.1143136
-1.1144948000000001 -1.1146260000000001 -1.1147067 -1.1144273 -1.1144755 -1.1143375 -1.1145413 -1.114674 -1.1143136 -1.1146657
-1.1146260000000001 -1.1147067 -1.1144273 -1.1144755 -1.1143375 -1.1145413 -1.114674 -1.1143136 -1.1146657 -1.1144157
-1.1147067 -1.1144273 -1.1144755 -1.1143375 -1.1145413 -1.114674 -1.1143136 -1.1146657 -1.1144157 -1.1145690000000001
-1.1144273 -1.1144755 -1.1143375 -1.1145413 -1.114674 -1.1143136 -1.1146657 -1.1144157 -1.1145690000000001 -1.1144806999999999
-1.1144755 -1.1143375 -1.1145413 -1.114674 -1.1143136 -1.1146657 -1.1144157 -1.1145690000000001 -1.1144806999999999 -1.1144795
-1.1143375 -1.1145413 -1.114674 -1.1143136 -1.1146657 -1.1144157 -1.1145690000000001 -1.1144806999999999 -1.1144795 -1.1146743000000001
-1.1145413 -1.114674 -1.1143136 -1.1146657 -1.1144157 -1.1145690000000001 -1.1144806999999999 -1.1144795 -1.1146743000000001 -1.1144188999999998
-1.114674 -1.1143136 -1.1146657 -1.1144157 -1.1145690000000001 -1.1144806999999999 -1.1144795 -1.1146743000000001 -1.1144188999999998 -1.1143448999999999
-1.1143136 -1.1146657 -1.1144157 -1.1145690000000001 -1.1144806999999999 -1.1144795 -1.1146743000000001 -1.1144188999999998 -1.1143448999999999 -1.1145180000000001
-1.1146657 -1.1144157 -1.1145690000000001 -1.1144806999999999 -1.1144795 -1.1146743000000001 -1.1144188999999998 -1.1143448999999999 -1.1145180000000001 -1.1143943
-1.1144157 -1.1145690000000001 -1.1144806999999999 -1.1144795 -1.1146743000000001 -1.1144188999999998 -1.1143448999999999 -1.1145180000000001 -1.1143943 -1.1145646
-1.1145690000000001 -1.1144806999999999 -1.1144795 -1.1146743000000001 -1.1144188999999998 -1.1143448999999999 -1.1145180000000001 -1.1143943 -1.1145646 -1.1144040000000002
-1.1144806999999999 -1.1144795 -1.1146743000000001 -1.1144188999999998 -1.1143448999999999 -1.1145180000000001 -1.1143943 -1.1145646 -1.1144040000000002 -1.1143896
-1.1144795 -1.1146743000000001 -1.1144188999999998 -1.1143448999999999 -1.1145180000000001 -1.1143943 -1.1145646 -1.1144040000000002 -1.1143896 -1.1145375
-1.1146743000000001 -1.1144188999999998 -1.1143448999999999 -1.1145180000000001 -1.1143943 -1.1145646 -1.1144040000000002 -1.1143896 -1.1145375 -1.1146285
-1.1144188999999998 -1.1143448999999999 -1.1145180000000001 -1.1143943 -1.1145646 -1.1144040000000002 -1.1143896 -1.1145375 -1.1146285 -1.1142867
-1.1143448999999999 -1.1145180000000001 -1.1143943 -1.1145646 -1.1144040000000002 -1.1143896 -1.1145375 -1.1146285 -1.1142867 -1.1143351000000001
-1.1145180000000001 -1.1143943 -1.1145646 -1.1144040000000002 -1.1143896 -1.1145375 -1.1146285 -1.1142867 -1.1143351000000001 -1.1143851999999999
-1.1143943 -1.1145646 -1.1144040000000002 -1.1143896 -1.1145375 -1.1146285 -1.1142867 -1.1143351000000001 -1.1143851999999999 -1.1146545
-1.1145646 -1.1144040000000002 -1.1143896 -1.1145375 -1.1146285 -1.1142867 -1.1143351000000001 -1.1143851999999999 -1.1146545 -1.1145215
-1.1144040000000002 -1.1143896 -1.1145375 -1.1146285 -1.1142867 -1.1143351000000001 -1.1143851999999999 -1.1146545 -1.1145215 -1.1143212
-1.1143896 -1.1145375 -1.1146285 -1.1142867 -1.1143351000000001 -1.1143851999999999 -1.1146545 -1.1145215 -1.1143212 -1.1143379
-1.1145375 -1.1146285 -1.1142867 -1.1143351000000001 -1.1143851999999999 -1.1146545 -1.1145215 -1.1143212 -1.1143379 -1.1143215
-1.1146285 -1.1142867 -1.1143351000000001 -1.1143851999999999 -1.1146545 -1.1145215 -1.1143212 -1.1143379 -1.1143215 -1.1144032
-1.1142867 -1.1143351000000001 -1.1143851999999999 -1.1146545 -1.1145215 -1.1143212 -1.1143379 -1.1143215 -1.1144032 -1.1146895
-1.1143351000000001 -1.1143851999999999 -1.1146545 -1.1145215 -1.1143212 -1.1143379 -1.1143215 -1.1144032 -1.1146895 -1.1143644
-1.1143851999999999 -1.1146545 -1.1145215 -1.1143212 -1.1143379 -1.1143215 -1.1144032 -1.1146895 -1.1143644 -1.1143805
-1.1146545 -1.1145215 -1.1143212 -1.1143379 -1.1143215 -1.1144032 -1.1146895 -1.1143644 -1.1143805 -1.1145007
-1.1145215 -1.1143212 -1.1143379 -1.1143215 -1.1144032 -1.1146895 -1.1143644 -1.1143805 -1.1145007 -1.1146296
-1.1143212 -1.1143379 -1.1143215 -1.1144032 -1.1146895 -1.1143644 -1.1143805 -1.1145007 -1.1146296 -1.1144364
-1.1143379 -1.1143215 -1.1144032 -1.1146895 -1.1143644 -1.1143805 -1.1145007 -1.1146296 -1.1144364 -1.1143277
-1.1143215 -1.1144032 -1.1146895 -1.1143644 -1.1143805 -1.1145007 -1.1146296 -1.1144364 -1.1143277 -1.1144029
-1.1144032 -1.1146895 -1.1143644 -1.1143805 -1.1145007 -1.1146296 -1.1144364 -1.1143277 -1.1144029 -1.1142967
-1.1146895 -1.1143644 -1.1143805 -1.1145007 -1.1146296 -1.1144364 -1.1143277 -1.1144029 -1.1142967 -1.1144011999999999
-1.1143644 -1.1143805 -1.1145007 -1.1146296 -1.1144364 -1.1143277 -1.1144029 -1.1142967 -1.1144011999999999 -1.1143603000000002
-1.1143805 -1.1145007 -1.1146296 -1.1144364 -1.1143277 -1.1144029 -1.1142967 -1.1144011999999999 -1.1143603000000002 -1.1143344
-1.1145007 -1.1146296 -1.1144364 -1.1143277 -1.1144029 -1.1142967 -1.1144011999999999 -1.1143603000000002 -1.1143344 -1.1146898
-1.1146296 -1.1144364 -1.1143277 -1.1144029 -1.1142967 -1.1144011999999999 -1.1143603000000002 -1.1143344 -1.1146898 -1.1144978
-1.1144364 -1.1143277 -1.1144029 -1.1142967 -1.1144011999999999 -1.1143603000000002 -1.1143344 -1.1146898 -1.1144978 -1.1146815
-1.1143277 -1.1144029 -1.1142967 -1.1144011999999999 -1.1143603000000002 -1.1143344 -1.1146898 -1.1144978 -1.1146815 -1.1143597
-1.1144029 -1.1142967 -1.1144011999999999 -1.1143603000000002 -1.1143344 -1.1146898 -1.1144978 -1.1146815 -1.1143597 -1.1146798
-1.1142967 -1.1144011999999999 -1.1143603000000002 -1.1143344 -1.1146898 -1.1144978 -1.1146815 -1.1143597 -1.1146798 -1.1143638
-1.1144011999999999 -1.1143603000000002 -1.1143344 -1.1146898 -1.1144978 -1.1146815 -1.1143597 -1.1146798 -1.1143638 -1.1145485000000002
-1.1143603000000002 -1.1143344 -1.1146898 -1.1144978 -1.1146815 -1.1143597 -1.1146798 -1.1143638 -1.1145485000000002 -1.1146588
-1.1143344 -1.1146898 -1.1144978 -1.1146815 -1.1143597 -1.1146798 -1.1143638 -1.1145485000000002 -1.1146588 -1.1143587
-1.1146898 -1.1144978 -1.1146815 -1.1143597 -1.1146798 -1.1143638 -1.1145485000000002 -1.1146588 -1.1143587 -1.114707
-1.1144978 -1.1146815 -1.1143597 -1.1146798 -1.1143638 -1.1145485000000002 -1.1146588 -1.1143587 -1.114707 -1.1145801000000002
-1.1146815 -1.1143597 -1.1146798 -1.1143638 -1.1145485000000002 -1.1146588 -1.1143587 -1.114707 -1.1145801000000002 -1.1143007
-1.1143597 -1.1146798 -1.1143638 -1.1145485000000002 -1.1146588 -1.1143587 -1.114707 -1.1145801000000002 -1.1143007 -1.1144278
-1.1146798 -1.1143638 -1.1145485000000002 -1.1146588 -1.1143587 -1.114707 -1.1145801000000002 -1.1143007 -1.1144278 -1.1143611
-1.1143638 -1.1145485000000002 -1.1146588 -1.1143587 -1.114707 -1.1145801000000002 -1.1143007 -1.1144278 -1.1143611 -1.1144923
-1.1145485000000002 -1.1146588 -1.1143587 -1.114707 -1.1145801000000002 -1.1143007 -1.1144278 -1.1143611 -1.1144923 -1.1144954
-1.1146588 -1.1143587 -1.114707 -1.1145801000000002 -1.1143007 -1.1144278 -1.1143611 -1.1144923 -1.1144954 -1.1144171999999999
-1.1143587 -1.114707 -1.1145801000000002 -1.1143007 -1.1144278 -1.1143611 -1.1144923 -1.1144954 -1.1144171999999999 -1.1142864
-1.114707 -1.1145801000000002 -1.1143007 -1.1144278 -1.1143611 -1.1144923 -1.1144954 -1.1144171999999999 -1.1142864 -1.1145397
-1.1145801000000002 -1.1143007 -1.1144278 -1.1143611 -1.1144923 -1.1144954 -1.1144171999999999 -1.1142864 -1.1145397 -1.1146158000000002
-1.1143007 -1.1144278 -1.1143611 -1.1144923 -1.1144954 -1.1144171999999999 -1.1142864 -1.1145397 -1.1146158000000002 -1.114549
-1.1144278 -1.1143611 -1.1144923 -1.1144954 -1.1144171999999999 -1.1142864 -1.1145397 -1.1146158000000002 -1.114549 -1.1143205
-1.1143611 -1.1144923 -1.1144954 -1.1144171999999999 -1.1142864 -1.1145397 -1.1146158000000002 -1.114549 -1.1143205 -1.1142887
-1.1144923 -1.1144954 -1.1144171999999999 -1.1142864 -1.1145397 -1.1146158000000002 -1.114549 -1.1143205 -1.1142887 -1.1142946000000002
-1.1144954 -1.1144171999999999 -1.1142864 -1.1145397 -1.1146158000000002 -1.114549 -1.1143205 -1.1142887 -1.1142946000000002 -1.114642
-1.1144171999999999 -1.1142864 -1.1145397 -1.1146158000000002 -1.114549 -1.1143205 -1.1142887 -1.1142946000000002 -1.114642 -1.1143836
-1.1142864 -1.1145397 -1.1146158000000002 -1.114549 -1.1143205 -1.1142887 -1.1142946000000002 -1.114642 -1.1143836 -1.1143446000000001
-1.1145397 -1.1146158000000002 -1.114549 -1.1143205 -1.1142887 -1.1142946000000002 -1.114642 -1.1143836 -1.1143446000000001 -1.1146326000000002
-1.1146158000000002 -1.114549 -1.1143205 -1.1142887 -1.1142946000000002 -1.114642 -1.1143836 -1.1143446000000001 -1.1146326000000002 -1.1146491000000003
-1.114549 -1.1143205 -1.1142887 -1.1142946000000002 -1.114642 -1.1143836 -1.1143446000000001 -1.1146326000000002 -1.1146491000000003 -1.1144711999999999
-1.1143205 -1.1142887 -1.1142946000000002 -1.114642 -1.1143836 -1.1143446000000001 -1.1146326000000002 -1.1146491000000003 -1.1144711999999999 -1.1143273
-1.1142887 -1.1142946000000002 -1.114642 -1.1143836 -1.1143446000000001 -1.1146326000000002 -1.1146491000000003 -1.1144711999999999 -1.1143273 -1.1143671
-1.1142946000000002 -1.114642 -1.1143836 -1.1143446000000001 -1.1146326000000002 -1.1146491000000003 -1.1144711999999999 -1.1143273 -1.1143671 -1.1145086000000002
-1.114642 -1.1143836 -1.1143446000000001 -1.1146326000000002 -1.1146491000000003 -1.1144711999999999 -1.1143273 -1.1143671 -1.1145086000000002 -1.1145211000000002
-1.1143836 -1.1143446000000001 -1.1146326000000002 -1.1146491000000003 -1.1144711999999999 -1.1143273 -1.1143671 -1.1145086000000002 -1.1145211000000002 -1.1145364
-1.1143446000000001 -1.1146326000000002 -1.1146491000000003 -1.1144711999999999 -1.1143273 -1.1143671 -1.1145086000000002 -1.1145211000000002 -1.1145364 -1.1144856
-1.1146326000000002 -1.1146491000000003 -1.1144711999999999 -1.1143273 -1.1143671 -1.1145086000000002 -1.1145211000000002 -1.1145364 -1.1144856 -1.1144298000000001
