4.610160827636719 4.7359819412231445
4.285048007965088 4.33699893951416
3.5836968421936035 4.320618152618408
3.580125331878662 3.6984920501708984
3.5547852516174316 3.69431209564209
3.5384085178375244 3.610866069793701
3.5384085178375244 3.550236463546753
3.5239474773406982 3.709179162979126
3.407338857650757 3.525405168533325
3.35778546333313 3.611680507659912
3.35778546333313 3.592161178588867
3.35636043548584 3.420562982559204
3.353466033935547 3.432363271713257
3.3529481887817383 3.406454563140869
3.323458194732666 3.44478178024292
3.3220291137695312 3.4716193675994873
3.317631244659424 3.4034156799316406
3.3132381439208984 3.391075611114502
3.286358118057251 3.4263389110565186
3.2783257961273193 3.4606902599334717
3.2783257961273193 3.345139265060425
3.2672271728515625 3.4163126945495605
3.2413322925567627 3.346548080444336
3.2413322925567627 3.592161178588867
3.2372188568115234 3.3474903106689453
3.221208095550537 3.574617624282837
3.221208095550537 3.2844812870025635
3.218236207962036 3.249532461166382
3.213927984237671 3.217850923538208
3.2106516361236572 3.432363271713257
3.2057361602783203 3.4935271739959717
3.187255382537842 3.38533353805542
3.187255382537842 3.343677043914795
3.1829607486724854 3.284837484359741
3.180543899536133 3.1914222240448
3.1747002601623535 3.1838736534118652
3.1681859493255615 3.208498477935791
3.1681747436523438 3.381678342819214
3.1651198863983154 3.188967227935791
3.1570932865142822 3.2667715549468994
3.1507561206817627 3.3453195095062256
3.144282341003418 3.2690489292144775
3.1399290561676025 3.2158899307250977
3.1106977462768555 3.2158899307250977
3.107335329055786 3.257505416870117
3.107335329055786 3.25858211517334
3.106525421142578 3.187255382537842
3.1024162769317627 3.118252992630005
3.1003594398498535 3.165175676345825
3.0868656635284424 3.4190499782562256
3.0859127044677734 3.2371532917022705
3.0847525596618652 3.274258852005005
3.0837414264678955 3.4066314697265625
3.081350326538086 3.593423843383789
3.067645788192749 3.101707935333252
3.0574169158935547 3.0931615829467773
3.0511863231658936 3.2287240028381348
3.047281503677368 3.6080386638641357
3.0467000007629395 3.0699899196624756
3.0279507637023926 3.0570576190948486
3.011404037475586 3.030571222305298
3.002624273300171 3.343677043914795
2.997745990753174 3.266554594039917
2.994114875793457 3.209249496459961
2.9833130836486816 3.0418574810028076
2.971625566482544 2.9799139499664307
2.970480442047119 3.50588059425354
2.9479193687438965 3.1875667572021484
2.934569835662842 3.0958871841430664
2.933748483657837 2.9582393169403076
2.933748483657837 2.9582393169403076
2.932939052581787 3.2856788635253906
2.92604398727417 3.0349414348602295
2.9249415397644043 3.120286464691162
2.921098470687866 3.2669451236724854
2.9207587242126465 3.1875667572021484
2.9156949520111084 2.949301242828369
2.9098918437957764 3.404258966445923
2.8963916301727295 3.3218369483947754
2.8963916301727295 3.120286464691162
2.8948495388031006 3.0280444622039795
2.8934168815612793 3.284125328063965
2.8933677673339844 3.257744789123535
2.8893723487854004 3.6381733417510986
2.8893723487854004 3.4218575954437256
2.8893723487854004 3.106525421142578
2.880073070526123 3.261104106903076
2.877845287322998 2.924408435821533
2.86706280708313 3.333136558532715
2.862968683242798 2.971351385116577
2.84857439994812 3.03564190864563
2.8483753204345703 3.1156039237976074
2.8473050594329834 2.964437961578369
2.843406915664673 3.109569787979126
2.843406915664673 3.109569787979126
2.8432698249816895 2.9114744663238525
2.8386170864105225 2.856574773788452
2.8335440158843994 3.011603832244873
2.8333065509796143 2.8338067531585693
2.8316049575805664 2.86466383934021
2.825666666030884 3.261104106903076
2.8241488933563232 3.070324659347534
2.8225674629211426 3.5619654655456543
2.808887004852295 3.087738037109375
2.808887004852295 3.1413733959198
2.808887004852295 3.087233066558838
2.808824062347412 2.8289506435394287
2.807448387145996 2.8088743686676025
2.8056554794311523 2.9385159015655518
2.7997255325317383 2.8632657527923584
2.796698808670044 3.380483388900757
2.7964961528778076 2.979069471359253
2.7935798168182373 3.1332406997680664
2.7877259254455566 3.5379478931427
2.7877132892608643 3.0766890048980713
2.7872047424316406 2.9385159015655518
2.7811079025268555 3.078197479248047
2.780611038208008 3.1395678520202637
2.7731454372406006 3.168107748031616
2.7731454372406006 3.168107748031616
2.7723915576934814 2.911097288131714
2.7679781913757324 2.7740015983581543
2.7679781913757324 2.7721614837646484
2.7625701427459717 2.7647883892059326
2.7589375972747803 3.1076889038085938
2.7589375972747803 3.2782392501831055
2.758924722671509 3.244643211364746
2.744720697402954 3.161893606185913
2.7435197830200195 2.994422435760498
2.7400429248809814 2.9784271717071533
2.734203815460205 2.7389822006225586
2.7334392070770264 3.1409108638763428
2.732635259628296 2.983752489089966
2.7156982421875 2.720691442489624
2.714275598526001 2.754657030105591
2.702749013900757 3.039153575897217
2.6897900104522705 2.8486366271972656
2.6892364025115967 3.093505382537842
2.682520866394043 2.880331516265869
2.679877519607544 2.6946732997894287
2.6779990196228027 2.7115323543548584
2.671931743621826 2.869842529296875
2.668959140777588 2.838392496109009
2.668959140777588 2.838392496109009
2.6684811115264893 2.8239104747772217
2.663696050643921 3.2614736557006836
2.662884473800659 2.821977376937866
2.6561155319213867 3.2211861610412598
2.64833927154541 2.910123109817505
2.6441476345062256 3.321730375289917
2.640862226486206 2.6731913089752197
2.635798454284668 2.6931209564208984
2.629579782485962 3.3280506134033203
2.626559257507324 2.8486366271972656
2.626559257507324 2.8486366271972656
2.6088931560516357 3.034345865249634
2.6088931560516357 3.0559792518615723
2.6082546710968018 3.0306179523468018
2.6082546710968018 2.9194116592407227
2.6075751781463623 2.681344985961914
2.6020517349243164 2.7383222579956055
2.601057529449463 2.8450889587402344
2.5923917293548584 2.803128242492676
2.5923781394958496 3.1079626083374023
2.5923781394958496 2.901867628097534
2.5868358612060547 2.95851469039917
2.5868358612060547 2.950082302093506
2.5868358612060547 2.6694371700286865
2.586233139038086 2.681344985961914
2.5856027603149414 2.598304033279419
2.5830795764923096 2.9992706775665283
2.5761284828186035 2.7172768115997314
2.572342872619629 2.589492082595825
2.568979263305664 3.231236457824707
2.560523271560669 2.722501277923584
2.5585434436798096 2.9084665775299072
2.5585296154022217 2.5718331336975098
2.5554251670837402 2.6773109436035156
2.5554251670837402 2.6773109436035156
2.5543017387390137 2.5608692169189453
2.5482594966888428 2.68106746673584
2.544947624206543 2.9946236610412598
2.5444602966308594 3.0781514644622803
2.541728973388672 2.7389822006225586
2.529836416244507 2.7131917476654053
2.5280568599700928 3.2155704498291016
2.5207152366638184 2.5690207481384277
2.520068407058716 2.8955228328704834
2.520068407058716 2.8955228328704834
2.5184648036956787 3.358049154281616
2.517212152481079 2.57190203666687
2.5158321857452393 2.626046657562256
2.5094714164733887 2.629889726638794
2.508737087249756 2.7707931995391846
2.50658917427063 2.617030382156372
2.50658917427063 2.617030382156372
2.5026133060455322 2.5517616271972656
2.5026133060455322 2.5517616271972656
2.5022451877593994 2.8611361980438232
2.5018911361694336 2.5848214626312256
2.5014803409576416 2.6281778812408447
2.499070882797241 2.8034441471099854
2.4931933879852295 2.829451560974121
2.4919421672821045 2.492283582687378
2.487558364868164 3.0975236892700195
2.486304521560669 2.557795524597168
2.478081226348877 2.6724886894226074
2.4752910137176514 2.9224932193756104
2.4744176864624023 2.641761064529419
2.4614369869232178 2.5645198822021484
2.4605154991149902 2.614659547805786
2.44307017326355 2.847242832183838
2.4339001178741455 2.6083498001098633
2.423438310623169 2.735473871231079
2.4224438667297363 2.503986358642578
2.42155122756958 2.648834466934204
2.4194576740264893 2.9250869750976562
2.418886423110962 2.5616025924682617
2.418652057647705 2.4480836391448975
2.405149459838867 3.0463509559631348
2.405149459838867 2.7313899993896484
2.405149459838867 2.7313899993896484
2.3979339599609375 2.739655017852783
2.3979339599609375 2.883688449859619
2.3890950679779053 2.5655698776245117
2.3890950679779053 2.5655698776245117
2.3887388706207275 2.6606478691101074
2.3887388706207275 2.6606478691101074
2.3880860805511475 2.863327741622925
2.3748724460601807 2.656275749206543
2.3737828731536865 2.9129834175109863
2.3700180053710938 2.7969648838043213
2.3625450134277344 2.447519063949585
2.354642152786255 2.926504135131836
2.3531665802001953 2.4168784618377686
2.349429130554199 2.5905866622924805
2.32047176361084 2.4833524227142334
2.32047176361084 2.4810538291931152
2.3151512145996094 2.4228386878967285
2.3084983825683594 2.4856345653533936
2.3059487342834473 2.7836551666259766
2.3041040897369385 2.542203187942505
2.3033041954040527 2.8783130645751953
2.28637957572937 2.406534194946289
2.28637957572937 2.583998680114746
2.2723095417022705 2.5915029048919678
2.262666940689087 2.622373580932617
2.25972056388855 2.723047971725464
2.2537848949432373 2.543875217437744
2.246619462966919 2.7747933864593506
2.246619462966919 2.258685350418091
2.245988368988037 2.7149674892425537
2.2428622245788574 2.666063070297241
2.2428622245788574 2.598508596420288
2.2275471687316895 2.5253782272338867
2.225924015045166 2.503915786743164
2.221414089202881 2.529892683029175
2.215951681137085 2.5718331336975098
2.215951681137085 2.6104140281677246
2.214127779006958 2.6177749633789062
2.2089359760284424 2.4161012172698975
2.202911853790283 2.792006492614746
2.200674533843994 2.8611361980438232
2.1987252235412598 2.4161012172698975
2.1948862075805664 2.485506296157837
2.1929478645324707 2.6852145195007324
2.1907005310058594 2.7747933864593506
2.1893250942230225 2.514705181121826
2.1756861209869385 2.5111091136932373
2.1728177070617676 2.458901882171631
2.1517252922058105 2.752095937728882
2.1433591842651367 2.6975913047790527
2.13751482963562 2.6221303939819336
2.1365861892700195 2.559180498123169
2.1152331829071045 2.6386606693267822
2.1151325702667236 2.6727538108825684
2.114060163497925 2.5588066577911377
2.112433433532715 2.478381395339966
2.107260227203369 2.739655017852783
2.106839895248413 2.606895685195923
2.1052918434143066 2.60463809967041
2.098716974258423 2.5019619464874268
2.098716974258423 2.478381395339966
2.098716974258423 2.478381395339966
2.098716974258423 2.478381395339966
2.098716974258423 2.478381395339966
2.098716974258423 2.478381395339966
2.095320224761963 2.808180570602417
2.095320224761963 2.808180570602417
2.095320224761963 2.5597896575927734
2.0718324184417725 2.423248052597046
2.052741765975952 2.618587017059326
2.0458593368530273 2.5718331336975098
2.0419931411743164 2.56626033782959
2.0411598682403564 2.603317975997925
2.037545680999756 2.690145492553711
2.033942222595215 2.129592180252075
2.026226758956909 2.063004970550537
2.0261566638946533 2.0494935512542725
2.025911808013916 2.522977590560913
2.025911808013916 2.522977590560913
2.025911808013916 2.522977590560913
2.012134075164795 2.4287843704223633
2.0119755268096924 2.6173417568206787
2.0119755268096924 2.6173417568206787
2.0003702640533447 2.563096284866333
2.0003702640533447 2.522977590560913
2.0003702640533447 2.522977590560913
1.9999626874923706 2.5158884525299072
1.998012661933899 2.5727148056030273
1.9952439069747925 2.4168784618377686
1.9910123348236084 2.650826930999756
1.9910123348236084 2.650826930999756
1.9901221990585327 2.717055082321167
1.98917818069458 2.481525182723999
1.986878752708435 2.7290406227111816
1.986878752708435 2.731454849243164
1.984273076057434 2.567958354949951
1.984165906906128 2.7332706451416016
1.9805550575256348 2.5511364936828613
1.9736005067825317 2.042912721633911
1.9736005067825317 2.042912721633911
1.9736005067825317 2.8053901195526123
1.9736005067825317 2.4857912063598633
1.9728821516036987 2.042912721633911
1.9525339603424072 2.6099660396575928
1.9449509382247925 2.42938232421875
1.9449509382247925 2.42938232421875
1.9407740831375122 2.5549676418304443
1.9405732154846191 2.5495524406433105
1.9316413402557373 2.489210367202759
1.9285383224487305 2.4168784618377686
1.9285383224487305 2.4168784618377686
1.9279686212539673 2.556478977203369
1.9279502630233765 2.4168784618377686
1.9279502630233765 2.4168784618377686
1.9279502630233765 2.4228386878967285
1.9279502630233765 2.4228386878967285
1.9241969585418701 2.447519063949585
1.9108353853225708 1.9453517198562622
1.9108353853225708 1.9453517198562622
1.9085158109664917 2.460702657699585
1.9085158109664917 2.460702657699585
1.9080144166946411 2.4917430877685547
1.9080144166946411 2.4917430877685547
1.900943636894226 2.4168784618377686
1.8941271305084229 2.5495524406433105
1.8824166059494019 1.9758256673812866
1.876609444618225 2.640110731124878
1.8725640773773193 2.538325071334839
1.8697233200073242 2.4171130657196045
1.8697233200073242 2.4299657344818115
1.8690218925476074 2.4228386878967285
1.86147940158844 2.4036903381347656
1.8584691286087036 1.8769116401672363
1.8470505475997925 2.5241429805755615
1.8449196815490723 1.863743543624878
1.8445547819137573 2.4917430877685547
1.843843698501587 2.4292657375335693
1.8379147052764893 2.4767937660217285
1.8271629810333252 2.458901882171631
1.8271629810333252 2.4168784618377686
1.8270272016525269 2.5281970500946045
1.8248341083526611 2.4161012172698975
1.823415994644165 2.49552321434021
1.823415994644165 1.8240572214126587
1.823415994644165 1.8240572214126587
1.8215687274932861 2.585794448852539
1.8184338808059692 2.4647605419158936
1.8184338808059692 2.4228386878967285
1.8146493434906006 2.4591901302337646
1.8141610622406006 1.8306312561035156
1.8129692077636719 1.8611557483673096
1.810093641281128 2.5002191066741943
1.810093641281128 2.476564884185791
1.8019113540649414 2.458901882171631
1.8016163110733032 2.458901882171631
1.7904882431030273 2.467289686203003
1.7848584651947021 2.4655799865722656
1.7775969505310059 1.8744744062423706
1.776839256286621 2.4372029304504395
1.7763605117797852 2.4168784618377686
1.7763605117797852 2.4168784618377686
1.7763605117797852 2.4168784618377686
1.7763406038284302 2.4228386878967285
1.7763406038284302 2.4228386878967285
1.7733855247497559 1.8046035766601562
1.7733855247497559 1.8046035766601562
1.7733855247497559 1.8046035766601562
1.7679219245910645 2.423189640045166
1.7646516561508179 2.4589595794677734
1.7600066661834717 1.7763605117797852
1.7595032453536987 1.7783942222595215
1.7573468685150146 2.4647605419158936
1.751408338546753 1.768022060394287
1.751408338546753 1.757629156112671
1.751165509223938 1.7523791790008545
1.7460989952087402 1.7733255624771118
1.7428488731384277 1.7825738191604614
1.7428488731384277 1.8506730794906616
1.7319775819778442 2.4228386878967285
1.7314250469207764 1.738675594329834
1.7260133028030396 2.4228386878967285
1.7256436347961426 2.4228386878967285
1.7190803289413452 1.7358810901641846
1.7190803289413452 2.4168784618377686
1.7190803289413452 1.7302579879760742
1.7190803289413452 1.7302579879760742
1.7177399396896362 2.4228386878967285
1.7093228101730347 2.4168784618377686
1.7093228101730347 2.4168784618377686
1.7090740203857422 1.730094075202942
1.7090740203857422 1.737146258354187
1.7090119123458862 2.4168784618377686
1.7090119123458862 2.4168784618377686
