3.7666542530059814 4.095688819885254
3.7437307834625244 3.978374719619751
3.738985300064087 4.038435459136963
3.738985300064087 4.234378814697266
3.671511173248291 3.7030858993530273
3.6498143672943115 3.745314836502075
3.618116617202759 3.978846549987793
3.616429567337036 3.6340293884277344
3.5972607135772705 3.6209819316864014
3.5814826488494873 3.6883158683776855
3.5781800746917725 3.977924108505249
3.5522515773773193 3.5687570571899414
3.5456254482269287 3.9511191844940186
3.515902280807495 3.628023386001587
3.5131092071533203 3.5713751316070557
3.5131092071533203 3.540530204772949
3.5131092071533203 3.7035584449768066
3.466096878051758 3.946742057800293
3.4563188552856445 3.8051512241363525
3.404526472091675 3.471055269241333
3.404526472091675 3.4915771484375
3.3829972743988037 3.833889961242676
3.362675666809082 3.409261703491211
3.357379198074341 3.568087339401245
3.3547468185424805 3.5148704051971436
3.3480865955352783 3.4359092712402344
3.3480865955352783 3.4359092712402344
3.3480865955352783 3.4359092712402344
3.3259098529815674 3.370117664337158
3.260765314102173 3.6625146865844727
3.2606866359710693 3.643728733062744
3.251603603363037 3.6453800201416016
3.240506887435913 3.3744583129882812
3.216686487197876 3.2374367713928223
3.198364734649658 3.447862386703491
3.1948533058166504 3.3542377948760986
3.1905758380889893 3.2100989818573
3.1846847534179688 3.294515609741211
3.166231632232666 3.3417069911956787
3.166231632232666 3.3417069911956787
3.154834747314453 3.5898141860961914
3.144129514694214 3.1800715923309326
3.139035224914551 3.3354432582855225
3.138627290725708 3.2676162719726562
3.1364235877990723 3.227825403213501
3.1361243724823 3.161983013153076
3.1335785388946533 3.5738120079040527
3.131221294403076 3.595813035964966
3.1304306983947754 3.225762128829956
3.11983323097229 3.243534564971924
3.1168909072875977 3.2418105602264404
3.1168909072875977 3.2418105602264404
3.1168909072875977 3.2374367713928223
3.1116695404052734 3.2401645183563232
3.1000444889068604 3.552215576171875
3.0971245765686035 3.1956546306610107
3.0964767932891846 3.1071815490722656
3.0964767932891846 3.1351852416992188
3.0964767932891846 3.423415422439575
3.085956335067749 3.239598035812378
3.085071086883545 3.3173141479492188
3.0678136348724365 3.2642056941986084
3.066784143447876 3.384182929992676
3.0557703971862793 3.2331361770629883
3.0432448387145996 3.295020818710327
3.042599678039551 3.1351852416992188
3.039793014526367 3.394080638885498
3.0316812992095947 3.0723178386688232
3.024690866470337 3.1957082748413086
3.0211188793182373 3.142378091812134
3.0203840732574463 3.284005880355835
3.0107603073120117 3.3542377948760986
3.0062918663024902 3.028808116912842
3.005993604660034 3.118643045425415
3.005993604660034 3.3896138668060303
3.005993604660034 3.0757884979248047
3.00207257270813 3.3934895992279053
2.9988722801208496 3.118643045425415
2.9988722801208496 3.1366686820983887
2.979067802429199 3.0703585147857666
2.9780936241149902 3.133728265762329
2.9737625122070312 3.0257911682128906
2.966391086578369 2.9821465015411377
2.963440179824829 3.0020015239715576
2.96246075630188 3.187685251235962
2.957717180252075 3.002357006072998
2.9410765171051025 3.0871870517730713
2.936051368713379 3.04547381401062
2.9290075302124023 3.0064337253570557
2.9226186275482178 3.3293726444244385
2.9204418659210205 3.133728265762329
2.9204418659210205 3.133728265762329
2.9204418659210205 3.133728265762329
2.920135021209717 2.9526915550231934
2.9170496463775635 3.2008323669433594
2.9170496463775635 3.0757884979248047
2.9158058166503906 2.940321922302246
2.9158058166503906 2.9422225952148438
2.9022204875946045 3.2532567977905273
2.8970985412597656 3.262505531311035
2.8951973915100098 3.3125247955322266
2.881559371948242 3.3511064052581787
2.8797519207000732 3.27600359916687
2.8762078285217285 2.944049835205078
2.8762078285217285 2.944354295730591
2.856822967529297 2.988893508911133
2.8557021617889404 3.285681962966919
2.854132652282715 3.2576746940612793
2.852322578430176 3.051046133041382
2.8522329330444336 2.889885902404785
2.8494033813476562 2.908111333847046
2.848099946975708 2.9052481651306152
2.848099946975708 3.063344955444336
2.8462114334106445 2.9929747581481934
2.834536552429199 2.9422225952148438
2.8291714191436768 3.060626983642578
2.8255486488342285 3.2168591022491455
2.821300983428955 2.900764226913452
2.821300983428955 2.900764226913452
2.816153049468994 2.8266661167144775
2.7965199947357178 2.9955687522888184
2.795527696609497 2.8379523754119873
2.787470579147339 3.3509535789489746
2.7738873958587646 2.8176681995391846
2.7738873958587646 2.8160924911499023
2.7738873958587646 2.8160924911499023
2.7615206241607666 3.2617990970611572
2.748973846435547 2.8176681995391846
2.7328269481658936 3.401202917098999
2.7230801582336426 2.8401169776916504
2.7230801582336426 2.902543783187866
2.719316005706787 2.802358627319336
2.693026304244995 2.9422225952148438
2.6895852088928223 3.291560649871826
2.6886489391326904 2.904895544052124
2.6886489391326904 2.904895544052124
2.66929292678833 3.5713512897491455
2.66929292678833 3.5580978393554688
2.6198947429656982 2.7533328533172607
2.612946033477783 2.881796360015869
2.6075994968414307 2.884786367416382
2.6075994968414307 2.884786367416382
2.6075994968414307 2.9440934658050537
2.6075994968414307 2.934495687484741
2.6057822704315186 2.8644165992736816
2.58136248588562 2.6928203105926514
2.5647926330566406 3.0323567390441895
2.5647926330566406 3.058464765548706
2.558495044708252 3.285681962966919
2.5478804111480713 2.9015145301818848
2.5439915657043457 2.7934505939483643
2.5374908447265625 3.301180362701416
2.5374908447265625 3.0930981636047363
2.5374908447265625 3.1952807903289795
2.5374908447265625 3.162630558013916
2.52437162399292 3.073331594467163
2.5222067832946777 3.301180362701416
2.5222067832946777 2.9881796836853027
2.5222067832946777 3.0486953258514404
2.52005672454834 2.786949872970581
2.52005672454834 2.786949872970581
2.516650438308716 3.1043782234191895
2.5149710178375244 2.8688385486602783
2.5147674083709717 3.012857675552368
2.514563798904419 3.178957462310791
2.4991564750671387 3.1238114833831787
2.490877389907837 3.07010817527771
2.4656660556793213 2.6617836952209473
2.4656660556793213 2.996323823928833
2.4656660556793213 2.996323823928833
2.462409734725952 2.930478811264038
2.4600515365600586 2.87038516998291
2.4577603340148926 2.8849194049835205
2.4577603340148926 2.8849194049835205
2.456562042236328 2.884209394454956
2.455867052078247 2.986222267150879
2.4546501636505127 3.0169060230255127
2.4471275806427 2.840056896209717
2.43986177444458 2.8659212589263916
2.43986177444458 2.8659212589263916
2.4322056770324707 2.9224724769592285
2.4313809871673584 2.906320333480835
2.4291329383850098 2.966275930404663
2.4291329383850098 3.0746090412139893
2.426056385040283 2.9126131534576416
2.426056385040283 3.100994348526001
2.419274091720581 3.1017236709594727
2.419274091720581 3.1017236709594727
2.419274091720581 3.1017236709594727
2.4177212715148926 2.7078192234039307
2.4150190353393555 2.810281991958618
2.4148247241973877 2.8451614379882812
2.4148247241973877 2.8261828422546387
2.4124197959899902 2.972614288330078
2.410579204559326 3.1017236709594727
2.405670166015625 3.1001272201538086
2.40462327003479 2.8872263431549072
2.3915247917175293 2.859898567199707
2.3861470222473145 2.979024887084961
2.3860039710998535 2.7711782455444336
2.3848769664764404 3.1793601512908936
2.3827106952667236 2.7792980670928955
2.3827106952667236 2.7792980670928955
2.3827106952667236 2.723456382751465
2.3792331218719482 3.107593536376953
2.376720666885376 2.731030225753784
2.3766846656799316 2.401977300643921
2.3759124279022217 2.824944257736206
2.3759124279022217 2.823493719100952
2.367617130279541 2.401977300643921
2.365813732147217 2.8662190437316895
2.3575191497802734 2.9771761894226074
2.3509929180145264 2.9401330947875977
2.3509929180145264 2.9401330947875977
2.3499579429626465 2.8452064990997314
2.3496129512786865 2.782198667526245
2.3496129512786865 2.782198667526245
2.348740816116333 2.9101505279541016
2.34098744392395 3.1017236709594727
2.3215086460113525 2.927725076675415
2.3190255165100098 2.685011386871338
2.3190255165100098 2.6720097064971924
2.3190255165100098 2.6720097064971924
2.3190255165100098 2.6654369831085205
2.3166134357452393 3.190134286880493
2.3166134357452393 2.6546711921691895
2.3166134357452393 2.6546711921691895
2.3166134357452393 2.6546711921691895
2.3166134357452393 2.6546711921691895
2.3110616207122803 2.7191905975341797
2.2926878929138184 2.97528338432312
2.2926878929138184 2.97528338432312
2.2901546955108643 2.9227206707000732
2.2781031131744385 2.9316728115081787
2.2769787311553955 2.459010362625122
2.242682695388794 2.899115800857544
2.241673707962036 2.840131998062134
2.2311015129089355 2.9859650135040283
2.2304892539978027 2.9141366481781006
2.2304892539978027 2.701791763305664
2.2304892539978027 2.701791763305664
2.2304892539978027 2.9153811931610107
2.2304892539978027 2.9272003173828125
2.2304892539978027 2.776609420776367
2.229398488998413 3.0712342262268066
2.2265634536743164 2.6720097064971924
2.2265634536743164 2.6720097064971924
2.2265634536743164 2.6654369831085205
2.2225730419158936 2.9879939556121826
2.2225730419158936 2.932502508163452
2.2081050872802734 2.6720097064971924
2.2081050872802734 2.6654369831085205
2.2081050872802734 2.652339220046997
2.202143907546997 2.2033064365386963
2.2016594409942627 2.7938172817230225
2.1988468170166016 2.6720097064971924
2.190718650817871 2.9377517700195312
2.190718650817871 2.9377517700195312
2.190718650817871 2.823599338531494
2.1807801723480225 2.7725794315338135
2.171149969100952 2.793588161468506
2.169321060180664 2.6602602005004883
2.1681599617004395 3.0020015239715576
2.162226915359497 2.8339943885803223
2.162069082260132 2.652339220046997
2.162069082260132 2.652339220046997
2.1603312492370605 2.840131998062134
2.1581175327301025 2.9784374237060547
2.149477958679199 2.7463955879211426
2.149477958679199 2.9534575939178467
2.1490213871002197 2.914400339126587
2.1471736431121826 2.8273000717163086
2.1434335708618164 2.6720097064971924
2.1342549324035645 2.652339220046997
2.1342549324035645 2.6720097064971924
2.1341748237609863 2.652339220046997
2.1341748237609863 2.6720097064971924
2.1341748237609863 2.137052536010742
2.1341748237609863 2.6720097064971924
2.1341748237609863 2.6654369831085205
2.1321942806243896 2.176097869873047
2.1321942806243896 2.176097869873047
2.1289291381835938 2.961524248123169
2.1289291381835938 2.846885919570923
2.121196985244751 2.691679000854492
2.1170079708099365 2.7711782455444336
2.1110727787017822 2.903587818145752
2.110466241836548 2.810023784637451
2.103640079498291 2.65277361869812
2.103640079498291 2.65277361869812
2.096649646759033 2.818592071533203
2.096649646759033 2.818592071533203
2.0941238403320312 2.7941226959228516
2.088981866836548 2.7845139503479004
2.0841753482818604 2.707425117492676
2.083909034729004 2.1041271686553955
2.083909034729004 2.810281991958618
2.083909034729004 2.9518821239471436
2.0826799869537354 2.777639150619507
2.0787622928619385 2.652339220046997
2.071687698364258 2.1041271686553955
2.0677287578582764 2.7977099418640137
2.0677287578582764 2.7972216606140137
2.041807174682617 2.0686984062194824
2.041807174682617 2.0686984062194824
2.0417864322662354 2.063079357147217
2.0417864322662354 2.063079357147217
2.0386695861816406 2.8854520320892334
2.032883405685425 2.6654369831085205
2.026259660720825 2.777639150619507
2.023392915725708 2.652339220046997
2.023392915725708 2.652339220046997
2.023329734802246 2.759124279022217
2.023329734802246 2.757143497467041
2.023329734802246 2.6720097064971924
2.023329734802246 2.6720097064971924
2.0201632976531982 2.737663745880127
2.0140910148620605 2.685011386871338
2.0140910148620605 2.0330514907836914
2.0140910148620605 2.0330514907836914
2.012246608734131 2.7941226959228516
2.005767345428467 2.038104295730591
2.005767345428467 2.038104295730591
2.005767345428467 2.7674334049224854
2.0046393871307373 2.7150909900665283
2.0028929710388184 2.7191905975341797
1.977308750152588 2.719363212585449
1.975948452949524 2.756911277770996
1.965293049812317 2.899115800857544
1.9597694873809814 2.784559965133667
1.95863676071167 2.652339220046997
1.95863676071167 2.6720097064971924
1.9524167776107788 2.7378976345062256
1.9524167776107788 2.7378976345062256
1.9337692260742188 2.6720097064971924
1.9252758026123047 2.6720097064971924
1.9217034578323364 1.992531418800354
1.9214370250701904 1.9394769668579102
1.9214370250701904 1.9394769668579102
1.9135355949401855 1.9252535104751587
1.9034053087234497 2.652339220046997
