4.199963092803955 4.282289505004883
3.9329752922058105 4.330838203430176
3.92372989654541 4.046067237854004
3.92372989654541 4.0556535720825195
3.8316304683685303 4.791595458984375
3.8316304683685303 4.791721820831299
3.8316304683685303 3.956181049346924
3.8316304683685303 3.956181049346924
3.807051181793213 3.8299334049224854
3.794644594192505 4.172921657562256
3.794644594192505 4.098832607269287
3.794644594192505 4.098832607269287
3.794644594192505 4.098832607269287
3.794644594192505 4.108844757080078
3.7834577560424805 4.508530139923096
3.76033878326416 4.079075336456299
3.76033878326416 3.932534694671631
3.76033878326416 3.932534694671631
3.76033878326416 3.932534694671631
3.76033878326416 3.932534694671631
3.666452646255493 4.266227722167969
3.666452646255493 3.983257532119751
3.660395383834839 3.8358588218688965
3.6493194103240967 4.3028059005737305
3.6413772106170654 4.289570331573486
3.5817580223083496 3.8358588218688965
3.581467628479004 3.8358588218688965
3.2653939723968506 3.8358588218688965
3.225893974304199 3.8731000423431396
3.212808132171631 3.8358588218688965
3.1668832302093506 4.0221734046936035
3.1668832302093506 4.0221734046936035
3.1668832302093506 4.0221734046936035
3.1668832302093506 4.0221734046936035
3.1668832302093506 4.119968414306641
3.1602799892425537 3.8358588218688965
2.982273817062378 4.044245719909668
2.975726842880249 3.0053789615631104
2.975726842880249 3.0053789615631104
2.975726842880249 3.00356125831604
2.975726842880249 3.0053789615631104
2.9400622844696045 3.9295578002929688
2.9372599124908447 3.8358588218688965
2.9372599124908447 3.8358588218688965
2.9372599124908447 3.8358588218688965
2.9362268447875977 3.8358588218688965
2.9362268447875977 3.8358588218688965
2.9362268447875977 3.8358588218688965
2.9362268447875977 3.8358588218688965
2.9326229095458984 2.961214065551758
2.8499972820281982 3.8358588218688965
2.8499972820281982 3.8358588218688965
2.8451268672943115 3.8358588218688965
2.8451268672943115 3.8358588218688965
2.8447916507720947 3.8358588218688965
2.8447916507720947 3.8358588218688965
2.8447916507720947 3.8358588218688965
2.8311386108398438 3.8358588218688965
2.8179731369018555 2.846741199493408
2.8179731369018555 2.846741199493408
2.8179731369018555 2.846741199493408
2.8179731369018555 2.846741199493408
2.817819118499756 3.8358588218688965
2.817819118499756 3.8358588218688965
2.817819118499756 3.8358588218688965
2.817819118499756 3.8358588218688965
2.817819118499756 3.8358588218688965
2.7518937587738037 2.7609505653381348
2.7518937587738037 2.7609505653381348
2.7518937587738037 2.7609505653381348
2.7518937587738037 2.7609505653381348
2.7518937587738037 2.7609505653381348
2.7388219833374023 3.8358588218688965
1.0513675212860107 1.1653923988342285
1.0513675212860107 1.1653923988342285
1.0513675212860107 1.1653923988342285
1.0513675212860107 1.1653923988342285
