4.386669158935547 4.40022087097168
4.3521246910095215 4.560568809509277
4.3521246910095215 4.560568809509277
4.334925174713135 4.344640731811523
4.267967700958252 4.287152290344238
4.258848190307617 4.288419246673584
4.258848190307617 4.288419246673584
4.182888984680176 4.344640731811523
4.123640060424805 4.398587226867676
4.020218372344971 4.510079383850098
4.020218372344971 4.510079383850098
4.01406192779541 4.293813705444336
3.985905647277832 4.1338114738464355
3.985905647277832 4.1338114738464355
3.9673328399658203 4.267967700958252
3.9673328399658203 4.179220676422119
3.9673328399658203 4.207213401794434
3.94313645362854 4.267967700958252
3.8767261505126953 4.2169952392578125
3.8767261505126953 4.288973808288574
3.874126672744751 3.9708120822906494
3.8579649925231934 4.26364278793335
3.8535029888153076 3.902538299560547
3.7963738441467285 3.824357032775879
3.781332015991211 4.182888984680176
3.7408390045166016 3.787134885787964
3.7365853786468506 3.787134885787964
3.712348461151123 4.326469898223877
3.712348461151123 3.9416720867156982
3.6963369846343994 3.71842622756958
3.6848971843719482 3.7953453063964844
3.659034490585327 3.7435460090637207
3.651339054107666 4.298556327819824
3.6380937099456787 3.787134885787964
3.6233317852020264 3.6235036849975586
3.6233317852020264 3.6517419815063477
3.621269464492798 3.790973663330078
3.5881574153900146 3.6262359619140625
3.5881574153900146 3.6262359619140625
3.579392671585083 3.666914224624634
3.5725715160369873 3.726135015487671
3.5725715160369873 4.124573230743408
3.572032928466797 3.7125160694122314
3.568751573562622 3.591625690460205
3.5651180744171143 3.666914224624634
3.5446603298187256 3.955446243286133
3.5446603298187256 3.955446243286133
3.524308919906616 3.548267126083374
3.524308919906616 3.548267126083374
3.4640722274780273 3.9631223678588867
3.4459879398345947 3.6517419815063477
3.4459879398345947 3.7663655281066895
3.4347689151763916 3.4771831035614014
3.4347689151763916 3.4771831035614014
3.4179539680480957 3.4394617080688477
3.407290458679199 3.4501407146453857
3.407290458679199 3.624425172805786
3.3912570476531982 3.6037700176239014
3.3912570476531982 3.6037228107452393
3.3765058517456055 3.4501407146453857
3.3201866149902344 3.3938262462615967
3.313685894012451 3.824697494506836
3.3064019680023193 3.319521903991699
3.299685478210449 3.5223653316497803
3.2968027591705322 3.360241413116455
3.2699995040893555 3.5496225357055664
3.2614383697509766 3.3380539417266846
3.2561936378479004 3.2600152492523193
3.2561936378479004 3.259963035583496
3.224668502807617 3.30427885055542
3.213557481765747 3.52483868598938
3.213557481765747 3.444608211517334
3.187030792236328 3.5416414737701416
3.18559193611145 3.30427885055542
3.162304401397705 3.50718092918396
3.162304401397705 3.481428384780884
3.1437628269195557 3.770885705947876
3.1319127082824707 3.7364490032196045
3.1267404556274414 3.2595462799072266
3.1173319816589355 3.174914598464966
3.1166419982910156 3.5879366397857666
3.106802463531494 3.5106003284454346
3.106802463531494 3.2744617462158203
3.0971875190734863 3.7746808528900146
3.0971875190734863 3.774725914001465
3.0821304321289062 3.1320571899414062
3.043975830078125 3.102627992630005
2.9935250282287598 3.681255340576172
2.9748635292053223 3.4893851280212402
2.9627773761749268 3.6451804637908936
2.922891139984131 3.1970837116241455
2.9114058017730713 3.370499849319458
2.9114058017730713 3.3054091930389404
2.8851611614227295 3.0844247341156006
2.8841605186462402 3.0844247341156006
2.883277416229248 3.091956853866577
2.883277416229248 3.099470853805542
2.883277416229248 3.114553213119507
2.883277416229248 3.1295628547668457
2.880842447280884 3.2392380237579346
2.8633639812469482 3.2901008129119873
2.82576060295105 3.3546957969665527
2.8193843364715576 3.6245813369750977
2.8193843364715576 3.1223387718200684
2.8193843364715576 3.1223387718200684
2.8193843364715576 3.1223387718200684
2.8164923191070557 3.186711311340332
2.8108603954315186 3.6245813369750977
2.809450626373291 3.1070756912231445
2.8092288970947266 3.2781755924224854
2.8092288970947266 3.3838560581207275
2.8089065551757812 3.437223196029663
2.8089065551757812 3.3837223052978516
2.7910993099212646 3.5741236209869385
2.7910993099212646 3.434373378753662
2.7910993099212646 3.434373378753662
2.7910993099212646 3.434373378753662
2.7910993099212646 3.3580849170684814
2.7910993099212646 3.393692970275879
2.76424503326416 3.5741236209869385
2.76424503326416 3.3779637813568115
2.76424503326416 3.3779637813568115
2.7613565921783447 3.3446426391601562
2.7613565921783447 3.3446426391601562
2.7613565921783447 3.3446426391601562
2.7551803588867188 3.3446426391601562
2.7551803588867188 3.1894805431365967
2.7024388313293457 3.3837223052978516
2.7024388313293457 3.4018046855926514
2.671264410018921 3.334728956222534
2.6614580154418945 2.7387187480926514
2.6571805477142334 3.1687049865722656
2.644712448120117 3.277968406677246
2.6346142292022705 3.2626876831054688
2.6307876110076904 3.2969229221343994
2.6133475303649902 3.6037700176239014
2.6133475303649902 3.6037700176239014
2.596466064453125 3.2163562774658203
2.5795180797576904 3.3546957969665527
2.5795180797576904 3.3546957969665527
2.5795180797576904 3.28041934967041
2.5795180797576904 3.28041934967041
2.5688769817352295 3.1859118938446045
2.5688769817352295 3.1859118938446045
2.555269956588745 2.5568861961364746
2.553940534591675 2.557572364807129
2.553586006164551 2.554804801940918
2.553586006164551 2.5551812648773193
2.553408622741699 2.554804801940918
2.553408622741699 2.554804801940918
2.5519232749938965 3.3546957969665527
2.528305768966675 3.4731605052948
2.528305768966675 3.4603288173675537
2.521491765975952 3.076910972595215
2.5182576179504395 3.3736047744750977
2.5103342533111572 3.575643539428711
2.5051660537719727 3.574836015701294
2.5039684772491455 3.3033368587493896
2.5005531311035156 3.1222662925720215
2.5005531311035156 3.1298880577087402
2.5005531311035156 3.091956853866577
2.500281572341919 3.1070756912231445
2.4650845527648926 3.091956853866577
2.462143898010254 3.276466131210327
2.462143898010254 3.091956853866577
2.4576575756073 3.114553213119507
2.4576575756073 3.114553213119507
2.4576575756073 3.1446447372436523
2.4576575756073 3.152212381362915
2.4576575756073 2.4731526374816895
2.4470880031585693 3.1298880577087402
2.4364492893218994 3.0844247341156006
2.4152889251708984 3.1298880577087402
2.4151718616485596 3.1222662925720215
2.3938236236572266 3.0844247341156006
2.381117582321167 2.4014477729797363
2.3725454807281494 3.1070756912231445
2.3622658252716064 3.1222662925720215
2.3406286239624023 3.0844247341156006
2.3198142051696777 3.2626876831054688
2.319350481033325 2.3222768306732178
2.319350481033325 2.3222768306732178
2.319350481033325 2.3222768306732178
2.2989344596862793 2.329746723175049
2.2989344596862793 2.3352060317993164
2.29866361618042 2.330183744430542
2.29866361618042 2.330183744430542
2.255516529083252 2.3325870037078857
2.244953155517578 2.245079278945923
2.244953155517578 2.245079278945923
2.244953155517578 2.245079278945923
2.244953155517578 2.245079278945923
2.244953155517578 2.245079278945923
2.244852304458618 3.076910972595215
2.238490104675293 3.091956853866577
2.238490104675293 3.1297073364257812
2.2378580570220947 3.091956853866577
2.2378580570220947 3.1070756912231445
2.2378580570220947 3.114553213119507
2.2367448806762695 2.2443227767944336
2.2354540824890137 2.2443227767944336
2.234846353530884 3.1297073364257812
2.2346184253692627 3.1222662925720215
2.2343146800994873 3.1070756912231445
2.2343146800994873 3.1070756912231445
2.234238624572754 3.091956853866577
2.234213352203369 3.076910972595215
2.212934970855713 3.076910972595215
2.1814327239990234 2.265331268310547
2.1814327239990234 2.256394624710083
