5.271546363830566 5.298012733459473
5.271546363830566 5.298012733459473
5.271546363830566 5.298012733459473
5.072471618652344 5.684513568878174
4.094666481018066 4.311516284942627
4.094666481018066 4.311516284942627
3.9542298316955566 4.069258213043213
3.90615177154541 4.016358852386475
3.90615177154541 4.016358852386475
3.7932097911834717 4.242618083953857
3.5608484745025635 3.852055788040161
3.5608484745025635 3.852055788040161
3.555565357208252 4.016358852386475
3.505045175552368 3.926337718963623
3.505045175552368 3.926337718963623
3.4754903316497803 3.7692008018493652
3.468386650085449 4.341763973236084
3.468386650085449 4.341763973236084
3.4585747718811035 3.881165027618408
3.383497476577759 3.7755472660064697
3.383497476577759 3.7755472660064697
3.3694117069244385 4.1934404373168945
3.3694117069244385 4.1934404373168945
3.3036293983459473 4.199700355529785
3.3036293983459473 4.199700355529785
3.3036293983459473 4.199700355529785
3.3036293983459473 4.199700355529785
3.291740655899048 3.8214218616485596
3.291740655899048 3.8214218616485596
3.291740655899048 3.961902141571045
3.291740655899048 3.730422258377075
3.280592679977417 4.069258213043213
3.280592679977417 3.833993911743164
3.280592679977417 3.833993911743164
3.280592679977417 3.833993911743164
3.280592679977417 3.833993911743164
3.228407859802246 4.099098205566406
3.110361099243164 3.9975924491882324
3.110361099243164 3.9975924491882324
3.1029133796691895 3.8670222759246826
3.1029133796691895 3.8737683296203613
3.0802533626556396 3.6662092208862305
3.0802273750305176 3.931981086730957
3.0552964210510254 3.0926172733306885
3.0552964210510254 3.0906684398651123
3.0552964210510254 3.0906684398651123
3.0552964210510254 3.0906684398651123
3.0552964210510254 3.0906684398651123
2.978928327560425 3.621119260787964
2.978928327560425 3.621119260787964
2.978928327560425 3.621119260787964
2.978928327560425 3.6662092208862305
2.978928327560425 3.6662092208862305
2.9788475036621094 3.621119260787964
2.9788475036621094 3.621119260787964
2.9788475036621094 3.621119260787964
2.9537136554718018 3.621119260787964
2.953577756881714 3.674985885620117
2.9534687995910645 3.621119260787964
2.9534687995910645 3.621119260787964
2.9534687995910645 3.6662092208862305
2.944096803665161 2.9956023693084717
2.8947837352752686 2.9011876583099365
2.8905344009399414 2.9285836219787598
2.8796746730804443 3.6662092208862305
2.8792002201080322 3.6662092208862305
2.859264373779297 3.621119260787964
2.8140347003936768 3.7915148735046387
2.8140347003936768 3.621119260787964
2.8140347003936768 3.6662092208862305
2.8140347003936768 3.6662092208862305
2.801473617553711 3.621119260787964
2.801473617553711 3.6662092208862305
2.801473617553711 3.6662092208862305
2.7896623611450195 2.832871198654175
2.7896623611450195 2.832871198654175
2.7896623611450195 2.832871198654175
2.770764112472534 2.789259195327759
2.770764112472534 2.789259195327759
2.770764112472534 2.789259195327759
2.7634477615356445 2.789259195327759
2.763331413269043 3.621119260787964
2.738009214401245 3.621119260787964
2.738009214401245 3.621119260787964
2.738009214401245 3.7932944297790527
2.738009214401245 3.621119260787964
2.738009214401245 3.7932944297790527
2.738009214401245 3.621119260787964
2.738009214401245 3.7932944297790527
2.738009214401245 3.621119260787964
2.738009214401245 3.7932944297790527
2.738009214401245 3.621119260787964
2.738009214401245 3.621119260787964
2.738009214401245 3.6662092208862305
2.738009214401245 3.7107510566711426
2.7379796504974365 3.7932944297790527
2.725303888320923 3.6662092208862305
2.719224452972412 3.657806634902954
2.669639825820923 2.6706326007843018
2.6619248390197754 3.621119260787964
2.6619248390197754 3.621119260787964
2.6619248390197754 3.621119260787964
2.6619248390197754 3.6662092208862305
2.6619248390197754 3.6662092208862305
