5.1726861000061035 5.311529159545898
4.794962406158447 4.828647613525391
4.794962406158447 4.828647613525391
4.759868621826172 5.241333484649658
4.710845470428467 4.928291320800781
4.673953056335449 5.07018518447876
4.539768695831299 5.281567573547363
4.343728542327881 4.703282356262207
4.0973734855651855 4.395510196685791
4.005739688873291 4.148891448974609
4.005739688873291 4.080530166625977
3.9745945930480957 4.203446388244629
3.97165584564209 4.212332725524902
3.9533989429473877 4.159087181091309
3.890972375869751 4.248590469360352
3.763216733932495 4.1954779624938965
3.741558074951172 3.774970293045044
3.7375071048736572 3.825643301010132
3.727867603302002 3.8697032928466797
3.6997268199920654 3.882706880569458
3.6810436248779297 3.894990921020508
3.6790425777435303 3.897292375564575
3.6785757541656494 4.193885803222656
3.666846513748169 3.715893507003784
3.638223171234131 3.7413132190704346
3.634298801422119 3.882706880569458
3.634298801422119 3.644688129425049
3.6231632232666016 3.7366292476654053
3.6231632232666016 3.649657726287842
3.5133113861083984 3.744952440261841
3.5098233222961426 3.603712558746338
3.504993200302124 3.714024305343628
3.4928667545318604 3.5477547645568848
3.416682004928589 4.149130344390869
3.416682004928589 4.148891448974609
3.3839831352233887 3.579256057739258
3.3783068656921387 3.473224639892578
3.3783068656921387 3.473224639892578
3.3744871616363525 3.6649210453033447
3.373593807220459 3.5089426040649414
3.368828773498535 3.5337023735046387
3.368828773498535 3.5337023735046387
3.368828773498535 3.530029296875
3.358767509460449 3.6657016277313232
3.3172852993011475 3.390280246734619
3.3062362670898438 3.5319418907165527
3.2894248962402344 3.328056812286377
3.2881603240966797 3.424367904663086
3.288125514984131 3.5676815509796143
3.2727487087249756 3.277397394180298
3.2727487087249756 3.277397394180298
3.263922929763794 3.277397394180298
3.258681297302246 3.2724106311798096
3.256315231323242 3.5429763793945312
3.256315231323242 3.726301431655884
3.256315231323242 3.2728536128997803
3.255061149597168 3.3607888221740723
3.2231733798980713 3.2268412113189697
3.212477684020996 3.2133803367614746
3.1936681270599365 3.2150659561157227
3.178938865661621 3.429089069366455
3.164803981781006 3.266049861907959
3.1499640941619873 3.205367088317871
3.149733781814575 3.5782432556152344
3.146606922149658 3.4114739894866943
3.138836622238159 3.2175097465515137
3.1287918090820312 3.2591381072998047
3.120267868041992 3.285536766052246
3.120267868041992 3.285536766052246
3.118628740310669 3.4593770503997803
3.118628740310669 3.629455327987671
3.1159849166870117 3.6625776290893555
3.114637613296509 4.206386089324951
3.114637613296509 4.206386089324951
3.105841636657715 3.106799602508545
3.098153829574585 3.2720608711242676
3.0977349281311035 3.463797092437744
3.0879642963409424 3.1357474327087402
3.0811235904693604 3.306766986846924
3.0809502601623535 3.4240000247955322
3.0710761547088623 3.073547601699829
3.06244158744812 3.3399362564086914
3.0618185997009277 3.0871732234954834
3.0542948246002197 3.369689464569092
3.051795244216919 3.4630589485168457
3.0405218601226807 3.882706880569458
3.037546157836914 3.105841636657715
3.033461093902588 3.3808133602142334
3.020742654800415 3.079897165298462
3.0111656188964844 3.042654514312744
2.993016004562378 3.465229034423828
2.967062473297119 3.180678606033325
2.965686082839966 3.307563066482544
2.95902681350708 3.0782864093780518
2.9408929347991943 3.106590986251831
2.9383487701416016 3.333933115005493
2.917393207550049 2.9390628337860107
2.91172456741333 3.3908767700195312
2.9076201915740967 2.913728952407837
2.9003541469573975 3.1877846717834473
2.899038314819336 3.0844407081604004
2.8953769207000732 2.8971424102783203
2.887829065322876 2.955853223800659
2.862041711807251 2.864666700363159
2.862041711807251 3.2034380435943604
2.8427252769470215 2.954045295715332
2.833125591278076 2.9265079498291016
2.8296892642974854 3.1395294666290283
2.8230741024017334 2.9157841205596924
2.813692092895508 3.0145723819732666
2.813570022583008 2.9157841205596924
2.7972490787506104 2.906255006790161
2.7893810272216797 2.8634543418884277
2.789052724838257 3.167876958847046
2.789052724838257 3.138836622238159
2.7887516021728516 2.8374993801116943
2.7661943435668945 3.2244515419006348
2.7606849670410156 3.230480909347534
2.7606849670410156 3.230480909347534
2.7593026161193848 2.9302215576171875
2.755053997039795 3.079897165298462
2.751034736633301 3.133690357208252
2.735386848449707 2.7969353199005127
2.7292003631591797 2.9018666744232178
2.7235043048858643 2.775407075881958
2.7037770748138428 2.8549134731292725
2.6973483562469482 3.283933639526367
2.6937386989593506 2.6944892406463623
2.682838201522827 2.920569658279419
2.682838201522827 2.929857015609741
2.670635938644409 2.8865604400634766
2.6673049926757812 2.7851645946502686
2.6470437049865723 2.651580333709717
2.6470437049865723 2.651580333709717
2.643062114715576 2.7627298831939697
2.628077983856201 3.0325050354003906
2.628077983856201 3.018430233001709
2.625274419784546 2.8175814151763916
2.6250128746032715 2.7216262817382812
2.6142051219940186 2.9230639934539795
2.6142051219940186 2.6395373344421387
2.6125845909118652 3.018430233001709
2.612102508544922 2.6209397315979004
2.602297067642212 2.6663177013397217
2.5982766151428223 2.8405098915100098
2.5968222618103027 3.072678565979004
2.5896568298339844 2.7064990997314453
2.584627628326416 3.293818235397339
2.580845594406128 2.7415037155151367
2.580845594406128 2.7415037155151367
2.5787158012390137 3.1972384452819824
2.5678319931030273 2.62642240524292
2.558319330215454 2.902747392654419
2.5444860458374023 3.0663886070251465
2.5440211296081543 2.6348495483398438
2.543706178665161 2.8372840881347656
2.543361186981201 2.6281652450561523
2.5298078060150146 2.6757888793945312
2.529566526412964 3.2175097465515137
2.529566526412964 3.167876958847046
2.5202879905700684 2.7354846000671387
2.519636869430542 2.8641605377197266
2.4921376705169678 2.9086172580718994
2.474421739578247 2.933032989501953
2.4651055335998535 2.6386988162994385
2.4651055335998535 2.6386988162994385
2.4636037349700928 2.5638465881347656
2.455381393432617 2.735414743423462
2.430060863494873 3.045975923538208
2.417877197265625 2.4947543144226074
2.4168195724487305 2.58685564994812
2.414924383163452 2.717698097229004
2.4111135005950928 2.4956564903259277
2.4110660552978516 2.4956564903259277
2.3990561962127686 2.5728940963745117
2.3590567111968994 2.785534381866455
2.3590567111968994 2.703057050704956
2.270775079727173 2.8705878257751465
2.270775079727173 2.8705878257751465
2.270775079727173 2.695268154144287
2.270775079727173 2.8705878257751465
2.270775079727173 2.748203992843628
2.2626953125 2.52024245262146
2.2625603675842285 2.52024245262146
2.2625603675842285 2.508390426635742
2.2625603675842285 2.4956564903259277
2.2625603675842285 2.5396828651428223
2.249690055847168 2.688478469848633
2.249690055847168 2.688478469848633
2.249690055847168 2.6210269927978516
2.2349369525909424 2.9564597606658936
2.227754831314087 2.52024245262146
2.225029945373535 2.698988676071167
2.2238292694091797 2.829324960708618
2.2238292694091797 2.813312530517578
2.2238292694091797 2.8121728897094727
2.2190370559692383 2.263521432876587
2.210629940032959 2.2682700157165527
2.2104227542877197 2.785383701324463
2.201064348220825 2.6752469539642334
2.1891748905181885 2.7890937328338623
2.185424327850342 2.7949836254119873
2.1790072917938232 2.6558938026428223
2.1754672527313232 2.52024245262146
2.1754672527313232 2.52024245262146
2.1754672527313232 2.551374673843384
2.1754672527313232 2.4956564903259277
2.1602072715759277 2.7329585552215576
2.1577858924865723 2.5513148307800293
2.157573699951172 2.661677122116089
2.157573699951172 2.7776882648468018
2.157573699951172 2.7776882648468018
2.1561408042907715 2.257326364517212
2.1561408042907715 2.257326364517212
2.1561408042907715 2.257326364517212
2.154724597930908 2.727802038192749
2.1523327827453613 2.9060449600219727
2.1523327827453613 2.58229398727417
2.149991273880005 2.257326364517212
2.1449809074401855 2.768000841140747
2.1428451538085938 2.543166160583496
2.141758680343628 2.543166160583496
2.1407430171966553 2.7949836254119873
2.140404224395752 2.52024245262146
2.140404224395752 2.52024245262146
2.140404224395752 2.146296739578247
2.140315294265747 2.4956564903259277
2.139387845993042 2.1482157707214355
2.1386566162109375 2.692662000656128
2.1386566162109375 2.692662000656128
2.1386566162109375 2.692662000656128
2.137050151824951 2.6887481212615967
2.137050151824951 2.6887481212615967
2.134960174560547 2.7747881412506104
2.134960174560547 2.6805899143218994
2.134960174560547 2.7476346492767334
2.131525993347168 2.1326534748077393
2.1280863285064697 2.7948198318481445
2.123509407043457 2.7216262817382812
2.1216938495635986 2.9060449600219727
2.104285955429077 2.7476346492767334
2.1038506031036377 2.780283212661743
2.099184513092041 2.595205545425415
2.099184513092041 2.595367193222046
2.0876102447509766 2.7747881412506104
2.0832009315490723 2.785534381866455
2.0786168575286865 2.6083602905273438
2.0734705924987793 2.6568706035614014
2.070653200149536 2.6209397315979004
2.070653200149536 2.6209397315979004
2.0628254413604736 2.5740654468536377
2.0619187355041504 2.4956564903259277
2.061641216278076 2.52024245262146
2.0599563121795654 2.641979217529297
2.0555431842803955 2.7466347217559814
2.054224729537964 2.69390869140625
2.0475642681121826 2.680461883544922
2.0473034381866455 2.6475048065185547
2.0473034381866455 2.58154034614563
2.0441699028015137 2.1144158840179443
2.011277437210083 2.59999418258667
2.0081067085266113 2.0589187145233154
2.0081067085266113 2.0589187145233154
2.0014071464538574 2.6068825721740723
1.9990227222442627 2.8346469402313232
1.984559416770935 2.508390426635742
1.984559416770935 2.5638465881347656
1.984559416770935 2.0009496212005615
1.9834824800491333 2.6209397315979004
1.9794578552246094 2.59232234954834
1.9794578552246094 2.59232234954834
1.9728350639343262 2.502146005630493
1.9693312644958496 1.9743818044662476
1.9678776264190674 1.9806910753250122
1.965607762336731 2.4956564903259277
1.9635294675827026 2.04233980178833
1.9635294675827026 2.0420968532562256
1.9595223665237427 2.567133665084839
1.9595223665237427 2.5701491832733154
1.9582173824310303 1.9757726192474365
1.9537696838378906 2.5701491832733154
1.9537696838378906 2.545865297317505
1.9537696838378906 2.545865297317505
1.9488420486450195 1.9748069047927856
1.9361921548843384 2.8001937866210938
1.9361921548843384 2.8001937866210938
1.9361921548843384 2.8290822505950928
1.9325034618377686 2.4708261489868164
1.927600622177124 2.6522276401519775
1.9221693277359009 2.4956564903259277
1.918871283531189 2.551374673843384
1.915109395980835 2.551374673843384
1.915109395980835 1.920302391052246
1.915109395980835 2.551374673843384
1.9150694608688354 2.584981679916382
1.9132955074310303 2.52024245262146
1.9083632230758667 2.6396384239196777
1.9020746946334839 2.800997734069824
1.9020746946334839 2.7641243934631348
1.9000074863433838 2.638756513595581
1.893449306488037 2.6568706035614014
1.8920785188674927 2.5396828651428223
1.8905452489852905 2.5202577114105225
1.8905452489852905 2.594749689102173
1.8903231620788574 2.6044809818267822
1.8903231620788574 2.4956564903259277
1.88961660861969 2.6946451663970947
1.887090802192688 2.52024245262146
1.8797976970672607 2.04233980178833
1.8797976970672607 2.04233980178833
1.8797976970672607 2.04233980178833
1.8797976970672607 1.9745362997055054
1.8797165155410767 2.59232234954834
1.8789043426513672 2.4708261489868164
1.8784981966018677 2.5396828651428223
1.8699476718902588 2.5638465881347656
1.8699476718902588 2.584981679916382
1.869763970375061 2.5513298511505127
1.8694578409194946 2.5513148307800293
1.8694578409194946 2.551374673843384
1.868661642074585 2.578286647796631
1.868661642074585 2.578286647796631
1.8608043193817139 1.907623291015625
1.8547042608261108 2.5827224254608154
1.8547042608261108 2.584981679916382
1.8547042608261108 1.8620343208312988
1.8432304859161377 2.5450706481933594
1.839272379875183 2.584981679916382
1.8257590532302856 2.52024245262146
1.8173593282699585 2.4956564903259277
1.8173593282699585 2.4956564903259277
1.8170443773269653 2.4956564903259277
1.8056693077087402 2.52024245262146
1.7908375263214111 2.4708261489868164
0.9407408237457275 0.9637012481689453
0.9407408237457275 0.9637012481689453
