5.03676700592041 5.270944595336914
5.03676700592041 5.09902811050415
4.710531234741211 5.004195213317871
4.695282459259033 4.958646297454834
4.559095859527588 4.651237487792969
4.285556793212891 4.723774433135986
4.285556793212891 4.723774433135986
4.267581939697266 4.59641695022583
4.229912757873535 4.241529941558838
4.15509557723999 4.2296857833862305
4.129278659820557 4.5304694175720215
3.99807071685791 4.586483955383301
3.968421697616577 4.9020609855651855
3.942646026611328 4.183493614196777
3.888885498046875 4.2150468826293945
3.8544294834136963 4.0394487380981445
3.851236343383789 3.8563907146453857
3.851236343383789 3.8563907146453857
3.8438901901245117 3.896824359893799
3.8438901901245117 3.896824359893799
3.8359358310699463 3.8971168994903564
3.8359358310699463 3.9165170192718506
3.76519775390625 3.827274799346924
3.752873420715332 3.827274799346924
3.752873420715332 3.827274799346924
3.7074739933013916 3.949474334716797
3.7074739933013916 3.965623378753662
3.703230857849121 3.718125581741333
3.6954445838928223 3.9118716716766357
3.6954281330108643 4.066588401794434
3.694323778152466 3.949474334716797
3.617305040359497 3.827745199203491
3.5995771884918213 4.117067813873291
3.5995771884918213 3.8585684299468994
3.5776374340057373 3.584139823913574
3.5776374340057373 3.584139823913574
3.556051731109619 3.949474334716797
3.556051731109619 3.989521026611328
3.5343174934387207 3.9966297149658203
3.5343174934387207 3.9966297149658203
3.5343174934387207 3.989521026611328
3.498633861541748 3.594104766845703
3.456789016723633 3.521543025970459
3.435265064239502 3.7231576442718506
3.42870831489563 3.471928596496582
3.42870831489563 3.471928596496582
3.397305488586426 3.7167856693267822
3.397181749343872 3.47812819480896
3.380678415298462 3.7755274772644043
3.360327959060669 3.5002973079681396
3.3587918281555176 3.733844757080078
3.347499132156372 3.9966297149658203
3.332118272781372 3.8706493377685547
3.332118272781372 3.8706493377685547
3.332118272781372 3.8963775634765625
3.307589292526245 3.3700110912323
3.2926783561706543 3.3125386238098145
3.2891042232513428 3.8213589191436768
3.2891042232513428 3.8213589191436768
3.2763445377349854 3.471928596496582
3.2642149925231934 3.435107946395874
3.2642149925231934 3.749946117401123
3.2642149925231934 4.034736633300781
3.236577033996582 3.4087324142456055
3.2292449474334717 3.5467751026153564
3.2292449474334717 3.5467751026153564
3.2292449474334717 3.457552909851074
3.222994804382324 3.4924192428588867
3.2196602821350098 3.226400375366211
3.2196602821350098 3.226400375366211
3.2196602821350098 3.226400375366211
3.1848604679107666 3.388214111328125
3.1506857872009277 3.3108716011047363
3.1349520683288574 3.216341018676758
3.1349520683288574 3.269927501678467
3.1303353309631348 4.083934783935547
3.1303353309631348 3.584139823913574
3.0922226905822754 3.3126654624938965
3.0922226905822754 3.3126654624938965
3.0922226905822754 3.3051209449768066
3.075955867767334 3.2462964057922363
3.075955867767334 3.2462964057922363
3.075955867767334 3.2526309490203857
3.0215113162994385 3.248199939727783
3.01680064201355 3.2989418506622314
3.01680064201355 3.2989418506622314
3.01680064201355 3.2989418506622314
3.012739896774292 3.1296260356903076
2.998203992843628 3.837765693664551
2.9877779483795166 3.027503252029419
2.9877779483795166 3.027503252029419
2.981243133544922 3.3037407398223877
2.9766502380371094 3.857293128967285
2.971646308898926 3.1976287364959717
2.971646308898926 3.1976287364959717
2.971646308898926 3.1976287364959717
2.9223062992095947 3.3307313919067383
2.8874144554138184 3.2026355266571045
2.880422830581665 3.221411943435669
2.8740196228027344 3.1378602981567383
2.8678324222564697 3.3307313919067383
2.8678324222564697 3.3307313919067383
2.8678324222564697 3.324040412902832
2.8214216232299805 3.1517140865325928
2.806065797805786 3.4431519508361816
2.803819417953491 3.3307313919067383
2.7786221504211426 3.4566502571105957
2.7786221504211426 3.4566502571105957
2.731771945953369 3.218579053878784
2.727617025375366 3.4693350791931152
2.721008777618408 3.483283042907715
2.711597442626953 3.5383901596069336
2.706968069076538 3.1976287364959717
2.7053494453430176 3.47799015045166
2.7053494453430176 3.47597074508667
2.7053494453430176 3.274860382080078
2.690223217010498 3.1976287364959717
2.6860265731811523 3.3956446647644043
2.6828296184539795 3.226400375366211
2.6828296184539795 3.1141905784606934
2.679741144180298 3.489978313446045
2.679741144180298 3.489978313446045
2.679741144180298 3.489978313446045
2.679741144180298 3.489978313446045
2.673126697540283 2.674204111099243
2.673126697540283 2.6758193969726562
2.673126697540283 3.1220428943634033
2.6551291942596436 3.490201950073242
2.619152545928955 3.1296260356903076
2.5881757736206055 3.1296260356903076
2.5881757736206055 3.1296260356903076
2.5879437923431396 3.4288830757141113
2.582186698913574 3.1376309394836426
2.5763936042785645 3.4203670024871826
2.5763936042785645 3.4203670024871826
2.5763936042785645 3.1141905784606934
2.5748791694641113 3.520878314971924
2.5162501335144043 3.490201950073242
2.5162501335144043 3.4942915439605713
2.5105197429656982 3.238189697265625
2.4868876934051514 3.1220428943634033
2.4868876934051514 3.1220428943634033
2.486863613128662 3.1296260356903076
2.486863613128662 3.1296260356903076
2.486863613128662 3.1296260356903076
2.486863613128662 3.1296260356903076
2.486863613128662 3.1296260356903076
2.486863613128662 3.1296260356903076
2.443361282348633 3.2491605281829834
2.443361282348633 3.2491605281829834
2.443361282348633 3.2491605281829834
2.4431402683258057 3.1296260356903076
2.443042039871216 3.1296260356903076
2.443042039871216 3.1296260356903076
2.443042039871216 3.1296260356903076
2.443042039871216 3.1296260356903076
2.4344050884246826 3.2491605281829834
2.4344050884246826 3.2491605281829834
2.4344050884246826 3.2491605281829834
2.4344050884246826 3.2491605281829834
2.4344050884246826 3.2491605281829834
2.4327034950256348 3.1296260356903076
2.4327034950256348 3.1296260356903076
2.4262070655822754 2.6750118732452393
2.4262070655822754 2.654428482055664
2.4193460941314697 3.215090751647949
2.4122915267944336 3.490201950073242
2.41027569770813 3.1296260356903076
2.402744770050049 3.3100013732910156
2.402744770050049 3.3100013732910156
2.402744770050049 3.2417643070220947
2.402744770050049 3.2417643070220947
2.400346040725708 3.218579053878784
2.399620771408081 3.1296260356903076
2.3993208408355713 3.1296260356903076
2.3899734020233154 3.260462522506714
2.3773353099823 3.1220428943634033
2.3773353099823 3.1220428943634033
2.3773353099823 3.1220428943634033
2.3773353099823 3.1296260356903076
2.3773353099823 3.1220428943634033
2.3554248809814453 2.356647253036499
2.3478457927703857 2.391303777694702
2.3478457927703857 3.1296260356903076
2.3444440364837646 3.1296260356903076
2.3444440364837646 3.1296260356903076
2.3444440364837646 3.1296260356903076
2.3444440364837646 3.1296260356903076
2.3444440364837646 3.1296260356903076
2.324108839035034 3.145958662033081
2.324108839035034 3.145958662033081
2.324108839035034 3.145958662033081
2.307030439376831 3.1771256923675537
2.307030439376831 3.1771256923675537
2.3006227016448975 3.1296260356903076
2.3006227016448975 3.1296260356903076
2.2896933555603027 2.2914226055145264
2.2896933555603027 2.2914226055145264
2.2896933555603027 2.2914226055145264
2.278738260269165 3.1296260356903076
2.278738260269165 3.1296260356903076
2.278738260269165 3.1296260356903076
2.24680757522583 3.1296260356903076
2.24680757522583 3.1296260356903076
2.246086359024048 2.248009204864502
2.246086359024048 2.248009204864502
2.2458457946777344 3.1296260356903076
2.2458457946777344 3.1296260356903076
2.2458457946777344 2.2462732791900635
2.2458457946777344 2.250357151031494
2.2458457946777344 2.2517967224121094
2.2409238815307617 2.27958083152771
2.224043130874634 3.1219658851623535
2.213413715362549 2.213955879211426
2.213223934173584 2.2136576175689697
2.213088274002075 2.2136576175689697
2.213088274002075 3.1296260356903076
2.213088274002075 3.1296260356903076
2.213088274002075 3.1296260356903076
