3.453049421310425 3.509566307067871
3.4227044582366943 3.65348219871521
3.340707540512085 3.5456597805023193
3.3221423625946045 3.4346063137054443
3.309776782989502 3.4400527477264404
3.2760019302368164 3.3358824253082275
3.2743160724639893 3.354868173599243
3.268263578414917 3.4551305770874023
3.2669837474823 3.3800363540649414
3.2618093490600586 3.388040065765381
3.232468843460083 3.339660882949829
3.2238762378692627 3.610346794128418
3.2205402851104736 3.346794843673706
3.2077014446258545 3.216550827026367
3.198878765106201 3.276630163192749
3.172438859939575 3.2995636463165283
3.138914108276367 3.1552445888519287
3.127955436706543 3.2370240688323975
3.1098639965057373 3.451894998550415
3.1098010540008545 3.3536312580108643
3.100193977355957 3.2776970863342285
3.095036268234253 3.3939270973205566
3.095036268234253 3.226388454437256
3.088865280151367 3.0964293479919434
3.08561635017395 3.135664939880371
3.0847690105438232 3.2083940505981445
3.0795748233795166 3.1695950031280518
3.0775582790374756 3.3647289276123047
3.0775582790374756 3.3647289276123047
3.0692026615142822 3.093294143676758
3.069159984588623 3.0917727947235107
3.067509651184082 3.4893999099731445
3.060845375061035 3.1837575435638428
3.0587525367736816 3.288573980331421
3.057908535003662 3.0692665576934814
3.055706739425659 3.095078468322754
3.049252510070801 3.063192844390869
3.048609733581543 3.0871829986572266
3.0413670539855957 3.3748414516448975
3.0391855239868164 3.0683934688568115
3.033223867416382 3.1820945739746094
3.0290307998657227 3.3281164169311523
3.0129597187042236 3.037733793258667
2.992623805999756 3.087775468826294
2.981905221939087 3.112762451171875
2.9777278900146484 3.107804298400879
2.9777278900146484 3.107804298400879
2.9734346866607666 3.2425103187561035
2.971764087677002 3.295987129211426
2.970642566680908 3.324836015701294
2.9670987129211426 2.974797010421753
2.966008424758911 3.0524439811706543
2.966008424758911 3.006913661956787
2.9602086544036865 3.0929982662200928
2.95033597946167 2.986974000930786
2.94439435005188 3.0009751319885254
2.94439435005188 3.0009751319885254
2.94439435005188 2.986984968185425
2.942507266998291 2.960374116897583
2.9379847049713135 3.276311159133911
2.9320735931396484 3.0987815856933594
2.930546522140503 2.9328534603118896
2.9233691692352295 2.961885690689087
2.923257350921631 2.9289965629577637
2.9216809272766113 2.959303379058838
2.9174957275390625 3.100046396255493
2.911677837371826 3.3900067806243896
2.909421443939209 3.3539137840270996
2.9064888954162598 2.9320735931396484
2.9029572010040283 3.1907999515533447
2.8883228302001953 2.9435508251190186
2.878328323364258 2.9684970378875732
2.8735342025756836 2.933833599090576
2.8601431846618652 2.910465717315674
2.859469175338745 3.0936636924743652
2.8554327487945557 2.997467279434204
2.845219612121582 3.0713629722595215
2.8420369625091553 2.982825517654419
2.832848310470581 3.029203414916992
2.8308753967285156 2.879894495010376
2.82800030708313 3.40598726272583
2.8264284133911133 3.006304979324341
2.8151586055755615 3.2658133506774902
2.8134868144989014 3.0147593021392822
2.8119304180145264 2.8405191898345947
2.811558485031128 2.819681167602539
2.8108959197998047 2.824890613555908
2.8105239868164062 2.811558485031128
2.801558494567871 3.2540371417999268
2.8014652729034424 3.1549651622772217
2.8009519577026367 2.8493964672088623
2.7994818687438965 2.8195769786834717
2.7991085052490234 2.8684017658233643
2.7973453998565674 2.814044237136841
2.794903039932251 2.8430140018463135
2.7935585975646973 3.1769258975982666
2.783986806869507 2.8138933181762695
2.7753946781158447 2.9372951984405518
2.763845682144165 2.800497055053711
2.763148069381714 2.8262436389923096
2.757277011871338 3.0009751319885254
2.75559401512146 2.765606641769409
2.755143404006958 2.927579641342163
2.755143404006958 3.1170105934143066
2.755143404006958 3.1493990421295166
2.754906177520752 3.235529899597168
2.7547876834869385 2.875795841217041
2.753114700317383 2.9365720748901367
2.752758741378784 3.01810622215271
2.752462148666382 2.760439157485962
2.748137950897217 2.921077013015747
2.7477097511291504 3.180738925933838
2.742377519607544 2.789426803588867
2.7390754222869873 2.751084804534912
2.732351779937744 3.173664093017578
2.7305335998535156 3.083540201187134
2.7305335998535156 2.82148814201355
2.7305335998535156 2.82148814201355
2.728869915008545 2.8945488929748535
2.726450204849243 2.9949374198913574
2.723224639892578 3.0524866580963135
2.7187581062316895 3.105311632156372
2.718613624572754 2.9169132709503174
2.7171711921691895 2.734849691390991
2.7165699005126953 2.931427240371704
2.715679883956909 2.875364303588867
2.7101640701293945 3.168966054916382
2.709512948989868 2.74914813041687
2.706544876098633 2.722336769104004
2.7065207958221436 3.240333080291748
2.7058205604553223 2.774700164794922
2.7048423290252686 2.8633055686950684
2.7040207386016846 2.9134838581085205
2.7014095783233643 2.838286876678467
2.699728012084961 2.703404426574707
2.6913888454437256 2.723224639892578
2.6905388832092285 2.792224884033203
2.6903932094573975 2.9783313274383545
2.689178705215454 3.4777512550354004
2.688959836959839 2.691838026046753
2.6878662109375 2.910824775695801
2.686723232269287 2.877079486846924
2.6785876750946045 2.940352439880371
2.6673667430877686 2.840806722640991
2.664719581604004 2.7213644981384277
2.6646461486816406 2.8003571033477783
2.6613948345184326 2.770563840866089
2.6613948345184326 2.7116947174072266
2.6613948345184326 2.704637050628662
2.6566150188446045 2.8859689235687256
2.6553356647491455 2.7408881187438965
2.65440034866333 3.065335988998413
2.6498916149139404 3.00167179107666
2.649620294570923 2.704395294189453
2.6474862098693848 2.7973217964172363
2.6464123725891113 2.722768783569336
2.645498514175415 2.8195769786834717
2.6433610916137695 3.120917797088623
2.6417784690856934 3.200512647628784
2.640850782394409 2.800497055053711
2.6353766918182373 3.277318239212036
2.635103940963745 3.03955078125
2.635103940963745 2.778900623321533
2.6324493885040283 2.95542573928833
2.6270947456359863 2.6387221813201904
2.627007484436035 2.8097567558288574
2.623448133468628 2.691995859146118
2.6174509525299072 2.964465856552124
2.613816022872925 2.767401695251465
2.6128158569335938 2.685044527053833
2.61184024810791 2.8152050971984863
2.6105265617370605 3.258923292160034
2.609111785888672 2.940352439880371
2.6087610721588135 2.7522008419036865
2.6026923656463623 3.094212770462036
2.6021149158477783 2.9958319664001465
2.598320245742798 2.6526150703430176
2.597062587738037 2.605377435684204
2.595628023147583 2.9328534603118896
2.5952377319335938 2.9707083702087402
2.5949230194091797 3.0494024753570557
2.5940163135528564 2.605891466140747
2.593827247619629 3.087775468826294
2.587395429611206 2.7167623043060303
2.582162380218506 2.9599878787994385
2.582162380218506 3.008923053741455
2.581491470336914 2.875795841217041
2.5796303749084473 3.1208863258361816
2.5795164108276367 2.97294020652771
2.5789084434509277 2.6768672466278076
2.578059434890747 2.685385227203369
2.5750668048858643 2.6561598777770996
2.5750668048858643 2.7213644981384277
2.5720326900482178 2.796527624130249
2.5715878009796143 2.8547120094299316
2.5662333965301514 2.7877278327941895
2.564870834350586 2.8472628593444824
2.561811923980713 2.7065207958221436
2.5574464797973633 2.6633338928222656
2.5570120811462402 2.6126532554626465
2.5556445121765137 2.696458339691162
2.5551202297210693 2.595628023147583
2.551486015319824 2.565889835357666
2.5444207191467285 2.546410322189331
2.542635202407837 2.5606637001037598
2.542391061782837 2.7640466690063477
2.5385842323303223 2.641123056411743
2.5385842323303223 2.5867385864257812
2.5385842323303223 2.683523178100586
2.5379278659820557 2.614403486251831
2.5379278659820557 2.6134285926818848
2.5351970195770264 2.572286605834961
2.52846097946167 2.574432373046875
2.524568557739258 2.6558892726898193
2.520942211151123 2.605778694152832
2.5204107761383057 2.579389810562134
2.520294189453125 3.005446434020996
2.5151681900024414 3.0201406478881836
2.513335943222046 2.641123056411743
2.5105786323547363 2.7672598361968994
2.503971815109253 2.6332435607910156
2.502901554107666 2.5962069034576416
2.5011255741119385 2.632052183151245
2.4968767166137695 2.600482225418091
2.4963793754577637 2.961179733276367
2.494821548461914 2.655200242996216
2.494664192199707 2.607959508895874
2.492502212524414 2.8339784145355225
2.4922008514404297 2.8354766368865967
2.4918599128723145 2.4966933727264404
2.4913222789764404 2.721940755844116
2.490509033203125 3.094212770462036
2.4896562099456787 2.62304949760437
2.4896562099456787 2.5239341259002686
2.4896562099456787 2.62304949760437
2.4857819080352783 2.7269535064697266
2.4836254119873047 2.792248249053955
2.4836254119873047 2.5604851245880127
2.482085704803467 2.8070693016052246
2.482085704803467 2.6894338130950928
2.4805715084075928 2.9962899684906006
2.4773027896881104 3.0982542037963867
2.476036548614502 2.842071533203125
2.471083164215088 2.565889835357666
2.469707727432251 2.6475231647491455
2.4669413566589355 2.5094070434570312
2.4663584232330322 2.9289965629577637
2.46303129196167 2.6716625690460205
2.4623279571533203 3.1642303466796875
2.452409505844116 2.6492996215820312
2.448075771331787 3.0000386238098145
2.4427449703216553 2.7718725204467773
2.4427449703216553 2.7718725204467773
2.4423303604125977 2.8137073516845703
2.4423303604125977 2.812731981277466
2.4414472579956055 2.477566719055176
2.441072463989258 2.5081307888031006
2.437710762023926 2.560293674468994
2.437710762023926 2.560293674468994
2.437710762023926 2.4998321533203125
2.4351494312286377 2.6060545444488525
2.43414306640625 2.5597832202911377
2.4334716796875 2.5355966091156006
2.432504892349243 2.5721850395202637
2.4291446208953857 2.6030941009521484
2.428929567337036 2.8259313106536865
2.425335168838501 2.49086332321167
2.4213850498199463 2.6264727115631104
2.4158058166503906 2.5094070434570312
2.4134514331817627 2.4914534091949463
2.408478021621704 2.453608274459839
2.40779972076416 2.7005629539489746
2.4072704315185547 2.6653082370758057
2.40523362159729 2.921088218688965
2.4045679569244385 2.6866989135742188
2.3977372646331787 2.698263168334961
2.397028684616089 2.760190486907959
2.3952150344848633 2.784162759780884
2.3946692943573 2.7519278526306152
2.3936595916748047 2.8153443336486816
2.3841817378997803 2.396115303039551
2.382152795791626 2.695840358734131
2.375339984893799 2.415332555770874
2.373014450073242 2.4765114784240723
2.366410255432129 2.447742223739624
2.365581750869751 2.4961960315704346
2.3539376258850098 2.6043615341186523
2.3534932136535645 2.7440807819366455
2.3489770889282227 2.722768783569336
2.344703197479248 2.3465278148651123
2.3351945877075195 2.726534128189087
2.3326187133789062 2.5588130950927734
2.3271918296813965 2.7609598636627197
2.326756477355957 2.7422704696655273
2.3174281120300293 2.6553726196289062
2.307013988494873 2.451849937438965
2.306192398071289 2.5435731410980225
2.302534341812134 2.634570837020874
2.3021795749664307 2.8999054431915283
2.3021795749664307 2.8153443336486816
2.301654577255249 2.4368393421173096
2.3015835285186768 2.864229917526245
2.296154260635376 3.1837575435638428
2.2940618991851807 2.5673153400421143
2.292679786682129 2.774817705154419
2.2915680408477783 2.9311039447784424
2.2845139503479004 2.6134285926818848
2.282367706298828 2.435136079788208
2.2817234992980957 2.514063835144043
2.273144483566284 2.541992664337158
2.2720518112182617 2.726306438446045
2.2702248096466064 2.826151132583618
2.26895809173584 2.394232749938965
2.26895809173584 2.394232749938965
2.266955614089966 2.7088375091552734
2.2617321014404297 2.5132710933685303
2.2554686069488525 2.7201995849609375
2.253004550933838 2.4563896656036377
2.253004550933838 2.3178791999816895
2.25227952003479 2.7440807819366455
2.25227952003479 2.3933866024017334
2.246469497680664 2.6090993881225586
2.242757797241211 2.616339683532715
2.234570264816284 2.7481260299682617
2.234482526779175 2.5701518058776855
2.2335317134857178 2.764519453048706
2.2313218116760254 2.3967833518981934
2.225442409515381 3.0692665576934814
2.2231216430664062 2.7712595462799072
2.2201950550079346 2.7031748294830322
2.219120502471924 2.5602681636810303
2.214153289794922 2.485689878463745
2.2125442028045654 2.60843563079834
2.2110228538513184 2.387016773223877
2.2073402404785156 2.8089776039123535
2.2065703868865967 2.5802001953125
2.2039926052093506 2.685044527053833
2.203681230545044 2.3177380561828613
2.2004318237304688 2.758023500442505
2.2003278732299805 2.7754065990448
2.1997785568237305 2.516765594482422
2.1997785568237305 2.516765594482422
2.1972224712371826 2.732351779937744
2.195124864578247 2.3177380561828613
2.195124864578247 2.5286030769348145
2.195124864578247 2.706569194793701
2.192220449447632 2.7134652137756348
2.1901180744171143 2.497478485107422
2.187819480895996 2.613166093826294
2.187819480895996 2.6768672466278076
2.187819480895996 2.5690457820892334
2.186056613922119 2.706315517425537
2.1833646297454834 2.359219789505005
2.182706117630005 2.304236650466919
2.176650285720825 2.304959535598755
2.1725637912750244 2.3765640258789062
2.164201259613037 2.392881393432617
2.1629929542541504 2.8563594818115234
2.160045623779297 2.6504709720611572
2.1585476398468018 2.378666400909424
2.155715227127075 2.3579869270324707
2.155715227127075 2.4567489624023438
2.1542599201202393 2.3101558685302734
2.1542599201202393 2.311697006225586
2.153046131134033 2.683523178100586
2.1528337001800537 2.9574811458587646
2.151315450668335 2.5863091945648193
2.1474242210388184 2.5166096687316895
2.1474242210388184 2.5166096687316895
2.146495819091797 2.535029649734497
2.146252155303955 2.5686004161834717
2.140841245651245 2.430906057357788
2.140841245651245 2.3178791999816895
2.140841245651245 2.3178791999816895
2.140841245651245 2.384524345397949
2.1378326416015625 2.4467408657073975
2.1369919776916504 2.396796941757202
2.1369919776916504 2.791511058807373
2.1355085372924805 2.5166096687316895
2.134881019592285 2.2003278732299805
2.1300549507141113 2.4084508419036865
2.129702091217041 2.637359619140625
2.1287660598754883 2.384524345397949
2.1287660598754883 2.384524345397949
2.1286892890930176 2.663726329803467
2.1285817623138428 2.655569553375244
2.128443717956543 2.487910270690918
2.1279983520507812 2.601411819458008
2.1279983520507812 2.631927967071533
2.1279983520507812 2.6674768924713135
2.126938819885254 2.548462390899658
2.126831293106079 2.399766683578491
2.125340700149536 2.619459867477417
2.123325824737549 2.8059983253479004
2.1227872371673584 2.633615732192993
2.1200921535491943 2.6457455158233643
2.120030403137207 2.6032447814941406
2.119645118713379 2.5999419689178467
2.118720054626465 2.379929780960083
2.118720054626465 2.4008421897888184
2.118720054626465 2.4084508419036865
2.118720054626465 2.13826060295105
2.1142122745513916 2.491715669631958
2.1126818656921387 2.5540459156036377
2.1124653816223145 2.543290376663208
2.1124343872070312 2.7347183227539062
2.1110730171203613 2.385538101196289
2.110825300216675 2.3374459743499756
2.1104073524475098 2.55306077003479
2.107928991317749 2.390026092529297
2.107928991317749 2.390026092529297
2.106549024581909 2.5917859077453613
2.1054630279541016 2.511242151260376
2.10524582862854 2.717892646789551
2.1030097007751465 2.3523547649383545
2.1030097007751465 2.3523547649383545
2.102994203567505 2.387235641479492
2.102994203567505 2.5870165824890137
2.1004602909088135 2.690708875656128
2.1003825664520264 2.5105786323547363
2.091059684753418 2.484414577484131
2.0908565521240234 2.4319944381713867
2.0905439853668213 2.782824754714966
2.087822914123535 2.674461603164673
2.087822914123535 2.3120219707489014
2.083608865737915 2.7554636001586914
2.0799522399902344 2.5422496795654297
2.079308032989502 2.604938507080078
2.078428030014038 2.3880019187927246
2.0742108821868896 2.9122836589813232
2.0710108280181885 2.628039598464966
2.069795608520508 2.4062929153442383
2.0679478645324707 2.39146089553833
2.0625851154327393 2.6090993881225586
2.0597000122070312 2.437509536743164
2.0597000122070312 2.437509536743164
2.0594303607940674 2.5184786319732666
2.0594303607940674 2.5184786319732666
2.0551583766937256 2.6092119216918945
2.0536952018737793 2.5661826133728027
2.044942617416382 2.5269227027893066
2.041616439819336 2.782824754714966
2.0390384197235107 3.031564712524414
2.03865385055542 2.757573366165161
2.03863787651062 2.641123056411743
2.0351409912109375 2.886523485183716
2.0296430587768555 2.665663719177246
2.029385566711426 2.406808853149414
2.027968168258667 2.4657888412475586
2.025162935256958 2.5946333408355713
2.024888753890991 2.5362279415130615
2.0215137004852295 2.46185040473938
2.0215137004852295 2.572540521621704
2.0167076587677 2.5688421726226807
2.008932590484619 2.607959508895874
2.008932590484619 2.607959508895874
2.002808094024658 2.6818301677703857
1.999281406402588 2.7149698734283447
1.999281406402588 2.8778514862060547
1.9967141151428223 2.3430445194244385
1.990305781364441 2.4262375831604004
1.9885157346725464 2.3277111053466797
1.9885157346725464 2.3277111053466797
1.9885157346725464 2.3277111053466797
1.9875954389572144 2.491650104522705
1.9820810556411743 2.57275652885437
1.9813555479049683 2.5819344520568848
1.9790621995925903 2.491650104522705
1.9741860628128052 2.396796941757202
1.965827226638794 2.5939154624938965
1.963365912437439 2.840392589569092
1.9613014459609985 2.7557480335235596
1.9582672119140625 2.3933866024017334
1.9581003189086914 2.387071371078491
1.9566481113433838 2.5749144554138184
1.9566481113433838 2.441019058227539
1.9533056020736694 2.4361555576324463
1.9533056020736694 2.4361555576324463
1.9509960412979126 2.332366466522217
1.9382269382476807 2.532747268676758
1.9382269382476807 2.5163629055023193
1.937619924545288 2.5822508335113525
1.9350889921188354 2.696991443634033
1.931929111480713 2.396796941757202
1.931929111480713 2.5417227745056152
1.9294075965881348 2.367873191833496
1.9250845909118652 2.6143033504486084
1.9233016967773438 2.518738031387329
1.922995924949646 2.851746082305908
1.9225541353225708 2.4085187911987305
1.9215341806411743 2.4008421897888184
1.9194927215576172 2.6801726818084717
1.9152837991714478 2.368673324584961
1.908568024635315 2.4148318767547607
1.9045408964157104 2.375821590423584
1.9040604829788208 2.4687418937683105
1.899989366531372 2.3818235397338867
1.8976837396621704 2.5540459156036377
1.8976837396621704 2.518738031387329
1.8963747024536133 2.3508541584014893
1.8947200775146484 2.3661341667175293
1.8878099918365479 2.5214993953704834
1.8873945474624634 2.506762742996216
1.8852814435958862 2.5125038623809814
1.884657382965088 2.5540459156036377
1.883495569229126 2.3086562156677246
1.882628083229065 2.3086562156677246
1.882367730140686 2.3316380977630615
1.8719594478607178 2.674302816390991
1.866611123085022 2.4949653148651123
1.8546000719070435 2.3829617500305176
1.8522731065750122 2.3776772022247314
1.8511439561843872 2.3483095169067383
1.8511439561843872 2.3609225749969482
1.8511439561843872 2.3609225749969482
1.84465491771698 2.4406306743621826
1.8437161445617676 2.487673759460449
1.8437161445617676 2.3086562156677246
1.8437161445617676 2.6120779514312744
1.8339436054229736 2.6205697059631348
1.833124041557312 2.4194412231445312
1.8256407976150513 2.3086562156677246
1.8256407976150513 2.334662675857544
1.8240114450454712 2.625091552734375
1.8203177452087402 2.4194412231445312
1.8191149234771729 1.901175618171692
1.8182525634765625 2.428647041320801
1.8143310546875 2.4598987102508545
1.8076558113098145 2.355879783630371
1.7978692054748535 2.4139251708984375
1.7923908233642578 2.3052573204040527
1.7875720262527466 2.3893697261810303
1.7871333360671997 2.610664129257202
1.7845171689987183 2.5789589881896973
1.7814936637878418 2.4237451553344727
1.7814936637878418 2.3097598552703857
1.7699018716812134 2.3910374641418457
1.7699018716812134 2.3910374641418457
1.7684428691864014 2.536820411682129
1.7527804374694824 2.3483095169067383
1.7503929138183594 2.5081827640533447
1.748618721961975 2.3893697261810303
1.7320793867111206 2.447742223739624
1.7265626192092896 2.3609225749969482
1.7257676124572754 2.3651812076568604
1.7188055515289307 1.7431355714797974
1.7140657901763916 2.385538101196289
1.713646411895752 2.3606181144714355
1.7136273384094238 1.747908592224121
1.7067880630493164 2.4106340408325195
1.7058115005493164 2.447742223739624
1.7035114765167236 1.714351773262024
1.690380573272705 1.7265058755874634
1.6896458864212036 2.492764472961426
1.6896458864212036 2.5794403553009033
1.6880983114242554 1.7033964395523071
1.6880983114242554 1.7134557962417603
1.6838154792785645 1.7265058755874634
1.6804553270339966 2.311697006225586
1.678354263305664 2.447742223739624
1.6737927198410034 2.4930789470672607
1.6737927198410034 2.655200242996216
1.6690622568130493 2.491715669631958
1.66524076461792 2.3052573204040527
1.6608006954193115 2.491715669631958
1.6552436351776123 1.724536657333374
1.6552436351776123 1.724536657333374
0.6392179727554321 0.823138952255249
