2.7818615436553955 2.9906373023986816
2.700289726257324 2.7379753589630127
2.171137571334839 2.250828742980957
1.3561046123504639 2.3149938583374023
0.6879075765609741 0.6885286569595337
0.5795609951019287 0.5865932703018188
0.5654495358467102 0.6349451541900635
0.5623592734336853 0.624207615852356
0.5475001931190491 0.7077006697654724
0.5315935015678406 0.5395336151123047
0.5293790698051453 0.5737253427505493
0.5144007205963135 0.5865932703018188
0.5106671452522278 0.5932958126068115
0.48423218727111816 0.527647078037262
0.4443114995956421 0.45881402492523193
0.4409506320953369 0.5395336151123047
0.4320303797721863 0.5445619225502014
0.43195757269859314 0.527647078037262
0.35077977180480957 0.37198957800865173
0.33225446939468384 0.34515389800071716
0.32982146739959717 0.340620756149292
