0.3978370726108551 0.4051486849784851
0.3903244137763977 0.3993615210056305
0.37475669384002686 0.39793094992637634
0.37454718351364136 0.37725454568862915
0.3657360076904297 0.3750576078891754
0.3488386571407318 0.349635511636734
0.3436751365661621 0.3872086703777313
0.34251853823661804 0.3558640480041504
0.34140852093696594 0.4181860685348511
0.33280378580093384 0.33798298239707947
0.3292684853076935 0.3482651710510254
0.3275107741355896 0.3498075008392334
0.3262287676334381 0.33314022421836853
0.3241955637931824 0.3354714512825012
0.323631227016449 0.32462695240974426
0.322344034910202 0.3261491656303406
0.3202230930328369 0.3477395474910736
0.31527402997016907 0.40709152817726135
0.31462737917900085 0.3242451548576355
0.31356415152549744 0.3175516426563263
0.31243425607681274 0.37754711508750916
0.3117801249027252 0.3162267208099365
0.30678799748420715 0.3178066909313202
0.30646076798439026 0.39264753460884094
0.30641523003578186 0.31854721903800964
0.30532214045524597 0.32984235882759094
0.3051828444004059 0.4074360430240631
0.30401885509490967 0.3073901832103729
0.303623765707016 0.3192775845527649
0.3036029040813446 0.3070216178894043
0.30067145824432373 0.31232351064682007
0.2975158989429474 0.300189733505249
0.2965288758277893 0.3416990339756012
0.2954145669937134 0.3910086154937744
0.2948155403137207 0.33986398577690125
0.2919577658176422 0.41046494245529175
0.29116350412368774 0.310153990983963
0.29067811369895935 0.30696794390678406
0.2903943359851837 0.35363662242889404
0.2898142635822296 0.37814632058143616
0.28972262144088745 0.3192669153213501
0.2890200614929199 0.30590131878852844
0.2888447046279907 0.41349488496780396
0.2883387506008148 0.3004319667816162
0.2878023087978363 0.29597026109695435
0.28746548295021057 0.3915984630584717
0.287338525056839 0.3594237267971039
0.2863408923149109 0.2875356078147888
0.28540530800819397 0.2901821434497833
0.2851375937461853 0.3004271686077118
0.28454333543777466 0.4181968867778778
0.2843970060348511 0.39716312289237976
0.2827049195766449 0.3077567517757416
0.2820679843425751 0.3281720280647278
0.2806699872016907 0.28395798802375793
0.2789340913295746 0.290661096572876
0.27852824330329895 0.33628857135772705
0.2780090868473053 0.314150333404541
0.2780013680458069 0.29421916604042053
0.27558550238609314 0.29516687989234924
0.2752852439880371 0.3202500641345978
0.27364078164100647 0.4075618386268616
0.27320292592048645 0.37912222743034363
0.2729337513446808 0.3313654661178589
0.2724815309047699 0.3118914067745209
0.2716304361820221 0.28188005089759827
0.2715851962566376 0.3637182116508484
0.27108216285705566 0.30866339802742004
0.27079299092292786 0.3135029971599579
0.270761638879776 0.2813807725906372
0.2706552743911743 0.27248117327690125
0.27034327387809753 0.40630441904067993
0.2696729600429535 0.3058544099330902
0.26963159441947937 0.3032277524471283
0.26826322078704834 0.30061957240104675
0.26768195629119873 0.30337250232696533
0.2664729952812195 0.3074183166027069
0.265936940908432 0.2688698172569275
0.2658703327178955 0.2787589132785797
0.26576095819473267 0.30499333143234253
0.2649310827255249 0.26540106534957886
0.2645590603351593 0.32151269912719727
0.2643161714076996 0.28167226910591125
0.2640225291252136 0.3531714975833893
0.26400622725486755 0.2646756172180176
0.26325052976608276 0.2958248555660248
0.2632341980934143 0.2966163456439972
0.2630663514137268 0.28211578726768494
0.26278528571128845 0.28926366567611694
0.26212745904922485 0.31211185455322266
0.26194366812705994 0.28767678141593933
0.2619292140007019 0.2918985188007355
0.26167604327201843 0.27720925211906433
0.26160717010498047 0.41497310996055603
0.2609429955482483 0.26303091645240784
0.2607337236404419 0.2784954011440277
0.25928980112075806 0.281389981508255
0.2591738998889923 0.39111730456352234
0.25884154438972473 0.4125250577926636
0.2586369216442108 0.39268770813941956
0.2567702531814575 0.3865627646446228
0.25663283467292786 0.27276846766471863
0.2564176321029663 0.3450615406036377
0.2562507390975952 0.3230844736099243
0.25597667694091797 0.29215458035469055
0.25586608052253723 0.2761101722717285
0.2545608878135681 0.33533066511154175
0.25445064902305603 0.2564747631549835
0.2541046738624573 0.27445465326309204
0.2540573179721832 0.2554647624492645
0.2539454698562622 0.2856215238571167
0.25284847617149353 0.42728275060653687
0.25224167108535767 0.26143136620521545
0.251164048910141 0.2802165746688843
0.25055721402168274 0.2940326929092407
0.24918189644813538 0.28356367349624634
0.24858570098876953 0.29770511388778687
0.24855858087539673 0.28759559988975525
0.24834685027599335 0.2842663824558258
0.24825450778007507 0.2795245945453644
0.24795112013816833 0.4177146255970001
0.24741828441619873 0.29772722721099854
0.24714206159114838 0.2873312532901764
0.24695700407028198 0.2753763794898987
0.2466195821762085 0.2951706647872925
0.24656958878040314 0.2734505832195282
0.24590691924095154 0.28974685072898865
0.24588841199874878 0.2512217164039612
0.24583466351032257 0.25608664751052856
0.2457183450460434 0.26222851872444153
0.24562948942184448 0.2733648419380188
0.2451157122850418 0.3222995400428772
0.24487386643886566 0.291685551404953
0.24466967582702637 0.27743351459503174
0.24399645626544952 0.40692704916000366
0.2438935935497284 0.25116461515426636
0.2434353530406952 0.2846805155277252
0.243286594748497 0.248348206281662
0.24324271082878113 0.2585282325744629
0.24310657382011414 0.318181574344635
0.24259765446186066 0.2511773109436035
0.24218454957008362 0.24671827256679535
0.24186396598815918 0.33241006731987
0.24119116365909576 0.38857126235961914
0.24114349484443665 0.26335158944129944
0.24107293784618378 0.299702525138855
0.240852490067482 0.30186864733695984
0.2405885010957718 0.34995657205581665
0.2401844561100006 0.3815458416938782
0.24012409150600433 0.2759641706943512
0.2399415522813797 0.3043878972530365
0.239809051156044 0.25692951679229736
0.23963136970996857 0.27404290437698364
0.2395372986793518 0.3553808629512787
0.23844082653522491 0.26202392578125
0.23830546438694 0.3043588399887085
0.23776030540466309 0.2599168121814728
0.23738232254981995 0.25438302755355835
0.23727484047412872 0.3937087655067444
0.23680198192596436 0.2716533839702606
0.23664216697216034 0.23705528676509857
0.23615841567516327 0.286393940448761
0.2359122633934021 0.3414604663848877
0.2357177883386612 0.40524300932884216
0.2356807440519333 0.3831416368484497
0.23562590777873993 0.2800538241863251
0.23536819219589233 0.41398486495018005
0.23462899029254913 0.32079020142555237
0.23447443544864655 0.27615079283714294
0.23373940587043762 0.3842225968837738
0.23357731103897095 0.2439284771680832
0.23349009454250336 0.29274269938468933
0.23312979936599731 0.2880416512489319
0.23284898698329926 0.3135611414909363
0.232711523771286 0.3405970335006714
0.2324436604976654 0.28957992792129517
0.2324034422636032 0.250323623418808
0.23123669624328613 0.4038921594619751
0.23091736435890198 0.23697200417518616
0.23091019690036774 0.24717049300670624
0.2307845950126648 0.31801465153694153
0.23065979778766632 0.25565415620803833
0.23057469725608826 0.37591996788978577
0.23018227517604828 0.3169499337673187
0.22953259944915771 0.39849501848220825
0.22945372760295868 0.2295890897512436
0.2293732464313507 0.2570953369140625
0.2291588932275772 0.28533145785331726
0.2285708636045456 0.23760975897312164
0.2282247543334961 0.32581013441085815
0.2282155305147171 0.2994527816772461
0.22776199877262115 0.24182796478271484
0.22701506316661835 0.37692734599113464
0.22692681849002838 0.23323024809360504
0.22618849575519562 0.28684768080711365
0.22594337165355682 0.2986564636230469
0.2259347140789032 0.40048661828041077
0.22524063289165497 0.2815990149974823
0.2251654416322708 0.40132850408554077
0.22487032413482666 0.2937774956226349
0.2246575653553009 0.3229760229587555
0.22454121708869934 0.3846418857574463
0.2235548496246338 0.22786842286586761
0.2231523096561432 0.2881781756877899
0.22296854853630066 0.2422230988740921
0.2227645218372345 0.37991267442703247
0.22274208068847656 0.2294914722442627
0.2216741293668747 0.24300134181976318
0.2214607298374176 0.25788649916648865
0.221273273229599 0.39594772458076477
0.2212415635585785 0.3060865104198456
0.2211027443408966 0.40214526653289795
0.22103027999401093 0.32272565364837646
0.22099599242210388 0.3009565770626068
0.22098037600517273 0.29320281744003296
0.2206527143716812 0.3027894198894501
0.22060516476631165 0.2479180097579956
0.21989186108112335 0.2341640293598175
0.21950969099998474 0.4129776358604431
0.21913714706897736 0.27528151869773865
0.2189280390739441 0.30329838395118713
0.21889108419418335 0.2952778935432434
0.2188100516796112 0.26050907373428345
0.21866059303283691 0.21914809942245483
0.2183612436056137 0.346442848443985
0.21825526654720306 0.3276040852069855
0.21785786747932434 0.28147026896476746
0.21778321266174316 0.2988360524177551
0.21710439026355743 0.2687379717826843
0.21691793203353882 0.40391942858695984
0.2168092131614685 0.37551388144493103
0.21669435501098633 0.3684878945350647
0.21623437106609344 0.3899661898612976
0.21618710458278656 0.23532049357891083
0.2160051017999649 0.3129608929157257
0.21594397723674774 0.21601183712482452
0.21554720401763916 0.21680817008018494
0.2149546891450882 0.2586941719055176
0.2145872712135315 0.2226603627204895
0.2141120731830597 0.25192347168922424
0.213662251830101 0.382330983877182
0.21355758607387543 0.25726914405822754
0.21313291788101196 0.21589340269565582
0.21286678314208984 0.2820046842098236
0.21260087192058563 0.228439062833786
0.21245504915714264 0.24338623881340027
0.21220117807388306 0.3781980276107788
0.21138028800487518 0.28474336862564087
0.2113780975341797 0.3396732807159424
0.2107347548007965 0.3952123522758484
0.21054959297180176 0.40480002760887146
0.21020889282226562 0.23233509063720703
0.2095547318458557 0.2946704030036926
0.2092224508523941 0.21731366217136383
0.2084103673696518 0.22533996403217316
0.20824813842773438 0.3959420323371887
0.20824116468429565 0.4022398293018341
0.2081003338098526 0.40308430790901184
0.2075883448123932 0.34480640292167664
0.20749931037425995 0.297195166349411
0.2071405053138733 0.2856028079986572
0.2067590057849884 0.2255001962184906
0.20647332072257996 0.20734404027462006
0.2054675966501236 0.2938452363014221
0.2053128331899643 0.25314784049987793
0.2052573710680008 0.3921714723110199
0.20509226620197296 0.28742286562919617
0.20498764514923096 0.2500971257686615
0.2049631029367447 0.41059860587120056
0.2032158374786377 0.3942748010158539
0.20275285840034485 0.29560020565986633
0.20189912617206573 0.3201759457588196
0.20180316269397736 0.37279221415519714
0.20133554935455322 0.4033641219139099
0.20098689198493958 0.2727649211883545
0.20064905285835266 0.2686209976673126
0.2004191130399704 0.2116962969303131
0.2002006620168686 0.20100191235542297
0.20006243884563446 0.20127145946025848
0.19885876774787903 0.4016084671020508
0.198124498128891 0.2060520499944687
0.1979088932275772 0.2765827178955078
0.1975650042295456 0.19972945749759674
0.1971367746591568 0.22704966366291046
0.19713087379932404 0.22722922265529633
0.19698920845985413 0.3169221878051758
0.19620943069458008 0.3889586925506592
0.19603869318962097 0.23857232928276062
0.19588220119476318 0.40595707297325134
0.19583487510681152 0.2607837915420532
0.1958235204219818 0.22893565893173218
0.1951121836900711 0.2451956868171692
0.19352582097053528 0.20259375870227814
0.19256280362606049 0.20280058681964874
0.19251613318920135 0.19960951805114746
0.19211918115615845 0.23828844726085663
0.19194090366363525 0.28755083680152893
0.1914544254541397 0.29410097002983093
0.1911679208278656 0.4065428078174591
0.1906599998474121 0.20948240160942078
0.1902795135974884 0.2725270390510559
0.19019241631031036 0.28755083680152893
0.18979577720165253 0.30628702044487
0.18947522342205048 0.20973432064056396
0.18897661566734314 0.21305698156356812
0.18739907443523407 0.21899765729904175
0.18732771277427673 0.19939181208610535
0.1871633529663086 0.2133936882019043
0.18713149428367615 0.23352813720703125
0.18662045896053314 0.30303052067756653
0.1863895058631897 0.2836577296257019
0.1863003969192505 0.20624542236328125
0.18549643456935883 0.2064141035079956
0.18470506370067596 0.1859753131866455
0.18419720232486725 0.2201935201883316
0.18321551382541656 0.19033017754554749
0.1827080100774765 0.3861154019832611
0.18248820304870605 0.3148859143257141
0.1804307997226715 0.2782508134841919
0.17375774681568146 0.18459467589855194
0.17117474973201752 0.19915316998958588
0.17049497365951538 0.18417708575725555
0.17001432180404663 0.2813807725906372
0.1696232110261917 0.17120330035686493
0.1627412587404251 0.1837870329618454
0.1603168547153473 0.20574022829532623
0.15906159579753876 0.17361803352832794
0.15789319574832916 0.1717551052570343
0.1575378030538559 0.15916484594345093
0.15682853758335114 0.1603826880455017
0.15192106366157532 0.16902992129325867
0.15164411067962646 0.15496258437633514
0.15109725296497345 0.1633583903312683
0.15067091584205627 0.16078652441501617
0.150093674659729 0.16484449803829193
0.1497114598751068 0.1551165133714676
0.14960704743862152 0.17271466553211212
0.1474987268447876 0.15218913555145264
0.1459229588508606 0.15159083902835846
0.14585435390472412 0.15554770827293396
0.1435951590538025 0.14758791029453278
0.14259205758571625 0.18833455443382263
0.14226162433624268 0.16133014857769012
0.1409997045993805 0.16317854821681976
0.14040209352970123 0.14946630597114563
0.13843387365341187 0.15516667068004608
0.1368037611246109 0.15661048889160156
0.13636964559555054 0.1401631087064743
0.13626934587955475 0.13715848326683044
0.13426771759986877 0.14132949709892273
0.13253578543663025 0.1559896320104599
0.11499688029289246 0.12633857131004333
0.08103835582733154 0.09419897198677063
0.07605847716331482 0.08130814880132675
