0.4114004969596863 0.4179772734642029
0.39804381132125854 0.4080035090446472
0.39577925205230713 0.4111607074737549
0.3957303762435913 0.3958151042461395
0.39497125148773193 0.4049966633319855
0.37087124586105347 0.41099628806114197
0.3691288232803345 0.38572418689727783
0.3690941631793976 0.41334787011146545
0.3676755428314209 0.37824562191963196
0.3590109646320343 0.4060857892036438
0.3524610996246338 0.35361921787261963
0.3359827697277069 0.3531216084957123
0.3267173171043396 0.34881097078323364
0.3239234685897827 0.3454950153827667
0.3238326609134674 0.3338923454284668
0.3184114694595337 0.4107635021209717
0.31640708446502686 0.40645360946655273
0.31260475516319275 0.3159264326095581
0.31096503138542175 0.3443111777305603
0.3084566593170166 0.35908061265945435
0.30725720524787903 0.3535929322242737
0.30345985293388367 0.42452678084373474
0.3032046854496002 0.37233108282089233
0.3023163974285126 0.387612909078598
0.30226877331733704 0.41293156147003174
0.30206844210624695 0.3228539824485779
0.3014303147792816 0.3206712305545807
0.30120596289634705 0.3018888831138611
0.2983836829662323 0.36370334029197693
0.2981775999069214 0.39559248089790344
0.2980721592903137 0.3374280035495758
0.2969975471496582 0.37438225746154785
0.29672521352767944 0.3963990807533264
0.29644501209259033 0.31353896856307983
0.2954932749271393 0.32185325026512146
0.2951759397983551 0.3636767566204071
0.29295891523361206 0.3017512857913971
0.2924082279205322 0.35613739490509033
0.292120099067688 0.3354448974132538
0.2918667197227478 0.3010702133178711
0.29095155000686646 0.2982955873012543
0.28920671343803406 0.32495465874671936
0.2861991226673126 0.2893071174621582
0.28602421283721924 0.42709246277809143
0.28503721952438354 0.310614675283432
0.2845136821269989 0.28704944252967834
0.28427013754844666 0.3058663010597229
0.2820212244987488 0.29868683218955994
0.2805565595626831 0.30807241797447205
0.2798609435558319 0.3946717083454132
0.27869588136672974 0.2899947166442871
0.27746978402137756 0.3359697759151459
0.27728965878486633 0.2787207067012787
0.2766434848308563 0.28095516562461853
0.2753932774066925 0.2782570719718933
0.2750641107559204 0.2828715741634369
0.27393731474876404 0.34786859154701233
0.27357184886932373 0.31968480348587036
0.27238625288009644 0.3035320043563843
0.27176928520202637 0.27210283279418945
0.27167731523513794 0.3163270056247711
0.2715660035610199 0.30056628584861755
0.27112114429473877 0.277325302362442
0.2708617150783539 0.32774701714515686
0.2705128788948059 0.2875339090824127
0.2704711854457855 0.33574599027633667
0.26938843727111816 0.27198585867881775
0.2687108814716339 0.28729650378227234
0.26863765716552734 0.3633051812648773
0.26806944608688354 0.27089160680770874
0.26778942346572876 0.31707963347435
0.2676309049129486 0.4256281554698944
0.26717397570610046 0.28520458936691284
0.267006516456604 0.27353236079216003
0.26683565974235535 0.26701948046684265
0.2668304145336151 0.3019847869873047
0.2664071023464203 0.27957412600517273
0.2661691904067993 0.28333231806755066
0.2656196057796478 0.28712645173072815
0.26413533091545105 0.27964064478874207
0.2629939019680023 0.26456624269485474
0.2615003287792206 0.27106326818466187
0.2614055871963501 0.28831011056900024
0.26113781332969666 0.3679722249507904
0.2607983350753784 0.26559582352638245
0.26029130816459656 0.2756194770336151
0.26001840829849243 0.27416813373565674
0.2594377100467682 0.28187108039855957
0.25918060541152954 0.350847989320755
0.25909993052482605 0.27629566192626953
0.25891759991645813 0.29363662004470825
0.25863316655158997 0.29198071360588074
0.2577937841415405 0.27314358949661255
0.25754621624946594 0.25816354155540466
0.25682517886161804 0.28991755843162537
0.25674623250961304 0.41320547461509705
0.2566973865032196 0.2620706260204315
0.256616473197937 0.2571825087070465
0.25639620423316956 0.2852573096752167
0.25626686215400696 0.2813052833080292
0.25609350204467773 0.4027847349643707
0.25548380613327026 0.2838342785835266
0.2544197738170624 0.31399819254875183
0.25415387749671936 0.30587509274482727
0.253927081823349 0.26316195726394653
0.2537035644054413 0.26701244711875916
0.25359565019607544 0.3058663010597229
0.2534055709838867 0.3095940351486206
0.25300902128219604 0.26231297850608826
0.2523792088031769 0.25879159569740295
0.25225305557250977 0.27881112694740295
0.2520495057106018 0.3063458502292633
0.251937597990036 0.2903151214122772
0.2517693042755127 0.2671504020690918
0.25160494446754456 0.28430473804473877
0.25025475025177 0.32862794399261475
0.2501527667045593 0.3032900393009186
0.2498178780078888 0.25709614157676697
0.24856196343898773 0.35874509811401367
0.24717476963996887 0.2647843658924103
0.2463170439004898 0.2879027724266052
0.24561604857444763 0.3234768807888031
0.24551229178905487 0.2899405062198639
0.24513106048107147 0.2740005850791931
0.24458377063274384 0.24520453810691833
0.2445582151412964 0.36255979537963867
0.24422521889209747 0.29154080152511597
0.24382390081882477 0.27351969480514526
0.24374018609523773 0.24514444172382355
0.24343422055244446 0.30228087306022644
0.24112942814826965 0.4206955134868622
0.24060754477977753 0.38433128595352173
0.24055801331996918 0.3138222098350525
0.24020527303218842 0.2921731472015381
0.23960423469543457 0.37209728360176086
0.2395523488521576 0.33102062344551086
0.23932760953903198 0.41081270575523376
0.23919320106506348 0.42770493030548096
0.23903310298919678 0.2868973910808563
0.23842912912368774 0.28593021631240845
0.23755227029323578 0.42724063992500305
0.23738239705562592 0.2676999866962433
0.2372516542673111 0.3354448974132538
0.23669859766960144 0.25076547265052795
0.23604422807693481 0.24652476608753204
0.2355518788099289 0.2732856571674347
0.2353321760892868 0.24439740180969238
0.23500721156597137 0.29325297474861145
0.23457564413547516 0.23850063979625702
0.23444971442222595 0.23560552299022675
0.23436585068702698 0.28159162402153015
0.23376013338565826 0.2739161252975464
0.23352280259132385 0.35151687264442444
0.23345384001731873 0.23670008778572083
0.23324154317378998 0.2413278967142105
0.2329401969909668 0.23429358005523682
0.23259063065052032 0.23450544476509094
0.23193666338920593 0.2646793723106384
0.23100686073303223 0.3012305498123169
0.23085790872573853 0.23911166191101074
0.23081614077091217 0.2435334175825119
0.23041370511054993 0.3026922941207886
0.22984540462493896 0.3977896273136139
0.22903046011924744 0.28662532567977905
0.22870832681655884 0.23735164105892181
0.22825156152248383 0.25607597827911377
0.2281288206577301 0.2634783685207367
0.22798824310302734 0.3852335214614868
0.22694021463394165 0.2939591705799103
0.22649827599525452 0.3117158114910126
0.22647616267204285 0.25994670391082764
0.2263662964105606 0.24606412649154663
0.22633545100688934 0.41117534041404724
0.2261369526386261 0.2595323920249939
0.22598649561405182 0.2910710275173187
0.22592252492904663 0.3060261905193329
0.22462961077690125 0.24649450182914734
0.22459228336811066 0.22659748792648315
0.22445113956928253 0.2667953073978424
0.2238391935825348 0.4304562211036682
0.22344467043876648 0.24590596556663513
0.22340725362300873 0.24415215849876404
0.2228725552558899 0.39157381653785706
0.2227301448583603 0.3026110827922821
0.2225685715675354 0.24163185060024261
0.22220316529273987 0.3847518861293793
0.22140787541866302 0.28844618797302246
0.22126969695091248 0.2724708616733551
0.22069710493087769 0.22669391334056854
0.220502108335495 0.3112468421459198
0.2188052088022232 0.2990407645702362
0.21859005093574524 0.3117910921573639
0.21791574358940125 0.3947592079639435
0.21742933988571167 0.2214779555797577
0.21732957661151886 0.2978099584579468
0.21707601845264435 0.2983033359050751
0.21687233448028564 0.2653384506702423
0.21609191596508026 0.2288803905248642
0.2154434323310852 0.28300991654396057
0.2150598019361496 0.2765657603740692
0.2146281749010086 0.3422794044017792
0.21449314057826996 0.22099843621253967
0.21445070207118988 0.25052064657211304
0.21432223916053772 0.29619696736335754
0.21407131850719452 0.2972199022769928
0.212645024061203 0.2795422673225403
0.21185104548931122 0.27802982926368713
0.21160003542900085 0.27859535813331604
0.21127426624298096 0.21621422469615936
0.21103398501873016 0.39507126808166504
0.21077753603458405 0.22263987362384796
0.210595041513443 0.22498604655265808
0.20997992157936096 0.21681424975395203
0.20982208847999573 0.26488348841667175
0.20955625176429749 0.21296656131744385
0.20933331549167633 0.2546057403087616
0.20923462510108948 0.23780426383018494
0.20903226733207703 0.251164048910141
0.20884227752685547 0.3926170766353607
0.20864540338516235 0.2924526631832123
0.20864519476890564 0.30870330333709717
0.20844845473766327 0.20888492465019226
0.20801199972629547 0.3259226083755493
0.2078927904367447 0.22584277391433716
0.20769688487052917 0.3960736393928528
0.20699937641620636 0.2926655411720276
0.2069881558418274 0.3067519962787628
0.2056102305650711 0.3832247853279114
0.20464836061000824 0.4075171947479248
0.20424747467041016 0.27644863724708557
0.20422829687595367 0.30059614777565
0.20322512090206146 0.22411483526229858
0.20306801795959473 0.2150300145149231
0.2027835100889206 0.2903527021408081
0.2026040405035019 0.20553216338157654
0.2025568187236786 0.32008054852485657
0.20250730216503143 0.2738388180732727
0.20243343710899353 0.2263949066400528
0.20225900411605835 0.2169502079486847
0.20218780636787415 0.2882532775402069
0.20157434046268463 0.2792549431324005
0.2009645253419876 0.31296777725219727
0.2004452347755432 0.23090268671512604
0.1998249739408493 0.24768082797527313
0.19971387088298798 0.36988529562950134
0.19968193769454956 0.3788057267665863
0.199637770652771 0.3307337760925293
0.19941389560699463 0.2705105245113373
0.19922932982444763 0.2668377757072449
0.19922730326652527 0.2860061526298523
0.19908003509044647 0.38728439807891846
0.19862650334835052 0.2900129556655884
0.19861944019794464 0.3162609040737152
0.19838066399097443 0.3510795831680298
0.19820944964885712 0.20650334656238556
0.1973329335451126 0.19812464714050293
0.1971738040447235 0.4043899178504944
0.19681139290332794 0.38090255856513977
0.1967344731092453 0.41226476430892944
0.1967286616563797 0.3835528790950775
0.19621603190898895 0.2700141668319702
0.19583433866500854 0.4011702835559845
0.19581858813762665 0.3982533812522888
0.19545696675777435 0.29496005177497864
0.1951456367969513 0.3019680082798004
0.19513976573944092 0.3018471598625183
0.19492267072200775 0.19931475818157196
0.19449558854103088 0.33351901173591614
0.19296424090862274 0.20575955510139465
0.192464679479599 0.3885582685470581
0.19222001731395721 0.3148437440395355
0.19180843234062195 0.36698466539382935
0.19139908254146576 0.40079396963119507
0.19012077152729034 0.400784969329834
0.18965505063533783 0.2870008647441864
0.18953101336956024 0.20953160524368286
0.1894603967666626 0.3796952962875366
0.18914592266082764 0.2402062863111496
0.18900737166404724 0.3883574903011322
0.18892362713813782 0.3875564634799957
0.18861275911331177 0.39429333806037903
0.18777666985988617 0.3839958906173706
0.18761920928955078 0.2916010320186615
0.1875350922346115 0.2767697274684906
0.1874893307685852 0.19186142086982727
0.1868954300880432 0.37716424465179443
0.18609318137168884 0.19304165244102478
0.18599379062652588 0.3950049877166748
0.18593846261501312 0.21344530582427979
0.1852942705154419 0.3910650610923767
0.18509745597839355 0.25093698501586914
0.18459993600845337 0.2935437560081482
0.18436385691165924 0.20319654047489166
0.1840038001537323 0.1931704580783844
0.18378743529319763 0.38793209195137024
0.18291765451431274 0.3935166001319885
0.1824778914451599 0.3767736256122589
0.18240608274936676 0.28656885027885437
0.1823367476463318 0.19480688869953156
0.18078194558620453 0.2774707078933716
0.18056772649288177 0.20923393964767456
0.18027879297733307 0.31622886657714844
0.18016976118087769 0.2142040729522705
0.17972034215927124 0.17975208163261414
0.17938712239265442 0.18427743017673492
0.17910981178283691 0.37364572286605835
0.1781855821609497 0.2314918041229248
0.17785252630710602 0.18426842987537384
0.17573925852775574 0.29253798723220825
0.17524202167987823 0.20012663304805756
0.1739685833454132 0.19798347353935242
0.17392417788505554 0.173946350812912
0.17330783605575562 0.21680893003940582
0.1731879711151123 0.3035363554954529
0.17268292605876923 0.40002137422561646
0.17154443264007568 0.18427230417728424
0.17134815454483032 0.1955612450838089
0.17038290202617645 0.19501963257789612
0.17003285884857178 0.28860482573509216
0.16969582438468933 0.19972501695156097
0.16955266892910004 0.16968923807144165
0.1688082069158554 0.1882205605506897
0.16866521537303925 0.19334754347801208
0.16636638343334198 0.2062762826681137
0.1628541499376297 0.17924249172210693
0.16104942560195923 0.16949768364429474
0.1597081869840622 0.2945610284805298
0.15859445929527283 0.16355295479297638
0.1578451544046402 0.21770434081554413
0.1572657972574234 0.2238389402627945
0.15569931268692017 0.20947971940040588
0.15164153277873993 0.19501470029354095
0.1513536423444748 0.15864190459251404
0.14960286021232605 0.1789417713880539
0.14951486885547638 0.1724003553390503
0.1465083658695221 0.16212451457977295
0.1425662338733673 0.26238715648651123
0.14143329858779907 0.14944185316562653
0.1402433067560196 0.14095571637153625
0.13979646563529968 0.14144065976142883
0.13809627294540405 0.1532195508480072
0.1333853304386139 0.14859986305236816
0.13337372243404388 0.14441528916358948
0.12909816205501556 0.19013065099716187
0.12874965369701385 0.14696075022220612
0.1281476765871048 0.15780998766422272
0.12212242931127548 0.14650003612041473
0.11883144080638885 0.12647494673728943
0.11790502071380615 0.1338728666305542
0.08141748607158661 0.09488222748041153
