0.45523229241371155 0.4556964337825775
0.41959163546562195 0.4228520393371582
0.4127568006515503 0.41526052355766296
0.3853897154331207 0.43014857172966003
0.3784528970718384 0.3869578540325165
0.36617740988731384 0.37148553133010864
0.36333540081977844 0.39825519919395447
0.3524099886417389 0.38656988739967346
0.3520109951496124 0.3815453052520752
0.34094002842903137 0.3444509208202362
0.3409183621406555 0.3426658809185028
0.33805719017982483 0.3501620292663574
0.33664238452911377 0.39016789197921753
0.33608001470565796 0.368670791387558
0.334576278924942 0.42046529054641724
0.3343811631202698 0.3856709897518158
0.33340805768966675 0.339097797870636
0.3197241425514221 0.33455976843833923
0.31947624683380127 0.35236477851867676
0.31878238916397095 0.3280147314071655
0.3169460594654083 0.43131542205810547
0.3164970576763153 0.3379296362400055
0.315803587436676 0.33838775753974915
0.3137257397174835 0.3158547282218933
0.3108256757259369 0.37823134660720825
0.30899983644485474 0.315945565700531
0.30864211916923523 0.402538001537323
0.30745628476142883 0.394165962934494
0.3055078089237213 0.3900223970413208
0.30405890941619873 0.3474184274673462
0.3039999306201935 0.31415924429893494
0.30229079723358154 0.3150591254234314
0.30114343762397766 0.30425700545310974
0.3000200688838959 0.3356475234031677
0.29985129833221436 0.3708707392215729
0.29840588569641113 0.31518805027008057
0.29795536398887634 0.3871627748012543
0.2978910207748413 0.3926316201686859
0.29749640822410583 0.3185037672519684
0.2970993220806122 0.3089817762374878
0.2966064512729645 0.31275027990341187
0.2961900234222412 0.334660142660141
0.29421886801719666 0.4198398292064667
0.2925601601600647 0.3139567971229553
0.2912367880344391 0.315265953540802
0.2901391386985779 0.3380694091320038
0.2883726954460144 0.2912030816078186
0.28810393810272217 0.32952114939689636
0.2872861921787262 0.29927539825439453
0.2859415113925934 0.28754085302352905
0.28557828068733215 0.2912529408931732
0.2850407063961029 0.29848363995552063
0.28323182463645935 0.28898927569389343
0.2830713987350464 0.2853480875492096
0.2800501585006714 0.3106290400028229
0.27995768189430237 0.2874651551246643
0.2799462676048279 0.33158165216445923
0.2798400819301605 0.29984405636787415
0.27952882647514343 0.28038930892944336
0.2794352173805237 0.3031027615070343
0.27941519021987915 0.3833342492580414
0.2786271274089813 0.33682432770729065
0.2779712975025177 0.2802834212779999
0.27770549058914185 0.3223866820335388
0.2776276171207428 0.2962510585784912
0.27739211916923523 0.2784438133239746
0.2771960198879242 0.31681734323501587
0.2760477066040039 0.2827090919017792
0.2752394676208496 0.4221205711364746
0.2734367847442627 0.30375051498413086
0.27295443415641785 0.31669485569000244
0.27272456884384155 0.2730370759963989
0.27192291617393494 0.3092067837715149
0.27156758308410645 0.29968640208244324
0.27146947383880615 0.27831631898880005
0.2712770104408264 0.30248841643333435
0.2712376117706299 0.30399924516677856
0.2676289975643158 0.4056665897369385
0.2670721709728241 0.3183632791042328
0.2669549882411957 0.29234614968299866
0.26455163955688477 0.3021658658981323
0.26387161016464233 0.2701009213924408
0.2636403441429138 0.32813775539398193
0.263163685798645 0.2664743959903717
0.26291781663894653 0.32269296050071716
0.2620545029640198 0.305362343788147
0.2620028853416443 0.3452533781528473
0.26183757185935974 0.30825144052505493
0.26175522804260254 0.38217443227767944
0.26116982102394104 0.28108590841293335
0.2608145773410797 0.3467296063899994
0.26066359877586365 0.2789797782897949
0.2604082226753235 0.324260413646698
0.259418249130249 0.3047827482223511
0.2593511939048767 0.2681284546852112
0.2593223750591278 0.28480759263038635
0.2590732276439667 0.2724568545818329
0.25881901383399963 0.3022044897079468
0.2574475109577179 0.32337677478790283
0.2573763132095337 0.3400520086288452
0.25735265016555786 0.33583447337150574
0.25728628039360046 0.28148019313812256
0.2570698857307434 0.27720555663108826
0.2567175626754761 0.27910763025283813
0.2566794753074646 0.3290126621723175
0.2566410005092621 0.29786306619644165
0.255601167678833 0.2934553921222687
0.2552061080932617 0.3171927034854889
0.255033940076828 0.2957865297794342
0.2548564672470093 0.2930648922920227
0.2543330490589142 0.4154401421546936
0.2543216943740845 0.29512205719947815
0.2540387213230133 0.25501811504364014
0.2538496255874634 0.2649032771587372
0.25364819169044495 0.2725687623023987
0.2530444860458374 0.29131489992141724
0.25297701358795166 0.2768358290195465
0.25265011191368103 0.2542153000831604
0.2523588538169861 0.2893032133579254
0.25227636098861694 0.25605231523513794
0.25186413526535034 0.2527890205383301
0.2509423494338989 0.30197393894195557
0.25075551867485046 0.26030656695365906
0.25070974230766296 0.29806989431381226
0.2506914436817169 0.3584892451763153
0.2502608299255371 0.25630316138267517
0.2500110864639282 0.2779088318347931
0.24958762526512146 0.2518810033798218
0.24862509965896606 0.27744439244270325
0.24789629876613617 0.27736786007881165
0.24732638895511627 0.38972198963165283
0.24593013525009155 0.2950873076915741
0.24586160480976105 0.28860485553741455
0.24507710337638855 0.2548859119415283
0.24456878006458282 0.38250085711479187
0.24450735747814178 0.32391905784606934
0.24415461719036102 0.30914345383644104
0.2439510077238083 0.3810160756111145
0.24380217492580414 0.39475196599960327
0.243256613612175 0.305362343788147
0.24307207763195038 0.3136902153491974
0.24279113113880157 0.3132708668708801
0.2426336258649826 0.3262346088886261
0.24255861341953278 0.28385770320892334
0.24244555830955505 0.3173399865627289
0.2420046627521515 0.2512868046760559
0.241824671626091 0.25901567935943604
0.24118539690971375 0.25086715817451477
0.2399565428495407 0.2558680772781372
0.23990212380886078 0.30216431617736816
0.23930004239082336 0.37411171197891235
0.23885372281074524 0.30802467465400696
0.23705273866653442 0.32789990305900574
0.23671510815620422 0.26924410462379456
0.23659934103488922 0.3094356656074524
0.23657867312431335 0.25219687819480896
0.2364402711391449 0.33861252665519714
0.23612360656261444 0.259249210357666
0.2358967363834381 0.2502596974372864
0.2355087250471115 0.23555317521095276
0.23521701991558075 0.26773375272750854
0.2346518337726593 0.2822914719581604
0.2346460074186325 0.34481728076934814
0.2337130606174469 0.28927165269851685
0.2336546629667282 0.29712650179862976
0.23359374701976776 0.24249474704265594
0.23351247608661652 0.2542581558227539
0.23330223560333252 0.4170703887939453
0.23312784731388092 0.2540989816188812
0.2327863574028015 0.2564467787742615
0.23230226337909698 0.3253052234649658
0.23197723925113678 0.4012297987937927
0.231424480676651 0.2932356894016266
0.2306004911661148 0.2430378496646881
0.2301979809999466 0.2945457994937897
0.22985471785068512 0.38624992966651917
0.22982262074947357 0.39923030138015747
0.22939810156822205 0.32113125920295715
0.22926542162895203 0.2887119650840759
0.22907781600952148 0.2692738473415375
0.228789821267128 0.38347694277763367
0.22872726619243622 0.42981189489364624
0.22828426957130432 0.31058767437934875
0.22790130972862244 0.2627353370189667
0.22769473493099213 0.38089561462402344
0.22759881615638733 0.285258948802948
0.22752000391483307 0.2660539746284485
0.22718805074691772 0.29237937927246094
0.22693444788455963 0.2858356237411499
0.22653764486312866 0.2979423403739929
0.2261764407157898 0.2710990607738495
0.22555555403232574 0.2465650737285614
0.225248783826828 0.2279784381389618
0.22495409846305847 0.31098058819770813
0.22485770285129547 0.2750202715396881
0.22466307878494263 0.25585803389549255
0.22412140667438507 0.2555311918258667
0.22363656759262085 0.2887481451034546
0.22312194108963013 0.3028068542480469
0.22194546461105347 0.28728991746902466
0.2216261774301529 0.23899228870868683
0.22150003910064697 0.27814316749572754
0.22107988595962524 0.23735454678535461
0.22097256779670715 0.29747503995895386
0.22081094980239868 0.3983336091041565
0.22039902210235596 0.38568198680877686
0.2202441692352295 0.23002149164676666
0.2202167958021164 0.2409205436706543
0.2201373428106308 0.38389095664024353
0.22001886367797852 0.2754879593849182
0.21980531513690948 0.23684680461883545
0.21961422264575958 0.3204213082790375
0.21959041059017181 0.33462104201316833
0.21919961273670197 0.31451910734176636
0.21828718483448029 0.3835808336734772
0.21774904429912567 0.2688145041465759
0.21674178540706635 0.42299941182136536
0.21672087907791138 0.2828885614871979
0.2163930982351303 0.31278666853904724
0.2160104662179947 0.4488109052181244
0.215499609708786 0.39282792806625366
0.2145465463399887 0.2909625470638275
0.21441948413848877 0.37689951062202454
0.21417053043842316 0.2959936261177063
0.21366576850414276 0.24259772896766663
0.2136337161064148 0.23007512092590332
0.2136143445968628 0.28629398345947266
0.21329592168331146 0.3601054549217224
0.21300745010375977 0.42072737216949463
0.21283859014511108 0.32699355483055115
0.21281175315380096 0.22027043998241425
0.21198777854442596 0.29591119289398193
0.21166826784610748 0.36452218890190125
0.2109586000442505 0.2910868227481842
0.21088750660419464 0.266023725271225
0.21028196811676025 0.31491315364837646
0.21015988290309906 0.3905119001865387
0.2098289132118225 0.2103196680545807
0.20939823985099792 0.2627652883529663
0.20933598279953003 0.3937278389930725
0.2092648297548294 0.4037441909313202
0.2091233730316162 0.23347684741020203
0.20910921692848206 0.2791522145271301
0.20901036262512207 0.21254470944404602
0.20880907773971558 0.24891479313373566
0.20809169113636017 0.29396891593933105
0.20681799948215485 0.3074265420436859
0.20633819699287415 0.21458947658538818
0.20564940571784973 0.300087034702301
0.20532351732254028 0.2897711396217346
0.20496372878551483 0.24567784368991852
0.2046661674976349 0.20859959721565247
0.2045445591211319 0.33160400390625
0.20433808863162994 0.22145596146583557
0.2039753794670105 0.36975884437561035
0.20388412475585938 0.3854881823062897
0.20374435186386108 0.26711732149124146
0.2035275399684906 0.3088899254798889
0.2034236490726471 0.21966677904129028
0.2031337320804596 0.3201157748699188
0.2029169648885727 0.2343096137046814
0.20267201960086823 0.409607470035553
0.20198588073253632 0.23135744035243988
0.20188529789447784 0.21429722011089325
0.20154336094856262 0.20721052587032318
0.2012045830488205 0.22409343719482422
0.20085248351097107 0.40453577041625977
0.20047631859779358 0.20102956891059875
0.20045483112335205 0.37992751598358154
0.20035973191261292 0.20418491959571838
0.20023490488529205 0.39502641558647156
0.20013797283172607 0.4026679992675781
0.2000124305486679 0.20589353144168854
0.1997140794992447 0.21675720810890198
0.19952377676963806 0.40986090898513794
0.19940029084682465 0.28522586822509766
0.19877783954143524 0.40611135959625244
0.1986188441514969 0.19890211522579193
0.1969408243894577 0.2704051733016968
0.1955869346857071 0.1994091421365738
0.19540074467658997 0.2736208736896515
0.19385167956352234 0.23485292494297028
0.19279371201992035 0.2046128660440445
0.19235798716545105 0.2008732110261917
0.19166508316993713 0.31356537342071533
0.19127412140369415 0.3952253758907318
0.19114121794700623 0.21201129257678986
0.19058877229690552 0.20946815609931946
0.1886068880558014 0.3991232216358185
0.18849582970142365 0.20278018712997437
0.1884840428829193 0.3444191813468933
0.18815341591835022 0.20065191388130188
0.18704038858413696 0.3957751989364624
0.18665872514247894 0.20411941409111023
0.18636389076709747 0.2056526392698288
0.1854506880044937 0.39442455768585205
0.18537858128547668 0.38990944623947144
0.1841731071472168 0.24979425966739655
0.18366223573684692 0.23284763097763062
0.18284694850444794 0.20083464682102203
0.18198758363723755 0.1973060667514801
0.1816246509552002 0.38493475317955017
0.18104593455791473 0.4036203920841217
0.18087050318717957 0.21950717270374298
0.18033583462238312 0.28764885663986206
0.17933456599712372 0.21314173936843872
0.17845235764980316 0.21491502225399017
0.17841553688049316 0.18123489618301392
0.1774812638759613 0.21031340956687927
0.17676252126693726 0.26558440923690796
0.17558634281158447 0.2894597351551056
0.1749846637248993 0.2663350999355316
0.17409980297088623 0.2738286852836609
0.1737213283777237 0.18011315166950226
0.17164522409439087 0.2773095965385437
0.17150844633579254 0.17383742332458496
0.17121295630931854 0.21168068051338196
0.17085379362106323 0.22267648577690125
0.17026947438716888 0.17705747485160828
0.1686038225889206 0.17286577820777893
0.16779056191444397 0.20497030019760132
0.16734807193279266 0.3067779839038849
0.16690392792224884 0.17509599030017853
0.1663794368505478 0.2727048993110657
0.16612575948238373 0.1745908409357071
0.165751650929451 0.18237502872943878
0.16501612961292267 0.22508907318115234
0.16453345119953156 0.26379770040512085
0.1634271740913391 0.179637148976326
0.16312873363494873 0.1668131947517395
0.16225288808345795 0.17954562604427338
0.16220644116401672 0.3060366213321686
0.1616804450750351 0.19880414009094238
0.15443763136863708 0.1665579378604889
0.15369495749473572 0.2841530740261078
0.15291893482208252 0.1560024619102478
0.14944535493850708 0.1649024486541748
0.14943712949752808 0.15097232162952423
0.14927874505519867 0.18419824540615082
0.14498306810855865 0.18550579249858856
0.14240425825119019 0.1477658897638321
0.13680870831012726 0.16931915283203125
0.13314788043498993 0.16113384068012238
0.13038471341133118 0.13097712397575378
0.12979553639888763 0.1403067260980606
0.12557436525821686 0.14495328068733215
0.12044865638017654 0.1259077489376068
0.1136433482170105 0.11565649509429932
0.1111602857708931 0.12362542748451233
0.11055169999599457 0.12005061656236649
0.10450728982686996 0.11917992681264877
0.10011780261993408 0.10579483211040497
0.09754596650600433 0.09798023104667664
0.08451822400093079 0.0980914831161499
0.07119528204202652 0.0712197944521904
