0.40767285227775574 0.4190490245819092
0.40558603405952454 0.4100073277950287
0.40481051802635193 0.4063236117362976
0.4011233448982239 0.4335588216781616
0.3943308889865875 0.40238097310066223
0.3887813091278076 0.39498528838157654
0.3885038495063782 0.3946238160133362
0.38459154963493347 0.41517385840415955
0.3838534951210022 0.4287935197353363
0.37924280762672424 0.4081883132457733
0.3776410222053528 0.38729724287986755
0.37661194801330566 0.4058001935482025
0.3625684082508087 0.421678751707077
0.35369083285331726 0.4101000130176544
0.3517375886440277 0.40236446261405945
0.34804248809814453 0.35877013206481934
0.34488239884376526 0.35002046823501587
0.3439621031284332 0.35479360818862915
0.3370654582977295 0.3886568546295166
0.3353832960128784 0.35354354977607727
0.33201923966407776 0.3860364854335785
0.33091428875923157 0.41509515047073364
0.3305894732475281 0.33968740701675415
0.3305650055408478 0.3380979001522064
0.32734212279319763 0.4015102982521057
0.32433173060417175 0.39184921979904175
0.3241954743862152 0.34876587986946106
0.3241189420223236 0.3307651877403259
0.3233875334262848 0.38473790884017944
0.3233087360858917 0.39172911643981934
0.32307329773902893 0.3440853953361511
0.3216446340084076 0.35759496688842773
0.3215092718601227 0.3320492208003998
0.319642573595047 0.3317902386188507
0.31889528036117554 0.3440284729003906
0.31849560141563416 0.3804187476634979
0.31582215428352356 0.31818169355392456
0.31500381231307983 0.3485564887523651
0.3147161304950714 0.3528851270675659
0.31411978602409363 0.31815385818481445
0.31291529536247253 0.3314365744590759
0.3120869994163513 0.3432319462299347
0.3116847276687622 0.3450557291507721
0.3093298375606537 0.41498249769210815
0.3093279302120209 0.42900776863098145
0.3080877363681793 0.36930060386657715
0.30272176861763 0.3106952905654907
0.3015100061893463 0.32429927587509155
0.30045777559280396 0.303231418132782
0.2991894483566284 0.3147273063659668
0.29611602425575256 0.31621772050857544
0.2958514988422394 0.3080344796180725
0.2946794033050537 0.34853336215019226
0.2926938533782959 0.29485803842544556
0.2915460169315338 0.36113885045051575
0.2912256419658661 0.3060401678085327
0.2898367941379547 0.3127644956111908
0.2891491949558258 0.3213970363140106
0.28867289423942566 0.3731313645839691
0.2884365916252136 0.3315451145172119
0.2876706123352051 0.30562666058540344
0.28734976053237915 0.2993268072605133
0.28674790263175964 0.3052668869495392
0.2867000102996826 0.2990727424621582
0.2866119146347046 0.28969353437423706
0.28583604097366333 0.3890661299228668
0.2822108566761017 0.2876615822315216
0.281802237033844 0.3357398211956024
0.28009727597236633 0.30119556188583374
0.27927225828170776 0.29105404019355774
0.27910587191581726 0.34804022312164307
0.27868008613586426 0.29758545756340027
0.27815869450569153 0.30747735500335693
0.2781326472759247 0.28457650542259216
0.27806586027145386 0.3105107247829437
0.27634376287460327 0.4113787114620209
0.27597054839134216 0.3293965458869934
0.27411141991615295 0.2904997169971466
0.2740788757801056 0.27625375986099243
0.27320191264152527 0.29937517642974854
0.27272218465805054 0.29350516200065613
0.27249109745025635 0.3053842782974243
0.27093440294265747 0.33187609910964966
0.2694185674190521 0.2779005467891693
0.2673586905002594 0.3081328868865967
0.2668296694755554 0.3460318148136139
0.2662027180194855 0.3219887316226959
0.2660919427871704 0.27248722314834595
0.26601824164390564 0.31639623641967773
0.26488229632377625 0.2790561616420746
0.26459091901779175 0.3599064350128174
0.26451757550239563 0.36225178837776184
0.26433512568473816 0.2681422829627991
0.26375114917755127 0.26496994495391846
0.2636484205722809 0.2924288213253021
0.26352229714393616 0.32986247539520264
0.26310956478118896 0.2771153748035431
0.2630152404308319 0.2667250633239746
0.26214346289634705 0.3170728087425232
0.2619878947734833 0.2899698317050934
0.26182815432548523 0.33040356636047363
0.26033109426498413 0.2874632775783539
0.26016220450401306 0.28459808230400085
0.25977078080177307 0.2696080803871155
0.2589942216873169 0.3536554276943207
0.25863412022590637 0.27864784002304077
0.2586003243923187 0.2832246720790863
0.258451908826828 0.26984310150146484
0.2575191259384155 0.30485132336616516
0.25715669989585876 0.38651230931282043
0.2568075358867645 0.3282361626625061
0.25665080547332764 0.3930593430995941
0.2564583122730255 0.3045925199985504
0.25528863072395325 0.2595505714416504
0.2551228404045105 0.39426010847091675
0.25335246324539185 0.260709285736084
0.25322604179382324 0.30529147386550903
0.2525733709335327 0.32111841440200806
0.2521490454673767 0.2790561616420746
0.25206056237220764 0.29097288846969604
0.2514345645904541 0.2967011034488678
0.25089168548583984 0.4053118824958801
0.25030067563056946 0.33432894945144653
0.2500856816768646 0.29288744926452637
0.24998967349529266 0.3003877103328705
0.24929217994213104 0.2618946433067322
0.24924470484256744 0.2602478265762329
0.24868696928024292 0.28643545508384705
0.2481488585472107 0.2758333384990692
0.24798105657100677 0.28483688831329346
0.24777252972126007 0.3011022210121155
0.24698296189308167 0.27530092000961304
0.2469264417886734 0.2604176104068756
0.2468498796224594 0.31099405884742737
0.24655894935131073 0.287802517414093
0.24610796570777893 0.4200681746006012
0.24572022259235382 0.3154766261577606
0.2457166612148285 0.3965059518814087
0.24482251703739166 0.29259008169174194
0.24441809952259064 0.39664822816848755
0.24425813555717468 0.29894647002220154
0.24415284395217896 0.3048030734062195
0.24414902925491333 0.3189370632171631
0.24379873275756836 0.2827223241329193
0.24371135234832764 0.3927931487560272
0.2433405965566635 0.3239705264568329
0.24325205385684967 0.34076017141342163
0.24294403195381165 0.26139140129089355
0.2429388165473938 0.2768874168395996
0.24287649989128113 0.30131587386131287
0.2423715591430664 0.3133939206600189
0.24161314964294434 0.290571391582489
0.24120691418647766 0.2651131749153137
0.24113313853740692 0.24502749741077423
0.2410270869731903 0.3075371980667114
0.2397174835205078 0.30654287338256836
0.23909325897693634 0.2987082004547119
0.23899254202842712 0.33945342898368835
0.23840397596359253 0.4066403806209564
0.23826414346694946 0.26361924409866333
0.23765172064304352 0.2494020313024521
0.23702025413513184 0.30112525820732117
0.23652131855487823 0.2822805345058441
0.23646590113639832 0.2959529459476471
0.23629572987556458 0.3914594352245331
0.23609653115272522 0.2867838740348816
0.23491209745407104 0.2867043614387512
0.2344088852405548 0.27222856879234314
0.23430047929286957 0.33917897939682007
0.23422549664974213 0.39239001274108887
0.2337145209312439 0.2501768469810486
0.23353061079978943 0.31501924991607666
0.2330215871334076 0.25753191113471985
0.23300591111183167 0.3408926725387573
0.23208259046077728 0.2500992715358734
0.23187430202960968 0.28631940484046936
0.23170185089111328 0.26654309034347534
0.23151898384094238 0.39216163754463196
0.23134416341781616 0.30680471658706665
0.23121264576911926 0.25651153922080994
0.23116126656532288 0.2939077913761139
0.23047970235347748 0.2776110768318176
0.22979137301445007 0.2318943440914154
0.22969192266464233 0.2679579257965088
0.2293986678123474 0.3979624807834625
0.22894084453582764 0.4254962205886841
0.228634774684906 0.2726275622844696
0.2284611612558365 0.2907608151435852
0.2279200702905655 0.2720127999782562
0.22746191918849945 0.24982485175132751
0.2266974002122879 0.2414494752883911
0.2266809344291687 0.30342528223991394
0.22515074908733368 0.28563281893730164
0.2251497358083725 0.28627318143844604
0.22477936744689941 0.2924288213253021
0.22464536130428314 0.41382524371147156
0.22425439953804016 0.23631960153579712
0.22347292304039001 0.2423056662082672
0.22318236529827118 0.28488293290138245
0.2230343371629715 0.29386916756629944
0.2228272408246994 0.2677905559539795
0.2221185714006424 0.295209139585495
0.22133299708366394 0.23743277788162231
0.22064942121505737 0.2990727424621582
0.22062885761260986 0.2208404839038849
0.2204168438911438 0.3400729298591614
0.2202274650335312 0.22906984388828278
0.22017207741737366 0.27878960967063904
0.22009937465190887 0.37353354692459106
0.2197360098361969 0.303293377161026
0.21970166265964508 0.223749041557312
0.219664067029953 0.4005484879016876
0.21944768726825714 0.3882593512535095
0.21905896067619324 0.3128437101840973
0.21895630657672882 0.40763917565345764
0.21891848742961884 0.23662839829921722
0.2187885046005249 0.33028292655944824
0.21825538575649261 0.3824043869972229
0.21823933720588684 0.33669313788414
0.2181592434644699 0.22342298924922943
0.2179315984249115 0.33828485012054443
0.21653029322624207 0.2249794751405716
0.21646197140216827 0.2905370593070984
0.2161651849746704 0.3955642580986023
0.21614137291908264 0.3963130712509155
0.2157721072435379 0.2782934010028839
0.21563798189163208 0.2924920618534088
0.21482867002487183 0.40457457304000854
0.2147357165813446 0.24311336874961853
0.2144930362701416 0.4051620662212372
0.2137829065322876 0.2295561581850052
0.213713601231575 0.28669968247413635
0.21307384967803955 0.2749278247356415
0.2129906862974167 0.39979487657546997
0.21284547448158264 0.3948899507522583
0.21272802352905273 0.30799075961112976
0.2116754949092865 0.3894309401512146
0.21143311262130737 0.2822706997394562
0.21130965650081635 0.2954115569591522
0.21085746586322784 0.2427680343389511
0.21080966293811798 0.24416014552116394
0.21033750474452972 0.3115168809890747
0.20959465205669403 0.3072429895401001
0.20955602824687958 0.21501561999320984
0.20947818458080292 0.21072760224342346
0.20845024287700653 0.2979211211204529
0.20841608941555023 0.256310373544693
0.20807364583015442 0.22814597189426422
0.20784518122673035 0.3212762176990509
0.20690016448497772 0.29182928800582886
0.20615297555923462 0.40060165524482727
0.20548421144485474 0.28303131461143494
0.20541825890541077 0.32134637236595154
0.20539546012878418 0.40687841176986694
0.2050321400165558 0.24857895076274872
0.2050076723098755 0.29649460315704346
0.20466454327106476 0.30987510085105896
0.2045215219259262 0.41010427474975586
0.20435231924057007 0.2994796633720398
0.20403936505317688 0.372225821018219
0.20400524139404297 0.3983060419559479
0.20358005166053772 0.39965036511421204
0.20337404310703278 0.39173784852027893
0.20291316509246826 0.20370203256607056
0.20268332958221436 0.285284161567688
0.20256030559539795 0.32696112990379333
0.202043354511261 0.2285398691892624
0.20126888155937195 0.2903883755207062
0.20064391195774078 0.22296614944934845
0.2005772739648819 0.4058046042919159
0.20010384917259216 0.2406899780035019
0.19989579916000366 0.23062542080879211
0.19934621453285217 0.28934717178344727
0.19913509488105774 0.2711327373981476
0.19898925721645355 0.39554616808891296
0.1988101601600647 0.3062807619571686
0.19822144508361816 0.21669724583625793
0.19779983162879944 0.3920727074146271
0.1977294236421585 0.23167924582958221
0.19731023907661438 0.3705475926399231
0.19724243879318237 0.4111214578151703
0.19649843871593475 0.21043570339679718
0.1963251829147339 0.23512059450149536
0.19629980623722076 0.28125008940696716
0.19590023159980774 0.3266327977180481
0.1958404928445816 0.2177554965019226
0.1955733448266983 0.2864528298377991
0.19525928795337677 0.2916560769081116
0.1945677399635315 0.4075551927089691
0.1945580691099167 0.19795794785022736
0.193394273519516 0.2923699617385864
0.1927005648612976 0.1929379403591156
0.1913970559835434 0.20310544967651367
0.19125713407993317 0.20509770512580872
0.190990149974823 0.4037579894065857
0.19079317152500153 0.2893701493740082
0.18919920921325684 0.19601328670978546
0.1884201169013977 0.287434458732605
0.1876331865787506 0.3964320719242096
0.18753565847873688 0.33823633193969727
0.18699954450130463 0.3091924786567688
0.18625138700008392 0.38494741916656494
0.1859196424484253 0.20157907903194427
0.18579351902008057 0.20608872175216675
0.1851121485233307 0.1914277970790863
0.18424342572689056 0.39227771759033203
0.18423931300640106 0.20819446444511414
0.1803102344274521 0.2710653841495514
0.17879879474639893 0.3083030879497528
0.1781999170780182 0.3559311330318451
0.1769212782382965 0.18683643639087677
0.176599383354187 0.214167520403862
0.17542123794555664 0.18194499611854553
0.17537054419517517 0.286415159702301
0.17468664050102234 0.2817590832710266
0.1734657734632492 0.20474904775619507
0.17346392571926117 0.17871274054050446
0.1722063422203064 0.1809953898191452
0.1718103438615799 0.17473794519901276
0.17153173685073853 0.1723530888557434
0.17094369232654572 0.19748374819755554
0.16942237317562103 0.17537584900856018
0.168079674243927 0.22019852697849274
0.16626989841461182 0.19839031994342804
0.1661107987165451 0.19862283766269684
0.1630370020866394 0.17953921854496002
0.1621609628200531 0.16530704498291016
0.16142387688159943 0.17546282708644867
0.1595725119113922 0.22186791896820068
0.15861636400222778 0.18374331295490265
0.15724089741706848 0.15926840901374817
0.1563250869512558 0.20349039137363434
0.1562490314245224 0.15664102137088776
0.15537339448928833 0.15960849821567535
0.15414772927761078 0.1902780383825302
0.15243025124073029 0.16124750673770905
0.14519451558589935 0.18898937106132507
0.13510271906852722 0.16991077363491058
0.13215811550617218 0.16341789066791534
0.12770383059978485 0.13106831908226013
0.12416140735149384 0.14288826286792755
0.12396898120641708 0.12882207334041595
0.10919509083032608 0.11313844472169876
0.09364931285381317 0.0939088985323906
0.09006071835756302 0.09261855483055115
0.07466530799865723 0.07905582338571548
