0.37892022728919983 0.390519380569458
0.37402716279029846 0.40090253949165344
0.348192423582077 0.46989890933036804
0.34809553623199463 0.38470861315727234
0.3439466059207916 0.3863808810710907
0.3411184847354889 0.37971776723861694
0.3411061465740204 0.34297648072242737
0.33748292922973633 0.34934383630752563
0.33077454566955566 0.3394233286380768
0.3295879662036896 0.33701035380363464
0.3249298334121704 0.3379850685596466
0.3205518424510956 0.3232947289943695
0.31855353713035583 0.3221105933189392
0.317312091588974 0.32144859433174133
0.3138778805732727 0.3943719267845154
0.31290924549102783 0.3147171139717102
0.311301052570343 0.34761396050453186
0.3106667697429657 0.3247078061103821
0.30733174085617065 0.35167622566223145
0.3068002760410309 0.3178664445877075
0.3057689070701599 0.33761826157569885
0.30417487025260925 0.31102126836776733
0.3040539622306824 0.31641024351119995
0.3021352291107178 0.31789618730545044
0.30179762840270996 0.32111725211143494
0.30048853158950806 0.3163990080356598
0.3002230226993561 0.3338015377521515
0.29962635040283203 0.3381634056568146
0.2972642481327057 0.29840463399887085
0.29717299342155457 0.29907679557800293
0.2947036623954773 0.3361717462539673
0.29393285512924194 0.3290635645389557
0.2936061918735504 0.29836878180503845
0.2927454113960266 0.3631858229637146
0.2910420596599579 0.32235056161880493
0.290045827627182 0.3338767886161804
0.28885212540626526 0.2990567982196808
0.2878582775592804 0.29209578037261963
0.2873629033565521 0.2998078465461731
0.28671279549598694 0.30511435866355896
0.2858889102935791 0.35976526141166687
0.28366103768348694 0.399411141872406
0.2833517789840698 0.30146297812461853
0.28243905305862427 0.3680779039859772
0.28223609924316406 0.3014223277568817
0.2818572521209717 0.292327344417572
0.2817839980125427 0.29178738594055176
0.2772787809371948 0.3009398281574249
0.27592748403549194 0.29705801606178284
0.27504825592041016 0.31086209416389465
0.27497807145118713 0.2878064215183258
0.2746407389640808 0.3163771629333496
0.27455779910087585 0.33886998891830444
0.2735942304134369 0.3486924171447754
0.2735286056995392 0.34486255049705505
0.27122077345848083 0.3084358870983124
0.2700808346271515 0.2712381184101105
0.2692798674106598 0.279018759727478
0.26917317509651184 0.29790157079696655
0.26885488629341125 0.2983592748641968
0.26797428727149963 0.3589685559272766
0.26742735505104065 0.2761955261230469
0.2671586871147156 0.29538464546203613
0.2666966915130615 0.3436570167541504
0.26658594608306885 0.2690992057323456
0.26630735397338867 0.30170270800590515
0.26528647541999817 0.31471237540245056
0.26509159803390503 0.279689222574234
0.26473045349121094 0.2693735957145691
0.26441335678100586 0.27644139528274536
0.26321929693222046 0.330941379070282
0.2632077634334564 0.26756399869918823
0.26264163851737976 0.2787055969238281
0.2619929015636444 0.35200610756874084
0.26188749074935913 0.2803599238395691
0.2617728114128113 0.2701185941696167
0.2605289816856384 0.28760769963264465
0.25972244143486023 0.3333529233932495
0.2596982419490814 0.29830402135849
0.258950799703598 0.26117315888404846
0.2587307393550873 0.27783939242362976
0.25841209292411804 0.3681190609931946
0.25839030742645264 0.2657087743282318
0.25833478569984436 0.27754661440849304
0.257904589176178 0.26064467430114746
0.25657767057418823 0.3659025728702545
0.2554020285606384 0.25638625025749207
0.2551039457321167 0.3321055769920349
0.25424548983573914 0.2637098431587219
0.25411850214004517 0.31334561109542847
0.253693550825119 0.2847162187099457
0.253150999546051 0.33749255537986755
0.25183650851249695 0.27056872844696045
0.2508867084980011 0.2794903516769409
0.25053539872169495 0.28175750374794006
0.24960854649543762 0.25783827900886536
0.24908162653446198 0.2857554852962494
0.24887649714946747 0.33864057064056396
0.24882099032402039 0.26572829484939575
0.24878162145614624 0.2864033579826355
0.2487258017063141 0.2962228059768677
0.24866589903831482 0.26678910851478577
0.2484692484140396 0.2567692995071411
0.24808232486248016 0.27943137288093567
0.2475394904613495 0.2488790899515152
0.24707229435443878 0.2529534101486206
0.2469516396522522 0.31102126836776733
0.24666251242160797 0.2743450999259949
0.24598996341228485 0.31099820137023926
0.2457943856716156 0.3691926598548889
0.2457015961408615 0.2642081677913666
0.24551022052764893 0.29987284541130066
0.24544577300548553 0.31197017431259155
0.2453984171152115 0.2618327736854553
0.24532583355903625 0.2562079131603241
0.2451385110616684 0.27615562081336975
0.24470458924770355 0.3373608887195587
0.24431923031806946 0.2975427210330963
0.24401909112930298 0.33422359824180603
0.24343562126159668 0.3223339021205902
0.2425786405801773 0.251761794090271
0.24239690601825714 0.24642746150493622
0.24158278107643127 0.3797759711742401
0.2415129393339157 0.24997448921203613
0.24125896394252777 0.25366994738578796
0.24112027883529663 0.37020400166511536
0.24024929106235504 0.3139408528804779
0.239822655916214 0.4004772901535034
0.23980382084846497 0.31133556365966797
0.23933522403240204 0.29262247681617737
0.23896260559558868 0.36951228976249695
0.23875407874584198 0.24546979367733002
0.2380848526954651 0.33921948075294495
0.23791444301605225 0.24124719202518463
0.2378961592912674 0.2566342055797577
0.23785868287086487 0.23992829024791718
0.23720553517341614 0.32431739568710327
0.2367698848247528 0.26514309644699097
0.2364797443151474 0.24325284361839294
0.23624740540981293 0.24896802008152008
0.23576673865318298 0.3479442000389099
0.2356490045785904 0.3154105246067047
0.23562882840633392 0.2665516436100006
0.23537220060825348 0.28343716263771057
0.23519062995910645 0.23689554631710052
0.23511940240859985 0.35863378643989563
0.23497548699378967 0.25787943601608276
0.23473171889781952 0.25517356395721436
0.23382462561130524 0.28188738226890564
0.23373480141162872 0.25270357728004456
0.23361140489578247 0.2903316020965576
0.2334776222705841 0.2740801274776459
0.23339061439037323 0.2694835066795349
0.23306044936180115 0.27305781841278076
0.23274046182632446 0.29342254996299744
0.2326630800962448 0.2649235427379608
0.23259559273719788 0.26909735798835754
0.2314711958169937 0.30240556597709656
0.2312585860490799 0.3652503192424774
0.23019163310527802 0.2655416429042816
0.2301221340894699 0.3098858892917633
0.22904887795448303 0.4184674322605133
0.2289002537727356 0.3017783463001251
0.22874532639980316 0.26120269298553467
0.22859053313732147 0.26326441764831543
0.22857250273227692 0.2543494999408722
0.22839543223381042 0.2771468758583069
0.22806189954280853 0.2916756272315979
0.22743570804595947 0.2606929540634155
0.22743390500545502 0.2527647614479065
0.22717174887657166 0.24711698293685913
0.22704534232616425 0.2357509881258011
0.22690512239933014 0.2297363579273224
0.22647476196289062 0.2311391979455948
0.226308673620224 0.23192855715751648
0.2260880023241043 0.3134657144546509
0.22559277713298798 0.23777244985103607
0.2251177877187729 0.23150290548801422
0.22487083077430725 0.32761436700820923
0.2247670739889145 0.2615772485733032
0.2238001674413681 0.23490428924560547
0.22315765917301178 0.253315806388855
0.2231534868478775 0.23753023147583008
0.2224036306142807 0.2508957087993622
0.2222217172384262 0.2553434371948242
0.22211065888404846 0.26741066575050354
0.2218867838382721 0.23249299824237823
0.22183184325695038 0.36314770579338074
0.2215648591518402 0.35851407051086426
0.22138836979866028 0.302937775850296
0.2210182547569275 0.24947811663150787
0.22100797295570374 0.2635686993598938
0.22058993577957153 0.2841683030128479
0.22047850489616394 0.2962741255760193
0.21955421566963196 0.24463240802288055
0.219382181763649 0.23733478784561157
0.2190183401107788 0.22614483535289764
0.21874839067459106 0.21994751691818237
0.21852347254753113 0.34461918473243713
0.2182193100452423 0.22348088026046753
0.21815578639507294 0.24822324514389038
0.21750041842460632 0.26277801394462585
0.2167292684316635 0.33747369050979614
0.21657124161720276 0.2487567514181137
0.21651041507720947 0.24507883191108704
0.21643014252185822 0.27535057067871094
0.21640388667583466 0.23746949434280396
0.21621333062648773 0.31674060225486755
0.21554170548915863 0.2557816505432129
0.2154994159936905 0.2698322832584381
0.21530035138130188 0.2542518973350525
0.21520620584487915 0.2832525372505188
0.21484814584255219 0.2641580104827881
0.21458183228969574 0.28514447808265686
0.21420645713806152 0.35131651163101196
0.21416446566581726 0.2518635392189026
0.21402591466903687 0.21667645871639252
0.2138378918170929 0.238066628575325
0.2133612185716629 0.2347763478755951
0.21316875517368317 0.26369038224220276
0.21281106770038605 0.31645888090133667
0.21274839341640472 0.3221798837184906
0.21113221347332 0.25573110580444336
0.21094273030757904 0.2771356403827667
0.20930226147174835 0.3690459728240967
0.20886722207069397 0.22648243606090546
0.20886407792568207 0.2374258190393448
0.20800946652889252 0.22784729301929474
0.20783886313438416 0.21527627110481262
0.20780545473098755 0.23229576647281647
0.2077440619468689 0.2208908349275589
0.20760008692741394 0.22198842465877533
0.20745281875133514 0.25653713941574097
0.20739904046058655 0.2155962735414505
0.20727871358394623 0.2650744915008545
0.20722080767154694 0.33180439472198486
0.20704728364944458 0.26168957352638245
0.20678487420082092 0.22393076121807098
0.2066352665424347 0.27810636162757874
0.20635919272899628 0.2800968289375305
0.20618073642253876 0.3445083200931549
0.2060067504644394 0.2909488081932068
0.20591577887535095 0.3645104765892029
0.20580370724201202 0.2946043312549591
0.2056238055229187 0.206081360578537
0.20556673407554626 0.3472418189048767
0.20529700815677643 0.2525233328342438
0.20495855808258057 0.24788333475589752
0.20452189445495605 0.2817990183830261
0.2044004648923874 0.2478524148464203
0.20432735979557037 0.25614625215530396
0.2041361927986145 0.26439008116722107
0.20322607457637787 0.2771765887737274
0.2030639350414276 0.20506757497787476
0.20291106402873993 0.3759121894836426
0.20256295800209045 0.24968643486499786
0.20233449339866638 0.2395133078098297
0.20206482708454132 0.24339041113853455
0.2018570899963379 0.20536381006240845
0.20128844678401947 0.21353614330291748
0.20109152793884277 0.3155650794506073
0.2007942497730255 0.23943620920181274
0.20061224699020386 0.20458702743053436
0.2006102055311203 0.20290754735469818
0.20028088986873627 0.2796679437160492
0.20012861490249634 0.2849956750869751
0.1999567300081253 0.20525111258029938
0.19972142577171326 0.24469852447509766
0.1994515210390091 0.22182121872901917
0.19912144541740417 0.2807833254337311
0.19901299476623535 0.20146845281124115
0.19872356951236725 0.26904457807540894
0.1987144649028778 0.24392016232013702
0.19841454923152924 0.20117755234241486
0.1982593983411789 0.22915343940258026
0.198079913854599 0.23292843997478485
0.1977039873600006 0.29114267230033875
0.1976967453956604 0.22454208135604858
0.19763138890266418 0.2119525969028473
0.19749175012111664 0.20419764518737793
0.1972404420375824 0.3618544042110443
0.19705143570899963 0.25856733322143555
0.19705116748809814 0.20490489900112152
0.19698935747146606 0.2348269522190094
0.19689695537090302 0.21540316939353943
0.1968556046485901 0.2635800838470459
0.19683587551116943 0.21511927247047424
0.196632519364357 0.21244707703590393
0.19629044830799103 0.3085315227508545
0.19529269635677338 0.2460707128047943
0.19525973498821259 0.2879026234149933
0.19443279504776 0.2323106974363327
0.19354654848575592 0.20696119964122772
0.19323956966400146 0.2934940755367279
0.19245336949825287 0.19405150413513184
0.19221509993076324 0.2389240711927414
0.19202294945716858 0.24014097452163696
0.19167263805866241 0.2769554555416107
0.19160251319408417 0.20672689378261566
0.19159561395645142 0.23653429746627808
0.19149412214756012 0.35902345180511475
0.19132255017757416 0.22193072736263275
0.1907937377691269 0.281057745218277
0.19073523581027985 0.30886149406433105
0.19034729897975922 0.32027992606163025
0.19012662768363953 0.21821865439414978
0.18971049785614014 0.2847590148448944
0.18966007232666016 0.3740482032299042
0.18941263854503632 0.2888139486312866
0.1889709234237671 0.23580314218997955
0.18882165849208832 0.2653001844882965
0.18868982791900635 0.19166037440299988
0.18848496675491333 0.19897182285785675
0.18816855549812317 0.30462583899497986
0.18807949125766754 0.20693650841712952
0.18794864416122437 0.3017166554927826
0.1872541606426239 0.30754750967025757
0.18592536449432373 0.19837480783462524
0.18548546731472015 0.2277924120426178
0.18545301258563995 0.27662619948387146
0.1853993535041809 0.20965296030044556
0.185061976313591 0.35045188665390015
0.1846068650484085 0.1879703402519226
0.18451833724975586 0.3417034447193146
0.18437258899211884 0.2955979108810425
0.18373408913612366 0.25055932998657227
0.18372851610183716 0.3164656162261963
0.18368926644325256 0.2382221668958664
0.18352477252483368 0.28890860080718994
0.18352088332176208 0.3524128198623657
0.183187797665596 0.18918797373771667
0.1828090250492096 0.37288224697113037
0.18270468711853027 0.20110338926315308
0.1824571192264557 0.31046533584594727
0.18222402036190033 0.2254374772310257
0.181504026055336 0.19478900730609894
0.18098479509353638 0.2178884893655777
0.18036863207817078 0.25861597061157227
0.18020173907279968 0.2074580192565918
0.18007968366146088 0.1946876049041748
0.17965801060199738 0.2038324922323227
0.17960600554943085 0.20612892508506775
0.17957231402397156 0.26666441559791565
0.17935717105865479 0.2081587314605713
0.1791573166847229 0.17966698110103607
0.1790904551744461 0.1891471892595291
0.17802131175994873 0.2345551699399948
0.17799663543701172 0.2071937620639801
0.17771732807159424 0.25399476289749146
0.1775769591331482 0.3433275520801544
0.17640100419521332 0.3124411106109619
0.1763412207365036 0.1859232783317566
0.17609232664108276 0.21328391134738922
0.1752636581659317 0.2646452486515045
0.17496353387832642 0.19660960137844086
0.17482204735279083 0.21856892108917236
0.17408053576946259 0.19635026156902313
0.17373377084732056 0.18009306490421295
0.173459991812706 0.2559798061847687
0.17263950407505035 0.1957518756389618
0.1721753180027008 0.21613895893096924
0.17136500775814056 0.17165328562259674
0.1712339073419571 0.20532985031604767
0.171228289604187 0.25210943818092346
0.17018024623394012 0.2435978651046753
0.16824932396411896 0.22994089126586914
0.16747573018074036 0.1826450377702713
0.1656057983636856 0.18678268790245056
0.16533464193344116 0.20763005316257477
0.1628836840391159 0.17012731730937958
0.16219794750213623 0.16626353561878204
0.15754269063472748 0.22324301302433014
0.15581244230270386 0.16189397871494293
0.1553562730550766 0.1796499341726303
0.1543799340724945 0.17022685706615448
0.15255752205848694 0.23274821043014526
0.1509513407945633 0.17906560003757477
0.150803342461586 0.16481225192546844
0.15044870972633362 0.16045621037483215
0.15001806616783142 0.1532203108072281
0.14677804708480835 0.15858662128448486
0.1415572464466095 0.1642792671918869
0.13895867764949799 0.1418789178133011
0.1335594803094864 0.15082280337810516
0.1219215914607048 0.1321478933095932
0.11174430698156357 0.12402118742465973
0.10185618698596954 0.1161191314458847
