0.4064568877220154 0.4435594081878662
0.3830473721027374 0.3834518790245056
0.3724047839641571 0.3730563819408417
0.3675733804702759 0.4229681193828583
0.3618956506252289 0.38479313254356384
0.3587454557418823 0.4275932312011719
0.3471605181694031 0.3557569086551666
0.3454286754131317 0.349493145942688
0.33933189511299133 0.35767826437950134
0.3382797837257385 0.36745408177375793
0.33815863728523254 0.3479296565055847
0.33168143033981323 0.3337624967098236
0.33146345615386963 0.334961473941803
0.3281656503677368 0.34344482421875
0.32720792293548584 0.33338987827301025
0.3255563974380493 0.3368949890136719
0.32353416085243225 0.33642998337745667
0.3233075439929962 0.3425092101097107
0.3223077058792114 0.33483168482780457
0.3212733268737793 0.3391202390193939
0.3203684389591217 0.3964301645755768
0.31655392050743103 0.3199942708015442
0.3147139549255371 0.36435991525650024
0.313972145318985 0.349012166261673
0.3133838176727295 0.3473258912563324
0.31200817227363586 0.3327576220035553
0.30269068479537964 0.305618554353714
0.3023696541786194 0.31376326084136963
0.30088213086128235 0.314179003238678
0.2985779941082001 0.33564460277557373
0.2974686920642853 0.3293065130710602
0.29663535952568054 0.33070963621139526
0.29597949981689453 0.29675182700157166
0.294391393661499 0.4628235995769501
0.2921935021877289 0.33083415031433105
0.2919869124889374 0.308666467666626
0.29031914472579956 0.3755050003528595
0.2897636592388153 0.31688231229782104
0.2880058288574219 0.28842824697494507
0.2834661900997162 0.2980208396911621
0.28219670057296753 0.3469652533531189
0.2812698781490326 0.31997352838516235
0.28073087334632874 0.3018028736114502
0.2796923518180847 0.31272411346435547
0.27951380610466003 0.3177058696746826
0.2794525921344757 0.3279062807559967
0.2775627374649048 0.3026740550994873
0.27740201354026794 0.33928734064102173
0.27685225009918213 0.3095194697380066
0.27683496475219727 0.35966578125953674
0.2750110328197479 0.29758134484291077
0.2745639979839325 0.298677921295166
0.27112147212028503 0.272806853055954
0.26970604062080383 0.3669317960739136
0.2683233916759491 0.33855271339416504
0.2668679654598236 0.3404284119606018
0.2663191258907318 0.2891828119754791
0.26618844270706177 0.2788693308830261
0.2656190097332001 0.2723962664604187
0.26418113708496094 0.30815550684928894
0.2633030116558075 0.28954577445983887
0.26243162155151367 0.28328365087509155
0.26189884543418884 0.2797500789165497
0.26172733306884766 0.26665544509887695
0.2612413465976715 0.3402267396450043
0.2608591318130493 0.2980208396911621
0.26014354825019836 0.3411634564399719
0.2599067986011505 0.2599897086620331
0.25924748182296753 0.3502713441848755
0.2592066824436188 0.28385987877845764
0.25599434971809387 0.2658788859844208
0.25441884994506836 0.33402442932128906
0.25427916646003723 0.2547358572483063
0.2540747821331024 0.2803642749786377
0.2536719739437103 0.26059356331825256
0.2531437873840332 0.2956034243106842
0.25312063097953796 0.31229183077812195
0.2526412606239319 0.26678431034088135
0.2517780661582947 0.31714504957199097
0.2512911260128021 0.2622125744819641
0.2511303722858429 0.27127915620803833
0.2499583214521408 0.37606722116470337
0.24995554983615875 0.26661935448646545
0.24956783652305603 0.2821561098098755
0.24847394227981567 0.254911869764328
0.2480442225933075 0.2480914294719696
0.2478940337896347 0.286175012588501
0.24767665565013885 0.29403024911880493
0.24761758744716644 0.2733794152736664
0.24708740413188934 0.2588222622871399
0.24674487113952637 0.3424564003944397
0.24660885334014893 0.3096221387386322
0.24657726287841797 0.420034259557724
0.24615688621997833 0.2798503637313843
0.2457214891910553 0.30790236592292786
0.2449735701084137 0.25838473439216614
0.24484644830226898 0.2504606246948242
0.24479718506336212 0.2562059462070465
0.2447538822889328 0.29927149415016174
0.24470661580562592 0.2745741903781891
0.2445528358221054 0.25973087549209595
0.24441683292388916 0.3164896070957184
0.24405421316623688 0.2677100896835327
0.24388642609119415 0.3673955500125885
0.24371449649333954 0.26741960644721985
0.2433546930551529 0.3386528193950653
0.24285180866718292 0.244423508644104
0.24272926151752472 0.2835789620876312
0.2416442334651947 0.2605815827846527
0.24142426252365112 0.27323317527770996
0.24138806760311127 0.27845853567123413
0.24083182215690613 0.34881147742271423
0.23931585252285004 0.30517131090164185
0.23896043002605438 0.3547137379646301
0.23847045004367828 0.2621816396713257
0.23824697732925415 0.24412232637405396
0.23797856271266937 0.2618732452392578
0.23752453923225403 0.30890336632728577
0.237518310546875 0.3038899898529053
0.2366454303264618 0.2385261356830597
0.2360440492630005 0.2891724109649658
0.2345333695411682 0.27079498767852783
0.23421725630760193 0.24791733920574188
0.23375524580478668 0.2344142347574234
0.23375000059604645 0.25110095739364624
0.2337397187948227 0.2652372121810913
0.23304703831672668 0.2542369067668915
0.2329072654247284 0.23498104512691498
0.23201611638069153 0.24574653804302216
0.23158559203147888 0.2915230095386505
0.23104535043239594 0.2516119182109833
0.23059307038784027 0.2617926299571991
0.22935473918914795 0.38851556181907654
0.22927440702915192 0.2726152539253235
0.22922036051750183 0.23413056135177612
0.2290295660495758 0.31276339292526245
0.22841796278953552 0.30644047260284424
0.22825762629508972 0.23172862827777863
0.2282554656267166 0.33137115836143494
0.22817710041999817 0.24973253905773163
0.22785183787345886 0.22981712222099304
0.22719323635101318 0.30344852805137634
0.22714757919311523 0.3270277678966522
0.22708047926425934 0.37346968054771423
0.22693981230258942 0.24994327127933502
0.22688300907611847 0.2762678563594818
0.22667059302330017 0.22890546917915344
0.22656750679016113 0.29974934458732605
0.22595809400081635 0.2825739085674286
0.22548337280750275 0.22821608185768127
0.22517356276512146 0.2330278903245926
0.22452080249786377 0.23531277477741241
0.22418002784252167 0.2337350994348526
0.22370919585227966 0.3717222809791565
0.2235739380121231 0.3761397898197174
0.22303859889507294 0.2714666426181793
0.2227122038602829 0.23385287821292877
0.22237031161785126 0.22648243606090546
0.22186781466007233 0.22479814291000366
0.22177726030349731 0.27817267179489136
0.2210916429758072 0.3477567732334137
0.2210029512643814 0.2297675907611847
0.2210017889738083 0.257414847612381
0.22078201174736023 0.339910626411438
0.22055663168430328 0.24067844450473785
0.22049707174301147 0.2558763921260834
0.22040696442127228 0.2723488211631775
0.2203768938779831 0.3271240293979645
0.22007761895656586 0.2275928407907486
0.21958808600902557 0.2714666426181793
0.21937395632266998 0.34162744879722595
0.2191990464925766 0.25460925698280334
0.21909676492214203 0.26957958936691284
0.21855735778808594 0.259103387594223
0.21823881566524506 0.2692001461982727
0.21815811097621918 0.2555953562259674
0.21754653751850128 0.23710139095783234
0.2174893021583557 0.24668903648853302
0.2174542397260666 0.3197411298751831
0.2174507975578308 0.23026828467845917
0.2173912674188614 0.2843892574310303
0.2169063836336136 0.3195899724960327
0.21670220792293549 0.3153967261314392
0.2166806161403656 0.25468015670776367
0.21659056842327118 0.27610406279563904
0.21645042300224304 0.25444716215133667
0.21640530228614807 0.24436017870903015
0.21626892685890198 0.2828492522239685
0.2156764417886734 0.23433838784694672
0.21539843082427979 0.22850428521633148
0.21517404913902283 0.22449436783790588
0.2148541361093521 0.2689875066280365
0.2147931307554245 0.2697279155254364
0.21384228765964508 0.3320269286632538
0.21368448436260223 0.2830733060836792
0.21354520320892334 0.21951338648796082
0.21353377401828766 0.23360277712345123
0.21349668502807617 0.3558138608932495
0.21329791843891144 0.25715214014053345
0.2132428139448166 0.2735593318939209
0.21311096847057343 0.22935818135738373
0.21273766458034515 0.28230032324790955
0.21251484751701355 0.269662469625473
0.2123287469148636 0.31348755955696106
0.21202024817466736 0.35662591457366943
0.21192000806331635 0.38966426253318787
0.2118377685546875 0.2145981639623642
0.2117282897233963 0.2515132427215576
0.21167099475860596 0.30591580271720886
0.21156252920627594 0.3198188245296478
0.21152238547801971 0.2634209990501404
0.21140551567077637 0.23202012479305267
0.21137508749961853 0.40372520685195923
0.21120131015777588 0.34446218609809875
0.21074533462524414 0.336015522480011
0.20994792878627777 0.25654804706573486
0.20975175499916077 0.23997630178928375
0.20966310799121857 0.24348241090774536
0.20928800106048584 0.29297927021980286
0.20925019681453705 0.2829612195491791
0.20920301973819733 0.348178505897522
0.20919457077980042 0.2891067862510681
0.20887993276119232 0.3512732684612274
0.20881235599517822 0.22458413243293762
0.20869165658950806 0.22036954760551453
0.20821833610534668 0.2500276565551758
0.20806999504566193 0.2284856140613556
0.20772026479244232 0.29388734698295593
0.20764587819576263 0.21924161911010742
0.2074984610080719 0.22587943077087402
0.20748426020145416 0.3095087707042694
0.20673145353794098 0.24877677857875824
0.2065185159444809 0.3216889202594757
0.20620141923427582 0.2283148467540741
0.20588286221027374 0.27937471866607666
0.20583008229732513 0.2905825972557068
0.20560112595558167 0.2141815572977066
0.20548094809055328 0.2218860536813736
0.20535151660442352 0.31871017813682556
0.20526233315467834 0.2284296602010727
0.2047322690486908 0.351500004529953
0.20443272590637207 0.2325601726770401
0.20421753823757172 0.2595595419406891
0.20371605455875397 0.3588719069957733
0.20343409478664398 0.23937064409255981
0.20343181490898132 0.2268676459789276
0.20310120284557343 0.276405930519104
0.20296728610992432 0.20760588347911835
0.20283196866512299 0.21182981133460999
0.20262102782726288 0.2655234634876251
0.20252572000026703 0.2409612089395523
0.202442467212677 0.2144351601600647
0.2023478001356125 0.2904089093208313
0.20190447568893433 0.24478918313980103
0.20189234614372253 0.24335841834545135
0.20161262154579163 0.36617493629455566
0.2014017254114151 0.2815084457397461
0.2013416290283203 0.21633070707321167
0.20105481147766113 0.40132078528404236
0.20082469284534454 0.20509348809719086
0.2007351517677307 0.22243033349514008
0.20019610226154327 0.20041432976722717
0.20014841854572296 0.28273600339889526
0.19987711310386658 0.3748635947704315
0.1998118758201599 0.24863997101783752
0.19944259524345398 0.22723820805549622
0.19928286969661713 0.21763086318969727
0.19922038912773132 0.23880533874034882
0.19918513298034668 0.2201875001192093
0.1989472210407257 0.20632816851139069
0.19871655106544495 0.2250695675611496
0.19858644902706146 0.21676324307918549
0.19854779541492462 0.21575573086738586
0.1979408711194992 0.29243722558021545
0.1975935995578766 0.355170339345932
0.19710931181907654 0.23870499432086945
0.19691123068332672 0.22393888235092163
0.19656085968017578 0.23429462313652039
0.19628126919269562 0.2728736996650696
0.19615955650806427 0.35164815187454224
0.19565372169017792 0.20630042254924774
0.19563159346580505 0.37056711316108704
0.19545766711235046 0.26226693391799927
0.19506169855594635 0.2505296468734741
0.19499678909778595 0.22526486217975616
0.19470582902431488 0.3514603078365326
0.1943347007036209 0.3164929449558258
0.19418057799339294 0.26918917894363403
0.1939159482717514 0.26054707169532776
0.19372870028018951 0.2610827386379242
0.19352604448795319 0.3033958375453949
0.19307877123355865 0.23910227417945862
0.19258949160575867 0.2811504304409027
0.19222986698150635 0.23022575676441193
0.19218699634075165 0.2259826511144638
0.1921200454235077 0.19860124588012695
0.1917402446269989 0.3691633939743042
0.19107981026172638 0.2261851578950882
0.19071391224861145 0.1923692226409912
0.19058357179164886 0.1917436718940735
0.1892942488193512 0.2145981639623642
0.18834355473518372 0.21472309529781342
0.18792112171649933 0.21592511236667633
0.1878562718629837 0.2382042407989502
0.18755502998828888 0.23808105289936066
0.18717540800571442 0.26395657658576965
0.1868342161178589 0.3692050278186798
0.18656858801841736 0.3319278359413147
0.18608111143112183 0.21608233451843262
0.18583856523036957 0.2578103840351105
0.1847861111164093 0.21085408329963684
0.18417128920555115 0.2158443182706833
0.18413686752319336 0.2569493055343628
0.18375122547149658 0.2123531550168991
0.18373548984527588 0.19648361206054688
0.18371820449829102 0.21606718003749847
0.18346631526947021 0.223941832780838
0.18273460865020752 0.18528486788272858
0.18229086697101593 0.19845789670944214
0.18182894587516785 0.2878172695636749
0.18138019740581512 0.19923439621925354
0.18028536438941956 0.32838332653045654
0.18025963008403778 0.3490664064884186
0.17873451113700867 0.19471381604671478
0.17836715281009674 0.3164896070957184
0.1783118098974228 0.3670913577079773
0.17826922237873077 0.3212604224681854
0.1777760088443756 0.21731580793857574
0.17730586230754852 0.22321994602680206
0.1772492527961731 0.27450722455978394
0.17718493938446045 0.2159239947795868
0.1770983189344406 0.185016930103302
0.17666082084178925 0.17904415726661682
0.17626984417438507 0.1806679666042328
0.17603042721748352 0.21272236108779907
0.1751033365726471 0.19004184007644653
0.1741752326488495 0.21796151995658875
0.17412830889225006 0.17752289772033691
0.17347165942192078 0.2790566086769104
0.17282070219516754 0.2604058086872101
0.17244967818260193 0.2104972004890442
0.17230288684368134 0.18394646048545837
0.17178064584732056 0.23118779063224792
0.1702953428030014 0.2341070920228958
0.17020049691200256 0.22875022888183594
0.16951897740364075 0.17287681996822357
0.16917291283607483 0.21899600327014923
0.16846001148223877 0.19874444603919983
0.16785965859889984 0.19931012392044067
0.1676376312971115 0.18903467059135437
0.16688479483127594 0.18747210502624512
0.1667749136686325 0.2574576139450073
0.16504855453968048 0.1872328668832779
0.16189438104629517 0.20345808565616608
0.16118495166301727 0.17663265764713287
0.1599295735359192 0.1607670783996582
0.15966211259365082 0.16889804601669312
0.15924346446990967 0.2676629424095154
0.15871667861938477 0.23700271546840668
0.15317754447460175 0.15502549707889557
0.1477556824684143 0.17611785233020782
0.14656642079353333 0.147760808467865
0.1445671170949936 0.20104213058948517
0.13482001423835754 0.1486189067363739
0.13240821659564972 0.14701083302497864
0.12509827315807343 0.1461799591779709
0.12297765165567398 0.13181009888648987
0.12200099229812622 0.13993346691131592
