0.3960070312023163 0.40466687083244324
0.3811299502849579 0.3954916298389435
0.3715483844280243 0.3929102420806885
0.3640812337398529 0.42318156361579895
0.35796621441841125 0.3649827837944031
0.3535204827785492 0.37069329619407654
0.3527093529701233 0.3541732132434845
0.3450341820716858 0.360036700963974
0.3428054749965668 0.3528456687927246
0.3377799987792969 0.3694286048412323
0.33532559871673584 0.36432889103889465
0.33147239685058594 0.3468308448791504
0.33084195852279663 0.3859052062034607
0.3292156159877777 0.34305137395858765
0.3289969563484192 0.3634464144706726
0.32469913363456726 0.38007819652557373
0.3243054449558258 0.3785533010959625
0.322431743144989 0.3729841411113739
0.320235937833786 0.3234216868877411
0.3200562000274658 0.34732529520988464
0.3182991147041321 0.3184138536453247
0.31778764724731445 0.32922109961509705
0.3133639395236969 0.32377225160598755
0.31323757767677307 0.3229503333568573
0.31174880266189575 0.3178049623966217
0.3108130097389221 0.3160046637058258
0.30799776315689087 0.3168560862541199
0.3076689839363098 0.3295758366584778
0.3046756982803345 0.34916993975639343
0.3044145703315735 0.3107137978076935
0.30412185192108154 0.38651561737060547
0.2999494671821594 0.3121684491634369
0.29975640773773193 0.364753395318985
0.2981944680213928 0.3040705621242523
0.29699015617370605 0.3238331079483032
0.29687967896461487 0.3134789764881134
0.2964903712272644 0.2985200583934784
0.29633989930152893 0.3126640021800995
0.2961762845516205 0.46025344729423523
0.2955959141254425 0.30446135997772217
0.2953855097293854 0.30602318048477173
0.29236000776290894 0.297093003988266
0.2910464406013489 0.32305005192756653
0.2905453145503998 0.2955944240093231
0.290169358253479 0.44768470525741577
0.28936341404914856 0.3285073935985565
0.2890353500843048 0.3378552496433258
0.288504958152771 0.2931344509124756
0.28538376092910767 0.31266310811042786
0.28440868854522705 0.2892221212387085
0.2843537926673889 0.2958028316497803
0.28413763642311096 0.28521737456321716
0.2836436927318573 0.2842017412185669
0.2835439443588257 0.32516974210739136
0.28011980652809143 0.28858682513237
0.2799220085144043 0.28854814171791077
0.2798597812652588 0.2960061728954315
0.27926260232925415 0.2871946692466736
0.2790468633174896 0.309698224067688
0.2778356969356537 0.3003694415092468
0.27737903594970703 0.30920499563217163
0.2755610942840576 0.2850227653980255
0.2734922766685486 0.29491478204727173
0.2727077901363373 0.288080632686615
0.27034902572631836 0.2762961685657501
0.2685171961784363 0.3337976634502411
0.26843082904815674 0.39136186242103577
0.26790890097618103 0.39670330286026
0.2672014534473419 0.3022579848766327
0.2664873003959656 0.28344929218292236
0.2663238048553467 0.2813377380371094
0.2662332355976105 0.2853017747402191
0.2654877007007599 0.2699812054634094
0.26446112990379333 0.2962534725666046
0.26445654034614563 0.3148314952850342
0.2641192376613617 0.349513977766037
0.26409125328063965 0.28712746500968933
0.26297852396965027 0.39067113399505615
0.2629096210002899 0.27419036626815796
0.26282158493995667 0.3063473403453827
0.2620666027069092 0.30139073729515076
0.26199549436569214 0.34040960669517517
0.2617412209510803 0.31770628690719604
0.26106786727905273 0.26641911268234253
0.2605900764465332 0.28612443804740906
0.25970372557640076 0.2635999619960785
0.2590144872665405 0.2807387709617615
0.2578830122947693 0.275459885597229
0.2578463554382324 0.3287125825881958
0.2578195631504059 0.3254098892211914
0.2577117383480072 0.2613776624202728
0.25759071111679077 0.32419919967651367
0.2575162649154663 0.26061108708381653
0.2573555111885071 0.3058376610279083
0.25698426365852356 0.2628233730792999
0.2567908465862274 0.2849870026111603
0.25636985898017883 0.26061856746673584
0.2552797496318817 0.36659061908721924
0.25433266162872314 0.3047392666339874
0.2543078660964966 0.2956923544406891
0.25395894050598145 0.26024967432022095
0.25345665216445923 0.2660473585128784
0.2510494589805603 0.27259561419487
0.2507258355617523 0.29804727435112
0.24982880055904388 0.3191666901111603
0.24982750415802002 0.3705642521381378
0.2495703548192978 0.3038751184940338
0.2494192272424698 0.3193625807762146
0.2488701045513153 0.2909674048423767
0.24829266965389252 0.28768765926361084
0.24789310991764069 0.27080318331718445
0.24752098321914673 0.2636093199253082
0.24720962345600128 0.34959080815315247
0.24702595174312592 0.393012672662735
0.24664799869060516 0.2798130214214325
0.24600835144519806 0.3261110186576843
0.24489425122737885 0.3045019805431366
0.24451133608818054 0.25259631872177124
0.24370189011096954 0.2497805953025818
0.24341338872909546 0.2926447093486786
0.2427213490009308 0.3188988268375397
0.24214936792850494 0.24271805584430695
0.2420533150434494 0.2449236363172531
0.2415744811296463 0.2812461853027344
0.24105186760425568 0.2644151449203491
0.24098630249500275 0.27178531885147095
0.23910176753997803 0.2563874423503876
0.2386409044265747 0.2574556767940521
0.2385980635881424 0.30814114212989807
0.23677946627140045 0.23905186355113983
0.23606537282466888 0.28542560338974
0.23602187633514404 0.34951117634773254
0.23596227169036865 0.35589003562927246
0.23551736772060394 0.29785677790641785
0.2350492626428604 0.28951990604400635
0.23470057547092438 0.2607762813568115
0.23410971462726593 0.26975828409194946
0.23409979045391083 0.24782013893127441
0.2333594113588333 0.27532824873924255
0.23281629383563995 0.33020755648612976
0.2326115369796753 0.284469872713089
0.23255352675914764 0.2863730490207672
0.2324480563402176 0.30560311675071716
0.23240244388580322 0.24464258551597595
0.23207621276378632 0.2969057857990265
0.2320256382226944 0.2410704791545868
0.23202353715896606 0.2700774073600769
0.2319616675376892 0.23705975711345673
0.23100906610488892 0.3340219259262085
0.2307816594839096 0.2787688374519348
0.2307082712650299 0.2519609034061432
0.2303934395313263 0.26481208205223083
0.230228990316391 0.259507417678833
0.2300855815410614 0.23970535397529602
0.2297276109457016 0.25760436058044434
0.22948017716407776 0.23069244623184204
0.22915345430374146 0.2596667408943176
0.22816970944404602 0.23239950835704803
0.22806298732757568 0.32092517614364624
0.22742663323879242 0.27200591564178467
0.22700302302837372 0.2713688611984253
0.2267184555530548 0.2629079222679138
0.22647422552108765 0.2397593855857849
0.22628207504749298 0.2919329106807709
0.22610589861869812 0.280386358499527
0.2259318083524704 0.22903773188591003
0.22586661577224731 0.26142919063568115
0.225605309009552 0.3379971981048584
0.2244621068239212 0.3318283259868622
0.2243773192167282 0.2656112313270569
0.2240748256444931 0.28346750140190125
0.22366757690906525 0.24934791028499603
0.22292658686637878 0.30317026376724243
0.22247205674648285 0.2650527358055115
0.22246703505516052 0.24264855682849884
0.22219064831733704 0.24678674340248108
0.2221696972846985 0.25281381607055664
0.22152115404605865 0.2388313114643097
0.22082750499248505 0.24743971228599548
0.22075751423835754 0.22410255670547485
0.22038885951042175 0.25305500626564026
0.22036802768707275 0.22212350368499756
0.22030521929264069 0.25175848603248596
0.22019067406654358 0.22912275791168213
0.22003673017024994 0.25042206048965454
0.21971942484378815 0.2579871416091919
0.21952901780605316 0.25990140438079834
0.219002366065979 0.2786047160625458
0.21872353553771973 0.23270811140537262
0.21794968843460083 0.2735559940338135
0.21676266193389893 0.2485651969909668
0.21637053787708282 0.31038641929626465
0.2162022590637207 0.23949812352657318
0.21583569049835205 0.282365083694458
0.21552228927612305 0.3728821575641632
0.21529288589954376 0.24103060364723206
0.21525467932224274 0.2723925709724426
0.21489614248275757 0.3176124095916748
0.2147352695465088 0.2279309332370758
0.21423234045505524 0.23063017427921295
0.21416614949703217 0.2316717952489853
0.21364569664001465 0.2435859590768814
0.21358153223991394 0.234811931848526
0.2131890505552292 0.30652379989624023
0.21282239258289337 0.27126240730285645
0.21281835436820984 0.23516035079956055
0.2122262567281723 0.2318732738494873
0.2122219055891037 0.22952353954315186
0.21216286718845367 0.2541466951370239
0.21214933693408966 0.33915454149246216
0.21199585497379303 0.2385140210390091
0.21190454065799713 0.34906646609306335
0.21170707046985626 0.2221677005290985
0.21163778007030487 0.27611279487609863
0.21135932207107544 0.24025480449199677
0.21130293607711792 0.21963094174861908
0.21128922700881958 0.23611807823181152
0.2110375165939331 0.23088259994983673
0.21103645861148834 0.2696761190891266
0.21050691604614258 0.21129988133907318
0.21043333411216736 0.21121136844158173
0.2103758454322815 0.23715372383594513
0.21027417480945587 0.25148531794548035
0.2101874202489853 0.30934983491897583
0.20995010435581207 0.369583398103714
0.20942097902297974 0.2325139194726944
0.20924845337867737 0.32742932438850403
0.20901644229888916 0.25869718194007874
0.20891797542572021 0.22607137262821198
0.20884479582309723 0.21161717176437378
0.20868930220603943 0.3865026831626892
0.20868515968322754 0.2170562595129013
0.20868219435214996 0.26650717854499817
0.2085583657026291 0.2248755544424057
0.20826514065265656 0.2096250355243683
0.20822012424468994 0.3225371241569519
0.20767350494861603 0.3513201177120209
0.20710676908493042 0.21878093481063843
0.20674753189086914 0.305436909198761
0.2066604644060135 0.23350036144256592
0.2066485732793808 0.3506629765033722
0.20620431005954742 0.2248096764087677
0.20572276413440704 0.37144437432289124
0.20545931160449982 0.25337764620780945
0.2053777426481247 0.23987798392772675
0.20513293147087097 0.24188776314258575
0.2049001157283783 0.21724863350391388
0.20412011444568634 0.28167906403541565
0.20411936938762665 0.2700244188308716
0.2040313184261322 0.276496946811676
0.20402038097381592 0.31496602296829224
0.20373427867889404 0.2291983813047409
0.20368526875972748 0.30539143085479736
0.20368388295173645 0.3782196342945099
0.2033414989709854 0.2185973823070526
0.2030034363269806 0.2568516433238983
0.20296832919120789 0.22488664090633392
0.20286297798156738 0.22911177575588226
0.20234014093875885 0.2743419110774994
0.20222169160842896 0.21958525478839874
0.20217537879943848 0.2045077532529831
0.20204877853393555 0.23737278580665588
0.2020437866449356 0.281852662563324
0.2018159180879593 0.36467233300209045
0.2016945779323578 0.3382006287574768
0.20149613916873932 0.2362421154975891
0.20136187970638275 0.39897435903549194
0.20127195119857788 0.2551894783973694
0.20124086737632751 0.2627178728580475
0.20113174617290497 0.20121745765209198
0.20110028982162476 0.20855727791786194
0.20104719698429108 0.35582777857780457
0.20099449157714844 0.20688578486442566
0.20076842606067657 0.2549003064632416
0.20030827820301056 0.3209450840950012
0.20015405118465424 0.22193753719329834
0.20005834102630615 0.20121745765209198
0.19999298453330994 0.20026376843452454
0.19951817393302917 0.3107174038887024
0.1990078091621399 0.20479951798915863
0.19878365099430084 0.22488752007484436
0.19872091710567474 0.34431082010269165
0.19832876324653625 0.348979115486145
0.19819313287734985 0.2498505562543869
0.1979452222585678 0.22413109242916107
0.1969292014837265 0.3253239095211029
0.1967499852180481 0.22790665924549103
0.1966496706008911 0.2358929067850113
0.19654442369937897 0.2588021457195282
0.19641204178333282 0.25718289613723755
0.19636839628219604 0.2245013564825058
0.19630677998065948 0.3565968871116638
0.19589892029762268 0.22200065851211548
0.1957547515630722 0.19668954610824585
0.19497531652450562 0.22441676259040833
0.19489893317222595 0.21560510993003845
0.19428706169128418 0.2384130209684372
0.19406305253505707 0.19983752071857452
0.1938331574201584 0.2945912778377533
0.19382768869400024 0.19625452160835266
0.1936270147562027 0.20435510575771332
0.19313789904117584 0.28098469972610474
0.19292381405830383 0.32441970705986023
0.19290123879909515 0.19952180981636047
0.19286790490150452 0.2721766531467438
0.192814439535141 0.3948685824871063
0.19246408343315125 0.19388197362422943
0.1917162537574768 0.21476499736309052
0.19160380959510803 0.33591198921203613
0.19156481325626373 0.1975608915090561
0.19108453392982483 0.3466276526451111
0.19073735177516937 0.23239119350910187
0.19061122834682465 0.3661336600780487
0.19042110443115234 0.2600347101688385
0.19030635058879852 0.3865419030189514
0.19023185968399048 0.24327202141284943
0.19022653996944427 0.22332371771335602
0.19003033638000488 0.2282668948173523
0.18957599997520447 0.22963544726371765
0.18932749330997467 0.21180300414562225
0.18880730867385864 0.23655274510383606
0.18829460442066193 0.29536741971969604
0.18824562430381775 0.23159365355968475
0.18772675096988678 0.2100609540939331
0.1869644671678543 0.18916055560112
0.18668045103549957 0.23003973066806793
0.18611104786396027 0.2735491693019867
0.1856171190738678 0.23067457973957062
0.18534496426582336 0.22710159420967102
0.18526002764701843 0.34487271308898926
0.18515555560588837 0.2842060625553131
0.1851486712694168 0.2877538502216339
0.1851312816143036 0.3369619846343994
0.18462876975536346 0.24289408326148987
0.18455621600151062 0.23077332973480225
0.18437151610851288 0.1890469193458557
0.1841907948255539 0.2158231884241104
0.18409152328968048 0.3150530159473419
0.1839156150817871 0.19032147526741028
0.1839006245136261 0.3415137529373169
0.18354126811027527 0.21823005378246307
0.18316039443016052 0.1971898376941681
0.18309414386749268 0.22388501465320587
0.1826290339231491 0.3182271122932434
0.1818714141845703 0.1824273318052292
0.18159496784210205 0.22348304092884064
0.18127065896987915 0.20754806697368622
0.18071500957012177 0.36110684275627136
0.18065980076789856 0.20874613523483276
0.17952030897140503 0.28414103388786316
0.17909348011016846 0.1905473917722702
0.17834627628326416 0.26470711827278137
0.17817425727844238 0.23048198223114014
0.17790475487709045 0.20665915310382843
0.177866131067276 0.19413834810256958
0.17746970057487488 0.23761636018753052
0.17726226150989532 0.2846570312976837
0.1768132746219635 0.33083730936050415
0.17672502994537354 0.20771926641464233
0.17665019631385803 0.19036272168159485
0.17655016481876373 0.2690197825431824
0.17580212652683258 0.2622970938682556
0.17563872039318085 0.1958499699831009
0.17544221878051758 0.34635481238365173
0.17509214580059052 0.22290439903736115
0.17482544481754303 0.17653794586658478
0.17475242912769318 0.19463002681732178
0.1734999269247055 0.2615360617637634
0.17325250804424286 0.2307828813791275
0.17210599780082703 0.19806402921676636
0.17202596366405487 0.18010663986206055
0.17196348309516907 0.2327456921339035
0.17104673385620117 0.26871103048324585
0.17074738442897797 0.17620377242565155
0.17011070251464844 0.20435510575771332
0.1700938642024994 0.1722717136144638
0.1696401834487915 0.25066056847572327
0.1683163195848465 0.23115499317646027
0.16741934418678284 0.23570744693279266
0.1671554148197174 0.27590182423591614
0.1664821356534958 0.23637807369232178
0.1659107506275177 0.32409340143203735
0.16516190767288208 0.23937971889972687
0.1637178212404251 0.2201576977968216
0.16357636451721191 0.2427707314491272
0.16328617930412292 0.1660778522491455
0.16226960718631744 0.17591258883476257
0.16215164959430695 0.18692445755004883
0.1617271900177002 0.17653493583202362
0.15942183136940002 0.16153989732265472
0.15781141817569733 0.1629258245229721
0.15683935582637787 0.20082014799118042
0.15626691281795502 0.19070082902908325
0.1525297611951828 0.22601506114006042
0.1509486883878708 0.15366600453853607
0.14955678582191467 0.15877920389175415
0.1465671956539154 0.14919640123844147
0.14513880014419556 0.21507057547569275
0.14319515228271484 0.19322113692760468
0.14089328050613403 0.14350464940071106
0.12798990309238434 0.15486688911914825
0.10709966719150543 0.12006434798240662
