0.43883103132247925 0.4864632189273834
0.43378153443336487 0.465308278799057
0.40472930669784546 0.45953476428985596
0.4038649797439575 0.46231651306152344
0.3947749137878418 0.4066550135612488
0.388376921415329 0.40435537695884705
0.38020870089530945 0.38391199707984924
0.3746161460876465 0.38634878396987915
0.35549020767211914 0.3856596350669861
0.3507533669471741 0.4346456825733185
0.33749133348464966 0.35879966616630554
0.3356960415840149 0.347531795501709
0.3313538730144501 0.3728148341178894
0.32983145117759705 0.34181633591651917
0.3281804621219635 0.35239818692207336
0.3254742920398712 0.40733009576797485
0.32473286986351013 0.33803457021713257
0.3236123323440552 0.38751116394996643
0.32247108221054077 0.33175742626190186
0.3218673765659332 0.3452448844909668
0.3191964626312256 0.39405351877212524
0.31895703077316284 0.32309168577194214
0.31829702854156494 0.31974291801452637
0.3173568546772003 0.32764706015586853
0.3162963092327118 0.3624585270881653
0.312648743391037 0.3206669092178345
0.31059935688972473 0.3140619397163391
0.30849209427833557 0.41724109649658203
0.3082958161830902 0.31262511014938354
0.3070148825645447 0.3122369945049286
0.3068811595439911 0.3774358034133911
0.30485638976097107 0.3532226085662842
0.3037421405315399 0.3469093441963196
0.30256035923957825 0.31226715445518494
0.3014664947986603 0.31510818004608154
0.29769888520240784 0.3250758647918701
0.296602338552475 0.31628304719924927
0.29659050703048706 0.3245633840560913
0.2943422496318817 0.33738192915916443
0.2938280999660492 0.299956738948822
0.2938169538974762 0.29414552450180054
0.29342466592788696 0.29845523834228516
0.29209306836128235 0.29359331727027893
0.29166531562805176 0.3612768054008484
0.28958022594451904 0.31028929352760315
0.28694432973861694 0.3309239447116852
0.2865836024284363 0.31020626425743103
0.28590887784957886 0.29958993196487427
0.28587621450424194 0.3410785496234894
0.28586897253990173 0.2859432101249695
0.2856777012348175 0.32339781522750854
0.28563541173934937 0.32203415036201477
0.2838324010372162 0.2933466136455536
0.28293633460998535 0.34294837713241577
0.28283780813217163 0.28697022795677185
0.28262245655059814 0.29105454683303833
0.2821796238422394 0.28666481375694275
0.2819196879863739 0.36461499333381653
0.2810940742492676 0.2967679500579834
0.27892494201660156 0.3537481725215912
0.27819573879241943 0.29238590598106384
0.2768777906894684 0.2983521819114685
0.27517783641815186 0.2848007380962372
0.2746036648750305 0.320880264043808
0.2740142047405243 0.3488623797893524
0.27339547872543335 0.3955751359462738
0.27236804366111755 0.2731468677520752
0.271589457988739 0.3065929114818573
0.27146321535110474 0.30806952714920044
0.2710142135620117 0.29092925786972046
0.26914167404174805 0.33388084173202515
0.26729539036750793 0.27034369111061096
0.26723477244377136 0.31484439969062805
0.26673629879951477 0.32209986448287964
0.26480770111083984 0.2913346290588379
0.2645287811756134 0.28634026646614075
0.26427924633026123 0.28234270215034485
0.26359081268310547 0.37430861592292786
0.26305049657821655 0.26537346839904785
0.2624695599079132 0.2646462917327881
0.2623283863067627 0.3584504723548889
0.26227790117263794 0.355862557888031
0.2619251012802124 0.3088797628879547
0.2617264688014984 0.36181584000587463
0.26031923294067383 0.2818852961063385
0.2600489854812622 0.29579100012779236
0.25994762778282166 0.28378826379776
0.25990739464759827 0.2727949619293213
0.2598172426223755 0.30269381403923035
0.2590090334415436 0.3044251799583435
0.25894293189048767 0.3110979199409485
0.2588156759738922 0.29996612668037415
0.2586534023284912 0.2992786467075348
0.2583637535572052 0.3077521026134491
0.25834378600120544 0.25917157530784607
0.2576955258846283 0.26834723353385925
0.25760114192962646 0.29968124628067017
0.25737616419792175 0.29169073700904846
0.25686824321746826 0.2714318037033081
0.25611740350723267 0.2800725996494293
0.25597670674324036 0.28803056478500366
0.2559698820114136 0.26473554968833923
0.2558644115924835 0.276273638010025
0.255461186170578 0.2583240866661072
0.2544717490673065 0.27905747294425964
0.25402554869651794 0.2774883508682251
0.2532467842102051 0.2600863575935364
0.2531224191188812 0.32250937819480896
0.2523951530456543 0.3098810017108917
0.25206437706947327 0.26233580708503723
0.25086987018585205 0.25857746601104736
0.2508355379104614 0.2614510953426361
0.25002217292785645 0.26472872495651245
0.24998362362384796 0.2530175745487213
0.249952495098114 0.28199413418769836
0.24969564378261566 0.2576357424259186
0.24961090087890625 0.31059518456459045
0.2486230581998825 0.268310010433197
0.24856775999069214 0.2979150414466858
0.24844598770141602 0.2529657185077667
0.24823342263698578 0.35626551508903503
0.24803930521011353 0.25282996892929077
0.24797949194908142 0.2539781630039215
0.24794894456863403 0.3346361219882965
0.2478991597890854 0.2739269435405731
0.2471846044063568 0.2502836585044861
0.24685227870941162 0.2659948468208313
0.2467968612909317 0.37756970524787903
0.24617145955562592 0.3376791477203369
0.2461523413658142 0.30157724022865295
0.24607469141483307 0.30284929275512695
0.24591116607189178 0.33422330021858215
0.2457258403301239 0.3230389952659607
0.24512475728988647 0.28035837411880493
0.2446945607662201 0.2661755681037903
0.2444189488887787 0.25180914998054504
0.2443595975637436 0.2996228039264679
0.24402768909931183 0.29927366971969604
0.24386103451251984 0.2579478621482849
0.24382716417312622 0.2537887990474701
0.24348478019237518 0.25027942657470703
0.243327334523201 0.2636609375476837
0.24296973645687103 0.32933077216148376
0.2421758621931076 0.27340391278266907
0.24157971143722534 0.24775822460651398
0.2409697324037552 0.31433939933776855
0.23942440748214722 0.29685452580451965
0.2393505722284317 0.3332718312740326
0.2389429360628128 0.34773632884025574
0.23885919153690338 0.24304348230361938
0.2383517175912857 0.27676987648010254
0.2383488267660141 0.2535151243209839
0.238264799118042 0.31304675340652466
0.23821985721588135 0.36639404296875
0.23769210278987885 0.23977264761924744
0.2376430332660675 0.24776287376880646
0.23669664561748505 0.2517986297607422
0.23646776378154755 0.3069930076599121
0.23637977242469788 0.2385025918483734
0.2362276315689087 0.30920591950416565
0.23593994975090027 0.2941305935382843
0.23517419397830963 0.2827831506729126
0.2350689172744751 0.245244562625885
0.23483043909072876 0.2452259361743927
0.23454251885414124 0.39864546060562134
0.23381443321704865 0.25931403040885925
0.23299150168895721 0.2378762811422348
0.23238766193389893 0.26018983125686646
0.23226776719093323 0.36149370670318604
0.23218052089214325 0.2561931312084198
0.23205286264419556 0.2503319978713989
0.23170806467533112 0.2880733013153076
0.23127205669879913 0.24770483374595642
0.23123085498809814 0.2508927285671234
0.23120681941509247 0.28291016817092896
0.2309354692697525 0.24078229069709778
0.2309093177318573 0.26877814531326294
0.2308167666196823 0.31537070870399475
0.2305174320936203 0.2354165017604828
0.2300126552581787 0.25027942657470703
0.22951218485832214 0.2331123948097229
0.2292035073041916 0.2878498435020447
0.22917453944683075 0.24117760360240936
0.2290581315755844 0.24575142562389374
0.228529691696167 0.38600435853004456
0.22844639420509338 0.2434004247188568
0.2283654808998108 0.2327321469783783
0.22831207513809204 0.29367125034332275
0.22784572839736938 0.2534485459327698
0.2273893654346466 0.2777639329433441
0.22701327502727509 0.31778085231781006
0.22695013880729675 0.2651166319847107
0.22689194977283478 0.35566040873527527
0.22684067487716675 0.23821474611759186
0.2267695963382721 0.3141677975654602
0.22672288119792938 0.3272625505924225
0.22665245831012726 0.2676082253456116
0.22619356215000153 0.25337663292884827
0.22595538198947906 0.2593638598918915
0.22566014528274536 0.32001563906669617
0.22497032582759857 0.23385129868984222
0.2248036116361618 0.23316971957683563
0.22476691007614136 0.26540958881378174
0.2246023714542389 0.24900862574577332
0.22417381405830383 0.23527927696704865
0.2241557538509369 0.26423439383506775
0.22327455878257751 0.3048751652240753
0.22304998338222504 0.22393888235092163
0.22292177379131317 0.28447145223617554
0.22260978817939758 0.2434004247188568
0.22256162762641907 0.3202880918979645
0.22205667197704315 0.23408304154872894
0.22202180325984955 0.2566778063774109
0.2216569036245346 0.2844092547893524
0.22132599353790283 0.2683100700378418
0.22131355106830597 0.2238047868013382
0.2213054895401001 0.2526606321334839
0.22125208377838135 0.23091523349285126
0.2206285297870636 0.2257891446352005
0.22062310576438904 0.23416443169116974
0.22037985920906067 0.24804258346557617
0.22018803656101227 0.2670877277851105
0.21982041001319885 0.26442012190818787
0.21979451179504395 0.26080837845802307
0.2197088748216629 0.34823065996170044
0.21970848739147186 0.29016292095184326
0.2194690704345703 0.2912137508392334
0.21867616474628448 0.3782739043235779
0.21867017447948456 0.35093939304351807
0.2185804843902588 0.2755948603153229
0.21844074130058289 0.41391146183013916
0.21843929588794708 0.3404582440853119
0.2184288501739502 0.22657510638237
0.2179601937532425 0.2544560730457306
0.21787258982658386 0.39056792855262756
0.21772682666778564 0.2678910791873932
0.21730493009090424 0.23700900375843048
0.21690382063388824 0.32984623312950134
0.21689286828041077 0.23228301107883453
0.2166203111410141 0.32571887969970703
0.21657593548297882 0.23956476151943207
0.21602286398410797 0.37976139783859253
0.2157973349094391 0.22365039587020874
0.21577461063861847 0.2745327055454254
0.21576154232025146 0.2930504083633423
0.2155701220035553 0.25855618715286255
0.2151452600955963 0.2925199866294861
0.2149747908115387 0.27440425753593445
0.2144196629524231 0.22222408652305603
0.21419768035411835 0.27288398146629333
0.21416793763637543 0.3976942300796509
0.21410903334617615 0.2683500349521637
0.21357674896717072 0.2393697053194046
0.21339499950408936 0.23321716487407684
0.21328003704547882 0.331787109375
0.21310573816299438 0.2321418821811676
0.2129652202129364 0.235017791390419
0.21274897456169128 0.2701384127140045
0.21264253556728363 0.2381274253129959
0.21253596246242523 0.26478949189186096
0.21172964572906494 0.31587421894073486
0.21164937317371368 0.3656136393547058
0.21137303113937378 0.26222649216651917
0.21040871739387512 0.3965368866920471
0.21039243042469025 0.33482545614242554
0.2099480926990509 0.3324657678604126
0.20982685685157776 0.333487868309021
0.20935529470443726 0.23385249078273773
0.20934267342090607 0.23510518670082092
0.2091275453567505 0.2412944883108139
0.20900669693946838 0.2235170155763626
0.20895901322364807 0.2630420923233032
0.20883260667324066 0.28225237131118774
0.20835541188716888 0.26428571343421936
0.20832747220993042 0.223302960395813
0.2078668475151062 0.26211127638816833
0.206629678606987 0.22870628535747528
0.2061244547367096 0.3238544762134552
0.205949604511261 0.23119521141052246
0.20558016002178192 0.27700933814048767
0.20547233521938324 0.207962766289711
0.20505961775779724 0.2534647583961487
0.20489051938056946 0.25429728627204895
0.2048177272081375 0.34728607535362244
0.20422866940498352 0.32049643993377686
0.20400387048721313 0.21045584976673126
0.2039773315191269 0.32476291060447693
0.20377373695373535 0.2078312635421753
0.20353156328201294 0.21813568472862244
0.20336686074733734 0.34595564007759094
0.2031695693731308 0.3309919834136963
0.2029871642589569 0.2514954209327698
0.2028990536928177 0.388827919960022
0.20257587730884552 0.3758493959903717
0.2025553286075592 0.38257524371147156
0.2021118849515915 0.22257031500339508
0.2020987570285797 0.23696541786193848
0.20168882608413696 0.3405083417892456
0.20147350430488586 0.20399168133735657
0.20103436708450317 0.2100972980260849
0.20086386799812317 0.39746400713920593
0.20023086667060852 0.2671068608760834
0.20023009181022644 0.2605777978897095
0.1999828964471817 0.20105896890163422
0.19996652007102966 0.20978738367557526
0.19954591989517212 0.2509709298610687
0.19937202334403992 0.2191081941127777
0.19923818111419678 0.35995644330978394
0.19907674193382263 0.256580650806427
0.1990531086921692 0.30684852600097656
0.19885039329528809 0.3123854994773865
0.19853460788726807 0.2048499882221222
0.19851745665073395 0.2028956562280655
0.19809353351593018 0.22744052112102509
0.19744455814361572 0.21464844048023224
0.19681136310100555 0.298029363155365
0.19629676640033722 0.19959984719753265
0.19566300511360168 0.30215024948120117
0.19563791155815125 0.22532504796981812
0.19507576525211334 0.22369234263896942
0.19490206241607666 0.21804878115653992
0.19436828792095184 0.2853552997112274
0.19235500693321228 0.3062899708747864
0.19190551340579987 0.3471658229827881
0.19179986417293549 0.22390495240688324
0.1914719045162201 0.19719845056533813
0.19039539992809296 0.2168206423521042
0.18979313969612122 0.22362861037254333
0.1896425038576126 0.20465894043445587
0.18924111127853394 0.23650361597537994
0.1891993284225464 0.207145556807518
0.18886861205101013 0.2851038873195648
0.18877258896827698 0.1936168521642685
0.18862681090831757 0.20808792114257812
0.18818965554237366 0.21193602681159973
0.18762554228305817 0.2284715622663498
0.18736422061920166 0.19843360781669617
0.18730133771896362 0.21146246790885925
0.18708989024162292 0.2211436927318573
0.1857929527759552 0.22455312311649323
0.1855042427778244 0.2011585235595703
0.18503150343894958 0.24151034653186798
0.18502502143383026 0.21801623702049255
0.18479767441749573 0.3571377396583557
0.18447838723659515 0.23787444829940796
0.18372184038162231 0.23117804527282715
0.18341146409511566 0.2115527093410492
0.18322138488292694 0.27855002880096436
0.1830858290195465 0.20593728125095367
0.18238545954227448 0.22374217212200165
0.1823490560054779 0.19963112473487854
0.18226295709609985 0.19408652186393738
0.18062680959701538 0.20760203897953033
0.17972907423973083 0.2210928350687027
0.17948880791664124 0.23395748436450958
0.1793029010295868 0.1857941895723343
0.17876118421554565 0.216496080160141
0.1780492663383484 0.21799658238887787
0.1775217354297638 0.2310923933982849
0.1773727387189865 0.1797044575214386
0.17703980207443237 0.20440953969955444
0.17622581124305725 0.19610168039798737
0.17586003243923187 0.18478310108184814
0.17531491816043854 0.1915455460548401
0.17512750625610352 0.18431228399276733
0.17487865686416626 0.19258692860603333
0.17470122873783112 0.2852984666824341
0.17459143698215485 0.21031898260116577
0.1738874614238739 0.209628626704216
0.1727406531572342 0.20984379947185516
0.1720862239599228 0.1924489289522171
0.17020051181316376 0.19739778339862823
0.16720989346504211 0.21834392845630646
0.16580377519130707 0.20125027000904083
0.16430354118347168 0.23073646426200867
0.1640860140323639 0.1651882827281952
0.16388282179832458 0.22309675812721252
0.163516566157341 0.18023590743541718
0.1618841290473938 0.3525981307029724
0.16049788892269135 0.16969767212867737
0.16014160215854645 0.1780305802822113
0.15807734429836273 0.3231726884841919
0.156877338886261 0.18377231061458588
0.15685296058654785 0.1627245992422104
0.15667599439620972 0.19679532945156097
0.15596933662891388 0.16112689673900604
0.15359483659267426 0.1538560688495636
0.14992743730545044 0.16626381874084473
0.14943748712539673 0.18569795787334442
0.14720933139324188 0.15569160878658295
0.1431591510772705 0.15111927688121796
0.1374676674604416 0.1459888219833374
0.1277511864900589 0.1419566571712494
0.12075544148683548 0.12815122306346893
0.1007576510310173 0.10887493193149567
