0.44602128863334656 0.4476202726364136
0.43463632464408875 0.4464275538921356
0.4305063486099243 0.44719696044921875
0.4277716279029846 0.45553600788116455
0.4266616702079773 0.45403948426246643
0.4214441180229187 0.4340396225452423
0.4131070077419281 0.44518959522247314
0.4056779742240906 0.44005414843559265
0.4019952416419983 0.44020161032676697
0.39430224895477295 0.44494542479515076
0.39184755086898804 0.3931502401828766
0.38914087414741516 0.44005414843559265
0.3883676528930664 0.43783026933670044
0.38655900955200195 0.44268468022346497
0.3841281831264496 0.4399016499519348
0.3771185874938965 0.43963778018951416
0.37556102871894836 0.4107425808906555
0.3646642863750458 0.4339248836040497
0.3592306673526764 0.44260290265083313
0.3530189096927643 0.42702174186706543
0.3433918058872223 0.3704548478126526
0.3317403197288513 0.42933371663093567
0.3307376205921173 0.3877078890800476
0.32866019010543823 0.4390624463558197
0.3282487392425537 0.3318282663822174
0.3275308907032013 0.32911914587020874
0.32698917388916016 0.32761508226394653
0.3260970115661621 0.45107579231262207
0.3247711658477783 0.32743093371391296
0.32368040084838867 0.3261268436908722
0.32359397411346436 0.43992775678634644
0.323560506105423 0.44023916125297546
0.3231002390384674 0.4413537085056305
0.32189369201660156 0.3354557156562805
0.3214823603630066 0.3246937692165375
0.31697794795036316 0.33589595556259155
0.31518930196762085 0.3223412334918976
0.3127304017543793 0.4331170916557312
0.3124054968357086 0.4410873353481293
0.30778101086616516 0.3493380844593048
0.3046725392341614 0.33069634437561035
0.3036544919013977 0.4053408205509186
0.30105435848236084 0.3045186698436737
0.2968193292617798 0.33210039138793945
0.2960616946220398 0.43178075551986694
0.2951366603374481 0.426080584526062
0.2940122187137604 0.33190983533859253
0.29320117831230164 0.3045879006385803
0.2921621799468994 0.29261764883995056
0.2919519543647766 0.30143705010414124
0.2904615104198456 0.3096015453338623
0.2901194393634796 0.3838769197463989
0.2897680997848511 0.29647403955459595
0.28613707423210144 0.30032384395599365
0.2852203845977783 0.2880360186100006
0.2817527651786804 0.2945871353149414
0.28046557307243347 0.4315868616104126
0.277330607175827 0.2853574752807617
0.2771967947483063 0.29137855768203735
0.2765457034111023 0.3305513560771942
0.2756316363811493 0.27630650997161865
0.27471840381622314 0.34398192167282104
0.2740541398525238 0.2988259494304657
0.2737504541873932 0.3930774927139282
0.27305006980895996 0.43201392889022827
0.2728278338909149 0.2846026122570038
0.2725761830806732 0.2729712128639221
0.27230945229530334 0.3866637051105499
0.2720622718334198 0.28183358907699585
0.270883172750473 0.29504653811454773
0.270000159740448 0.3025286793708801
0.2675490379333496 0.33917808532714844
0.26675155758857727 0.3831063508987427
0.26671862602233887 0.2967105209827423
0.2660452723503113 0.3349299132823944
0.2636320888996124 0.34793803095817566
0.26291918754577637 0.43100398778915405
0.2626091241836548 0.32700371742248535
0.26260462403297424 0.3003401756286621
0.2616673409938812 0.27126264572143555
0.26134201884269714 0.2852763831615448
0.2610693573951721 0.35805732011795044
0.2610040307044983 0.26353004574775696
0.260252445936203 0.2899382412433624
0.25860220193862915 0.25900208950042725
0.25669917464256287 0.2840631902217865
0.2561815083026886 0.27016928791999817
0.25516557693481445 0.2788698375225067
0.25262579321861267 0.36636173725128174
0.25207942724227905 0.35491642355918884
0.25155967473983765 0.3710104525089264
0.25120389461517334 0.4311032295227051
0.25029614567756653 0.26246407628059387
0.25023794174194336 0.2717359662055969
0.2501552999019623 0.26771280169487
0.24985933303833008 0.25605252385139465
0.24944837391376495 0.2614751160144806
0.24914316833019257 0.43214574456214905
0.24829426407814026 0.28407901525497437
0.24663479626178741 0.2963009178638458
0.2444806694984436 0.2772132456302643
0.24175558984279633 0.2737228572368622
0.24137023091316223 0.24263547360897064
0.24089454114437103 0.27272337675094604
0.24047225713729858 0.422787606716156
0.24004939198493958 0.24594660103321075
0.2397335320711136 0.3367511034011841
0.2395097315311432 0.25642073154449463
0.2385869026184082 0.4466875493526459
0.2381526082754135 0.36120525002479553
0.23792661726474762 0.43438395857810974
0.237698495388031 0.25648799538612366
0.2376938909292221 0.24325376749038696
0.23730634152889252 0.23878706991672516
0.23673945665359497 0.3406001627445221
0.23547782003879547 0.28279197216033936
0.23540519177913666 0.34915411472320557
0.2344432771205902 0.28094613552093506
0.2341325879096985 0.2517376244068146
0.23345667123794556 0.28249597549438477
0.23308733105659485 0.4259183704853058
0.2311202436685562 0.43805691599845886
0.2297653704881668 0.4256170094013214
0.2292422354221344 0.43889445066452026
0.22900176048278809 0.2334657609462738
0.22895625233650208 0.3135281503200531
0.22885307669639587 0.34755346179008484
0.22871194779872894 0.43838071823120117
0.22824956476688385 0.24416817724704742
0.22804494202136993 0.4343041181564331
0.22797535359859467 0.44620004296302795
0.22724278271198273 0.36130252480506897
0.22562356293201447 0.4558003544807434
0.2252899557352066 0.3428267240524292
0.22475896775722504 0.22754934430122375
0.22344660758972168 0.23828068375587463
0.22338686883449554 0.44573017954826355
0.22265800833702087 0.24277804791927338
0.22131390869617462 0.2482862025499344
0.21962198615074158 0.2243192046880722
0.2193463146686554 0.2287558615207672
0.21874865889549255 0.22537703812122345
0.21798743307590485 0.3291010856628418
0.21680592000484467 0.21996799111366272
0.21563385426998138 0.27684348821640015
0.21479308605194092 0.227805495262146
0.21428699791431427 0.23236306011676788
0.21320220828056335 0.2409220188856125
0.21168263256549835 0.43074390292167664
0.21157917380332947 0.4421554505825043
0.21143080294132233 0.444141149520874
0.21098028123378754 0.4395875930786133
0.21097999811172485 0.28654584288597107
0.21085019409656525 0.2658291459083557
0.2108152210712433 0.4458743929862976
0.21054944396018982 0.42467135190963745
0.21004007756710052 0.4319535195827484
0.20996932685375214 0.4356544017791748
0.20917534828186035 0.2786817252635956
0.20915280282497406 0.20924988389015198
0.2084159255027771 0.2475968450307846
0.20800335705280304 0.4396970868110657
0.20731276273727417 0.4356343746185303
0.2069721221923828 0.25643348693847656
0.20694398880004883 0.3659149408340454
0.2066669911146164 0.24102695286273956
0.20621325075626373 0.2800487279891968
0.204204723238945 0.44194886088371277
0.20420190691947937 0.21028995513916016
0.2039937674999237 0.24873630702495575
0.2037271112203598 0.20696935057640076
0.2034957855939865 0.43654292821884155
0.2031794637441635 0.25697365403175354
0.2026258111000061 0.2289062887430191
0.2025991976261139 0.24135257303714752
0.20176835358142853 0.2079496532678604
0.2015247344970703 0.43559813499450684
0.2011570930480957 0.20503026247024536
0.20015260577201843 0.3663196563720703
0.20013847947120667 0.20405852794647217
0.19968688488006592 0.2338918149471283
0.19911913573741913 0.43233078718185425
0.19895324110984802 0.20119112730026245
0.19873592257499695 0.22891874611377716
0.19843348860740662 0.2121594101190567
0.197906956076622 0.4390353560447693
0.19772568345069885 0.43266981840133667
0.1976933628320694 0.43430188298225403
0.19726932048797607 0.4434531331062317
0.19720999896526337 0.2185693234205246
0.19676418602466583 0.21330754458904266
0.1965099424123764 0.4338151514530182
0.1963297575712204 0.4293428361415863
0.19538195431232452 0.21248476207256317
0.1950247585773468 0.21526971459388733
0.19487778842449188 0.25997626781463623
0.19486026465892792 0.3132297694683075
0.19432277977466583 0.24418391287326813
0.19416363537311554 0.23645582795143127
0.19312117993831635 0.26855212450027466
0.19263114035129547 0.2504718601703644
0.18996553122997284 0.19862662255764008
0.18950155377388 0.20152373611927032
0.18927454948425293 0.22809748351573944
0.18906889855861664 0.43546366691589355
0.1888846904039383 0.19622497260570526
0.18872740864753723 0.43710196018218994
0.18860937654972076 0.25276559591293335
0.188003808259964 0.2889324724674225
0.18742379546165466 0.41833338141441345
0.18689969182014465 0.19042347371578217
0.18688920140266418 0.42691484093666077
0.18627820909023285 0.27018308639526367
0.18622168898582458 0.43684038519859314
0.18612632155418396 0.4369441270828247
0.18396589159965515 0.2043505758047104
0.1837322860956192 0.20850062370300293
0.18364527821540833 0.22356924414634705
0.18362806737422943 0.4386471211910248
0.1822219341993332 0.42643123865127563
0.18095582723617554 0.43963322043418884
0.18047237396240234 0.19155237078666687
0.18031972646713257 0.22004945576190948
0.17995014786720276 0.42659303545951843
0.1765916645526886 0.1813218742609024
0.1765570044517517 0.22537267208099365
0.17602986097335815 0.4343787729740143
0.17602552473545074 0.18280307948589325
0.17543867230415344 0.2242903709411621
0.17531923949718475 0.2068689614534378
0.17428900301456451 0.19179463386535645
0.1734531819820404 0.18847180902957916
0.17336785793304443 0.17568649351596832
0.1727168709039688 0.2195945829153061
0.17268112301826477 0.1837076097726822
0.17202188074588776 0.19200624525547028
0.17183540761470795 0.24712462723255157
0.17165768146514893 0.19086168706417084
0.17147450149059296 0.24791058897972107
0.17143571376800537 0.2075822651386261
0.17088446021080017 0.24705684185028076
0.16961009800434113 0.1896417737007141
0.16742685437202454 0.17831462621688843
0.16631178557872772 0.17373572289943695
0.1658482551574707 0.1798124462366104
0.1647944301366806 0.17381902039051056
0.16387464106082916 0.21004994213581085
0.16293513774871826 0.23972702026367188
0.16219113767147064 0.18130342662334442
0.1610518991947174 0.16795513033866882
0.15896442532539368 0.20553545653820038
0.15350769460201263 0.18980935215950012
0.15302760899066925 0.1613447666168213
0.15302422642707825 0.15923689305782318
0.15096579492092133 0.1546574831008911
0.15089842677116394 0.1535099446773529
0.15036560595035553 0.15963086485862732
0.14971858263015747 0.2048090249300003
0.14863939583301544 0.15378747880458832
0.14796507358551025 0.19075091183185577
0.147440567612648 0.15436023473739624
0.14680974185466766 0.14819999039173126
0.14444415271282196 0.1457373946905136
0.14305144548416138 0.14678259193897247
0.14238686859607697 0.1429186910390854
0.1416548639535904 0.1629439741373062
0.14053407311439514 0.14486844837665558
0.13990050554275513 0.1575077623128891
0.13865984976291656 0.15570245683193207
0.1357719600200653 0.13779503107070923
0.13532881438732147 0.14272946119308472
0.13124141097068787 0.14800570905208588
0.1297600120306015 0.1995246857404709
0.12651193141937256 0.13273760676383972
0.12537316977977753 0.20270980894565582
0.12487608939409256 0.12643404304981232
0.1209164708852768 0.13494661450386047
0.11623241752386093 0.1203818991780281
0.11600922793149948 0.11876809597015381
0.11044911295175552 0.11553767323493958
0.10420703142881393 0.11481358855962753
0.10205395519733429 0.12037873268127441
0.09387021511793137 0.10393501818180084
0.09384934604167938 0.10081338882446289
0.08660005778074265 0.09797951579093933
0.08261584490537643 0.08642041683197021
0.08104320615530014 0.08530852943658829
