0.4646833837032318 0.4815102815628052
0.43135422468185425 0.4347735643386841
0.428653746843338 0.4449527859687805
0.41952264308929443 0.4206518530845642
0.41764459013938904 0.4305787682533264
0.4168262481689453 0.455587238073349
0.40961819887161255 0.42853742837905884
0.4063781201839447 0.426787406206131
0.4052426517009735 0.4176267385482788
0.40416520833969116 0.4259912073612213
0.4020633101463318 0.40809372067451477
0.385879248380661 0.4460882842540741
0.38490530848503113 0.4500753879547119
0.3835073709487915 0.43797755241394043
0.3769444525241852 0.40719881653785706
0.3721022307872772 0.3835902810096741
0.37070780992507935 0.43364831805229187
0.36940884590148926 0.4333081841468811
0.3614048361778259 0.4375405013561249
0.3591451942920685 0.44696885347366333
0.3589940369129181 0.43511196970939636
0.3550792932510376 0.3667951226234436
0.3546055555343628 0.4292962849140167
0.35423949360847473 0.3582245111465454
0.34956425428390503 0.3545309901237488
0.3487190306186676 0.4084726870059967
0.33106160163879395 0.34072092175483704
0.3287888169288635 0.4522137939929962
0.32759949564933777 0.35292163491249084
0.324354350566864 0.32572370767593384
0.3213445544242859 0.3243560492992401
0.3211977779865265 0.321486234664917
0.3208000063896179 0.36759474873542786
0.32073792815208435 0.3808102309703827
0.31933721899986267 0.3245915174484253
0.31780922412872314 0.3222390115261078
0.3177839517593384 0.38568079471588135
0.3175566792488098 0.39943185448646545
0.3153664767742157 0.4295690953731537
0.3151167631149292 0.33006060123443604
0.3147076666355133 0.3196224868297577
0.3115319013595581 0.33046284317970276
0.31049844622612 0.32324010133743286
0.3102402985095978 0.4303170144557953
0.3089776635169983 0.3175048828125
0.3081596791744232 0.4134843647480011
0.30653899908065796 0.3539859652519226
0.3052690029144287 0.3357750177383423
0.3023207485675812 0.3106839060783386
0.2991528809070587 0.3207833766937256
0.29881659150123596 0.342283695936203
0.29861608147621155 0.3272300362586975
0.29850468039512634 0.3116248548030853
0.29774391651153564 0.4335487186908722
0.2958652079105377 0.30161523818969727
0.2912181615829468 0.32760047912597656
0.2866630256175995 0.428128182888031
0.28581365942955017 0.3773431181907654
0.284578412771225 0.44288602471351624
0.2842755913734436 0.29948514699935913
0.28381839394569397 0.2960379123687744
0.279072642326355 0.36188384890556335
0.27818214893341064 0.30900460481643677
0.270548015832901 0.32049813866615295
0.2703552544116974 0.3888850212097168
0.26892879605293274 0.38762953877449036
0.2668102979660034 0.282680481672287
0.26285696029663086 0.3834232985973358
0.2618585526943207 0.2947949171066284
0.26081761717796326 0.4333992302417755
0.259634405374527 0.295316606760025
0.25865665078163147 0.2937294542789459
0.254800409078598 0.303568959236145
0.253829687833786 0.2916615605354309
0.2538134455680847 0.29847559332847595
0.25352415442466736 0.2594034969806671
0.2527194619178772 0.2913905382156372
0.25166627764701843 0.4293800890445709
0.2507994771003723 0.2857525050640106
0.25050047039985657 0.4409259259700775
0.24953405559062958 0.3320974111557007
0.2488095462322235 0.2530042231082916
0.2487371861934662 0.33413687348365784
0.24583600461483002 0.302584171295166
0.24535700678825378 0.3321111798286438
0.24516935646533966 0.2838074862957001
0.24391798675060272 0.25344523787498474
0.2428111732006073 0.24514706432819366
0.2427978813648224 0.2701997458934784
0.24249409139156342 0.28186970949172974
0.24153117835521698 0.42558857798576355
0.2403288632631302 0.42844000458717346
0.239890918135643 0.29716330766677856
0.23972760140895844 0.24447360634803772
0.23717638850212097 0.28644147515296936
0.23635010421276093 0.27862104773521423
0.23536112904548645 0.35192620754241943
0.2345772385597229 0.41518789529800415
0.23416630923748016 0.2475302368402481
0.23333123326301575 0.27477437257766724
0.2333294302225113 0.2364826798439026
0.23185797035694122 0.2774691879749298
0.23175816237926483 0.2906198501586914
0.23079895973205566 0.2934197187423706
0.23024143278598785 0.33463436365127563
0.23017898201942444 0.33620020747184753
0.23012161254882812 0.2730942666530609
0.2300451695919037 0.44444185495376587
0.22840213775634766 0.2614350914955139
0.22744403779506683 0.22784334421157837
0.2274031639099121 0.27535516023635864
0.2274012416601181 0.25728553533554077
0.2273666262626648 0.22966983914375305
0.22624613344669342 0.43279460072517395
0.22614319622516632 0.2642427384853363
0.2249453216791153 0.42749693989753723
0.22490903735160828 0.42840835452079773
0.22265586256980896 0.38882434368133545
0.22260886430740356 0.25063541531562805
0.22230347990989685 0.2474595159292221
0.22108379006385803 0.42676371335983276
0.22088901698589325 0.22327065467834473
0.22067518532276154 0.25318267941474915
0.2200721800327301 0.2629011571407318
0.22002454102039337 0.4258978068828583
0.219806507229805 0.4173206388950348
0.2196187973022461 0.2274753898382187
0.21895210444927216 0.4345092177391052
0.21888001263141632 0.32187724113464355
0.21842893958091736 0.22627735137939453
0.2183138132095337 0.4264304041862488
0.21748864650726318 0.24686436355113983
0.21748140454292297 0.22423133254051208
0.21744176745414734 0.21836385130882263
0.21683192253112793 0.26508477330207825
0.2166348695755005 0.2618609070777893
0.21604180335998535 0.3571404814720154
0.21533764898777008 0.42020243406295776
0.21450932323932648 0.43391287326812744
0.2125653326511383 0.259660005569458
0.21231216192245483 0.2177765667438507
0.21213331818580627 0.31296461820602417
0.21120807528495789 0.21771328151226044
0.21114683151245117 0.2214014083147049
0.20969761908054352 0.21825863420963287
0.20913034677505493 0.23378108441829681
0.2083549201488495 0.21565712988376617
0.20795391499996185 0.22500024735927582
0.207828089594841 0.2405552864074707
0.20763175189495087 0.2479085475206375
0.2072717547416687 0.23535695672035217
0.20726896822452545 0.4265628457069397
0.20711202919483185 0.2084391713142395
0.20698122680187225 0.23930659890174866
0.20581816136837006 0.2113460898399353
0.20457099378108978 0.4448656439781189
0.2041740119457245 0.23259246349334717
0.20371109247207642 0.23664972186088562
0.20334909856319427 0.23332597315311432
0.202652707695961 0.2166944444179535
0.20227459073066711 0.22105927765369415
0.2019468992948532 0.426138699054718
0.20157545804977417 0.2017020285129547
0.20148919522762299 0.21148939430713654
0.20137670636177063 0.20623813569545746
0.20132897794246674 0.31890156865119934
0.2008078247308731 0.24923086166381836
0.20067381858825684 0.42724093794822693
0.20013515651226044 0.25459855794906616
0.19997234642505646 0.21428868174552917
0.19992531836032867 0.4305431842803955
0.19958801567554474 0.2825999855995178
0.1986856907606125 0.4181061089038849
0.19861425459384918 0.24826812744140625
0.19839809834957123 0.2308385819196701
0.1982230842113495 0.4278119206428528
0.1981564611196518 0.42309972643852234
0.19809406995773315 0.32572153210639954
0.198053777217865 0.21182453632354736
0.19764038920402527 0.415388286113739
0.19683365523815155 0.20665282011032104
0.1967231035232544 0.36386507749557495
0.19645343720912933 0.24078579246997833
0.1960170567035675 0.42517927289009094
0.19574420154094696 0.42202314734458923
0.195369154214859 0.19905415177345276
0.19532309472560883 0.4424842596054077
0.19518540799617767 0.23319125175476074
0.19429737329483032 0.4312956929206848
0.19410936534404755 0.32636845111846924
0.19304007291793823 0.27017632126808167
0.19276121258735657 0.21046170592308044
0.1923460066318512 0.22356656193733215
0.19225163757801056 0.43027061223983765
0.19214874505996704 0.19257669150829315
0.19187775254249573 0.22367094457149506
0.19128337502479553 0.43015727400779724
0.19124674797058105 0.424276739358902
0.19113506376743317 0.25603073835372925
0.19097386300563812 0.27978914976119995
0.18984314799308777 0.4237452447414398
0.1896183341741562 0.19334204494953156
0.18891888856887817 0.22863788902759552
0.18827979266643524 0.19632059335708618
0.18823951482772827 0.43383416533470154
0.18757770955562592 0.3494405150413513
0.18716561794281006 0.42547911405563354
0.18699581921100616 0.4296607971191406
0.18682120740413666 0.4305841326713562
0.18631190061569214 0.22075945138931274
0.18582496047019958 0.4226815104484558
0.18388137221336365 0.30720582604408264
0.18350140750408173 0.20464611053466797
0.18217305839061737 0.2972404658794403
0.18214151263237 0.4208749532699585
0.18207865953445435 0.4309510588645935
0.18171243369579315 0.20398306846618652
0.18151505291461945 0.42829322814941406
0.18075528740882874 0.19454948604106903
0.18034414947032928 0.22944951057434082
0.17929941415786743 0.43162497878074646
0.17906968295574188 0.231141597032547
0.17891383171081543 0.42756664752960205
0.17844665050506592 0.43294814229011536
0.17827658355236053 0.4354628324508667
0.17767387628555298 0.4295016825199127
0.17721296846866608 0.23629291355609894
0.17623312771320343 0.43522873520851135
0.17595498263835907 0.19120946526527405
0.17561089992523193 0.33821749687194824
0.1719379425048828 0.21995209157466888
0.17095080018043518 0.19498533010482788
0.17029578983783722 0.43197038769721985
0.16567382216453552 0.16719867289066315
0.16435182094573975 0.19196753203868866
0.16365592181682587 0.1913153976202011
0.16117994487285614 0.16716572642326355
0.15812626481056213 0.22453004121780396
0.15732991695404053 0.19464294612407684
0.15631860494613647 0.23242226243019104
0.15437960624694824 0.20267409086227417
0.1516646295785904 0.15983879566192627
0.1507955938577652 0.15517783164978027
0.15040114521980286 0.15139108896255493
0.15009929239749908 0.4265948534011841
0.1500450074672699 0.16117770969867706
0.14909835159778595 0.2459089457988739
0.14857015013694763 0.18722154200077057
0.14784355461597443 0.4268604516983032
0.14506833255290985 0.15608341991901398
0.14231503009796143 0.16309714317321777
0.13672684133052826 0.16062036156654358
0.13627701997756958 0.2397381067276001
0.1299390196800232 0.15210437774658203
0.12982295453548431 0.1299356371164322
0.12803366780281067 0.13337597250938416
0.12761728465557098 0.14000555872917175
0.12756986916065216 0.13697898387908936
0.12360380589962006 0.15112820267677307
0.1207144558429718 0.1219228133559227
0.11881254613399506 0.12130025774240494
0.11438120156526566 0.12726348638534546
0.11206665635108948 0.11414234340190887
0.10196633636951447 0.10450315475463867
0.10047820210456848 0.11216678470373154
