0.44053590297698975 0.44897595047950745
0.43014925718307495 0.4442102313041687
0.4286685883998871 0.43383917212486267
0.4242815375328064 0.4402751624584198
0.4213755130767822 0.4476337432861328
0.4190136194229126 0.42058512568473816
0.40980732440948486 0.4436712861061096
0.40726351737976074 0.4397842586040497
0.3921348452568054 0.4442468583583832
0.39054274559020996 0.44598108530044556
0.3855012059211731 0.4314362406730652
0.3722710907459259 0.43927329778671265
0.36351045966148376 0.4275403618812561
0.36224493384361267 0.4382667541503906
0.35904741287231445 0.44926121830940247
0.34620195627212524 0.4481157660484314
0.3382623493671417 0.44226571917533875
0.33670929074287415 0.34983739256858826
0.3245101273059845 0.4488137662410736
0.3203929364681244 0.32353535294532776
0.32023102045059204 0.3364807069301605
0.30761438608169556 0.35209453105926514
0.306686133146286 0.3106045424938202
0.30366045236587524 0.31648480892181396
0.3035845160484314 0.3216407299041748
0.3018607497215271 0.313144713640213
0.3012849688529968 0.33778855204582214
0.29891297221183777 0.3120419681072235
0.2988485097885132 0.33741018176078796
0.2975810468196869 0.30108562111854553
0.29464030265808105 0.36614102125167847
0.2924947738647461 0.2941194772720337
0.2914220094680786 0.44354501366615295
0.2914178967475891 0.29652124643325806
0.290155827999115 0.3041335642337799
0.29006674885749817 0.30826571583747864
0.2898307144641876 0.2920628786087036
0.2862648367881775 0.3039170801639557
0.2843024730682373 0.34804216027259827
0.2838239371776581 0.2942330837249756
0.2835988998413086 0.3009170889854431
0.28317317366600037 0.31273597478866577
0.28294849395751953 0.3195078670978546
0.2816873788833618 0.28267723321914673
0.28157976269721985 0.32455238699913025
0.27859094738960266 0.28225862979888916
0.2782255709171295 0.2794368863105774
0.27802449464797974 0.2924042344093323
0.2768664062023163 0.3571265935897827
0.275802880525589 0.3200035095214844
0.27483129501342773 0.43196991086006165
0.2746439278125763 0.4312725365161896
0.27387362718582153 0.30163848400115967
0.2733602523803711 0.3074527978897095
0.2732964754104614 0.3119462728500366
0.2727368474006653 0.28674179315567017
0.2707712650299072 0.2875082492828369
0.2703768014907837 0.3510770797729492
0.268492192029953 0.29782634973526
0.2668560743331909 0.36849266290664673
0.26680636405944824 0.29576489329338074
0.2650777995586395 0.32634052634239197
0.26122337579727173 0.261401504278183
0.2593894600868225 0.307851105928421
0.25866517424583435 0.4043568968772888
0.25801289081573486 0.25847023725509644
0.257611483335495 0.2985396683216095
0.2575227618217468 0.29656052589416504
0.2564815282821655 0.30458709597587585
0.2539356052875519 0.2601785659790039
0.25371068716049194 0.258221298456192
0.253233939409256 0.43981945514678955
0.2526347041130066 0.2533775568008423
0.2523649036884308 0.26723819971084595
0.2523363530635834 0.44015273451805115
0.25193098187446594 0.27413758635520935
0.2517763078212738 0.2673865556716919
0.2504572570323944 0.2523716986179352
0.2495468258857727 0.3475728929042816
0.24817614257335663 0.2524801194667816
0.24816033244132996 0.2545353174209595
0.24780631065368652 0.2557484805583954
0.2472832351922989 0.2517831325531006
0.24725565314292908 0.2923344075679779
0.24714425206184387 0.25380265712738037
0.24627724289894104 0.34089910984039307
0.24613551795482635 0.4334019422531128
0.24543701112270355 0.2879337966442108
0.24529382586479187 0.3338841199874878
0.24484066665172577 0.24611178040504456
0.24478211998939514 0.31097784638404846
0.24366945028305054 0.2744225859642029
0.24231036007404327 0.2443477362394333
0.24220922589302063 0.26736050844192505
0.24118617177009583 0.31096166372299194
0.24117080867290497 0.25581878423690796
0.24072346091270447 0.4357678294181824
0.23975394666194916 0.25742706656455994
0.23917336761951447 0.2960329055786133
0.23915702104568481 0.24084268510341644
0.2383284568786621 0.3818363845348358
0.2365374118089676 0.4396141469478607
0.2356608808040619 0.24140238761901855
0.23481355607509613 0.26294252276420593
0.2344944328069687 0.4413423538208008
0.2341996431350708 0.26820096373558044
0.23406019806861877 0.28168565034866333
0.23377983272075653 0.3150463104248047
0.23305769264698029 0.2511897385120392
0.23236551880836487 0.28283700346946716
0.23088912665843964 0.2580948770046234
0.23065085709095 0.25577259063720703
0.22969408333301544 0.257315069437027
0.2292330265045166 0.25141674280166626
0.22864645719528198 0.267772376537323
0.2285315841436386 0.4470599293708801
0.22843614220619202 0.23965825140476227
0.2277870625257492 0.2772284150123596
0.22612400352954865 0.4366922676563263
0.22558031976222992 0.4342727065086365
0.22548726201057434 0.39602112770080566
0.22547513246536255 0.45014598965644836
0.22541286051273346 0.2649401128292084
0.22506558895111084 0.3240053057670593
0.22455160319805145 0.320648729801178
0.22439691424369812 0.2389298379421234
0.22360408306121826 0.23758484423160553
0.22237235307693481 0.3870973587036133
0.22122862935066223 0.2942756712436676
0.22118957340717316 0.43185344338417053
0.22055406868457794 0.4348577558994293
0.22044964134693146 0.23423531651496887
0.22013232111930847 0.2533104419708252
0.22004373371601105 0.44886600971221924
0.218899205327034 0.27770566940307617
0.21884024143218994 0.25369328260421753
0.21878497302532196 0.43474191427230835
0.21832776069641113 0.2224142849445343
0.2180825173854828 0.44052115082740784
0.2158217430114746 0.43639230728149414
0.2155560404062271 0.23875385522842407
0.21480190753936768 0.4371735453605652
0.2137034684419632 0.2733241319656372
0.2125466763973236 0.31234613060951233
0.21237747371196747 0.4441280961036682
0.21203944087028503 0.44509366154670715
0.21155767142772675 0.32735633850097656
0.21153241395950317 0.21498790383338928
0.21073566377162933 0.37854835391044617
0.21003490686416626 0.21480302512645721
0.20999380946159363 0.26510855555534363
0.20927643775939941 0.23143550753593445
0.20873604714870453 0.3076995611190796
0.20827707648277283 0.2232518345117569
0.20755422115325928 0.2739276885986328
0.20705631375312805 0.22197221219539642
0.20673015713691711 0.27834516763687134
0.20664942264556885 0.44086959958076477
0.20655149221420288 0.440775603055954
0.2059207707643509 0.43248677253723145
0.2054923176765442 0.4473950266838074
0.20498952269554138 0.20524968206882477
0.20475248992443085 0.21054528653621674
0.20461687445640564 0.24577584862709045
0.2042447030544281 0.20919781923294067
0.20416492223739624 0.21419040858745575
0.20362624526023865 0.2826211750507355
0.20235885679721832 0.25571778416633606
0.2023436725139618 0.296095609664917
0.20109309256076813 0.26289278268814087
0.2008942812681198 0.2250673770904541
0.2008380889892578 0.22411179542541504
0.19971990585327148 0.32621943950653076
0.19954423606395721 0.21281887590885162
0.1993824541568756 0.2093990594148636
0.19926218688488007 0.20301666855812073
0.1992059350013733 0.2685281038284302
0.19909445941448212 0.21577057242393494
0.19830480217933655 0.236974835395813
0.1982966810464859 0.30345484614372253
0.19716182351112366 0.30704712867736816
0.1965835839509964 0.27672916650772095
0.19613483548164368 0.43543094396591187
0.19605182111263275 0.19968703389167786
0.19604520499706268 0.254380464553833
0.1955316960811615 0.21771012246608734
0.1939622312784195 0.4419509172439575
0.19361399114131927 0.2044483870267868
0.19346493482589722 0.43795832991600037
0.1931176781654358 0.3250630497932434
0.19292671978473663 0.2519044876098633
0.1927223950624466 0.4378807246685028
0.19182437658309937 0.43698593974113464
0.1913994550704956 0.1932917982339859
0.19105887413024902 0.4410536587238312
0.19082516431808472 0.19327320158481598
0.1907046139240265 0.20851676166057587
0.19047679007053375 0.20295186340808868
0.19010132551193237 0.2495257556438446
0.190097376704216 0.44322702288627625
0.19004172086715698 0.4433155655860901
0.18866997957229614 0.3140631914138794
0.1885473132133484 0.23364447057247162
0.1881878525018692 0.4425358176231384
0.18814773857593536 0.4310692548751831
0.18738164007663727 0.18772591650485992
0.18663758039474487 0.4319627285003662
0.18617971241474152 0.1885155439376831
0.18596035242080688 0.43515563011169434
0.18583866953849792 0.22009098529815674
0.18524791300296783 0.24891334772109985
0.1847720593214035 0.195653036236763
0.18471330404281616 0.4325883090496063
0.184634730219841 0.2352263331413269
0.18446190655231476 0.24030891060829163
0.18431073427200317 0.43508583307266235
0.18412013351917267 0.2857835590839386
0.183797687292099 0.4394225776195526
0.18376056849956512 0.2177826464176178
0.18325510621070862 0.20738953351974487
0.1831921935081482 0.24837042391300201
0.18240277469158173 0.21468707919120789
0.18237508833408356 0.4302651286125183
0.18114955723285675 0.32297369837760925
0.18054983019828796 0.25055131316185
0.17979803681373596 0.443546324968338
0.1787331998348236 0.1825571358203888
0.178409606218338 0.21137036383152008
0.17833460867404938 0.43741098046302795
0.1779899150133133 0.18806269764900208
0.17741619050502777 0.19893164932727814
0.17689062654972076 0.2047395259141922
0.176717147231102 0.25139403343200684
0.17671380937099457 0.22561757266521454
0.17666974663734436 0.4404159486293793
0.1765054166316986 0.20590457320213318
0.17636829614639282 0.21858127415180206
0.1758146435022354 0.1992073506116867
0.17563496530056 0.4399827718734741
0.17551204562187195 0.17973312735557556
0.17514728009700775 0.3274056911468506
0.17495879530906677 0.2098170667886734
0.17302516102790833 0.27752864360809326
0.17200428247451782 0.23573943972587585
0.17180249094963074 0.42794501781463623
0.17168623208999634 0.20496374368667603
0.17109555006027222 0.1977696418762207
0.17098721861839294 0.201699897646904
0.1709129959344864 0.4391017258167267
0.17061753571033478 0.43943729996681213
0.1699916422367096 0.17369337379932404
0.16997206211090088 0.22037242352962494
0.16969171166419983 0.17462950944900513
0.16954761743545532 0.43357983231544495
0.16862256824970245 0.22304667532444
0.16779938340187073 0.1708703488111496
0.1662243753671646 0.19525334239006042
0.16599825024604797 0.1772003471851349
0.16594864428043365 0.17770478129386902
0.16442112624645233 0.18484847247600555
0.16390416026115417 0.1779172122478485
0.16336478292942047 0.20020578801631927
0.16275151073932648 0.16924846172332764
0.16253353655338287 0.1729273498058319
0.1618969887495041 0.21024741232395172
0.16048377752304077 0.1777401566505432
0.1590680032968521 0.2319517433643341
0.15825748443603516 0.16366513073444366
0.1577662080526352 0.18166479468345642
0.15609505772590637 0.18463455140590668
0.15572595596313477 0.2051628679037094
0.15291759371757507 0.19456617534160614
0.15116390585899353 0.1754213571548462
0.1502337008714676 0.16894207894802094
0.14814576506614685 0.18862409889698029
0.14791998267173767 0.16999340057373047
0.14531344175338745 0.14615274965763092
0.1425730586051941 0.14638158679008484
0.14153391122817993 0.18313109874725342
0.13930544257164001 0.14174407720565796
0.13915857672691345 0.16293054819107056
0.13832880556583405 0.14009255170822144
0.13818798959255219 0.16558174788951874
0.13484720885753632 0.14719200134277344
0.1339801847934723 0.14952459931373596
0.13160644471645355 0.13859869539737701
0.1282619833946228 0.13148441910743713
0.12391116470098495 0.15529857575893402
0.12376106530427933 0.1743013858795166
0.12003014981746674 0.1357981264591217
0.11490935832262039 0.14987097680568695
0.10882804542779922 0.11298613995313644
0.1054568663239479 0.1368710696697235
0.10280077904462814 0.10969002544879913
0.10215266048908234 0.11517562717199326
0.09814754128456116 0.09921308606863022
0.09445804357528687 0.09536691755056381
0.09153726696968079 0.09321152418851852
0.062004271894693375 0.06693516671657562
