0.41495439410209656 0.4183041453361511
0.4003947675228119 0.40288835763931274
0.3779904842376709 0.4698466956615448
0.3672972321510315 0.37811145186424255
0.35739171504974365 0.39792853593826294
0.35270535945892334 0.3636394143104553
0.34852129220962524 0.36249029636383057
0.3476209044456482 0.36363449692726135
0.3475703299045563 0.3573657274246216
0.33894082903862 0.39966630935668945
0.3378821909427643 0.346037358045578
0.330499529838562 0.3636969327926636
0.33029186725616455 0.40627601742744446
0.32844656705856323 0.4115830659866333
0.3275112211704254 0.34500500559806824
0.32123222947120667 0.32359522581100464
0.32103079557418823 0.3453609347343445
0.31833556294441223 0.3234694302082062
0.3172837495803833 0.36866214871406555
0.31705451011657715 0.3399558663368225
0.3158820867538452 0.3874776065349579
0.3140919804573059 0.3269329071044922
0.31362780928611755 0.3159257769584656
0.3114067316055298 0.38327139616012573
0.3102356195449829 0.35435837507247925
0.310022234916687 0.32125192880630493
0.3070259690284729 0.36011695861816406
0.3056410849094391 0.3082802891731262
0.305244505405426 0.3149958848953247
0.30387750267982483 0.31496086716651917
0.30085572600364685 0.3334936499595642
0.3000478744506836 0.3547532260417938
0.29884570837020874 0.3121483027935028
0.2986546456813812 0.305818647146225
0.29846131801605225 0.3179495632648468
0.2981651723384857 0.33506840467453003
0.29787537455558777 0.3238658010959625
0.2965587079524994 0.3071765899658203
0.2965329587459564 0.30937036871910095
0.29595324397087097 0.34216898679733276
0.29561227560043335 0.3008779287338257
0.29529112577438354 0.3046375513076782
0.29451921582221985 0.4000439941883087
0.2942296862602234 0.357871413230896
0.2936157286167145 0.3010508716106415
0.2935396730899811 0.307828426361084
0.2934150695800781 0.3571583330631256
0.2927711009979248 0.31759288907051086
0.29263070225715637 0.32691124081611633
0.2910013198852539 0.29871073365211487
0.29059627652168274 0.30566391348838806
0.28981608152389526 0.2925576865673065
0.2883743345737457 0.3071160614490509
0.28772541880607605 0.302256315946579
0.28717240691185 0.3315436840057373
0.2862255871295929 0.3116043210029602
0.28555524349212646 0.3118510842323303
0.2854687571525574 0.287314236164093
0.28538286685943604 0.3202011287212372
0.2853314280509949 0.28850066661834717
0.28520652651786804 0.30815982818603516
0.2847403287887573 0.2868194282054901
0.28365322947502136 0.2955160439014435
0.28225991129875183 0.30978649854660034
0.281711608171463 0.28817594051361084
0.2808259427547455 0.31506651639938354
0.28010061383247375 0.2817675769329071
0.2798784077167511 0.2892565429210663
0.27968829870224 0.28743723034858704
0.279470831155777 0.3063281774520874
0.2769845724105835 0.29693207144737244
0.27605175971984863 0.33298563957214355
0.27543649077415466 0.2977789640426636
0.27512145042419434 0.30112704634666443
0.2749551236629486 0.3003733456134796
0.2749112844467163 0.27552342414855957
0.2741958498954773 0.2911764681339264
0.2733863890171051 0.29436594247817993
0.27327558398246765 0.3063472509384155
0.27327194809913635 0.30951881408691406
0.27320122718811035 0.2766227424144745
0.2731547951698303 0.32544246315956116
0.27243176102638245 0.28077399730682373
0.27223995327949524 0.2897007465362549
0.2718600332736969 0.32553380727767944
0.27061697840690613 0.2845214605331421
0.27032470703125 0.29350072145462036
0.26998957991600037 0.32829996943473816
0.2696478068828583 0.3343449831008911
0.2691987454891205 0.27153563499450684
0.2688918709754944 0.3091239631175995
0.2683100700378418 0.2738519608974457
0.26818522810935974 0.3080378472805023
0.26729485392570496 0.2916703224182129
0.2670484781265259 0.28106337785720825
0.2669883668422699 0.3075328469276428
0.26519763469696045 0.2700306475162506
0.26515257358551025 0.2717749774456024
0.26514527201652527 0.2868625223636627
0.26506832242012024 0.3263905644416809
0.26505643129348755 0.29735857248306274
0.26482251286506653 0.30968084931373596
0.26401838660240173 0.2892270088195801
0.26372841000556946 0.26922115683555603
0.26337534189224243 0.3569318950176239
0.26311057806015015 0.39315465092658997
0.26299434900283813 0.2637094557285309
0.2626073360443115 0.36865609884262085
0.2624838650226593 0.26295650005340576
0.26239651441574097 0.26735228300094604
0.2616513669490814 0.3146960735321045
0.25987377762794495 0.3013066351413727
0.2595122158527374 0.2769857943058014
0.2590450644493103 0.2670356035232544
0.2590062618255615 0.26835229992866516
0.25873687863349915 0.31637176871299744
0.25862592458724976 0.2763124704360962
0.25851836800575256 0.29040291905403137
0.258472740650177 0.2596292197704315
0.25830981135368347 0.2643531560897827
0.2576426565647125 0.2601205110549927
0.2572440505027771 0.2724533677101135
0.25696632266044617 0.27369511127471924
0.2568081319332123 0.2795725464820862
0.25677528977394104 0.3175784945487976
0.25648435950279236 0.2727537453174591
0.2564593255519867 0.3026795983314514
0.2564281225204468 0.26096808910369873
0.25610488653182983 0.2821025550365448
0.256050169467926 0.3238920271396637
0.2559219300746918 0.27588939666748047
0.2556750476360321 0.27312207221984863
0.2555588185787201 0.26444125175476074
0.25530320405960083 0.3450687527656555
0.25447386503219604 0.3146960735321045
0.25364628434181213 0.31061097979545593
0.2534402012825012 0.28550654649734497
0.25299379229545593 0.31714969873428345
0.2528094947338104 0.28199413418769836
0.2527512311935425 0.31034228205680847
0.2525966465473175 0.27822157740592957
0.2522899806499481 0.2610965669155121
0.25211724638938904 0.2605679929256439
0.25184714794158936 0.28644904494285583
0.2518391013145447 0.286584734916687
0.25165897607803345 0.2634352445602417
0.25117021799087524 0.27835771441459656
0.25093868374824524 0.2594202160835266
0.2504650950431824 0.317374587059021
0.25026094913482666 0.27496233582496643
0.2500329911708832 0.25071632862091064
0.2496691793203354 0.2535659968852997
0.24949151277542114 0.2879859507083893
0.24904493987560272 0.2744809091091156
0.24904054403305054 0.27575427293777466
0.24863377213478088 0.35151854157447815
0.2486228197813034 0.2743299901485443
0.24779492616653442 0.28275081515312195
0.2475919872522354 0.27020764350891113
0.24757032096385956 0.24899472296237946
0.2473287731409073 0.29035064578056335
0.247252956032753 0.3119237422943115
0.2470216155052185 0.30059048533439636
0.2469458132982254 0.2793835699558258
0.24694527685642242 0.24763266742229462
0.2468835860490799 0.3127313256263733
0.2467937171459198 0.33403918147087097
0.24669337272644043 0.265593558549881
0.24667739868164062 0.2705628573894501
0.246571883559227 0.3160138428211212
0.24656899273395538 0.28320765495300293
0.24634689092636108 0.281578928232193
0.24627862870693207 0.29446330666542053
0.2460048645734787 0.29257431626319885
0.24586308002471924 0.37334728240966797
0.24571605026721954 0.2576964795589447
0.2450825721025467 0.25927647948265076
0.24500951170921326 0.28958046436309814
0.24490870535373688 0.3604103922843933
0.24478581547737122 0.2669714391231537
0.24464264512062073 0.2848585546016693
0.2445693463087082 0.27755802869796753
0.24429166316986084 0.2538812756538391
0.24419622123241425 0.2977895140647888
0.24370616674423218 0.2693757712841034
0.24369964003562927 0.24668999016284943
0.2435445636510849 0.26130053400993347
0.2435295730829239 0.254739373922348
0.24334308505058289 0.30742621421813965
0.24311946332454681 0.292452871799469
0.2429705560207367 0.24695727229118347
0.2426612675189972 0.2862870395183563
0.24253909289836884 0.2780746519565582
0.24175016582012177 0.2549892067909241
0.24165788292884827 0.27226346731185913
0.24164021015167236 0.29299333691596985
0.24139516055583954 0.25306981801986694
0.24114927649497986 0.287982314825058
0.24095597863197327 0.2700936198234558
0.24088864028453827 0.2469809353351593
0.2408154159784317 0.2747436463832855
0.24056394398212433 0.24286966025829315
0.240449920296669 0.330284059047699
0.24043357372283936 0.24721238017082214
0.2404283881187439 0.32636815309524536
0.2396782487630844 0.2530374526977539
0.23963160812854767 0.29817819595336914
0.23962992429733276 0.2623380720615387
0.2395712286233902 0.33568111062049866
0.23935288190841675 0.24913708865642548
0.23897765576839447 0.24544934928417206
0.23888345062732697 0.24354183673858643
0.23882026970386505 0.25254547595977783
0.2387530356645584 0.2533417344093323
0.23851506412029266 0.26342490315437317
0.2383526712656021 0.2700363099575043
0.23817883431911469 0.26983413100242615
0.2379453480243683 0.28449746966362
0.23787812888622284 0.24406258761882782
0.23765811324119568 0.31618255376815796
0.23758701980113983 0.28010284900665283
0.2374916672706604 0.26682278513908386
0.23727808892726898 0.2557435631752014
0.23711082339286804 0.2514886260032654
0.23674553632736206 0.27922171354293823
0.23649992048740387 0.25451213121414185
0.23638378083705902 0.23697222769260406
0.23636674880981445 0.26956039667129517
0.23576462268829346 0.3532146215438843
0.23554573953151703 0.2806299030780792
0.23542648553848267 0.24120908975601196
0.2352970391511917 0.26460546255111694
0.23529548943042755 0.25695404410362244
0.23525859415531158 0.28016477823257446
0.2352410852909088 0.2762658894062042
0.23521098494529724 0.24609966576099396
0.23519204556941986 0.2616146206855774
0.23504959046840668 0.26739734411239624
0.23494866490364075 0.2652980089187622
0.2347840517759323 0.2514956295490265
0.23469197750091553 0.30513495206832886
0.23460641503334045 0.23985585570335388
0.23454076051712036 0.239511176943779
0.23387391865253448 0.24972081184387207
0.23381133377552032 0.2641920745372772
0.2337895929813385 0.25200355052948
0.23365767300128937 0.24343933165073395
0.23359307646751404 0.268611341714859
0.23344723880290985 0.28889551758766174
0.23337149620056152 0.35407453775405884
0.23330408334732056 0.2695613503456116
0.23330169916152954 0.2826874256134033
0.23302432894706726 0.25820690393447876
0.23297062516212463 0.27074286341667175
0.23285529017448425 0.24719585478305817
0.23264487087726593 0.28316062688827515
0.23250949382781982 0.2836475968360901
0.23242448270320892 0.24859116971492767
0.23241876065731049 0.24256062507629395
0.23240843415260315 0.2682274281978607
0.23238398134708405 0.24142268300056458
0.23235903680324554 0.275510311126709
0.23208995163440704 0.34520620107650757
0.23186857998371124 0.23872341215610504
0.2318648248910904 0.23970407247543335
0.23180611431598663 0.2807714343070984
0.23138973116874695 0.3305772840976715
0.23122097551822662 0.3093346059322357
0.23098789155483246 0.277238130569458
0.2309376448392868 0.26965901255607605
0.23086263239383698 0.25707173347473145
0.2303915172815323 0.2716912627220154
0.2303287535905838 0.2655504643917084
0.2303287535905838 0.2578650414943695
0.23032478988170624 0.29318028688430786
0.23030731081962585 0.2428824007511139
0.23022910952568054 0.26270875334739685
0.22993715107440948 0.23814038932323456
0.2297053337097168 0.33752769231796265
0.2295488566160202 0.24203911423683167
0.22934742271900177 0.23021027445793152
0.2291533499956131 0.2294500470161438
0.2291310429573059 0.2713591456413269
0.22904881834983826 0.25014063715934753
0.22903941571712494 0.2675880789756775
0.22888316214084625 0.23365329205989838
0.2288811057806015 0.34424513578414917
0.22885718941688538 0.30947092175483704
0.2286323457956314 0.2484990358352661
0.22823800146579742 0.27577725052833557
0.22823569178581238 0.3222600221633911
0.22792606055736542 0.2797066271305084
0.2276294231414795 0.24580448865890503
0.22718577086925507 0.23041710257530212
0.22703765332698822 0.23368768393993378
0.22698870301246643 0.23831915855407715
0.22696024179458618 0.28489774465560913
0.22673633694648743 0.30283403396606445
0.22652526199817657 0.2288169264793396
0.22637666761875153 0.2863188087940216
0.22629740834236145 0.23461540043354034
0.22607743740081787 0.2414955347776413
0.22602353990077972 0.31069257855415344
0.22583700716495514 0.29180261492729187
0.22581729292869568 0.22821365296840668
0.2253396362066269 0.23442210257053375
0.22526337206363678 0.3055001199245453
0.2250395268201828 0.22555314004421234
0.22490175068378448 0.2548430860042572
0.22484241425991058 0.2535244822502136
0.22478394210338593 0.24913708865642548
0.2247833013534546 0.34174782037734985
0.22469455003738403 0.25240465998649597
0.2245800942182541 0.22904182970523834
0.2244233787059784 0.24530915915966034
0.22434201836585999 0.2684716284275055
0.2241065502166748 0.2978326082229614
0.22407950460910797 0.2388889491558075
0.22405582666397095 0.236044779419899
0.22403939068317413 0.3288644850254059
0.22390002012252808 0.28320568799972534
0.22388066351413727 0.22719942033290863
0.22370728850364685 0.24152499437332153
0.22355663776397705 0.35759609937667847
0.22339817881584167 0.30675676465034485
0.22336824238300323 0.2499721199274063
0.22321707010269165 0.2964365780353546
0.22319237887859344 0.23404432833194733
0.2231239378452301 0.3191503584384918
0.2230938971042633 0.2699964642524719
0.22292950749397278 0.31882765889167786
0.22286422550678253 0.23548084497451782
0.2228148877620697 0.23887281119823456
0.22265923023223877 0.23483794927597046
0.22239665687084198 0.2756209373474121
0.222385972738266 0.22497119009494781
0.22234660387039185 0.22280101478099823
0.2223040610551834 0.22831635177135468
0.22229129076004028 0.24248106777668
0.22220467031002045 0.26222026348114014
0.22210462391376495 0.2251858115196228
0.22165599465370178 0.24005725979804993
0.22152554988861084 0.24029676616191864
0.22070719301700592 0.2760010361671448
0.22039800882339478 0.23321890830993652
0.22036463022232056 0.26573947072029114
0.21965733170509338 0.2551444470882416
0.21933381259441376 0.2399684637784958
0.21918079257011414 0.22894053161144257
0.21893712878227234 0.3678443133831024
0.21881884336471558 0.28603872656822205
0.21872535347938538 0.2742435336112976
0.21857506036758423 0.22353722155094147
0.21848972141742706 0.2667270600795746
0.21842430531978607 0.29338616132736206
0.2183423638343811 0.30442938208580017
0.21824964880943298 0.36866214871406555
0.21824084222316742 0.24045903980731964
0.21779009699821472 0.3269931674003601
0.2176819145679474 0.27892521023750305
0.21765173971652985 0.26917120814323425
0.21763427555561066 0.23647454380989075
0.21711546182632446 0.35299795866012573
0.21653905510902405 0.2815401256084442
0.216531440615654 0.2219783514738083
0.21645234525203705 0.2282963991165161
0.21641558408737183 0.23415175080299377
0.2162853181362152 0.22828182578086853
0.21622587740421295 0.30186352133750916
0.21564237773418427 0.23758350312709808
0.21525703370571136 0.2199828326702118
0.21523486077785492 0.25517570972442627
0.21518409252166748 0.285707950592041
0.21512532234191895 0.24378642439842224
0.21501950919628143 0.23866327106952667
0.21451550722122192 0.25823843479156494
0.21422314643859863 0.22293634712696075
0.21391400694847107 0.22329778969287872
0.21385398507118225 0.22829578816890717
0.21380500495433807 0.2182718962430954
0.21377111971378326 0.2491602599620819
0.2134367823600769 0.2429441511631012
0.21339479088783264 0.24838118255138397
0.2129168063402176 0.26448968052864075
0.21291066706180573 0.3581993281841278
0.2128196507692337 0.23684898018836975
0.2127223014831543 0.26440125703811646
0.2125738263130188 0.2453121840953827
0.2121923416852951 0.26329344511032104
0.211997851729393 0.2674449384212494
0.21169781684875488 0.31320422887802124
0.21168744564056396 0.23665177822113037
0.21148119866847992 0.3317035734653473
0.21095286309719086 0.2441820353269577
0.21094074845314026 0.23642981052398682
0.21083877980709076 0.27956485748291016
0.21070468425750732 0.2203485369682312
0.2106011062860489 0.2261946201324463
0.2104720175266266 0.2864876687526703
0.2102065235376358 0.24220174551010132
0.21015846729278564 0.2616855204105377
0.21005146205425262 0.21650587022304535
0.20982825756072998 0.2339743971824646
0.20970788598060608 0.24539092183113098
0.2096058875322342 0.2728900909423828
0.2095143049955368 0.27606070041656494
0.20946070551872253 0.3260265290737152
0.20944693684577942 0.25968068838119507
0.2092839926481247 0.2843162715435028
0.20918257534503937 0.2443484663963318
0.20913924276828766 0.292937308549881
0.2086126059293747 0.3189212679862976
0.20836156606674194 0.2726910412311554
0.20831993222236633 0.27091214060783386
0.20824827253818512 0.29016220569610596
0.2081131786108017 0.220029816031456
0.2075004279613495 0.34424513578414917
0.20740897953510284 0.2941303253173828
0.20699752867221832 0.24005725979804993
0.20682109892368317 0.34304866194725037
0.2067522406578064 0.2432473599910736
0.2066783457994461 0.2168365716934204
0.20654045045375824 0.2515377104282379
0.20653313398361206 0.30181777477264404
0.20636150240898132 0.28428348898887634
0.20628511905670166 0.2094929814338684
0.20625318586826324 0.22647307813167572
0.20612448453903198 0.21919088065624237
0.2057950347661972 0.25216546654701233
0.20565886795520782 0.2780936658382416
0.2056574672460556 0.3568454682826996
0.20555512607097626 0.22211457788944244
0.20543572306632996 0.22140590846538544
0.20515787601470947 0.2570030689239502
0.20505906641483307 0.2663777768611908
0.20496246218681335 0.23384079337120056
0.20494207739830017 0.2966288924217224
0.20475797355175018 0.2945864796638489
0.20466408133506775 0.22408567368984222
0.20466279983520508 0.23158371448516846
0.20460747182369232 0.2590939998626709
0.20424917340278625 0.33632299304008484
0.20417700707912445 0.24340330064296722
0.20404447615146637 0.26908373832702637
0.20394669473171234 0.2341882586479187
0.20366895198822021 0.2602343261241913
0.20345786213874817 0.24378642439842224
0.20326142013072968 0.21240118145942688
0.20309050381183624 0.20585930347442627
0.2026447355747223 0.24197158217430115
0.20249347388744354 0.30724629759788513
0.2023310363292694 0.40283119678497314
0.20222608745098114 0.20362821221351624
0.20198415219783783 0.23700708150863647
0.20189540088176727 0.3481423556804657
0.20138703286647797 0.24030807614326477
0.20094335079193115 0.24039921164512634
0.2007642686367035 0.31222763657569885
0.20064592361450195 0.20168091356754303
0.20063599944114685 0.2495138794183731
0.20039008557796478 0.20647698640823364
0.20022150874137878 0.20224273204803467
0.20012234151363373 0.32562074065208435
0.20000527799129486 0.20143061876296997
0.19889232516288757 0.22669419646263123
0.19882528483867645 0.27603328227996826
0.19876450300216675 0.356693834066391
0.19829024374485016 0.2046540230512619
0.19814862310886383 0.22864006459712982
0.19779428839683533 0.39618581533432007
0.19758200645446777 0.277844101190567
0.19733594357967377 0.22453492879867554
0.19727784395217896 0.21980519592761993
0.1972278654575348 0.24734194576740265
0.19690708816051483 0.25668779015541077
0.19672128558158875 0.2601205110549927
0.19575197994709015 0.2572210431098938
0.19566236436367035 0.25245201587677
0.1956179440021515 0.23481425642967224
0.19517607986927032 0.2487286627292633
0.19497452676296234 0.24602238833904266
0.1948128342628479 0.2598925232887268
0.1947922259569168 0.23894746601581573
0.19439685344696045 0.26130053400993347
0.1943751573562622 0.2593631148338318
0.1935739666223526 0.22018803656101227
0.1935008466243744 0.20909914374351501
0.1924598515033722 0.2789694368839264
0.19230981171131134 0.2615664005279541
0.19205786287784576 0.20537619292736053
0.1918104588985443 0.20864585041999817
0.19134187698364258 0.2223162204027176
0.19111348688602448 0.2342090755701065
0.19090969860553741 0.1953878551721573
0.19076402485370636 0.25387516617774963
0.1903500258922577 0.19487859308719635
0.18953531980514526 0.26028868556022644
0.1894807666540146 0.24861086905002594
0.1876533031463623 0.188899427652359
0.18697257339954376 0.19451430439949036
0.1865582913160324 0.278945654630661
0.18392303586006165 0.1909487396478653
0.18346980214118958 0.18395228683948517
0.1826418936252594 0.1931905299425125
0.18242967128753662 0.26214489340782166
0.18167530000209808 0.20619620382785797
0.18083447217941284 0.20403693616390228
0.18018192052841187 0.1809585988521576
0.17990630865097046 0.18123456835746765
0.17978554964065552 0.24193347990512848
0.1772276610136032 0.18641512095928192
0.1757364273071289 0.19170458614826202
0.1755228042602539 0.21449270844459534
0.17200662195682526 0.18004025518894196
0.17083963751792908 0.17120744287967682
0.17076769471168518 0.1845731884241104
0.16849854588508606 0.2034299522638321
0.1670645773410797 0.1793171763420105
0.16608472168445587 0.19003193080425262
0.1613319218158722 0.25496166944503784
0.1554327756166458 0.16789019107818604
