0.38570308685302734 0.39012259244918823
0.37691009044647217 0.3857421576976776
0.3609638512134552 0.37449753284454346
0.3407152593135834 0.3884769380092621
0.3402002453804016 0.3702929615974426
0.33603957295417786 0.360571950674057
0.3279827833175659 0.33653780817985535
0.32230594754219055 0.32763800024986267
0.3210337162017822 0.361550897359848
0.3197809159755707 0.3790600895881653
0.3195149004459381 0.34443199634552
0.3188360631465912 0.3341182768344879
0.3177928328514099 0.4339961111545563
0.31472718715667725 0.38740822672843933
0.3143143057823181 0.3300834000110626
0.313847154378891 0.34615832567214966
0.3132905066013336 0.3249116837978363
0.31299999356269836 0.38141655921936035
0.3107316792011261 0.3813992142677307
0.3078670799732208 0.3821296989917755
0.30662035942077637 0.35278281569480896
0.30540937185287476 0.330761581659317
0.30208253860473633 0.3168971538543701
0.30187180638313293 0.3458308279514313
0.300272673368454 0.34351664781570435
0.30023178458213806 0.32258424162864685
0.2996586263179779 0.30384179949760437
0.29871100187301636 0.2995968759059906
0.2976805865764618 0.37405940890312195
0.29602065682411194 0.30723637342453003
0.2957042455673218 0.3366284668445587
0.29525116086006165 0.34582480788230896
0.29459354281425476 0.3016415536403656
0.29368752241134644 0.29739174246788025
0.29288309812545776 0.2938849627971649
0.2926384210586548 0.2949935495853424
0.29225075244903564 0.37536489963531494
0.2918796241283417 0.29748067259788513
0.291559636592865 0.29253071546554565
0.29117700457572937 0.3266931176185608
0.29049843549728394 0.3168674111366272
0.28928637504577637 0.38632264733314514
0.2891893684864044 0.36951112747192383
0.2890470027923584 0.3326879143714905
0.28837454319000244 0.32717764377593994
0.2880048155784607 0.29508402943611145
0.28761959075927734 0.32869771122932434
0.2873891294002533 0.30036622285842896
0.287376344203949 0.33290353417396545
0.28670191764831543 0.31251996755599976
0.2840386629104614 0.3143964409828186
0.2821235656738281 0.2873496413230896
0.2810138463973999 0.2992587983608246
0.2797738015651703 0.30902817845344543
0.2793140709400177 0.28040704131126404
0.27842777967453003 0.3035486042499542
0.27785640954971313 0.294305682182312
0.27782613039016724 0.31114453077316284
0.2774738669395447 0.3029543161392212
0.27571234107017517 0.37432754039764404
0.2751016616821289 0.31566622853279114
0.2748306691646576 0.2813516855239868
0.27466294169425964 0.276679128408432
0.2745542526245117 0.3543255925178528
0.2735561728477478 0.3344614505767822
0.2723830044269562 0.3431122601032257
0.27188825607299805 0.357991486787796
0.2716427743434906 0.2847397029399872
0.2715229094028473 0.2777591943740845
0.27143263816833496 0.4074349105358124
0.2709510326385498 0.29323625564575195
0.2709394693374634 0.2791478931903839
0.27048608660697937 0.2986563444137573
0.2702544331550598 0.2936807870864868
0.2701988220214844 0.27769985795021057
0.26940223574638367 0.2914254665374756
0.2693466246128082 0.2702242434024811
0.2693276107311249 0.28259822726249695
0.26843133568763733 0.2691510319709778
0.2680227756500244 0.3321152925491333
0.2670910656452179 0.30632513761520386
0.26596781611442566 0.2798215448856354
0.2656187117099762 0.31321266293525696
0.26545533537864685 0.2918710708618164
0.2649918496608734 0.29765525460243225
0.2649151384830475 0.3250102996826172
0.264894962310791 0.27801841497421265
0.2641891837120056 0.31611168384552
0.26383861899375916 0.2788715660572052
0.2635470926761627 0.28718289732933044
0.2635393738746643 0.2987554669380188
0.2634173333644867 0.2995196282863617
0.2632299065589905 0.2642565965652466
0.2624826729297638 0.26337212324142456
0.2618224024772644 0.26816099882125854
0.2614726424217224 0.2702905535697937
0.26143333315849304 0.26407167315483093
0.2613154649734497 0.2895405888557434
0.2611185312271118 0.2741561830043793
0.25842657685279846 0.25876572728157043
0.2584153115749359 0.3038910925388336
0.25841405987739563 0.2696132957935333
0.2582496404647827 0.2655581831932068
0.25819021463394165 0.3037153482437134
0.2580993175506592 0.3436899483203888
0.25800439715385437 0.36081868410110474
0.2579328715801239 0.2753388583660126
0.25791460275650024 0.27888497710227966
0.257341593503952 0.2960183024406433
0.2572709619998932 0.2920832931995392
0.2571403980255127 0.2633287310600281
0.2562353014945984 0.3104012608528137
0.25617164373397827 0.25928476452827454
0.25609293580055237 0.26534807682037354
0.2560568153858185 0.26322340965270996
0.2547696530818939 0.34399014711380005
0.25462794303894043 0.2549501657485962
0.2543611228466034 0.256298303604126
0.2542721927165985 0.26552268862724304
0.25421762466430664 0.25961336493492126
0.25359100103378296 0.2845325171947479
0.2535191774368286 0.42522120475769043
0.25329697132110596 0.34987887740135193
0.2529149353504181 0.2643435001373291
0.2522073984146118 0.25644752383232117
0.2520667314529419 0.33810344338417053
0.2519896626472473 0.25573837757110596
0.2515644431114197 0.27655699849128723
0.25151994824409485 0.2704121768474579
0.25138336420059204 0.2523745000362396
0.2511557936668396 0.25620973110198975
0.25112131237983704 0.26608937978744507
0.25038453936576843 0.27460190653800964
0.25033485889434814 0.40324410796165466
0.2502358555793762 0.29748067259788513
0.2501179277896881 0.25070807337760925
0.2500213086605072 0.30996665358543396
0.2500022351741791 0.3950146436691284
0.24958935379981995 0.25124430656433105
0.249254509806633 0.26459550857543945
0.24896776676177979 0.3305839002132416
0.24871881306171417 0.26144346594810486
0.24857361614704132 0.27058830857276917
0.24834273755550385 0.2576487958431244
0.2481093555688858 0.31208088994026184
0.24785104393959045 0.2531745433807373
0.24766430258750916 0.28888261318206787
0.24753840267658234 0.264167845249176
0.24753744900226593 0.2633287310600281
0.2475012242794037 0.27858155965805054
0.24743220210075378 0.2876114845275879
0.24712350964546204 0.3628270924091339
0.24710316956043243 0.25537046790122986
0.24704140424728394 0.28784310817718506
0.2469612956047058 0.25468191504478455
0.24644775688648224 0.32419905066490173
0.24627849459648132 0.33816957473754883
0.24624955654144287 0.32223549485206604
0.24540352821350098 0.3386581242084503
0.24530410766601562 0.28684481978416443
0.2449503242969513 0.2529626786708832
0.244386225938797 0.28305038809776306
0.24423497915267944 0.3300591707229614
0.24422994256019592 0.2647751271724701
0.2439643144607544 0.3326878547668457
0.24389028549194336 0.27888497710227966
0.24363167583942413 0.2868652939796448
0.2429736703634262 0.3017019033432007
0.24296289682388306 0.25800034403800964
0.24270126223564148 0.25774016976356506
0.24245193600654602 0.25292328000068665
0.24238143861293793 0.24955572187900543
0.24230648577213287 0.2924981415271759
0.2420210838317871 0.2848135232925415
0.2420107126235962 0.28987500071525574
0.2416970282793045 0.41524451971054077
0.2415875941514969 0.25108200311660767
0.2415626496076584 0.27646782994270325
0.24135984480381012 0.25699537992477417
0.24126771092414856 0.2858128249645233
0.2412206381559372 0.27625906467437744
0.24077177047729492 0.3407239615917206
0.24075788259506226 0.24911309778690338
0.240700826048851 0.28757724165916443
0.2406754344701767 0.2813108563423157
0.2402406483888626 0.2529298663139343
0.24017223715782166 0.24159446358680725
0.23956190049648285 0.330242395401001
0.23945119976997375 0.2436046451330185
0.23943699896335602 0.253329336643219
0.23940452933311462 0.2878090739250183
0.2392730861902237 0.28870391845703125
0.2390269637107849 0.26981285214424133
0.23899267613887787 0.26367607712745667
0.23889276385307312 0.24367651343345642
0.23875193297863007 0.23918873071670532
0.23847797513008118 0.24085523188114166
0.23839318752288818 0.23860199749469757
0.23804162442684174 0.2521343231201172
0.2380286008119583 0.2589598000049591
0.23749910295009613 0.25877079367637634
0.23747652769088745 0.2413834035396576
0.23746027052402496 0.24678272008895874
0.23723939061164856 0.30059608817100525
0.23658254742622375 0.26397499442100525
0.2365025132894516 0.30976971983909607
0.23641979694366455 0.2668861746788025
0.23618747293949127 0.23882630467414856
0.23617495596408844 0.3014986217021942
0.23600374162197113 0.25820446014404297
0.23588724434375763 0.27372631430625916
0.2354559749364853 0.2651784121990204
0.23536570370197296 0.3051694631576538
0.23528814315795898 0.2808813154697418
0.23512598872184753 0.248796746134758
0.23506560921669006 0.24109750986099243
0.23473531007766724 0.26602959632873535
0.23463740944862366 0.23579467833042145
0.23450681567192078 0.24627335369586945
0.2344687432050705 0.2380855828523636
0.23431642353534698 0.2542782425880432
0.2337987720966339 0.23554545640945435
0.23370499908924103 0.3385966420173645
0.2335069626569748 0.2549809515476227
0.23349756002426147 0.2676462233066559
0.23348724842071533 0.24462831020355225
0.23323245346546173 0.2502537965774536
0.23316238820552826 0.2593258321285248
0.23312866687774658 0.25063732266426086
0.2330384999513626 0.3087814748287201
0.23302753269672394 0.28786835074424744
0.23298776149749756 0.2535664141178131
0.2327468991279602 0.2616121172904968
0.232627734541893 0.2432422935962677
0.23259982466697693 0.2431829869747162
0.2325696051120758 0.25161850452423096
0.23218493163585663 0.2842646837234497
0.23215742409229279 0.23906932771205902
0.2320752888917923 0.3006802499294281
0.2320154905319214 0.2466556280851364
0.23189677298069 0.31216368079185486
0.23174427449703217 0.24030479788780212
0.23168182373046875 0.23559871315956116
0.23160332441329956 0.23693743348121643
0.23133043944835663 0.2513204514980316
0.23131504654884338 0.2551647424697876
0.2312118113040924 0.24671638011932373
0.23107686638832092 0.25341901183128357
0.23105108737945557 0.2919486165046692
0.23099973797798157 0.25299519300460815
0.2309587150812149 0.2807663381099701
0.23075470328330994 0.2812439203262329
0.2306501865386963 0.2448273003101349
0.23063881695270538 0.3230050206184387
0.23022498190402985 0.3539641797542572
0.2296324372291565 0.26248419284820557
0.22946780920028687 0.24657109379768372
0.22911439836025238 0.27733927965164185
0.2290627807378769 0.24630658328533173
0.2288077026605606 0.25958359241485596
0.22875571250915527 0.25593242049217224
0.22872252762317657 0.31191354990005493
0.22868257761001587 0.26378652453422546
0.22854135930538177 0.2732267677783966
0.22849643230438232 0.24296410381793976
0.2284141331911087 0.252387672662735
0.2283390462398529 0.2548064887523651
0.22826576232910156 0.3265860080718994
0.22819103300571442 0.2504408657550812
0.22751618921756744 0.23590119183063507
0.22749851644039154 0.2682798206806183
0.22745980322360992 0.34758424758911133
0.22745291888713837 0.24049022793769836
0.22744162380695343 0.28784310817718506
0.22741560637950897 0.25877079367637634
0.22702458500862122 0.24748915433883667
0.22675807774066925 0.25524353981018066
0.22657199203968048 0.233576700091362
0.22655914723873138 0.23654058575630188
0.22622224688529968 0.2641826868057251
0.2260720431804657 0.2652554512023926
0.2260454148054123 0.25708311796188354
0.22600173950195312 0.2688674330711365
0.2258828729391098 0.2373625487089157
0.22586305439472198 0.2755836844444275
0.22571498155593872 0.2656535804271698
0.22570618987083435 0.2628890872001648
0.2256939858198166 0.26022329926490784
0.22540314495563507 0.24153251945972443
0.22539804875850677 0.2679649591445923
0.225099116563797 0.2260686159133911
0.22506757080554962 0.2848111093044281
0.22503377497196198 0.2858697772026062
0.2250048816204071 0.286728173494339
0.22489900887012482 0.2613678574562073
0.22468599677085876 0.2404274046421051
0.22444945573806763 0.2523748278617859
0.22411373257637024 0.27532514929771423
0.22400441765785217 0.2352682650089264
0.22392314672470093 0.2819356322288513
0.2238578498363495 0.28572046756744385
0.2237982600927353 0.23263999819755554
0.22379541397094727 0.2578792870044708
0.2237338274717331 0.3130388557910919
0.2235037088394165 0.36049115657806396
0.22335755825042725 0.24087457358837128
0.2233068346977234 0.3274698257446289
0.22319228947162628 0.22354647517204285
0.2231520116329193 0.31431111693382263
0.2230033129453659 0.24855734407901764
0.22300022840499878 0.2241673469543457
0.2229926884174347 0.24263522028923035
0.22290553152561188 0.26311564445495605
0.2228735089302063 0.2709963321685791
0.22276204824447632 0.24873730540275574
0.2227180004119873 0.2759482264518738
0.2227087765932083 0.2886079251766205
0.22268201410770416 0.26935797929763794
0.2226477414369583 0.27966082096099854
0.22264014184474945 0.23125268518924713
0.2226327359676361 0.23027750849723816
0.22254733741283417 0.26959890127182007
0.22250251471996307 0.2235192209482193
0.22233419120311737 0.2632998526096344
0.22215251624584198 0.2544515132904053
0.2219233512878418 0.23337461054325104
0.22186864912509918 0.28802254796028137
0.22181156277656555 0.2593258321285248
0.22153154015541077 0.2275105118751526
0.22133173048496246 0.23554474115371704
0.22126679122447968 0.3014213740825653
0.2211073935031891 0.274137020111084
0.2208719551563263 0.2236955612897873
0.22068507969379425 0.24217557907104492
0.2203700840473175 0.31740802526474
0.220297709107399 0.23629048466682434
0.2202780395746231 0.23350590467453003
0.22027745842933655 0.24500802159309387
0.22010087966918945 0.2694514989852905
0.21976041793823242 0.2538001537322998
0.21973349153995514 0.25398892164230347
0.21916615962982178 0.3365640342235565
0.21913747489452362 0.2375074326992035
0.21910543739795685 0.286427766084671
0.21907006204128265 0.25924819707870483
0.21904483437538147 0.23024620115756989
0.21900025010108948 0.22292952239513397
0.21879048645496368 0.22424259781837463
0.21872515976428986 0.2899170517921448
0.21859370172023773 0.24731947481632233
0.21855907142162323 0.23463226854801178
0.2185446172952652 0.237329363822937
0.21831339597702026 0.25945642590522766
0.2179318219423294 0.31620949506759644
0.21776294708251953 0.23830413818359375
0.21775886416435242 0.29594355821609497
0.21766604483127594 0.2538958489894867
0.21725133061408997 0.28108417987823486
0.21695388853549957 0.22862839698791504
0.21689577400684357 0.27085259556770325
0.21681173145771027 0.3044379651546478
0.2167992740869522 0.23014864325523376
0.2164289355278015 0.23382748663425446
0.21640828251838684 0.2456168532371521
0.21638397872447968 0.2460511326789856
0.21629488468170166 0.26372596621513367
0.21623311936855316 0.2518611252307892
0.21610970795154572 0.2562229037284851
0.21598488092422485 0.29251158237457275
0.21591052412986755 0.22562675178050995
0.21586205065250397 0.2691233456134796
0.21583107113838196 0.22297020256519318
0.2158115804195404 0.22236238420009613
0.21573632955551147 0.2754018306732178
0.21561363339424133 0.22943340241909027
0.21541260182857513 0.22584696114063263
0.21521344780921936 0.24765947461128235
0.21518298983573914 0.272277295589447
0.21504026651382446 0.28035828471183777
0.21466057002544403 0.34815123677253723
0.21438263356685638 0.3234485685825348
0.21431340277194977 0.23042143881320953
0.21430230140686035 0.21719634532928467
0.21429382264614105 0.255750447511673
0.21381038427352905 0.2943311929702759
0.21367597579956055 0.28609201312065125
0.213570699095726 0.22327172756195068
0.21300604939460754 0.22316093742847443
0.21299020946025848 0.34415414929389954
0.21292805671691895 0.3575957119464874
0.21292585134506226 0.2657179832458496
0.21279402077198029 0.26964420080184937
0.21279332041740417 0.2140173763036728
0.2125864326953888 0.26032692193984985
0.2117825597524643 0.21789368987083435
0.21170760691165924 0.2143721580505371
0.210924431681633 0.23591972887516022
0.21078422665596008 0.22791288793087006
0.21051087975502014 0.2147914320230484
0.2104378342628479 0.32196155190467834
0.21028947830200195 0.2767612934112549
0.21018195152282715 0.26399850845336914
0.20989616215229034 0.3627777397632599
0.2098703384399414 0.24536007642745972
0.2097860425710678 0.3272901773452759
0.20969195663928986 0.24693775177001953
0.2095969319343567 0.24633832275867462
0.20931373536586761 0.23422984778881073
0.2087651491165161 0.2855433225631714
0.20870506763458252 0.20937983691692352
0.20833438634872437 0.30851033329963684
0.20811022818088531 0.3115108907222748
0.20794932544231415 0.2386106699705124
0.20793724060058594 0.3563309609889984
0.20779336988925934 0.2892190217971802
0.20769935846328735 0.26077792048454285
0.20752456784248352 0.2256019115447998
0.20734743773937225 0.21407631039619446
0.20734311640262604 0.20902135968208313
0.2070310413837433 0.21879558265209198
0.2069440633058548 0.2909040153026581
0.20679759979248047 0.23675261437892914
0.2067892998456955 0.2593863010406494
0.20668452978134155 0.2720315158367157
0.20638029277324677 0.29139000177383423
0.20631155371665955 0.259164422750473
0.2060399204492569 0.2609443664550781
0.20588451623916626 0.20612499117851257
0.20558427274227142 0.2592370808124542
0.20551274716854095 0.23599819839000702
0.20546460151672363 0.2494780719280243
0.20545457303524017 0.30239295959472656
0.205330029129982 0.24585752189159393
0.20523937046527863 0.27540162205696106
0.20520749688148499 0.2059442698955536
0.20502479374408722 0.21841484308242798
0.20425914227962494 0.2583829462528229
0.2041994333267212 0.22686491906642914
0.20402242243289948 0.21742267906665802
0.2037942260503769 0.32109642028808594
0.20378462970256805 0.29220250248908997
0.20302565395832062 0.2859160006046295
0.20266923308372498 0.26496535539627075
0.2026406079530716 0.2770630121231079
0.20253439247608185 0.2579231262207031
0.20250757038593292 0.25820446014404297
0.201752170920372 0.2366335391998291
0.2016814798116684 0.24367456138134003
0.20127607882022858 0.2059628963470459
0.20113502442836761 0.2508704960346222
0.20099255442619324 0.21399974822998047
0.20089846849441528 0.21416953206062317
0.20068767666816711 0.29220250248908997
0.2004910111427307 0.2586383819580078
0.20016948878765106 0.3350217640399933
0.19999586045742035 0.32660767436027527
0.19981792569160461 0.22692066431045532
0.19972847402095795 0.33425605297088623
0.19963087141513824 0.26781344413757324
0.19943590462207794 0.2772639989852905
0.19939261674880981 0.2698465883731842
0.19934619963169098 0.2177187204360962
0.19931742548942566 0.22868114709854126
0.19907408952713013 0.2800649404525757
0.19854052364826202 0.215877965092659
0.19801579415798187 0.2067626714706421
0.19779177010059357 0.31834298372268677
0.1977638453245163 0.24216243624687195
0.19759629666805267 0.19871677458286285
0.1971709132194519 0.30368897318840027
0.19700191915035248 0.20922259986400604
0.19695666432380676 0.20539475977420807
0.19669845700263977 0.3242870271205902
0.1959538608789444 0.19679750502109528
0.1959497630596161 0.2149997055530548
0.19556713104248047 0.30760064721107483
0.19547054171562195 0.2241385579109192
0.19505000114440918 0.22848716378211975
0.19487987458705902 0.21037237346172333
0.19477349519729614 0.22560666501522064
0.1944931298494339 0.22191089391708374
0.19444866478443146 0.23316740989685059
0.19440826773643494 0.27563491463661194
0.19406425952911377 0.34615394473075867
0.19327832758426666 0.19448234140872955
0.19298967719078064 0.27909430861473083
0.1926673948764801 0.21241462230682373
0.19261741638183594 0.19615311920642853
0.19260413944721222 0.2640851140022278
0.19172942638397217 0.2277483493089676
0.19161014258861542 0.33790838718414307
0.19135285913944244 0.2652440369129181
0.19121751189231873 0.2368525117635727
0.19107837975025177 0.24382273852825165
0.19094599783420563 0.25838884711265564
0.19084201753139496 0.19099992513656616
0.19018027186393738 0.2853693664073944
0.1901758909225464 0.2066241353750229
0.18985915184020996 0.2762471139431
0.18969622254371643 0.1969124972820282
0.18958400189876556 0.23919013142585754
0.18798506259918213 0.26488322019577026
0.18767161667346954 0.200591579079628
0.18667057156562805 0.20430612564086914
0.18401482701301575 0.25047919154167175
0.1825922131538391 0.2447965443134308
0.1807817667722702 0.20033322274684906
0.17882774770259857 0.19407035410404205
0.17854028940200806 0.2580067813396454
0.1768883466720581 0.18729248642921448
0.1753155142068863 0.17548033595085144
0.17496353387832642 0.19226893782615662
0.1736268848180771 0.17886266112327576
0.17051292955875397 0.1798061728477478
0.16674718260765076 0.19595186412334442
0.16491523385047913 0.17084525525569916
0.16377443075180054 0.18744204938411713
0.14991815388202667 0.1787811815738678
0.14948324859142303 0.20172259211540222
0.14305837452411652 0.15517868101596832
0.11468836665153503 0.12165085971355438
0.10520163178443909 0.11229192465543747
0.0794672891497612 0.08122014999389648
