0.39155682921409607 0.3931748867034912
0.3681066334247589 0.3775147795677185
0.36549538373947144 0.4080851376056671
0.34826260805130005 0.3483487069606781
0.34273871779441833 0.3885483145713806
0.3299214839935303 0.3622710704803467
0.3294772207736969 0.3631964325904846
0.3233895003795624 0.32821598649024963
0.32073041796684265 0.3274034857749939
0.31841373443603516 0.32388487458229065
0.3173123002052307 0.3425080180168152
0.31675195693969727 0.413348525762558
0.3162478804588318 0.32008200883865356
0.31410083174705505 0.3358367383480072
0.31154993176460266 0.3120393753051758
0.3097079396247864 0.3132649064064026
0.3016711175441742 0.3429982662200928
0.2995932996273041 0.3184840679168701
0.29816409945487976 0.42028385400772095
0.29509299993515015 0.31983157992362976
0.29504552483558655 0.30236244201660156
0.29457271099090576 0.30112674832344055
0.29284679889678955 0.3243708610534668
0.29248949885368347 0.29410290718078613
0.2911282479763031 0.3744680881500244
0.29078060388565063 0.3621692955493927
0.29021111130714417 0.3278679847717285
0.28908056020736694 0.3400647044181824
0.28775933384895325 0.31983157992362976
0.2858410179615021 0.32642480731010437
0.2858247756958008 0.3127920925617218
0.28428900241851807 0.29967087507247925
0.28366586565971375 0.3028342127799988
0.2834940254688263 0.29704633355140686
0.2830154001712799 0.28342577815055847
0.28248775005340576 0.28717583417892456
0.282074898481369 0.30138570070266724
0.2815288007259369 0.3002273738384247
0.2812110185623169 0.3322453498840332
0.28103601932525635 0.30307286977767944
0.2801281809806824 0.28441905975341797
0.27981331944465637 0.3101126253604889
0.2790263593196869 0.30208638310432434
0.27878478169441223 0.3347555696964264
0.2787666618824005 0.30767622590065
0.27854612469673157 0.32304075360298157
0.27853620052337646 0.2956049144268036
0.27735310792922974 0.29346534609794617
0.27717509865760803 0.328686386346817
0.27586621046066284 0.27632662653923035
0.2755657136440277 0.3026466965675354
0.2751672863960266 0.320240318775177
0.2747773826122284 0.3134128153324127
0.2743435204029083 0.3073405921459198
0.27411526441574097 0.34129655361175537
0.2739018499851227 0.27539685368537903
0.2727023661136627 0.2918807864189148
0.27166423201560974 0.2941533327102661
0.2714526951313019 0.2826266884803772
0.27046602964401245 0.30504110455513
0.2696760892868042 0.2734663188457489
0.2688174843788147 0.387591689825058
0.26805412769317627 0.26844245195388794
0.2678161859512329 0.29968690872192383
0.26775047183036804 0.28717583417892456
0.2674005329608917 0.28036367893218994
0.26677724719047546 0.2914409935474396
0.26670506596565247 0.27863892912864685
0.2666133940219879 0.2998902499675751
0.2665942907333374 0.3151744604110718
0.26646947860717773 0.2807798683643341
0.2662418484687805 0.2686125636100769
0.26610544323921204 0.2824508547782898
0.2659353017807007 0.36458051204681396
0.26494520902633667 0.2689596712589264
0.26448574662208557 0.274286687374115
0.2643028795719147 0.2873936593532562
0.2639831602573395 0.27762559056282043
0.26393502950668335 0.2819039821624756
0.2638486623764038 0.28209081292152405
0.26283586025238037 0.27150341868400574
0.26266735792160034 0.26736781001091003
0.26263007521629333 0.30524522066116333
0.2619383931159973 0.28673720359802246
0.2619037628173828 0.2629859745502472
0.2607114613056183 0.29103633761405945
0.26042231917381287 0.2796603739261627
0.26004838943481445 0.29663851857185364
0.2600004971027374 0.30022281408309937
0.25966712832450867 0.2620115876197815
0.2595864534378052 0.28838416934013367
0.2592018246650696 0.30583611130714417
0.2591562569141388 0.30591657757759094
0.2586810886859894 0.2746308743953705
0.25858286023139954 0.27995654940605164
0.257243812084198 0.28485941886901855
0.2571488320827484 0.2953111529350281
0.2567654550075531 0.26499706506729126
0.2565581798553467 0.25689128041267395
0.25632134079933167 0.25841569900512695
0.2561895549297333 0.26326248049736023
0.25599461793899536 0.2710523307323456
0.25597530603408813 0.2603015601634979
0.255849152803421 0.26261115074157715
0.25583529472351074 0.28410929441452026
0.25560325384140015 0.27237415313720703
0.2554737627506256 0.27793648838996887
0.25531917810440063 0.37963971495628357
0.2549876272678375 0.271664559841156
0.25475484132766724 0.26140838861465454
0.25427743792533875 0.2758031487464905
0.2541345953941345 0.28620314598083496
0.25392746925354004 0.26003485918045044
0.2539253234863281 0.2866552770137787
0.2538037896156311 0.29575496912002563
0.25378668308258057 0.26493626832962036
0.253632128238678 0.25689128041267395
0.25266942381858826 0.263378769159317
0.25266027450561523 0.2616201341152191
0.25207242369651794 0.2553554177284241
0.25175830721855164 0.25666239857673645
0.2513674795627594 0.25316786766052246
0.2511310875415802 0.2826162874698639
0.2508932054042816 0.3201582133769989
0.2507425844669342 0.28989362716674805
0.250736266374588 0.2821912467479706
0.25037267804145813 0.311409056186676
0.2503511905670166 0.26900359988212585
0.2503370940685272 0.30242469906806946
0.2502904534339905 0.26034557819366455
0.2502361238002777 0.2643636465072632
0.24975354969501495 0.2650577127933502
0.24967728555202484 0.259935587644577
0.24952223896980286 0.2803897261619568
0.2492998093366623 0.25450146198272705
0.24926455318927765 0.25320568680763245
0.24922049045562744 0.3217982053756714
0.24919070303440094 0.2580203115940094
0.24861666560173035 0.28511741757392883
0.2483774572610855 0.2685571014881134
0.24814604222774506 0.3106685280799866
0.24811509251594543 0.30531617999076843
0.24742382764816284 0.2604530453681946
0.24689023196697235 0.258089154958725
0.2468448132276535 0.27750998735427856
0.24649465084075928 0.2638770043849945
0.24634906649589539 0.25782835483551025
0.2462312877178192 0.29190245270729065
0.24551793932914734 0.25660207867622375
0.24525770545005798 0.26756542921066284
0.24520555138587952 0.3227726221084595
0.2450914829969406 0.3358069658279419
0.24448926746845245 0.3040584921836853
0.24448862671852112 0.2587905824184418
0.24356457591056824 0.26367613673210144
0.24333001673221588 0.32779496908187866
0.24302805960178375 0.25662919878959656
0.24299021065235138 0.31652358174324036
0.2429669052362442 0.27022093534469604
0.24249941110610962 0.24899470806121826
0.2421564757823944 0.2751334011554718
0.24203777313232422 0.28366705775260925
0.2417762726545334 0.30365777015686035
0.2417283058166504 0.2599097490310669
0.2415761500597 0.26404836773872375
0.24145381152629852 0.30662015080451965
0.2411699742078781 0.24402809143066406
0.24115410447120667 0.2513163387775421
0.24104367196559906 0.2587842345237732
0.24053901433944702 0.2652210593223572
0.24044157564640045 0.2913818359375
0.24021272361278534 0.24632467329502106
0.23993632197380066 0.30513349175453186
0.239741250872612 0.25067731738090515
0.2393881231546402 0.28057557344436646
0.23931561410427094 0.2860338091850281
0.23909343779087067 0.24366311728954315
0.23905691504478455 0.28515422344207764
0.2389455884695053 0.25523996353149414
0.23867562413215637 0.29863986372947693
0.23827007412910461 0.2681134343147278
0.23816001415252686 0.29937559366226196
0.2379733920097351 0.28290390968322754
0.23789644241333008 0.24519513547420502
0.23783241212368011 0.27189499139785767
0.23730450868606567 0.23929354548454285
0.23623885214328766 0.25705140829086304
0.23615068197250366 0.24308991432189941
0.2360588163137436 0.23913295567035675
0.23602594435214996 0.2573361396789551
0.23588380217552185 0.2712520956993103
0.23588287830352783 0.25954949855804443
0.2358449399471283 0.28337362408638
0.2357000857591629 0.29415881633758545
0.23566794395446777 0.2665197253227234
0.23558712005615234 0.25432664155960083
0.2355664223432541 0.3126952052116394
0.23542505502700806 0.2505415678024292
0.23514501750469208 0.2754651606082916
0.23493103682994843 0.23787887394428253
0.23483651876449585 0.2543194890022278
0.23481720685958862 0.2891443371772766
0.234770268201828 0.2422090321779251
0.23463174700737 0.2725904583930969
0.23450703918933868 0.25181591510772705
0.23413369059562683 0.2452746033668518
0.23406416177749634 0.25583094358444214
0.23404492437839508 0.288140207529068
0.23371918499469757 0.27586525678634644
0.23359335958957672 0.23849599063396454
0.23338532447814941 0.3386271297931671
0.2333672195672989 0.23590785264968872
0.23305334150791168 0.3331277668476105
0.23268823325634003 0.23940308392047882
0.23251748085021973 0.303384393453598
0.23238396644592285 0.2773910462856293
0.2320968359708786 0.2747131288051605
0.2320481538772583 0.3316513001918793
0.2317979335784912 0.3022567629814148
0.2316540628671646 0.28127729892730713
0.23165006935596466 0.28341323137283325
0.23140212893486023 0.2851433753967285
0.23133577406406403 0.27747398614883423
0.2312304675579071 0.25589558482170105
0.23122110962867737 0.3037520945072174
0.23117239773273468 0.39530500769615173
0.2308560311794281 0.25412172079086304
0.2307419627904892 0.28757911920547485
0.230436310172081 0.26096153259277344
0.23036853969097137 0.30806171894073486
0.23013414442539215 0.25846174359321594
0.22992992401123047 0.2382853925228119
0.2298005074262619 0.2639731466770172
0.22978182137012482 0.2656223475933075
0.2289714217185974 0.3796699643135071
0.22874774038791656 0.2543190121650696
0.22845908999443054 0.233875572681427
0.22843624651432037 0.3824077248573303
0.22826741635799408 0.259170800447464
0.22806236147880554 0.25664931535720825
0.22777248919010162 0.23112370073795319
0.22775450348854065 0.241547092795372
0.22715677320957184 0.29502156376838684
0.22691911458969116 0.2362324446439743
0.2267581969499588 0.3242112994194031
0.22656898200511932 0.23855586349964142
0.22655104100704193 0.24921932816505432
0.2265184074640274 0.2970677316188812
0.22616076469421387 0.22825683653354645
0.22592377662658691 0.24723827838897705
0.22565175592899323 0.2535572350025177
0.22561347484588623 0.23031586408615112
0.2254556119441986 0.40234479308128357
0.2250978648662567 0.24607180058956146
0.2250630408525467 0.23275312781333923
0.2248825579881668 0.2546563446521759
0.22475601732730865 0.2600962221622467
0.22468450665473938 0.22949755191802979
0.22457657754421234 0.3180696666240692
0.22446376085281372 0.2350447177886963
0.22417262196540833 0.3158950209617615
0.2240954041481018 0.22740691900253296
0.22407865524291992 0.26172715425491333
0.22403773665428162 0.23465274274349213
0.2239573746919632 0.25160396099090576
0.22395066916942596 0.2282966673374176
0.22373327612876892 0.3324502408504486
0.2235572636127472 0.3110883831977844
0.22353942692279816 0.23724496364593506
0.2232884168624878 0.2767084836959839
0.22300514578819275 0.2939295470714569
0.22296996414661407 0.3453553318977356
0.22283349931240082 0.2527411878108978
0.22264224290847778 0.3082040846347809
0.22259238362312317 0.22574549913406372
0.22245724499225616 0.24662482738494873
0.22235599160194397 0.30099231004714966
0.2222689986228943 0.24401448667049408
0.22217923402786255 0.22654438018798828
0.22216688096523285 0.25186607241630554
0.2221507579088211 0.3236122727394104
0.2220342755317688 0.24938346445560455
0.22198699414730072 0.24076557159423828
0.22195979952812195 0.39248064160346985
0.221345916390419 0.2997015416622162
0.22121985256671906 0.25602996349334717
0.22120963037014008 0.22756662964820862
0.2209465652704239 0.26233652234077454
0.22092211246490479 0.2707959711551666
0.22090037167072296 0.22830602526664734
0.2208634614944458 0.2732396423816681
0.22083736956119537 0.2212074100971222
0.22077831625938416 0.2290990799665451
0.22075572609901428 0.23992997407913208
0.22062885761260986 0.2628878355026245
0.22062836587429047 0.24927933514118195
0.2205493301153183 0.2377764731645584
0.22048315405845642 0.2302149385213852
0.22029642760753632 0.31293681263923645
0.219821035861969 0.315663605928421
0.2197452187538147 0.3420592248439789
0.21935111284255981 0.26487863063812256
0.21920505166053772 0.24222661554813385
0.21917441487312317 0.2827950716018677
0.2191312462091446 0.25023913383483887
0.2190859317779541 0.25070399045944214
0.21903589367866516 0.22479671239852905
0.21895720064640045 0.26051583886146545
0.2189057171344757 0.21907038986682892
0.21889261901378632 0.3433895409107208
0.2187345027923584 0.2791575491428375
0.21873442828655243 0.304321825504303
0.21868041157722473 0.22826500236988068
0.21822808682918549 0.2436453253030777
0.21817617118358612 0.2853638529777527
0.2179608792066574 0.30331525206565857
0.21782845258712769 0.2254907637834549
0.2176586389541626 0.2367325723171234
0.21729803085327148 0.33604681491851807
0.21728333830833435 0.21994104981422424
0.2171344757080078 0.2754010558128357
0.21680347621440887 0.22983191907405853
0.21677184104919434 0.3362251818180084
0.2167157679796219 0.22121621668338776
0.21669282019138336 0.23848743736743927
0.21658319234848022 0.30570676922798157
0.21645662188529968 0.24779997766017914
0.21637436747550964 0.3089340031147003
0.21630032360553741 0.24965199828147888
0.21628496050834656 0.23144547641277313
0.21627463400363922 0.24491652846336365
0.21618865430355072 0.2608565092086792
0.21618078649044037 0.23422956466674805
0.2161325365304947 0.25627419352531433
0.21612240374088287 0.27142131328582764
0.21584507822990417 0.32087692618370056
0.2154162973165512 0.21597178280353546
0.21527864038944244 0.23952330648899078
0.21483317017555237 0.22090914845466614
0.21481774747371674 0.2523820102214813
0.2147524654865265 0.2551851272583008
0.21471062302589417 0.22001272439956665
0.2146783024072647 0.21619132161140442
0.21445485949516296 0.23609305918216705
0.21412360668182373 0.27081426978111267
0.2141195833683014 0.27268561720848083
0.21406687796115875 0.21747879683971405
0.21380989253520966 0.338150292634964
0.21362300217151642 0.2184656709432602
0.2135501652956009 0.21430212259292603
0.21345484256744385 0.2827441096305847
0.21345044672489166 0.23054881393909454
0.21338105201721191 0.30459898710250854
0.21331797540187836 0.24428749084472656
0.21318626403808594 0.2983398735523224
0.21260343492031097 0.33337652683258057
0.21254631876945496 0.21427330374717712
0.21254310011863708 0.22016645967960358
0.21252425014972687 0.3106406629085541
0.2121978998184204 0.3259604275226593
0.21215493977069855 0.21817778050899506
0.2121175229549408 0.24144449830055237
0.21205739676952362 0.26191446185112
0.2119503915309906 0.24949949979782104
0.21174409985542297 0.24399061501026154
0.21173815429210663 0.23288297653198242
0.21167409420013428 0.23864251375198364
0.21143336594104767 0.42009860277175903
0.21125692129135132 0.3316928446292877
0.21106187999248505 0.21219132840633392
0.21103528141975403 0.21978452801704407
0.2108973115682602 0.22170372307300568
0.21070323884487152 0.21252645552158356
0.21055488288402557 0.262807160615921
0.2104596048593521 0.2511393129825592
0.21038737893104553 0.2572893500328064
0.21023090183734894 0.22307832539081573
0.2102188915014267 0.3175702393054962
0.2101178765296936 0.2868483364582062
0.20998165011405945 0.3017304837703705
0.2096034586429596 0.292349249124527
0.2094663679599762 0.3116064965724945
0.2090688943862915 0.2322707325220108
0.20895756781101227 0.26560288667678833
0.2089056670665741 0.21520261466503143
0.20872822403907776 0.31228551268577576
0.20862749218940735 0.23452864587306976
0.20855370163917542 0.22204722464084625
0.20845596492290497 0.26847752928733826
0.20827555656433105 0.2178778052330017
0.20817415416240692 0.257571280002594
0.20804989337921143 0.2559211552143097
0.20782747864723206 0.24819955229759216
0.2074754238128662 0.21933649480342865
0.20699547231197357 0.28968074917793274
0.20692510902881622 0.21726280450820923
0.2068072259426117 0.20976702868938446
0.20673434436321259 0.2461700141429901
0.2066771239042282 0.23301124572753906
0.2066737413406372 0.23506678640842438
0.20664353668689728 0.25495660305023193
0.20646065473556519 0.2288527637720108
0.20629659295082092 0.21523015201091766
0.20622950792312622 0.24565759301185608
0.206198051571846 0.31103992462158203
0.2058834582567215 0.2816541790962219
0.2058044970035553 0.2801485061645508
0.20573578774929047 0.2204914093017578
0.20526689291000366 0.22326144576072693
0.20515675842761993 0.2641926407814026
0.205097496509552 0.3160339891910553
0.20507165789604187 0.2706890404224396
0.20498992502689362 0.33206072449684143
0.20496413111686707 0.22508861124515533
0.20491063594818115 0.27312102913856506
0.20473931729793549 0.30318930745124817
0.20469814538955688 0.27455928921699524
0.20462185144424438 0.2979681193828583
0.204501673579216 0.2469375729560852
0.20426084101200104 0.23706358671188354
0.2039681077003479 0.21364830434322357
0.20377705991268158 0.3084067702293396
0.2036927044391632 0.2585045397281647
0.20368213951587677 0.27151745557785034
0.20365768671035767 0.25152236223220825
0.2035021334886551 0.3241107761859894
0.20326586067676544 0.23609305918216705
0.20298311114311218 0.24720284342765808
0.20297473669052124 0.2771528661251068
0.20294588804244995 0.32048484683036804
0.2028019279241562 0.23154038190841675
0.20272642374038696 0.2542000412940979
0.20245566964149475 0.254955530166626
0.20169270038604736 0.2118091881275177
0.20145674049854279 0.38764870166778564
0.20132167637348175 0.22870580852031708
0.20121096074581146 0.2332715541124344
0.2011612504720688 0.21083508431911469
0.20100870728492737 0.26169759035110474
0.20092196762561798 0.27046382427215576
0.19998276233673096 0.26274168491363525
0.1998877376317978 0.24755695462226868
0.1990201771259308 0.25295180082321167
0.198959618806839 0.23671627044677734
0.1984253078699112 0.3246409595012665
0.197495698928833 0.29159247875213623
0.19732333719730377 0.22100482881069183
0.19716674089431763 0.23416784405708313
0.19683048129081726 0.2770441770553589
0.19661466777324677 0.21729065477848053
0.19629642367362976 0.34457242488861084
0.19606617093086243 0.2999192476272583
0.19573840498924255 0.27635160088539124
0.19570501148700714 0.3025546371936798
0.1955496221780777 0.2222186177968979
0.19553108513355255 0.2173042893409729
0.19536027312278748 0.24251845479011536
0.1951960176229477 0.26294225454330444
0.19491827487945557 0.28030890226364136
0.1946810930967331 0.2658374607563019
0.19457367062568665 0.2508184313774109
0.1940634548664093 0.21235954761505127
0.1931319534778595 0.25927734375
0.19285336136817932 0.24348478019237518
0.19231800734996796 0.2558455467224121
0.192148357629776 0.2514690160751343
0.19164952635765076 0.1976785808801651
0.19122116267681122 0.22848421335220337
0.19104142487049103 0.24514704942703247
0.1906118392944336 0.28638580441474915
0.19038429856300354 0.19674968719482422
0.18952685594558716 0.24921932816505432
0.18938790261745453 0.23527367413043976
0.1888262778520584 0.23296669125556946
0.1885349303483963 0.2560332119464874
0.18784646689891815 0.26075243949890137
0.1861400455236435 0.26178932189941406
0.18459545075893402 0.20688726007938385
0.183384969830513 0.21069030463695526
0.18303243815898895 0.2147335261106491
0.18247593939304352 0.21150629222393036
0.18115901947021484 0.2615393400192261
0.1787431687116623 0.19735583662986755
0.17604923248291016 0.18183359503746033
0.1750795990228653 0.2560701072216034
0.1642274111509323 0.1843765825033188
0.1633462756872177 0.1958533227443695
0.16102376580238342 0.1611054390668869
0.14994195103645325 0.15123021602630615
0.1425260752439499 0.1458722949028015
0.13687270879745483 0.17246364057064056
0.13604332506656647 0.1423031985759735
0.13564273715019226 0.16636686027050018
0.12075973302125931 0.13618868589401245
0.11770062893629074 0.1271935999393463
0.10096725076436996 0.10702386498451233
0.08029001951217651 0.0964648425579071
