0.37878236174583435 0.38800081610679626
0.3657151162624359 0.37779438495635986
0.3567869961261749 0.3658364713191986
0.350263386964798 0.37881389260292053
0.34864985942840576 0.38557568192481995
0.34740060567855835 0.370376855134964
0.34606581926345825 0.3565042316913605
0.3455687463283539 0.35369035601615906
0.34378695487976074 0.41988229751586914
0.33796367049217224 0.3466373383998871
0.3376403748989105 0.3425730764865875
0.3368742763996124 0.3588545322418213
0.33535024523735046 0.35600000619888306
0.32991331815719604 0.34636589884757996
0.32886242866516113 0.35251930356025696
0.3285521864891052 0.3458317220211029
0.3281589150428772 0.33415430784225464
0.32806432247161865 0.33350929617881775
0.3269067704677582 0.34265103936195374
0.32628166675567627 0.3698052167892456
0.32092002034187317 0.32295358180999756
0.32042959332466125 0.3383924663066864
0.31961527466773987 0.33680427074432373
0.3191143572330475 0.35527303814888
0.3174861669540405 0.32337501645088196
0.3168047368526459 0.32632753252983093
0.31253141164779663 0.33779191970825195
0.31205180287361145 0.3152475357055664
0.31121474504470825 0.3235612213611603
0.30905258655548096 0.39109209179878235
0.3086934983730316 0.32430973649024963
0.3077448606491089 0.35241246223449707
0.30715397000312805 0.32984307408332825
0.30670538544654846 0.3481842279434204
0.3062570095062256 0.31379008293151855
0.3062550723552704 0.3474828898906708
0.3052370250225067 0.3139312267303467
0.3042161464691162 0.34332552552223206
0.3039538860321045 0.3308069109916687
0.3022424280643463 0.33197298645973206
0.3017165958881378 0.3121069073677063
0.30062076449394226 0.3538447320461273
0.2974366545677185 0.3458317220211029
0.29668062925338745 0.31181079149246216
0.29479750990867615 0.30640557408332825
0.2947781980037689 0.3240295350551605
0.2944446802139282 0.34001126885414124
0.29395806789398193 0.3920808434486389
0.29152345657348633 0.32363027334213257
0.2913029193878174 0.32427918910980225
0.28956663608551025 0.3470577895641327
0.2873530387878418 0.34585118293762207
0.28707200288772583 0.3273114562034607
0.2854948341846466 0.3702918589115143
0.2849981188774109 0.4022575616836548
0.2846238911151886 0.3344360291957855
0.28379639983177185 0.35227951407432556
0.28350839018821716 0.2873217463493347
0.28255289793014526 0.28779616951942444
0.2813177704811096 0.2873898148536682
0.2809096872806549 0.29101091623306274
0.2790118157863617 0.3290647566318512
0.2775392532348633 0.2822108566761017
0.2763788104057312 0.28231146931648254
0.2760334312915802 0.28040817379951477
0.27583470940589905 0.2772330939769745
0.27509236335754395 0.30128803849220276
0.2744646966457367 0.3573421239852905
0.27299782633781433 0.2968079149723053
0.27288952469825745 0.28931328654289246
0.2727735936641693 0.31332388520240784
0.27230024337768555 0.3492543697357178
0.2688572108745575 0.32770836353302
0.2672213017940521 0.2792873978614807
0.2670014798641205 0.3178226053714752
0.2659481167793274 0.34271562099456787
0.2641946077346802 0.2811385989189148
0.26386064291000366 0.2834891676902771
0.2629524767398834 0.3474113643169403
0.2622435390949249 0.26548460125923157
0.26122719049453735 0.3430445194244385
0.26121753454208374 0.30135437846183777
0.2605236768722534 0.27781546115875244
0.25953251123428345 0.35160335898399353
0.25834110379219055 0.31014201045036316
0.2569924294948578 0.351535439491272
0.25676974654197693 0.35600340366363525
0.25640153884887695 0.29024890065193176
0.2551451027393341 0.29681023955345154
0.2546759247779846 0.41702768206596375
0.25396648049354553 0.3282013535499573
0.2539064288139343 0.35402005910873413
0.25232091546058655 0.264930784702301
0.25208693742752075 0.2565106451511383
0.25115931034088135 0.31565192341804504
0.2503204047679901 0.27744218707084656
0.2476525604724884 0.33714306354522705
0.24729859828948975 0.2930138409137726
0.24692946672439575 0.32816943526268005
0.2460610717535019 0.33427709341049194
0.2459995001554489 0.2610306143760681
0.24590878188610077 0.268011212348938
0.2457628846168518 0.2586412727832794
0.24575430154800415 0.3112301826477051
0.2437898963689804 0.31996285915374756
0.24366885423660278 0.2496132105588913
0.2432861328125 0.3370008170604706
0.24276821315288544 0.31927478313446045
0.24274942278862 0.28044360876083374
0.2426374852657318 0.2884215712547302
0.24256575107574463 0.3413643538951874
0.24245187640190125 0.3271655738353729
0.24235044419765472 0.24997176229953766
0.24227358400821686 0.31735968589782715
0.24144773185253143 0.3031468093395233
0.2407594472169876 0.24100859463214874
0.24039766192436218 0.2555685341358185
0.24032436311244965 0.32814913988113403
0.24022269248962402 0.27389150857925415
0.23932911455631256 0.32516491413116455
0.2385159134864807 0.348994642496109
0.23811770975589752 0.2762259244918823
0.23788219690322876 0.27297428250312805
0.2374819964170456 0.2597145140171051
0.2373119443655014 0.35797399282455444
0.23718875646591187 0.25447309017181396
0.23672041296958923 0.2786514163017273
0.2366684377193451 0.32249191403388977
0.23618941009044647 0.3604981005191803
0.23569343984127045 0.35621243715286255
0.23557814955711365 0.3100486993789673
0.23537293076515198 0.23882609605789185
0.2353551685810089 0.2528877854347229
0.23531588912010193 0.3035275638103485
0.23490048944950104 0.33694371581077576
0.2347211390733719 0.23854994773864746
0.23339837789535522 0.2654523253440857
0.23339489102363586 0.28203248977661133
0.2331772893667221 0.3600630760192871
0.23249763250350952 0.2388227880001068
0.2316821664571762 0.32116708159446716
0.23167143762111664 0.26791277527809143
0.23045091331005096 0.3420315682888031
0.23042501509189606 0.35042938590049744
0.23021316528320312 0.3375798165798187
0.22999095916748047 0.3336097300052643
0.22949732840061188 0.3112896680831909
0.22944392263889313 0.23327603936195374
0.22892509400844574 0.24336646497249603
0.22840574383735657 0.23053762316703796
0.228379487991333 0.24072958528995514
0.22753174602985382 0.34958064556121826
0.22630935907363892 0.34704503417015076
0.22559060156345367 0.3323124647140503
0.22549891471862793 0.3070663809776306
0.22534997761249542 0.2311507612466812
0.22453902661800385 0.28992322087287903
0.2241981476545334 0.23119835555553436
0.22411665320396423 0.26492375135421753
0.2237827032804489 0.2736998200416565
0.22373691201210022 0.30978500843048096
0.22302931547164917 0.23673465847969055
0.22275470197200775 0.3461141288280487
0.2222198247909546 0.24163725972175598
0.22123870253562927 0.22777113318443298
0.22087526321411133 0.31707096099853516
0.2206880748271942 0.3625873327255249
0.22046016156673431 0.34613290429115295
0.21925954520702362 0.22340574860572815
0.21812546253204346 0.33977147936820984
0.21800370514392853 0.3806319534778595
0.21734942495822906 0.22547772526741028
0.21693500876426697 0.295450359582901
0.2161104381084442 0.3224378228187561
0.21584083139896393 0.23113933205604553
0.2155957967042923 0.2203029990196228
0.21485866606235504 0.26360440254211426
0.21485865116119385 0.31167343258857727
0.21434429287910461 0.35310041904449463
0.21404200792312622 0.3121908903121948
0.2136421650648117 0.33069756627082825
0.2135448008775711 0.3564859628677368
0.21348530054092407 0.3321845531463623
0.2132159024477005 0.23058071732521057
0.21235054731369019 0.3097875714302063
0.21221861243247986 0.2855606973171234
0.2122124284505844 0.23375876247882843
0.2119184285402298 0.36330336332321167
0.21138659119606018 0.21227839589118958
0.21090804040431976 0.25207778811454773
0.2108917385339737 0.2626344561576843
0.21085095405578613 0.23595571517944336
0.21065138280391693 0.22459006309509277
0.21012082695960999 0.2108793705701828
0.21000409126281738 0.255206435918808
0.20991383492946625 0.21196918189525604
0.20990236103534698 0.22046688199043274
0.20973722636699677 0.2302757054567337
0.20967046916484833 0.21111354231834412
0.20954455435276031 0.22381767630577087
0.20919592678546906 0.26255470514297485
0.20917433500289917 0.21619656682014465
0.20905794203281403 0.24926146864891052
0.20901161432266235 0.2105589210987091
0.20898045599460602 0.21163934469223022
0.2089206427335739 0.31303805112838745
0.20845019817352295 0.3254774510860443
0.20825724303722382 0.32816293835639954
0.20811671018600464 0.3023316562175751
0.2079671323299408 0.3299495279788971
0.2078094631433487 0.3446710407733917
0.20706605911254883 0.2450520396232605
0.20595082640647888 0.3613487184047699
0.20593003928661346 0.36392492055892944
0.20573529601097107 0.2465774267911911
0.20541004836559296 0.3333209455013275
0.20502535998821259 0.24646970629692078
0.20464006066322327 0.35187411308288574
0.2044702172279358 0.2190380096435547
0.20430651307106018 0.2355523407459259
0.2038499414920807 0.36394330859184265
0.2031773328781128 0.3558832108974457
0.20255836844444275 0.3663277328014374
0.20247408747673035 0.24694736301898956
0.20220761001110077 0.36126816272735596
0.20190218091011047 0.33434948325157166
0.2018786519765854 0.25816696882247925
0.20168732106685638 0.3328869342803955
0.20165182650089264 0.25045067071914673
0.2015792578458786 0.20265763998031616
0.20044590532779694 0.21092911064624786
0.1995393931865692 0.2996087372303009
0.19864994287490845 0.33781564235687256
0.19862578809261322 0.3462446630001068
0.19819983839988708 0.35507938265800476
0.19819575548171997 0.3425104022026062
0.19816790521144867 0.3322053551673889
0.19794631004333496 0.34316012263298035
0.1970967799425125 0.3404853940010071
0.19707857072353363 0.35756784677505493
0.19693970680236816 0.20317843556404114
0.19690467417240143 0.3521949052810669
0.19671612977981567 0.3042866289615631
0.19667798280715942 0.3533432185649872
0.19656242430210114 0.3509078025817871
0.1963764876127243 0.22720496356487274
0.1953137367963791 0.26380491256713867
0.19479365646839142 0.3820750415325165
0.19437743723392487 0.37336695194244385
0.1941809058189392 0.34686967730522156
0.1935121715068817 0.33453088998794556
0.19189511239528656 0.34130343794822693
0.19093209505081177 0.215385302901268
0.1906450390815735 0.3392218351364136
0.19016969203948975 0.19277185201644897
0.18888115882873535 0.30745014548301697
0.18868857622146606 0.2175212949514389
0.18848714232444763 0.21319648623466492
0.18820464611053467 0.21556220948696136
0.18766826391220093 0.22067655622959137
0.18764348328113556 0.3304985761642456
0.18747574090957642 0.20113606750965118
0.1872471421957016 0.21219830214977264
0.1866494119167328 0.35308027267456055
0.18628087639808655 0.2084336280822754
0.18589334189891815 0.21403558552265167
0.18531794846057892 0.31978416442871094
0.1849881410598755 0.2797606587409973
0.18496935069561005 0.19795922935009003
0.18488742411136627 0.3549848794937134
0.1848805546760559 0.2151765525341034
0.18480509519577026 0.19618798792362213
0.18405912816524506 0.1863856315612793
0.18378819525241852 0.2142128050327301
0.18344330787658691 0.2170400172472
0.18238629400730133 0.3223801851272583
0.18221761286258698 0.19850902259349823
0.182100310921669 0.3177601099014282
0.1818494349718094 0.19682344794273376
0.18144802749156952 0.34967339038848877
0.17905691266059875 0.34413382411003113
0.1789604276418686 0.19122011959552765
0.1785927265882492 0.38227635622024536
0.1783798635005951 0.3507550060749054
0.17836186289787292 0.3699980676174164
0.17801034450531006 0.40754035115242004
0.17717285454273224 0.18616048991680145
0.1756383627653122 0.3576381802558899
0.1743398755788803 0.2259189784526825
0.17377014458179474 0.3148033320903778
0.17308856546878815 0.19272024929523468
0.17229771614074707 0.20767249166965485
0.17219263315200806 0.22352583706378937
0.17210617661476135 0.18301156163215637
0.17197218537330627 0.17663830518722534
0.1705971509218216 0.20521442592144012
0.16951380670070648 0.34837016463279724
0.1694619506597519 0.3332446813583374
0.1670006960630417 0.34109529852867126
0.16542361676692963 0.18470801413059235
0.16497620940208435 0.17426905035972595
0.1645040065050125 0.211668461561203
0.16073128581047058 0.1646064668893814
0.1602315604686737 0.165803462266922
0.15858282148838043 0.1655910462141037
0.155787855386734 0.1604994684457779
0.15480811893939972 0.20626890659332275
0.15442407131195068 0.20695661008358002
0.15286628901958466 0.1588013470172882
0.14992457628250122 0.16745388507843018
0.14838027954101562 0.15189658105373383
0.14202062785625458 0.14999547600746155
0.14152690768241882 0.19665077328681946
0.13944502174854279 0.16037744283676147
0.13689692318439484 0.16564325988292694
0.12781158089637756 0.12865401804447174
0.12779293954372406 0.15136191248893738
0.12709379196166992 0.14946389198303223
0.12474267929792404 0.12905913591384888
0.12196307629346848 0.1413453370332718
0.11848194897174835 0.13389116525650024
0.11538741737604141 0.14804524183273315
0.11478224396705627 0.12902894616127014
0.1116533875465393 0.11900469660758972
0.11165100336074829 0.11876125633716583
0.1079585999250412 0.12531711161136627
0.10615883022546768 0.11256977170705795
0.10500136762857437 0.17324592173099518
0.095045305788517 0.09811185300350189
0.09360513091087341 0.09649333357810974
0.07076991349458694 0.072300985455513
