0.3879022002220154 0.39892515540122986
0.37461262941360474 0.37606126070022583
0.35900023579597473 0.36487993597984314
0.348995566368103 0.35743892192840576
0.3460574448108673 0.3521726727485657
0.34524229168891907 0.39104560017585754
0.3446756899356842 0.35708680748939514
0.33881744742393494 0.3521970510482788
0.33670148253440857 0.3379631042480469
0.32482391595840454 0.3327255845069885
0.32089605927467346 0.3367890417575836
0.31861749291419983 0.35851752758026123
0.3181425631046295 0.321174293756485
0.3177216351032257 0.36932373046875
0.30780333280563354 0.378866583108902
0.3073830008506775 0.36019012331962585
0.3071003556251526 0.30983516573905945
0.3064745366573334 0.3634399175643921
0.30624690651893616 0.3571934103965759
0.3061203956604004 0.3690730333328247
0.30589237809181213 0.35924431681632996
0.30413272976875305 0.3559061288833618
0.303845077753067 0.37724536657333374
0.30172649025917053 0.3193085491657257
0.3011908531188965 0.30649974942207336
0.2999187707901001 0.3096441924571991
0.2987430989742279 0.3128109872341156
0.2979918122291565 0.3718513250350952
0.29785603284835815 0.3152388036251068
0.2978527843952179 0.3045356869697571
0.29777079820632935 0.3045176863670349
0.29775717854499817 0.328727662563324
0.2973156273365021 0.32445141673088074
0.2972778379917145 0.3322584331035614
0.2971981465816498 0.31694480776786804
0.29658782482147217 0.3349919617176056
0.2962086498737335 0.3459063172340393
0.29617220163345337 0.3645026385784149
0.2958718538284302 0.3083474636077881
0.2950809597969055 0.3266068696975708
0.293950617313385 0.30901065468788147
0.2934880256652832 0.31032007932662964
0.2927403748035431 0.33124521374702454
0.2922603189945221 0.31612685322761536
0.2904808223247528 0.39326220750808716
0.28945258259773254 0.3214370608329773
0.2889671325683594 0.34138381481170654
0.28872624039649963 0.345093697309494
0.28800168633461 0.3376178741455078
0.28798893094062805 0.34881100058555603
0.2876213788986206 0.3467160165309906
0.2869361340999603 0.2973840534687042
0.28639063239097595 0.30961284041404724
0.2850962281227112 0.348834753036499
0.2830653190612793 0.3446255326271057
0.28192925453186035 0.30583804845809937
0.28179606795310974 0.36036965250968933
0.2816104590892792 0.2894527018070221
0.2809465527534485 0.284039169549942
0.2804409861564636 0.3107389211654663
0.2803572714328766 0.3461744487285614
0.28030043840408325 0.3450618386268616
0.2794342339038849 0.312526136636734
0.2788262963294983 0.30338388681411743
0.27724194526672363 0.343470960855484
0.27699515223503113 0.35583677887916565
0.276889443397522 0.34404614567756653
0.2766892910003662 0.371421217918396
0.27623865008354187 0.27669841051101685
0.27592918276786804 0.312234103679657
0.27579471468925476 0.34431391954421997
0.2754853069782257 0.30277884006500244
0.2744874060153961 0.27992215752601624
0.27295225858688354 0.35251155495643616
0.27268171310424805 0.28431016206741333
0.2722224295139313 0.36208340525627136
0.2722218930721283 0.31823810935020447
0.27083250880241394 0.345341295003891
0.270663857460022 0.31962624192237854
0.2706322968006134 0.3096000552177429
0.27054527401924133 0.3743598461151123
0.26979732513427734 0.3265594244003296
0.269544780254364 0.33585378527641296
0.2695240378379822 0.27459362149238586
0.2689873278141022 0.27176445722579956
0.26876750588417053 0.34986814856529236
0.26642313599586487 0.3263607919216156
0.2653335630893707 0.38011598587036133
0.26404881477355957 0.274887353181839
0.2622704803943634 0.2829383611679077
0.2621105909347534 0.33218643069267273
0.26146793365478516 0.3427308201789856
0.2597608268260956 0.26282697916030884
0.25965237617492676 0.2604571580886841
0.25962311029434204 0.27051088213920593
0.2595195174217224 0.2803639769554138
0.2593012750148773 0.3374517261981964
0.25905731320381165 0.32727938890457153
0.25759145617485046 0.31209543347358704
0.2572203576564789 0.346381813287735
0.2567629814147949 0.2775133550167084
0.25583019852638245 0.2601375877857208
0.25569355487823486 0.3477315306663513
0.25436896085739136 0.36423036456108093
0.2532697021961212 0.33228108286857605
0.2523723542690277 0.3058710992336273
0.2504505217075348 0.25468459725379944
0.25008901953697205 0.32221466302871704
0.24865852296352386 0.3352726995944977
0.24824638664722443 0.29936179518699646
0.2475041151046753 0.3389182984828949
0.24709224700927734 0.2517802119255066
0.2458868771791458 0.36092498898506165
0.24481435120105743 0.24736468493938446
0.24449902772903442 0.2558862864971161
0.24449768662452698 0.3214346170425415
0.2423897385597229 0.3696396052837372
0.24218520522117615 0.308802992105484
0.24174024164676666 0.3387620747089386
0.24114389717578888 0.27790698409080505
0.24097692966461182 0.2501680254936218
0.2408873736858368 0.2590746581554413
0.2407466471195221 0.3341033458709717
0.24061372876167297 0.34316912293434143
0.239188551902771 0.3435918092727661
0.2389564961194992 0.34428834915161133
0.2388073205947876 0.2526410222053528
0.23858866095542908 0.33732008934020996
0.23790763318538666 0.24939405918121338
0.2377878576517105 0.30369436740875244
0.2374570667743683 0.31725993752479553
0.23707625269889832 0.2827783524990082
0.23700344562530518 0.3431743085384369
0.23684149980545044 0.3035399913787842
0.23674441874027252 0.2857324182987213
0.2365032434463501 0.2787214517593384
0.23644641041755676 0.323989599943161
0.2356766164302826 0.2535426914691925
0.23529408872127533 0.2401892989873886
0.23484773933887482 0.3310827910900116
0.2344372272491455 0.3043978810310364
0.23426324129104614 0.277626633644104
0.23363403975963593 0.2360990047454834
0.2333875298500061 0.23887652158737183
0.23298121988773346 0.35204237699508667
0.23295436799526215 0.29558199644088745
0.23238617181777954 0.34713560342788696
0.2323203980922699 0.35539722442626953
0.23229371011257172 0.27550050616264343
0.23199376463890076 0.3259475827217102
0.23110251128673553 0.34465479850769043
0.2307163029909134 0.23163725435733795
0.22988227009773254 0.2759976387023926
0.2288278192281723 0.3750854730606079
0.22882774472236633 0.3551512360572815
0.2285749465227127 0.37089279294013977
0.2283465564250946 0.32432126998901367
0.22767582535743713 0.24067333340644836
0.22761878371238708 0.26959627866744995
0.22757838666439056 0.3648086190223694
0.2275698482990265 0.3591338098049164
0.22705085575580597 0.23889322578907013
0.22617018222808838 0.22786633670330048
0.2258070409297943 0.2676423192024231
0.2253326177597046 0.3373200297355652
0.22489303350448608 0.3548247218132019
0.22470425069332123 0.35165905952453613
0.22467513382434845 0.24239397048950195
0.22365371882915497 0.22919416427612305
0.22332291305065155 0.30297014117240906
0.2226424664258957 0.3436952829360962
0.2210027277469635 0.35176900029182434
0.2207813858985901 0.22995105385780334
0.21981897950172424 0.337105929851532
0.2187899351119995 0.24909892678260803
0.2186625748872757 0.24397963285446167
0.21861667931079865 0.2234157919883728
0.21816498041152954 0.26246878504753113
0.217866450548172 0.25395357608795166
0.21772341430187225 0.3455840051174164
0.21763168275356293 0.25073736906051636
0.21740961074829102 0.23634524643421173
0.21736955642700195 0.3459797203540802
0.2163531631231308 0.21867291629314423
0.21608461439609528 0.264814555644989
0.21591733396053314 0.3711187541484833
0.21577630937099457 0.22226983308792114
0.214962437748909 0.224116712808609
0.21489496529102325 0.33961981534957886
0.21478651463985443 0.36593276262283325
0.2144342064857483 0.3708943724632263
0.21401968598365784 0.26040729880332947
0.21367928385734558 0.34279316663742065
0.21346372365951538 0.2261996567249298
0.2133396416902542 0.3213980495929718
0.2125183343887329 0.3424995541572571
0.21250265836715698 0.2267882525920868
0.2119988352060318 0.31755128502845764
0.21196983754634857 0.357455849647522
0.21159695088863373 0.3508914113044739
0.21137699484825134 0.36231347918510437
0.21132570505142212 0.3521150052547455
0.2110128104686737 0.24706202745437622
0.21045567095279694 0.35594671964645386
0.20941875874996185 0.3470187485218048
0.20926077663898468 0.21813657879829407
0.20910486578941345 0.2513861060142517
0.20904891192913055 0.2166435420513153
0.20899508893489838 0.3161258399486542
0.20837660133838654 0.33932116627693176
0.20793470740318298 0.350430965423584
0.20780004560947418 0.3452266752719879
0.20753875374794006 0.21255992352962494
0.20752130448818207 0.31529107689857483
0.20733122527599335 0.3793696463108063
0.2072066366672516 0.23711183667182922
0.20711655914783478 0.3515980839729309
0.20707590878009796 0.34597310423851013
0.20691132545471191 0.3491460978984833
0.206746906042099 0.35876694321632385
0.20633357763290405 0.3469795882701874
0.2060314118862152 0.3391641676425934
0.2059938609600067 0.3567505180835724
0.20526859164237976 0.35917848348617554
0.2051590085029602 0.20569241046905518
0.20489157736301422 0.3680860698223114
0.2040570080280304 0.2333793342113495
0.20392648875713348 0.33423924446105957
0.20336663722991943 0.34483256936073303
0.20293456315994263 0.355172336101532
0.20156627893447876 0.36110246181488037
0.20054031908512115 0.3628453016281128
0.20037315785884857 0.20950928330421448
0.1996285766363144 0.3620660901069641
0.19885173439979553 0.3668079376220703
0.1979697048664093 0.2897299826145172
0.19779877364635468 0.35427126288414
0.197538822889328 0.3061654567718506
0.19741876423358917 0.36834606528282166
0.1966525912284851 0.3265853822231293
0.19651807844638824 0.24273431301116943
0.19612152874469757 0.20600458979606628
0.19520024955272675 0.268873929977417
0.19508565962314606 0.3559262454509735
0.19506168365478516 0.3298414349555969
0.19403131306171417 0.1960182636976242
0.19381318986415863 0.3270995616912842
0.1936248242855072 0.3664810359477997
0.1936044692993164 0.2109224498271942
0.19252599775791168 0.34911563992500305
0.1922944188117981 0.3852706849575043
0.19148433208465576 0.21716196835041046
0.19068485498428345 0.3441610634326935
0.19065523147583008 0.26404258608818054
0.18904146552085876 0.3401699960231781
0.18885473906993866 0.2041243463754654
0.18832100927829742 0.3628789782524109
0.1861991286277771 0.19654393196105957
0.1855163276195526 0.20003044605255127
0.18550990521907806 0.21404361724853516
0.1850714236497879 0.1909397691488266
0.1849917322397232 0.37215277552604675
0.1842498630285263 0.3708825409412384
0.18293102085590363 0.27979323267936707
0.1824856400489807 0.3499699532985687
0.1814361810684204 0.21602803468704224
0.18085691332817078 0.33681488037109375
0.1783057004213333 0.19430258870124817
0.17820429801940918 0.18540968000888824
0.1777440309524536 0.1875651627779007
0.1767394244670868 0.3400293290615082
0.17670057713985443 0.18604283034801483
0.17638278007507324 0.20022188127040863
0.1757209151983261 0.24492564797401428
0.17534181475639343 0.20823264122009277
0.1753292828798294 0.19596359133720398
0.17473973333835602 0.19485019147396088
0.17424145340919495 0.18203526735305786
0.17301282286643982 0.19189390540122986
0.1720890998840332 0.18610985577106476
0.1720627248287201 0.19463850557804108
0.1711835116147995 0.18744435906410217
0.17063161730766296 0.18123666942119598
0.17015494406223297 0.22234150767326355
0.170059934258461 0.3115522861480713
0.16903728246688843 0.18412227928638458
0.16582800447940826 0.33180442452430725
0.16542086005210876 0.1805395931005478
0.16527800261974335 0.26672688126564026
0.16492168605327606 0.16660824418067932
0.16190527379512787 0.16326484084129333
0.16018058359622955 0.2007981240749359
0.15780103206634521 0.16170233488082886
0.15661472082138062 0.16601693630218506
0.15624278783798218 0.18853475153446198
0.15599346160888672 0.15788587927818298
0.15400221943855286 0.15481595695018768
0.15331396460533142 0.17028306424617767
0.15262776613235474 0.17144125699996948
0.1503043919801712 0.15658271312713623
0.150288388133049 0.17635072767734528
0.14917318522930145 0.17417289316654205
0.14906422793865204 0.1893738955259323
0.14850884675979614 0.18143434822559357
0.14695073664188385 0.1587650328874588
0.14665250480175018 0.1470939815044403
0.14435940980911255 0.16623927652835846
0.1434415578842163 0.1518704742193222
0.14307649433612823 0.16664841771125793
0.14276747405529022 0.18760454654693604
0.14194375276565552 0.14837686717510223
0.13935954868793488 0.15756019949913025
0.13913317024707794 0.15005892515182495
0.13830508291721344 0.14166860282421112
0.13718464970588684 0.18424198031425476
0.13621006906032562 0.14820677042007446
0.13503248989582062 0.1391707956790924
0.13476893305778503 0.14194326102733612
0.13334234058856964 0.13986040651798248
0.1288682222366333 0.14316615462303162
0.12763600051403046 0.14806301891803741
0.12416284531354904 0.12695200741291046
0.1231837123632431 0.1339772641658783
0.12274336069822311 0.1754431426525116
0.12126491963863373 0.13204844295978546
0.11995919048786163 0.13589489459991455
0.11161007732152939 0.13456346094608307
0.11006572097539902 0.11213089525699615
0.10737696290016174 0.12815168499946594
0.0970836728811264 0.12138345837593079
