0.42447736859321594 0.42554840445518494
0.4048839211463928 0.4191609025001526
0.39944377541542053 0.42928236722946167
0.384732723236084 0.4148520529270172
0.3797800838947296 0.3842698931694031
0.37702491879463196 0.4447501599788666
0.3718022406101227 0.37503764033317566
0.37038493156433105 0.3799707293510437
0.36407506465911865 0.36803147196769714
0.3611685037612915 0.37626057863235474
0.3551368713378906 0.3868129551410675
0.3549150824546814 0.3617740273475647
0.35343652963638306 0.3596450388431549
0.3530576229095459 0.358393132686615
0.34499675035476685 0.34648916125297546
0.34493735432624817 0.3629474937915802
0.3433849811553955 0.34807032346725464
0.34218546748161316 0.3651880621910095
0.3385503888130188 0.3438999652862549
0.33491188287734985 0.3663759231567383
0.3345431983470917 0.3562816381454468
0.3328129053115845 0.3474927842617035
0.33230409026145935 0.34771230816841125
0.33191633224487305 0.3375186324119568
0.3305811583995819 0.33340105414390564
0.3302873969078064 0.35056445002555847
0.32953494787216187 0.36815616488456726
0.32855045795440674 0.33875319361686707
0.32805773615837097 0.40676772594451904
0.32786890864372253 0.3681078851222992
0.3258936405181885 0.3280028700828552
0.3246653974056244 0.3285871148109436
0.3235720098018646 0.3658430874347687
0.32243579626083374 0.3803824782371521
0.320514440536499 0.35475510358810425
0.3200274109840393 0.34573933482170105
0.3196377456188202 0.32309308648109436
0.3188156485557556 0.3445017337799072
0.3184441924095154 0.42238593101501465
0.31829842925071716 0.3488645851612091
0.31779715418815613 0.32292869687080383
0.3174893856048584 0.34739381074905396
0.3148454427719116 0.3523081839084625
0.3137234151363373 0.33274105191230774
0.3122541010379791 0.3710632026195526
0.3117428421974182 0.35259220004081726
0.311486154794693 0.31457027792930603
0.30960407853126526 0.36194559931755066
0.3093549311161041 0.30963611602783203
0.30932947993278503 0.3506217896938324
0.3075694441795349 0.373153954744339
0.3073107600212097 0.31459569931030273
0.30710625648498535 0.325899213552475
0.3067238926887512 0.322723925113678
0.3054184317588806 0.3687542676925659
0.30470043420791626 0.31663933396339417
0.30391743779182434 0.3135973811149597
0.3034726083278656 0.30551066994667053
0.30340734124183655 0.3805173933506012
0.3018861413002014 0.339986652135849
0.2985779047012329 0.34954550862312317
0.29736873507499695 0.3265283703804016
0.2968202829360962 0.3024403154850006
0.2964636981487274 0.34628742933273315
0.2938899099826813 0.3842909336090088
0.29388418793678284 0.29844149947166443
0.2923905551433563 0.3146108090877533
0.29089269042015076 0.37099653482437134
0.2882455289363861 0.29452160000801086
0.28672146797180176 0.29652833938598633
0.2866794764995575 0.33876389265060425
0.2865484952926636 0.3679257333278656
0.2860579192638397 0.31797343492507935
0.2853275239467621 0.348869264125824
0.2841827869415283 0.38995131850242615
0.2838704586029053 0.3352176249027252
0.28352153301239014 0.38108739256858826
0.28203195333480835 0.3590412139892578
0.28182658553123474 0.2986423671245575
0.2817154824733734 0.30123478174209595
0.2816735506057739 0.29315075278282166
0.28107646107673645 0.324401319026947
0.2803250253200531 0.286758691072464
0.2791958749294281 0.3498772978782654
0.27826178073883057 0.3511607050895691
0.2773832380771637 0.3487160801887512
0.27735066413879395 0.3478829264640808
0.2764592170715332 0.30652952194213867
0.2759951055049896 0.3168063163757324
0.2759765684604645 0.3407059609889984
0.27437126636505127 0.3376748859882355
0.27190667390823364 0.3399990200996399
0.2700337767601013 0.27845117449760437
0.26927879452705383 0.3013768494129181
0.268981397151947 0.3138812780380249
0.26892563700675964 0.29430845379829407
0.2685065269470215 0.26881682872772217
0.2681117057800293 0.3760899305343628
0.2661900520324707 0.296143114566803
0.26590055227279663 0.28166115283966064
0.26419463753700256 0.34648916125297546
0.26340824365615845 0.26960018277168274
0.2629297375679016 0.2688855528831482
0.2628867030143738 0.2936251759529114
0.26170065999031067 0.3213721513748169
0.2603509724140167 0.3564099967479706
0.26016178727149963 0.2732927203178406
0.258421391248703 0.3112649619579315
0.2582451403141022 0.32300978899002075
0.2563316822052002 0.3201135993003845
0.25619062781333923 0.28930041193962097
0.25562649965286255 0.2576303482055664
0.25536394119262695 0.3340502083301544
0.25458860397338867 0.3639025390148163
0.253357857465744 0.3045680522918701
0.252483993768692 0.33704614639282227
0.25179868936538696 0.3674747943878174
0.25167495012283325 0.275167852640152
0.2513124346733093 0.26957815885543823
0.2512757480144501 0.2968912422657013
0.25123968720436096 0.34877994656562805
0.2501277029514313 0.2749733328819275
0.24973343312740326 0.29920002818107605
0.2493162900209427 0.37036970257759094
0.24916964769363403 0.3597677946090698
0.2473336160182953 0.2855614423751831
0.24689018726348877 0.35959872603416443
0.246211975812912 0.35082364082336426
0.24611937999725342 0.26865002512931824
0.2450217753648758 0.38802483677864075
0.24363072216510773 0.35586676001548767
0.24055463075637817 0.25403642654418945
0.2404315024614334 0.3463711440563202
0.23944346606731415 0.2654859721660614
0.23869672417640686 0.24221238493919373
0.2372666597366333 0.25168147683143616
0.23720350861549377 0.2389085590839386
0.236568883061409 0.30017516016960144
0.23525097966194153 0.25226154923439026
0.23373590409755707 0.2595592141151428
0.2335715889930725 0.2576131820678711
0.2329438179731369 0.24674946069717407
0.23285651206970215 0.32879382371902466
0.2323683649301529 0.3493329882621765
0.23236621916294098 0.23529919981956482
0.2321057766675949 0.30671343207359314
0.23144356906414032 0.33563488721847534
0.22971554100513458 0.24575704336166382
0.2293430119752884 0.2775980830192566
0.22870293259620667 0.2345687448978424
0.22850428521633148 0.3285847306251526
0.228351891040802 0.23914366960525513
0.22803565859794617 0.32573652267456055
0.22792311012744904 0.30788058042526245
0.22778496146202087 0.2488742172718048
0.22738264501094818 0.23654821515083313
0.227308988571167 0.2305651158094406
0.22691592574119568 0.3448260724544525
0.2260679453611374 0.3273939788341522
0.2258748859167099 0.22696956992149353
0.22535009682178497 0.28084027767181396
0.22519080340862274 0.3499547839164734
0.22512780129909515 0.24074824154376984
0.22489115595817566 0.2401490956544876
0.2248196005821228 0.31546467542648315
0.22450321912765503 0.24844488501548767
0.22387737035751343 0.38041335344314575
0.22328627109527588 0.296009361743927
0.22307221591472626 0.3449055254459381
0.22206954658031464 0.2622677981853485
0.2219131588935852 0.37318041920661926
0.22168435156345367 0.34762418270111084
0.2213486284017563 0.2552010416984558
0.22112567722797394 0.23270399868488312
0.21995113790035248 0.29797837138175964
0.2198401838541031 0.24172385036945343
0.21972428262233734 0.30808016657829285
0.21952266991138458 0.36063075065612793
0.21925568580627441 0.3270529508590698
0.21905562281608582 0.35958245396614075
0.21880225837230682 0.25526297092437744
0.21754609048366547 0.23278118669986725
0.21700283885002136 0.2903408408164978
0.21678806841373444 0.4060194790363312
0.21671240031719208 0.23990309238433838
0.2163502722978592 0.31986165046691895
0.21634003520011902 0.37151411175727844
0.21573051810264587 0.37205570936203003
0.21538807451725006 0.24567633867263794
0.215129092335701 0.2213599681854248
0.21508252620697021 0.21882173418998718
0.2148626148700714 0.2540684938430786
0.213523268699646 0.32011088728904724
0.2126760184764862 0.36095431447029114
0.2126350700855255 0.3647291660308838
0.212571382522583 0.21591311693191528
0.21197423338890076 0.3852818012237549
0.2116689532995224 0.22454358637332916
0.21159598231315613 0.21736468374729156
0.2109096646308899 0.2769513428211212
0.2101026326417923 0.3356720507144928
0.2098386138677597 0.29742735624313354
0.20874299108982086 0.212863951921463
0.20829185843467712 0.24453383684158325
0.20808187127113342 0.24548327922821045
0.20796114206314087 0.38505932688713074
0.20788176357746124 0.24196964502334595
0.20720456540584564 0.3740606904029846
0.20697522163391113 0.340485543012619
0.2067749947309494 0.22168006002902985
0.20658403635025024 0.339042991399765
0.20556005835533142 0.2221764624118805
0.2044876217842102 0.22994795441627502
0.20397129654884338 0.21496620774269104
0.2039674073457718 0.20441322028636932
0.20309148728847504 0.3251286745071411
0.2028227597475052 0.2920548617839813
0.20267707109451294 0.22880041599273682
0.20243173837661743 0.2104470580816269
0.20233730971813202 0.23550063371658325
0.20140285789966583 0.34421196579933167
0.20117878913879395 0.20256991684436798
0.2010563164949417 0.3275578022003174
0.20081724226474762 0.33791741728782654
0.2005964070558548 0.24251948297023773
0.20027793943881989 0.3440963923931122
0.1992826610803604 0.20563063025474548
0.19889838993549347 0.24068622291088104
0.19888082146644592 0.35633155703544617
0.1984732747077942 0.24059119820594788
0.19843511283397675 0.3778148889541626
0.1982044279575348 0.27787283062934875
0.196370467543602 0.22753259539604187
0.19533348083496094 0.20071053504943848
0.1953294575214386 0.28052255511283875
0.1950574666261673 0.22779947519302368
0.19448593258857727 0.3255266845226288
0.19434119760990143 0.2968175411224365
0.19413691759109497 0.2547450661659241
0.19389992952346802 0.19882652163505554
0.19381530582904816 0.2848350703716278
0.19342057406902313 0.2132047861814499
0.19324056804180145 0.2682100236415863
0.19319023191928864 0.32162806391716003
0.19287924468517303 0.33009523153305054
0.19263741374015808 0.33431723713874817
0.19255533814430237 0.2006940245628357
0.19210490584373474 0.3165803849697113
0.19199340045452118 0.20024485886096954
0.19198840856552124 0.22499394416809082
0.19186192750930786 0.33717063069343567
0.19160424172878265 0.19628696143627167
0.19112080335617065 0.3416071832180023
0.19048626720905304 0.3378044664859772
0.19041310250759125 0.19236689805984497
0.19015522301197052 0.344958633184433
0.18962344527244568 0.376030296087265
0.18958759307861328 0.3461727797985077
0.18917140364646912 0.33566272258758545
0.18851499259471893 0.3422425091266632
0.1882214993238449 0.21720167994499207
0.18790216743946075 0.3192285895347595
0.18732625246047974 0.3355063199996948
0.18720701336860657 0.25559818744659424
0.18538637459278107 0.36115196347236633
0.1837426722049713 0.19049009680747986
0.18273305892944336 0.33178994059562683
0.1823302060365677 0.36708322167396545
0.18095606565475464 0.19144754111766815
0.17926818132400513 0.20537979900836945
0.17923925817012787 0.21181043982505798
0.17841732501983643 0.34228673577308655
0.17727652192115784 0.24452874064445496
0.17683687806129456 0.34590601921081543
0.17642995715141296 0.18516674637794495
0.1762351393699646 0.2249118536710739
0.17590774595737457 0.3326834440231323
0.17587217688560486 0.3384571969509125
0.17536000907421112 0.2002386450767517
0.1752987653017044 0.1936226636171341
0.17457923293113708 0.352332204580307
0.17255434393882751 0.18671873211860657
0.17207099497318268 0.17928262054920197
0.17195028066635132 0.3562142252922058
0.1718180775642395 0.35758745670318604
0.17175082862377167 0.24333986639976501
0.17071445286273956 0.3255327045917511
0.17039543390274048 0.3417750597000122
0.17020021378993988 0.17952297627925873
0.16841818392276764 0.2303777039051056
0.16548648476600647 0.1685595065355301
0.1647363007068634 0.17860616743564606
0.16421036422252655 0.3285900056362152
0.16349561512470245 0.18467257916927338
0.1608843207359314 0.16944827139377594
0.16029153764247894 0.3698369264602661
0.15913723409175873 0.19411253929138184
0.15684638917446136 0.17359931766986847
0.15579622983932495 0.3423084616661072
0.15237925946712494 0.19441498816013336
0.15176799893379211 0.3182275593280792
0.15102674067020416 0.3267818093299866
0.15042300522327423 0.16818779706954956
0.1497516632080078 0.21503925323486328
0.14895372092723846 0.34328895807266235
0.14834430813789368 0.26995113492012024
0.14746369421482086 0.18016837537288666
0.13836289942264557 0.1460031121969223
0.1323251575231552 0.14803791046142578
0.13108505308628082 0.14133477210998535
0.12837865948677063 0.1800568550825119
0.1246320903301239 0.1637490838766098
0.12161553651094437 0.12990500032901764
0.11846396327018738 0.12096657603979111
0.11689174920320511 0.12985391914844513
0.1142803281545639 0.11507096886634827
0.11072439700365067 0.13413292169570923
0.10516755282878876 0.11259585618972778
0.10408567637205124 0.1067613735795021
0.10232074558734894 0.11314607411623001
0.10125292837619781 0.12085981667041779
0.09823017567396164 0.10142678022384644
0.0981796458363533 0.09832924604415894
