0.3968418836593628 0.4051438271999359
0.3896365761756897 0.3917875587940216
0.3689194619655609 0.417120099067688
0.3620838522911072 0.3770661950111389
0.36160072684288025 0.3620508313179016
0.34608471393585205 0.3471260964870453
0.3455590605735779 0.3515428900718689
0.34286198019981384 0.3935406506061554
0.34144431352615356 0.35587143898010254
0.3389270007610321 0.3637615740299225
0.3385140001773834 0.34191468358039856
0.3372620940208435 0.3446049094200134
0.33666083216667175 0.3446965217590332
0.33303412795066833 0.3514004945755005
0.32697930932044983 0.4397342801094055
0.3239898383617401 0.3240199089050293
0.32341235876083374 0.3790207505226135
0.3197537660598755 0.3252948820590973
0.31641072034835815 0.36760711669921875
0.31464558839797974 0.3433990478515625
0.3146398961544037 0.3845284581184387
0.31107646226882935 0.3168914318084717
0.30959656834602356 0.3343143165111542
0.30898866057395935 0.36607810854911804
0.30789822340011597 0.32860973477363586
0.3055354952812195 0.3276001513004303
0.30482155084609985 0.31752246618270874
0.30396324396133423 0.3265096843242645
0.3037181496620178 0.3744099736213684
0.30331185460090637 0.36134982109069824
0.3003844618797302 0.30072957277297974
0.2991955578327179 0.3028389811515808
0.29723024368286133 0.4001278579235077
0.2952350676059723 0.29936590790748596
0.29272785782814026 0.3406277298927307
0.29252099990844727 0.30428603291511536
0.29226985573768616 0.3408605456352234
0.2909013330936432 0.33023178577423096
0.2891543209552765 0.30600857734680176
0.2890259921550751 0.333917498588562
0.2884785830974579 0.2913929224014282
0.2873789966106415 0.31505918502807617
0.2858595550060272 0.3392404019832611
0.28567010164260864 0.33815932273864746
0.28480830788612366 0.2857178747653961
0.28471559286117554 0.31393322348594666
0.2831381857395172 0.28449270129203796
0.2829170525074005 0.28336507081985474
0.28192636370658875 0.30889222025871277
0.2815384268760681 0.3083989918231964
0.2814750075340271 0.356998085975647
0.28119298815727234 0.28447791934013367
0.2796461880207062 0.3410318195819855
0.279398649930954 0.351453572511673
0.2777981758117676 0.28918272256851196
0.276082307100296 0.2847162187099457
0.27529406547546387 0.34144484996795654
0.27466723322868347 0.2976299822330475
0.2739172875881195 0.2768250107765198
0.27359724044799805 0.2787683308124542
0.27293357253074646 0.27908381819725037
0.27174416184425354 0.302544504404068
0.2713373005390167 0.3281911015510559
0.26991114020347595 0.33408868312835693
0.2696273624897003 0.3310317099094391
0.2695815861225128 0.3396555483341217
0.268520325422287 0.2835696041584015
0.2674945592880249 0.323227196931839
0.26650819182395935 0.3362870216369629
0.2658887207508087 0.2718746066093445
0.2656599283218384 0.3283207416534424
0.2655552923679352 0.28948110342025757
0.26500385999679565 0.271731436252594
0.26492077112197876 0.333574116230011
0.264008104801178 0.2713945209980011
0.26337361335754395 0.2645903527736664
0.2632903754711151 0.3271753489971161
0.26324182748794556 0.29549795389175415
0.2629854083061218 0.2707788646221161
0.26238352060317993 0.33675631880760193
0.26225969195365906 0.2907921075820923
0.26186197996139526 0.2927206754684448
0.261555552482605 0.2821046710014343
0.26115918159484863 0.29631340503692627
0.26084575057029724 0.32741203904151917
0.2603689134120941 0.2752912938594818
0.2595086097717285 0.31782111525535583
0.2592700719833374 0.28583818674087524
0.2592240273952484 0.3517710566520691
0.2586820721626282 0.29828447103500366
0.258317768573761 0.2647642493247986
0.25802528858184814 0.2928047478199005
0.25559213757514954 0.3402804434299469
0.2555893361568451 0.31113681197166443
0.2552852928638458 0.3388257324695587
0.2547987997531891 0.34857532382011414
0.25443199276924133 0.3361826539039612
0.25403040647506714 0.3112354576587677
0.25344550609588623 0.3384488523006439
0.25322577357292175 0.2549736797809601
0.25286442041397095 0.3097711205482483
0.25241759419441223 0.3073386251926422
0.25130122900009155 0.32137158513069153
0.2512289881706238 0.2812027931213379
0.2511959969997406 0.3298804461956024
0.25065159797668457 0.37971216440200806
0.25022056698799133 0.3283810019493103
0.25010648369789124 0.2796761691570282
0.25009632110595703 0.26667529344558716
0.2476051300764084 0.27038833498954773
0.24729977548122406 0.24739930033683777
0.24703237414360046 0.2662827968597412
0.24626822769641876 0.32039132714271545
0.2459416538476944 0.3388004004955292
0.2457207441329956 0.25585001707077026
0.24531127512454987 0.252916544675827
0.24518685042858124 0.33992260694503784
0.24446868896484375 0.2960081398487091
0.24413654208183289 0.3666621148586273
0.24409250915050507 0.34277471899986267
0.24393676221370697 0.341194212436676
0.24326783418655396 0.284972608089447
0.24318048357963562 0.26598209142684937
0.2431694120168686 0.2608116567134857
0.2431555837392807 0.2534816861152649
0.24303331971168518 0.33001911640167236
0.24285198748111725 0.24823342263698578
0.2427370846271515 0.256540447473526
0.24253104627132416 0.2901530861854553
0.24175462126731873 0.34307312965393066
0.24157299101352692 0.3374969959259033
0.24127815663814545 0.3273216784000397
0.24080199003219604 0.25153982639312744
0.24079464375972748 0.295685350894928
0.24051408469676971 0.276382714509964
0.24026919901371002 0.28620457649230957
0.23979057371616364 0.26198267936706543
0.2391154021024704 0.32309553027153015
0.2385457307100296 0.2979316711425781
0.23845645785331726 0.31222808361053467
0.23834678530693054 0.24123677611351013
0.23803767561912537 0.25630393624305725
0.2376013547182083 0.3583606779575348
0.23729820549488068 0.3039553463459015
0.23700273036956787 0.3974125385284424
0.23693114519119263 0.3564088046550751
0.23484894633293152 0.3146137297153473
0.23482438921928406 0.33866432309150696
0.23450295627117157 0.3368092477321625
0.2340882569551468 0.2346123903989792
0.23354603350162506 0.29095733165740967
0.2333543598651886 0.26276636123657227
0.2327851802110672 0.3340336084365845
0.2320646494626999 0.2833079695701599
0.2319336235523224 0.3175732493400574
0.23120082914829254 0.294256329536438
0.2310352325439453 0.31979691982269287
0.23096942901611328 0.2627882957458496
0.2308308482170105 0.37714576721191406
0.23075823485851288 0.3331719934940338
0.23071438074111938 0.3521954119205475
0.23056066036224365 0.23357222974300385
0.23006802797317505 0.26991668343544006
0.22952182590961456 0.3321554660797119
0.22925947606563568 0.3190785050392151
0.22863882780075073 0.33529141545295715
0.22802183032035828 0.3114853501319885
0.22764718532562256 0.36748042702674866
0.22761417925357819 0.3208933472633362
0.2269809991121292 0.24218504130840302
0.22640027105808258 0.3275867998600006
0.2252979725599289 0.2346932291984558
0.2249431163072586 0.23330159485340118
0.2248528003692627 0.3334791362285614
0.22445420920848846 0.29895657300949097
0.22444629669189453 0.3461688160896301
0.2241298109292984 0.23896773159503937
0.22412841022014618 0.328191876411438
0.2240295112133026 0.26323196291923523
0.2238176017999649 0.22472229599952698
0.22293297946453094 0.24395906925201416
0.22284798324108124 0.33684107661247253
0.22277219593524933 0.2868271470069885
0.22194695472717285 0.2391563355922699
0.221334770321846 0.2582591474056244
0.22100764513015747 0.23147781193256378
0.22084364295005798 0.34376949071884155
0.22056971490383148 0.3034155070781708
0.22041504085063934 0.30709731578826904
0.22032655775547028 0.282760351896286
0.22019557654857635 0.36209729313850403
0.21996712684631348 0.31518128514289856
0.21980151534080505 0.3426145315170288
0.21949957311153412 0.2558855414390564
0.21912379562854767 0.23957960307598114
0.21820403635501862 0.312162309885025
0.21811628341674805 0.33993539214134216
0.21788714826107025 0.25956040620803833
0.21769988536834717 0.25706228613853455
0.21726499497890472 0.29226213693618774
0.21712934970855713 0.22229813039302826
0.21670089662075043 0.35134056210517883
0.2165842056274414 0.25247371196746826
0.21643756330013275 0.2927649915218353
0.21642173826694489 0.37667611241340637
0.2150300145149231 0.2333400398492813
0.21450947225093842 0.21598801016807556
0.21396322548389435 0.34761524200439453
0.2138534039258957 0.35341864824295044
0.2136615365743637 0.26563411951065063
0.2136012613773346 0.3459519147872925
0.21266169846057892 0.2298792451620102
0.21197323501110077 0.2404898852109909
0.2115737795829773 0.2842138111591339
0.21107488870620728 0.336728036403656
0.21075338125228882 0.311679869890213
0.21052585542201996 0.2584630250930786
0.20949159562587738 0.211253359913826
0.20948883891105652 0.24855393171310425
0.20865660905838013 0.304103821516037
0.20852884650230408 0.3602220416069031
0.2083028256893158 0.33976465463638306
0.20823732018470764 0.3205806016921997
0.20813807845115662 0.344136118888855
0.20767562091350555 0.34496307373046875
0.2075471132993698 0.2505543529987335
0.20742590725421906 0.354555606842041
0.20737698674201965 0.2109299749135971
0.20730386674404144 0.34384867548942566
0.20714598894119263 0.3248233199119568
0.20681345462799072 0.39455121755599976
0.20638318359851837 0.3179965019226074
0.20607052743434906 0.3207062780857086
0.20594635605812073 0.3486086428165436
0.205384761095047 0.218438059091568
0.20351095497608185 0.3557167649269104
0.20321334898471832 0.3304017186164856
0.20301054418087006 0.23389720916748047
0.2029804140329361 0.34670552611351013
0.20238636434078217 0.342619925737381
0.20229575037956238 0.24137602746486664
0.20201027393341064 0.34214240312576294
0.20190739631652832 0.34810060262680054
0.20156891644001007 0.2845798134803772
0.20103739202022552 0.34714123606681824
0.20081065595149994 0.35513851046562195
0.20078900456428528 0.205191969871521
0.20051312446594238 0.3505118787288666
0.19940216839313507 0.34723445773124695
0.19919775426387787 0.314475953578949
0.19905173778533936 0.33801835775375366
0.19886137545108795 0.3311375081539154
0.1987227499485016 0.3134162425994873
0.1982598900794983 0.21203964948654175
0.19822435081005096 0.34427410364151
0.19794043898582458 0.3399218022823334
0.19790241122245789 0.343038409948349
0.1970939338207245 0.22732795774936676
0.1969996839761734 0.22788245975971222
0.19673824310302734 0.34864187240600586
0.19638767838478088 0.34282124042510986
0.19585540890693665 0.224416121840477
0.19567178189754486 0.3554964065551758
0.19507455825805664 0.33136260509490967
0.19498184323310852 0.3434514105319977
0.19486282765865326 0.3366870582103729
0.19377997517585754 0.36133873462677
0.19237510859966278 0.3402710556983948
0.19198164343833923 0.19426891207695007
0.189676895737648 0.35837629437446594
0.1891648918390274 0.32742103934288025
0.18679064512252808 0.3559073805809021
0.18595565855503082 0.34046998620033264
0.1854356974363327 0.18651367723941803
0.18540766835212708 0.39980819821357727
0.18499432504177094 0.269704133272171
0.18475940823554993 0.19182336330413818
0.18434756994247437 0.20522280037403107
0.1841130256652832 0.18622809648513794
0.1835743486881256 0.2365744560956955
0.18309545516967773 0.23367860913276672
0.18308910727500916 0.1923990398645401
0.18305043876171112 0.19814079999923706
0.18277330696582794 0.356098473072052
0.18072961270809174 0.18518280982971191
0.18044349551200867 0.202318012714386
0.1797691434621811 0.18794944882392883
0.17960166931152344 0.3140428066253662
0.1779591590166092 0.2606368064880371
0.17622709274291992 0.32537463307380676
0.17442642152309418 0.17791831493377686
0.1743316501379013 0.33390456438064575
0.17428645491600037 0.1923450380563736
0.17318734526634216 0.2070915549993515
0.17142386734485626 0.18958130478858948
0.17135073244571686 0.17281369864940643
0.170786514878273 0.1880025565624237
0.17052996158599854 0.1842021495103836
0.16852371394634247 0.23768195509910583
0.16788405179977417 0.37353283166885376
0.16641055047512054 0.21396438777446747
0.16628322005271912 0.3669707179069519
0.1660541445016861 0.23807169497013092
0.1640271097421646 0.1673227995634079
0.163678377866745 0.18068654835224152
0.16349253058433533 0.1788414865732193
0.16337065398693085 0.18312230706214905
0.16201390326023102 0.17924779653549194
0.1614375114440918 0.22797468304634094
0.15814287960529327 0.20355722308158875
0.1561952531337738 0.18893322348594666
0.1558077186346054 0.16829770803451538
0.1540171504020691 0.3217494487762451
0.15038460493087769 0.15259584784507751
0.14947845041751862 0.16113753616809845
0.14938601851463318 0.16745683550834656
0.14626820385456085 0.15755389630794525
0.14119379222393036 0.17050211131572723
0.13326787948608398 0.13783371448516846
0.12129104882478714 0.1274556964635849
0.11935315281152725 0.12579640746116638
0.11759926378726959 0.13198454678058624
0.1056867390871048 0.10574722290039062
0.06270992010831833 0.06868705153465271
