0.41205713152885437 0.4162149727344513
0.37977442145347595 0.3824869692325592
0.3727033734321594 0.37858518958091736
0.3628743290901184 0.36536237597465515
0.36236539483070374 0.3633231818675995
0.36173468828201294 0.3815918266773224
0.35315337777137756 0.4092909097671509
0.35089927911758423 0.35472315549850464
0.35036686062812805 0.36886361241340637
0.3435899019241333 0.39590808749198914
0.33751964569091797 0.3524630069732666
0.3359592854976654 0.3434487581253052
0.33455970883369446 0.342058002948761
0.3308384120464325 0.36501345038414
0.32943081855773926 0.34813690185546875
0.3290523290634155 0.3444569408893585
0.32811880111694336 0.3655848205089569
0.3278828263282776 0.336825966835022
0.32690805196762085 0.3754476308822632
0.3197176456451416 0.42105019092559814
0.31411466002464294 0.3359564542770386
0.31353071331977844 0.32399818301200867
0.3125257194042206 0.3184351921081543
0.3094497621059418 0.3475000560283661
0.3082381784915924 0.33353036642074585
0.30436980724334717 0.3285219073295593
0.3001292049884796 0.33438053727149963
0.29931211471557617 0.369911253452301
0.298348069190979 0.35859471559524536
0.2971549928188324 0.3607482612133026
0.2968788146972656 0.3106330633163452
0.29657256603240967 0.29758474230766296
0.29447513818740845 0.34920400381088257
0.29433098435401917 0.31163424253463745
0.291730135679245 0.3270418345928192
0.2899816036224365 0.3190191686153412
0.2887752056121826 0.3539208769798279
0.2869645059108734 0.31723880767822266
0.2841287851333618 0.3095684051513672
0.2812166213989258 0.2894076704978943
0.28106075525283813 0.3603837490081787
0.2803487777709961 0.3513149917125702
0.28015440702438354 0.31682226061820984
0.279135137796402 0.29795217514038086
0.2778547406196594 0.2799507975578308
0.27750247716903687 0.3371098041534424
0.27678120136260986 0.31807801127433777
0.2761828303337097 0.32305583357810974
0.275951623916626 0.34943193197250366
0.2748061418533325 0.30568626523017883
0.27473631501197815 0.28300219774246216
0.2745549976825714 0.29998651146888733
0.27441293001174927 0.3290591835975647
0.2743234932422638 0.3593180775642395
0.2739010751247406 0.3489758372306824
0.2726488709449768 0.2984960377216339
0.2696338891983032 0.29664891958236694
0.2679159939289093 0.26806584000587463
0.2678662836551666 0.29199543595314026
0.2677724063396454 0.30099913477897644
0.2673650085926056 0.33927544951438904
0.26683884859085083 0.3633440136909485
0.26644837856292725 0.2805125117301941
0.26620712876319885 0.3552917242050171
0.26613619923591614 0.2768695652484894
0.26612332463264465 0.2785055339336395
0.2655476927757263 0.3276708424091339
0.26480650901794434 0.3109097480773926
0.26478344202041626 0.39073044061660767
0.26408544182777405 0.27881643176078796
0.2636081278324127 0.29292237758636475
0.2634477913379669 0.27234044671058655
0.2627227306365967 0.28680604696273804
0.2624196708202362 0.28545746207237244
0.2623006999492645 0.2815604507923126
0.2617752254009247 0.3295535445213318
0.26147428154945374 0.27190572023391724
0.25967442989349365 0.2829262316226959
0.25866425037384033 0.3433900773525238
0.2585713267326355 0.3621782660484314
0.2560754716396332 0.32304978370666504
0.255950391292572 0.2829362154006958
0.25544410943984985 0.25992563366889954
0.25525304675102234 0.35237637162208557
0.2543468177318573 0.3393287658691406
0.2538328468799591 0.3103817403316498
0.25289711356163025 0.3581075966358185
0.2527589499950409 0.3288419842720032
0.25267457962036133 0.32449519634246826
0.25244995951652527 0.2606532871723175
0.2519044280052185 0.3478739559650421
0.25174880027770996 0.29595813155174255
0.25085341930389404 0.37059417366981506
0.2501116991043091 0.3430221974849701
0.24970069527626038 0.41184577345848083
0.24954451620578766 0.28129079937934875
0.2491651177406311 0.30055785179138184
0.24859105050563812 0.32299426198005676
0.24856224656105042 0.26026973128318787
0.2484060376882553 0.3181189000606537
0.24807684123516083 0.3306790292263031
0.24729600548744202 0.33527371287345886
0.24631452560424805 0.28611886501312256
0.2460549920797348 0.24959222972393036
0.24600385129451752 0.32046347856521606
0.24596184492111206 0.2564446032047272
0.24590596556663513 0.285130113363266
0.24531221389770508 0.30756551027297974
0.24457168579101562 0.2500649094581604
0.24401386082172394 0.2860705256462097
0.24364924430847168 0.33185669779777527
0.24344277381896973 0.3624568283557892
0.24340681731700897 0.3493348956108093
0.24318446218967438 0.3263358175754547
0.2428646832704544 0.27145662903785706
0.24239037930965424 0.24415986239910126
0.24160286784172058 0.2615630626678467
0.24109385907649994 0.3439536988735199
0.2405535876750946 0.32314568758010864
0.2404155284166336 0.32448074221611023
0.2400921732187271 0.2628752589225769
0.23977679014205933 0.24374429881572723
0.23976750671863556 0.24516482651233673
0.2384071946144104 0.28661254048347473
0.2383984476327896 0.26592838764190674
0.23837372660636902 0.2839435040950775
0.23796261847019196 0.35931092500686646
0.23794052004814148 0.23944665491580963
0.23744319379329681 0.2713787853717804
0.236966073513031 0.3532196581363678
0.2368394285440445 0.25728216767311096
0.236673504114151 0.24717958271503448
0.23650474846363068 0.34129101037979126
0.23600254952907562 0.30039355158805847
0.23444406688213348 0.24990522861480713
0.23389412462711334 0.24832427501678467
0.23361736536026 0.2437313348054886
0.23305794596672058 0.333713561296463
0.23262502253055573 0.33499693870544434
0.23246881365776062 0.2415766417980194
0.232260063290596 0.31894218921661377
0.23159989714622498 0.3162020742893219
0.23106445372104645 0.24850501120090485
0.23090867698192596 0.26623088121414185
0.23086413741111755 0.2314886450767517
0.2304520308971405 0.3211909234523773
0.23013386130332947 0.2920980453491211
0.2298179268836975 0.23922336101531982
0.22979652881622314 0.3606950044631958
0.22975049912929535 0.34766846895217896
0.22956456243991852 0.27349597215652466
0.22946733236312866 0.3467061519622803
0.22936853766441345 0.33017560839653015
0.22858162224292755 0.22927583754062653
0.22851787507534027 0.23594869673252106
0.2280122935771942 0.3395095765590668
0.22775012254714966 0.23354904353618622
0.22768105566501617 0.23557357490062714
0.22756005823612213 0.25047174096107483
0.22755904495716095 0.2650548815727234
0.2274431437253952 0.2903764247894287
0.22727105021476746 0.34728047251701355
0.22694845497608185 0.25759658217430115
0.22677595913410187 0.3412402868270874
0.2264954149723053 0.24780656397342682
0.22624310851097107 0.33396169543266296
0.2256254106760025 0.3383975625038147
0.22556355595588684 0.27269643545150757
0.22547920048236847 0.33441275358200073
0.2251584380865097 0.250644713640213
0.22475436329841614 0.2629508376121521
0.22470122575759888 0.22592155635356903
0.22453199326992035 0.2527472972869873
0.22389104962348938 0.2859565019607544
0.22333993017673492 0.35311663150787354
0.22328107059001923 0.2525399327278137
0.2231534868478775 0.33197474479675293
0.22287265956401825 0.32591813802719116
0.22273115813732147 0.32563748955726624
0.22225692868232727 0.3371192514896393
0.22097398340702057 0.33494681119918823
0.22078049182891846 0.3742908835411072
0.2206164449453354 0.2890370786190033
0.21984949707984924 0.23722437024116516
0.21965165436267853 0.3566092848777771
0.2189934104681015 0.33515873551368713
0.21836283802986145 0.33239373564720154
0.21782557666301727 0.23795786499977112
0.2173088788986206 0.23405402898788452
0.2172623723745346 0.3292504847049713
0.21426159143447876 0.33463558554649353
0.21375112235546112 0.275177001953125
0.21364925801753998 0.34160494804382324
0.21311797201633453 0.22629249095916748
0.21304982900619507 0.3607144057750702
0.21296295523643494 0.33861979842185974
0.21287694573402405 0.3523668050765991
0.21260438859462738 0.24114233255386353
0.21214792132377625 0.24244502186775208
0.2121448963880539 0.29074805974960327
0.21206004917621613 0.3480549454689026
0.21205933392047882 0.3632229268550873
0.21195213496685028 0.2215021699666977
0.21133796870708466 0.21438473463058472
0.21051143109798431 0.2165677398443222
0.210368812084198 0.3429584205150604
0.210129514336586 0.243179053068161
0.2100728154182434 0.25250670313835144
0.20995651185512543 0.2296755313873291
0.20992955565452576 0.27800437808036804
0.20992667973041534 0.37101468443870544
0.2097315788269043 0.2103165090084076
0.20967234671115875 0.37118130922317505
0.2094157189130783 0.27220484614372253
0.20937679708003998 0.3545296788215637
0.20914839208126068 0.37395575642585754
0.20901504158973694 0.2898116409778595
0.208953395485878 0.3458494544029236
0.20885834097862244 0.2235419750213623
0.20862872898578644 0.3635042905807495
0.20857109129428864 0.36861085891723633
0.2081475704908371 0.24256367981433868
0.20813746750354767 0.22331789135932922
0.20745636522769928 0.22204962372779846
0.2073630541563034 0.22139307856559753
0.20729486644268036 0.36980223655700684
0.2069971114397049 0.3546549677848816
0.20683634281158447 0.21018947660923004
0.2064429223537445 0.21165645122528076
0.2060842216014862 0.2176140993833542
0.20576131343841553 0.21339040994644165
0.2048264592885971 0.23245398700237274
0.2046900987625122 0.3660900890827179
0.20446723699569702 0.2160651832818985
0.2043299376964569 0.24413259327411652
0.2040441781282425 0.21346236765384674
0.20373137295246124 0.23926928639411926
0.20214107632637024 0.3657987415790558
0.2020443081855774 0.3200424611568451
0.2019272893667221 0.20653901994228363
0.2011277973651886 0.3405025899410248
0.20107579231262207 0.2396521121263504
0.1999630182981491 0.2558519244194031
0.19991886615753174 0.2848896086215973
0.19987833499908447 0.3709403872489929
0.19952109456062317 0.24568067491054535
0.19950419664382935 0.33987128734588623
0.1988564133644104 0.21825583279132843
0.19856321811676025 0.35140562057495117
0.19842980802059174 0.20770904421806335
0.19801676273345947 0.25846612453460693
0.19800010323524475 0.3993823826313019
0.1973167210817337 0.33051425218582153
0.1964789479970932 0.260625422000885
0.19619601964950562 0.27088767290115356
0.19588175415992737 0.33708080649375916
0.1957995742559433 0.2822591960430145
0.1957564651966095 0.32851436734199524
0.19572870433330536 0.21140305697917938
0.19450928270816803 0.3836807310581207
0.19442887604236603 0.22445498406887054
0.19398276507854462 0.34350013732910156
0.19391249120235443 0.22389179468154907
0.1937989890575409 0.36991196870803833
0.1936168521642685 0.3416858911514282
0.19352726638317108 0.3580794632434845
0.19300149381160736 0.3565351665019989
0.19036772847175598 0.41771307587623596
0.19019268453121185 0.4396476149559021
0.19012339413166046 0.2353595346212387
0.18921618163585663 0.34835463762283325
0.1889306902885437 0.2531758248806
0.18883521854877472 0.34827983379364014
0.18870528042316437 0.31642597913742065
0.18823498487472534 0.3429461419582367
0.18779635429382324 0.21641550958156586
0.18768544495105743 0.19230671226978302
0.18657895922660828 0.36200475692749023
0.18644559383392334 0.20633603632450104
0.18644438683986664 0.360385000705719
0.18612180650234222 0.29929792881011963
0.18528519570827484 0.20279763638973236
0.1851229965686798 0.35835328698158264
0.18471978604793549 0.3612391948699951
0.1846376359462738 0.19384726881980896
0.18420888483524323 0.24203431606292725
0.18398557603359222 0.22136551141738892
0.18397969007492065 0.20643733441829681
0.18381039798259735 0.21428556740283966
0.18375150859355927 0.37392765283584595
0.18343810737133026 0.23228098452091217
0.18273234367370605 0.275547593832016
0.18241094052791595 0.21808679401874542
0.1824032962322235 0.2350904792547226
0.1809075027704239 0.23084616661071777
0.1808396577835083 0.2035975158214569
0.17972350120544434 0.22523510456085205
0.17817199230194092 0.19724982976913452
0.17728254199028015 0.2088402509689331
0.17547756433486938 0.22982028126716614
0.17519250512123108 0.34101831912994385
0.17368386685848236 0.24925999343395233
0.17317521572113037 0.18233519792556763
0.17293567955493927 0.3365897536277771
0.1707344949245453 0.35849639773368835
0.17063605785369873 0.1716526597738266
0.17037230730056763 0.19877007603645325
0.16975842416286469 0.20208701491355896
0.16973723471164703 0.1746770441532135
0.16613540053367615 0.17456558346748352
0.1661190539598465 0.21301652491092682
0.16466191411018372 0.21169310808181763
0.16239812970161438 0.17747502028942108
0.1607169359922409 0.16594655811786652
0.15796537697315216 0.17395518720149994
0.1578117161989212 0.17532911896705627
0.15446093678474426 0.17729979753494263
0.15314577519893646 0.15512661635875702
0.15215089917182922 0.18332341313362122
0.15211525559425354 0.20500420033931732
0.15109455585479736 0.16815286874771118
0.1486278474330902 0.1736956238746643
0.14571435749530792 0.17681199312210083
0.1456477791070938 0.15305253863334656
0.1430295705795288 0.17731605470180511
0.1424427628517151 0.16398820281028748
0.14151239395141602 0.1498854160308838
0.14104627072811127 0.15365949273109436
0.1407325118780136 0.1443031281232834
0.14071455597877502 0.14483439922332764
0.13876071572303772 0.1579514592885971
0.13852891325950623 0.13952995836734772
0.1332339495420456 0.1599138081073761
0.12728062272071838 0.12759684026241302
0.12566308677196503 0.12738297879695892
0.12383152544498444 0.17333509027957916
0.11955870687961578 0.15729178488254547
0.11501836776733398 0.13720931112766266
0.1082226037979126 0.1115824282169342
0.10056338459253311 0.105198934674263
0.09797883033752441 0.10264076292514801
0.06615395843982697 0.06834632903337479
