0.3694401979446411 0.38219085335731506
0.35575661063194275 0.3788819909095764
0.3543489873409271 0.3730313777923584
0.3484269678592682 0.3555237948894501
0.3477575480937958 0.3647798001766205
0.34755921363830566 0.3487370014190674
0.34624478220939636 0.3664761483669281
0.3461264967918396 0.37203341722488403
0.3447137475013733 0.3841019570827484
0.34417396783828735 0.3726508319377899
0.3438563346862793 0.37424734234809875
0.3430410325527191 0.3443213999271393
0.33925411105155945 0.37485945224761963
0.337522953748703 0.35864078998565674
0.3347339630126953 0.33732372522354126
0.33386102318763733 0.3436746299266815
0.3336648941040039 0.3431468904018402
0.3325425088405609 0.4259917736053467
0.33110252022743225 0.3597820997238159
0.33099839091300964 0.3573162257671356
0.33071479201316833 0.3475884795188904
0.3298797309398651 0.35121989250183105
0.32969728112220764 0.3521821200847626
0.32478830218315125 0.33052703738212585
0.32404056191444397 0.35822978615760803
0.32362648844718933 0.33217987418174744
0.3222713768482208 0.3900459408760071
0.3222346305847168 0.35272181034088135
0.3214031457901001 0.35308152437210083
0.32022666931152344 0.32714542746543884
0.31998685002326965 0.36091500520706177
0.31729426980018616 0.37322351336479187
0.31719809770584106 0.3182676434516907
0.31612393260002136 0.3396835923194885
0.3135240375995636 0.3806113600730896
0.3125286400318146 0.3883899748325348
0.3123844265937805 0.35341450572013855
0.3103446066379547 0.3377005159854889
0.3102057874202728 0.3415820300579071
0.30859410762786865 0.3117523491382599
0.3072502911090851 0.3482464849948883
0.30679765343666077 0.352083295583725
0.30362406373023987 0.3072183132171631
0.30223920941352844 0.39903023838996887
0.3019971549510956 0.3382401466369629
0.3012017011642456 0.3475582003593445
0.30054253339767456 0.3372165858745575
0.29975658655166626 0.30307313799858093
0.29755422472953796 0.3056337237358093
0.2971048355102539 0.3563939332962036
0.29630088806152344 0.31258466839790344
0.29568877816200256 0.3154509663581848
0.2947792112827301 0.3418087661266327
0.294050931930542 0.31563499569892883
0.2926131784915924 0.29321831464767456
0.29070112109184265 0.29650819301605225
0.29013004899024963 0.3372710049152374
0.28980666399002075 0.310680091381073
0.2897070050239563 0.2959628403186798
0.28953826427459717 0.3515617549419403
0.28847062587738037 0.37067317962646484
0.28826865553855896 0.3384915590286255
0.2864728271961212 0.33221158385276794
0.28529560565948486 0.3224278688430786
0.28467321395874023 0.3376610279083252
0.28323104977607727 0.28568074107170105
0.2829276919364929 0.34906187653541565
0.28284016251564026 0.298160582780838
0.2752005457878113 0.3681994080543518
0.27102991938591003 0.3524234890937805
0.26937341690063477 0.35110920667648315
0.2684158980846405 0.2804887592792511
0.26727360486984253 0.3881131112575531
0.26711609959602356 0.30985698103904724
0.267049103975296 0.34797587990760803
0.26692211627960205 0.2702597677707672
0.26656052470207214 0.31530168652534485
0.26553452014923096 0.2826805114746094
0.26511523127555847 0.3319266140460968
0.2647158205509186 0.33116039633750916
0.26291757822036743 0.3350418508052826
0.2628849446773529 0.3112313747406006
0.2622274160385132 0.35445117950439453
0.26220667362213135 0.34573492407798767
0.26198092103004456 0.282675176858902
0.2611861526966095 0.34297502040863037
0.2602540850639343 0.3598952889442444
0.25999850034713745 0.27099114656448364
0.25971734523773193 0.2695578932762146
0.25949910283088684 0.34782397747039795
0.25946474075317383 0.28116336464881897
0.2589092254638672 0.34213384985923767
0.2588363587856293 0.28325408697128296
0.25833743810653687 0.3423963487148285
0.25775936245918274 0.28257372975349426
0.25682884454727173 0.3293648958206177
0.2564548850059509 0.3224928081035614
0.2564185559749603 0.2965715825557709
0.25441423058509827 0.35757118463516235
0.25423577427864075 0.338757187128067
0.25373226404190063 0.2875353693962097
0.2536947727203369 0.2786414325237274
0.25278913974761963 0.34881123900413513
0.25209835171699524 0.2594657242298126
0.25144198536872864 0.2799072861671448
0.2496608942747116 0.2678965926170349
0.24962376058101654 0.28545206785202026
0.24939067661762238 0.25981655716896057
0.24913403391838074 0.2499331831932068
0.24891772866249084 0.35174646973609924
0.24886035919189453 0.2916618883609772
0.24804867804050446 0.3606894314289093
0.24787676334381104 0.32646775245666504
0.24775594472885132 0.33429354429244995
0.24727723002433777 0.34527814388275146
0.2470708191394806 0.2733040452003479
0.24702148139476776 0.256473183631897
0.24694079160690308 0.33166074752807617
0.24673981964588165 0.4086992144584656
0.24641908705234528 0.3645564317703247
0.24501490592956543 0.32468441128730774
0.24491505324840546 0.35284486413002014
0.2443670630455017 0.28031226992607117
0.24419011175632477 0.2661619484424591
0.2440163791179657 0.27059459686279297
0.24393412470817566 0.2929532527923584
0.24381744861602783 0.3543393015861511
0.24334965646266937 0.2770577073097229
0.24327170848846436 0.3406440317630768
0.24324952065944672 0.3093135356903076
0.24322041869163513 0.2556392252445221
0.2418237179517746 0.33477982878685
0.24133358895778656 0.33355844020843506
0.23926882445812225 0.306693971157074
0.23826223611831665 0.33446961641311646
0.23784621059894562 0.3412801921367645
0.23642873764038086 0.2911399006843567
0.23594985902309418 0.35817673802375793
0.23576699197292328 0.275155246257782
0.23461754620075226 0.31197258830070496
0.23368678987026215 0.2470543384552002
0.23336069285869598 0.3168761730194092
0.23315094411373138 0.3350006937980652
0.23304057121276855 0.32627034187316895
0.2329554557800293 0.26281967759132385
0.23287273943424225 0.3278180956840515
0.23227114975452423 0.2623390555381775
0.23214784264564514 0.2565230429172516
0.23203328251838684 0.2322780042886734
0.23122180998325348 0.35117870569229126
0.23089683055877686 0.3456152677536011
0.23033830523490906 0.2540425658226013
0.23010922968387604 0.2691287696361542
0.2290177047252655 0.3175033628940582
0.22761227190494537 0.34129443764686584
0.22636976838111877 0.3514128029346466
0.22569313645362854 0.3193807005882263
0.22560475766658783 0.2852936089038849
0.22555820643901825 0.2927754819393158
0.22501997649669647 0.2850935459136963
0.22357866168022156 0.25564804673194885
0.2235187590122223 0.34240394830703735
0.22341319918632507 0.35020846128463745
0.2232682853937149 0.24113729596138
0.22270333766937256 0.23684555292129517
0.22223341464996338 0.3394366204738617
0.22220216691493988 0.3971464931964874
0.22206826508045197 0.3264421224594116
0.22197669744491577 0.23679755628108978
0.22191685438156128 0.35279175639152527
0.22188164293766022 0.36469393968582153
0.22171488404273987 0.3532511591911316
0.22153864800930023 0.2749953866004944
0.22033746540546417 0.26454004645347595
0.22027261555194855 0.29154229164123535
0.2201431393623352 0.34827306866645813
0.21962696313858032 0.3527115285396576
0.2190084457397461 0.23310063779354095
0.21885289251804352 0.296367883682251
0.21883761882781982 0.24677111208438873
0.21877075731754303 0.36764106154441833
0.21866874396800995 0.3506375551223755
0.21845456957817078 0.22093702852725983
0.21824070811271667 0.3521821200847626
0.21818231046199799 0.33542966842651367
0.21805453300476074 0.221693754196167
0.217399463057518 0.36204108595848083
0.21734216809272766 0.35993027687072754
0.21603615581989288 0.22298765182495117
0.2159966677427292 0.22836239635944366
0.21487919986248016 0.32062432169914246
0.2144852727651596 0.21644824743270874
0.21447153389453888 0.2444293349981308
0.2144058793783188 0.21740800142288208
0.21434174478054047 0.35811227560043335
0.21409885585308075 0.3073895275592804
0.2140500247478485 0.3268028795719147
0.2137838751077652 0.33647868037223816
0.21334564685821533 0.21534398198127747
0.21305742859840393 0.33847030997276306
0.2128814309835434 0.21445083618164062
0.2126886546611786 0.21549569070339203
0.2124638706445694 0.26908332109451294
0.21232889592647552 0.3294270634651184
0.21232056617736816 0.2653547525405884
0.2122752070426941 0.33557766675949097
0.21207645535469055 0.21304580569267273
0.21186435222625732 0.3590676486492157
0.2118234932422638 0.36250123381614685
0.21129269897937775 0.22001957893371582
0.21107783913612366 0.30846458673477173
0.21095161139965057 0.28217965364456177
0.21050500869750977 0.38901013135910034
0.21033035218715668 0.24283884465694427
0.20975664258003235 0.34387215971946716
0.20968101918697357 0.3535271883010864
0.20945283770561218 0.2564549744129181
0.20865772664546967 0.35128480195999146
0.20857125520706177 0.21237926185131073
0.20824268460273743 0.21313342452049255
0.20814260840415955 0.3322351276874542
0.20702069997787476 0.3138201832771301
0.20670348405838013 0.33559781312942505
0.20597918331623077 0.2683793902397156
0.2055269032716751 0.20781172811985016
0.20341232419013977 0.36048635840415955
0.20307093858718872 0.2221956104040146
0.20297278463840485 0.24305054545402527
0.20265081524848938 0.24324993789196014
0.20255164802074432 0.2062397301197052
0.2024068683385849 0.2139441967010498
0.20218949019908905 0.3665768802165985
0.20217378437519073 0.20527158677577972
0.20152300596237183 0.3363516330718994
0.20150579512119293 0.35205093026161194
0.20091961324214935 0.2806297242641449
0.20053888857364655 0.2231234908103943
0.20039531588554382 0.20502044260501862
0.20010419189929962 0.27707695960998535
0.19976750016212463 0.23585303127765656
0.19939951598644257 0.3472853899002075
0.1993803232908249 0.3547203540802002
0.19897115230560303 0.22474581003189087
0.1988101750612259 0.34081748127937317
0.19829131662845612 0.23253440856933594
0.19768138229846954 0.34109365940093994
0.19708578288555145 0.2366977483034134
0.19684821367263794 0.22093108296394348
0.19670863449573517 0.37419384717941284
0.19650165736675262 0.35334593057632446
0.19614177942276 0.3335990309715271
0.19610121846199036 0.3417484760284424
0.19482889771461487 0.32072678208351135
0.19430804252624512 0.3541845679283142
0.1942785233259201 0.22511880099773407
0.19348517060279846 0.36028918623924255
0.19320333003997803 0.21618181467056274
0.19299423694610596 0.3481293022632599
0.19285090267658234 0.35229867696762085
0.19279064238071442 0.3396102488040924
0.1926279217004776 0.3307369351387024
0.19252900779247284 0.32895150780677795
0.1916125863790512 0.35461798310279846
0.19120103120803833 0.3409784734249115
0.19115400314331055 0.31752893328666687
0.190909281373024 0.33815184235572815
0.1909092366695404 0.3186735212802887
0.19051212072372437 0.19611169397830963
0.1898556500673294 0.2005975842475891
0.18940751254558563 0.21909482777118683
0.18879835307598114 0.2470371276140213
0.18875549733638763 0.36699435114860535
0.18864665925502777 0.23281490802764893
0.18826532363891602 0.36671414971351624
0.18777154386043549 0.3276541531085968
0.1876237541437149 0.1958167552947998
0.18759502470493317 0.21707703173160553
0.18655551970005035 0.3590068519115448
0.18586911261081696 0.3590204417705536
0.18366196751594543 0.21919159591197968
0.18243911862373352 0.18388070166110992
0.1821250021457672 0.18703748285770416
0.18175065517425537 0.3555730879306793
0.18127796053886414 0.23491263389587402
0.18122808635234833 0.3529053032398224
0.18120846152305603 0.2057792842388153
0.1806124597787857 0.20473575592041016
0.1799640655517578 0.19968418776988983
0.17978979647159576 0.22927744686603546
0.17953072488307953 0.3395494818687439
0.17910322546958923 0.18598660826683044
0.17857186496257782 0.1831350475549698
0.17793674767017365 0.3347220718860626
0.1764283925294876 0.22522394359111786
0.17487110197544098 0.19035302102565765
0.17415982484817505 0.1833086758852005
0.17404337227344513 0.1915396898984909
0.17402733862400055 0.17556247115135193
0.1738012284040451 0.18613320589065552
0.1736598163843155 0.1740218847990036
0.17339488863945007 0.21264171600341797
0.17314556241035461 0.17529471218585968
0.17293936014175415 0.2031768262386322
0.17278093099594116 0.25800710916519165
0.1721925437450409 0.21543298661708832
0.16996127367019653 0.18746496737003326
0.16982881724834442 0.171334370970726
0.1688411384820938 0.18323981761932373
0.1682683378458023 0.21331916749477386
0.16808216273784637 0.1766764521598816
0.16770753264427185 0.22390948235988617
0.16724058985710144 0.18647266924381256
0.16593044996261597 0.19059035181999207
0.16526933014392853 0.20401819050312042
0.16394980251789093 0.19994093477725983
0.16212791204452515 0.22394168376922607
0.15889838337898254 0.3471658527851105
0.15789112448692322 0.1631365716457367
0.15695515275001526 0.18360471725463867
0.155757337808609 0.21007069945335388
0.15486596524715424 0.19228753447532654
0.1529572457075119 0.16277997195720673
0.1526947170495987 0.15364156663417816
0.1526833325624466 0.2161412388086319
0.1516708880662918 0.17741547524929047
0.14988669753074646 0.17213939130306244
0.14833208918571472 0.21039950847625732
0.1477571278810501 0.1569799780845642
0.14598959684371948 0.16969582438468933
0.1400298923254013 0.22135357558727264
0.14001238346099854 0.14239497482776642
0.13628733158111572 0.1559486985206604
0.13260823488235474 0.14578965306282043
0.13185924291610718 0.14155171811580658
0.13134028017520905 0.14791759848594666
0.1270572394132614 0.12846961617469788
0.1261657327413559 0.14219163358211517
0.12597371637821198 0.13723094761371613
0.11983592063188553 0.12572290003299713
0.11813453584909439 0.12491925060749054
0.11805588006973267 0.1243920549750328
0.1125025600194931 0.11685293912887573
0.10339587181806564 0.11538401991128922
0.09308839589357376 0.09888820350170135
0.09020854532718658 0.11022254079580307
0.07747597992420197 0.08171148598194122
