0.4181256592273712 0.4406135380268097
0.40455058217048645 0.41296857595443726
0.39498433470726013 0.4050426185131073
0.3663257658481598 0.374651163816452
0.3582015633583069 0.377826064825058
0.357877641916275 0.37355825304985046
0.3495640754699707 0.3567110300064087
0.3444194197654724 0.3740994930267334
0.34236741065979004 0.34853628277778625
0.3417997360229492 0.3442786633968353
0.3395542502403259 0.43349507451057434
0.33595219254493713 0.3366159200668335
0.3352665901184082 0.3618449866771698
0.3291575312614441 0.34311479330062866
0.3256412148475647 0.3516792058944702
0.3250535726547241 0.3395046889781952
0.32256895303726196 0.32283565402030945
0.32090047001838684 0.3460530638694763
0.31973129510879517 0.3299701511859894
0.31964218616485596 0.32860851287841797
0.3155686557292938 0.356864333152771
0.31207790970802307 0.3313593566417694
0.3116615116596222 0.3334129750728607
0.3102724254131317 0.31979358196258545
0.3078938126564026 0.3216697573661804
0.30734726786613464 0.3344228267669678
0.3069905638694763 0.3313159644603729
0.3069668710231781 0.32948118448257446
0.30685630440711975 0.3343230187892914
0.30096936225891113 0.33580243587493896
0.3008313775062561 0.36235570907592773
0.3001088500022888 0.3286985456943512
0.29981428384780884 0.3205483853816986
0.29916253685951233 0.32022568583488464
0.29859066009521484 0.3301677405834198
0.292219340801239 0.362283319234848
0.28971344232559204 0.3116084933280945
0.28959643840789795 0.2994464933872223
0.28686004877090454 0.28689998388290405
0.2862675189971924 0.3163496255874634
0.28423941135406494 0.29719236493110657
0.28393059968948364 0.33406519889831543
0.2833864688873291 0.32604092359542847
0.28275197744369507 0.31891345977783203
0.2823692560195923 0.32376155257225037
0.2817673683166504 0.2869880795478821
0.28148573637008667 0.28387174010276794
0.2813608944416046 0.3376055657863617
0.28045400977134705 0.287117063999176
0.28002068400382996 0.33273378014564514
0.27979978919029236 0.3461058735847473
0.2791368067264557 0.33329498767852783
0.278965026140213 0.29328978061676025
0.27842286229133606 0.2820102274417877
0.2755483090877533 0.2797245383262634
0.27545756101608276 0.3396618366241455
0.27419206500053406 0.27706077694892883
0.2720853388309479 0.34795647859573364
0.2716197073459625 0.3270523250102997
0.270901083946228 0.34911805391311646
0.2707507908344269 0.3106573820114136
0.27041295170783997 0.3026416301727295
0.2700077295303345 0.3188849985599518
0.26907187700271606 0.3321617543697357
0.26815882325172424 0.32512935996055603
0.2678903043270111 0.30502936244010925
0.2671559751033783 0.2675701379776001
0.2650597095489502 0.34311479330062866
0.2650110423564911 0.34836822748184204
0.264332115650177 0.3082520067691803
0.263833224773407 0.34837689995765686
0.26372772455215454 0.2829425036907196
0.26358622312545776 0.3457752466201782
0.26310935616493225 0.2788980305194855
0.2621568441390991 0.3288670778274536
0.26179981231689453 0.33699992299079895
0.2607256770133972 0.26350560784339905
0.25854381918907166 0.27785179018974304
0.25799235701560974 0.3298887312412262
0.2576197683811188 0.2889685332775116
0.2566157281398773 0.3504919707775116
0.2563333511352539 0.3100441098213196
0.2556075155735016 0.2897679805755615
0.25555410981178284 0.30367761850357056
0.2550486624240875 0.2900186777114868
0.2547849714756012 0.28971484303474426
0.2540532052516937 0.3440817892551422
0.25371235609054565 0.3368269205093384
0.2534242570400238 0.27394363284111023
0.25339508056640625 0.30596619844436646
0.2530133128166199 0.32509922981262207
0.252733439207077 0.3069200813770294
0.25212928652763367 0.2576610743999481
0.2519725561141968 0.2654400169849396
0.2515648305416107 0.31099629402160645
0.25146982073783875 0.358154296875
0.25034841895103455 0.2987881004810333
0.2497270554304123 0.2733849883079529
0.24792464077472687 0.2989683151245117
0.24773773550987244 0.2495151311159134
0.2473742514848709 0.2641163170337677
0.24651648104190826 0.2891402542591095
0.24603915214538574 0.2477903962135315
0.24599552154541016 0.31569337844848633
0.24574178457260132 0.30408865213394165
0.24479378759860992 0.336591511964798
0.24434764683246613 0.34307923913002014
0.24428682029247284 0.2953856289386749
0.24413040280342102 0.2987505793571472
0.2437400370836258 0.32660678029060364
0.24314254522323608 0.3182489275932312
0.24308615922927856 0.2486807405948639
0.24256731569766998 0.29864755272865295
0.242448091506958 0.25425654649734497
0.24094155430793762 0.24576768279075623
0.2405972182750702 0.3404201567173004
0.24036866426467896 0.32205167412757874
0.23938439786434174 0.3221653997898102
0.23930081725120544 0.33297106623649597
0.23865371942520142 0.2888484299182892
0.23856647312641144 0.2568473815917969
0.23739366233348846 0.3303616940975189
0.23661109805107117 0.2487591654062271
0.23656044900417328 0.3404413163661957
0.2365378588438034 0.39362606406211853
0.23645971715450287 0.2729160189628601
0.23633679747581482 0.2576366662979126
0.23554261028766632 0.24061861634254456
0.23394328355789185 0.2611507475376129
0.23365123569965363 0.23386433720588684
0.2336311787366867 0.34710580110549927
0.23361250758171082 0.26160892844200134
0.23335139453411102 0.34866786003112793
0.23328174650669098 0.27282649278640747
0.23281395435333252 0.2645374834537506
0.2324470430612564 0.37018370628356934
0.23231254518032074 0.3493315577507019
0.2312479317188263 0.33482304215431213
0.23104442656040192 0.24243734776973724
0.23102612793445587 0.3116511404514313
0.23086754977703094 0.27437838912010193
0.23073185980319977 0.3645625412464142
0.2306469976902008 0.3351863622665405
0.2303343117237091 0.30669862031936646
0.22994425892829895 0.35035771131515503
0.2291548252105713 0.24793672561645508
0.229134202003479 0.3286748230457306
0.22904527187347412 0.25334033370018005
0.22875167429447174 0.2975821793079376
0.22855018079280853 0.3051084280014038
0.22814823687076569 0.28108420968055725
0.22797459363937378 0.2831036448478699
0.22775010764598846 0.24416044354438782
0.2276579886674881 0.3366919159889221
0.22738471627235413 0.2733953893184662
0.22714802622795105 0.25093552470207214
0.22701871395111084 0.3277605175971985
0.22655190527439117 0.2303507775068283
0.22654524445533752 0.25746211409568787
0.22560833394527435 0.25109973549842834
0.22560231387615204 0.22560855746269226
0.22550871968269348 0.3065955638885498
0.22504585981369019 0.2836705148220062
0.22504185140132904 0.2804541289806366
0.22498652338981628 0.23439434170722961
0.22469432651996613 0.35638728737831116
0.22467197477817535 0.24278013408184052
0.22425666451454163 0.33620938658714294
0.22409836947917938 0.24444624781608582
0.2233932763338089 0.30572202801704407
0.223167285323143 0.33768799901008606
0.22268450260162354 0.35977402329444885
0.2224368155002594 0.37258100509643555
0.221889466047287 0.36170804500579834
0.22176142036914825 0.35278940200805664
0.2213883250951767 0.32001158595085144
0.2212895154953003 0.32522711157798767
0.22089466452598572 0.2637730538845062
0.2203776091337204 0.23468470573425293
0.22012583911418915 0.22090254724025726
0.22006572782993317 0.23136162757873535
0.22000722587108612 0.24350997805595398
0.21985450387001038 0.22308699786663055
0.21985411643981934 0.309746652841568
0.21892264485359192 0.25119662284851074
0.21869400143623352 0.3527560830116272
0.21867075562477112 0.3668076992034912
0.21796947717666626 0.2210828810930252
0.21765340864658356 0.3853032886981964
0.21665744483470917 0.33633336424827576
0.21643662452697754 0.216914564371109
0.21630175411701202 0.35861772298812866
0.21609430015087128 0.3373997211456299
0.21562109887599945 0.3413197994232178
0.2154620885848999 0.2155366837978363
0.2152257263660431 0.3317875564098358
0.21454203128814697 0.21464751660823822
0.21426735818386078 0.3268410265445709
0.21370333433151245 0.28626400232315063
0.21361863613128662 0.3647060692310333
0.21297994256019592 0.26915085315704346
0.21240326762199402 0.3772865831851959
0.21236124634742737 0.3355228006839752
0.212136372923851 0.4043791592121124
0.2114724963903427 0.21715208888053894
0.21041376888751984 0.21762430667877197
0.21035505831241608 0.2646779417991638
0.21029914915561676 0.3474973738193512
0.21013569831848145 0.2361566126346588
0.20958800613880157 0.2693888545036316
0.20939865708351135 0.24714238941669464
0.20938993990421295 0.2690839171409607
0.20912301540374756 0.3231353759765625
0.2089824080467224 0.3276500105857849
0.2087453156709671 0.3087237775325775
0.20849715173244476 0.21084748208522797
0.20815132558345795 0.3432384133338928
0.2081485390663147 0.3215004801750183
0.20795227587223053 0.21082958579063416
0.20745843648910522 0.373887300491333
0.20736269652843475 0.33070144057273865
0.20700201392173767 0.3165539503097534
0.2069683074951172 0.21648481488227844
0.2069229781627655 0.3546248972415924
0.20654937624931335 0.2805677652359009
0.2065419852733612 0.2684168517589569
0.2064610868692398 0.3138398826122284
0.2055678814649582 0.32153356075286865
0.20546604692935944 0.29354405403137207
0.20539900660514832 0.27501654624938965
0.20536483824253082 0.33561649918556213
0.20396219193935394 0.2104329615831375
0.20378533005714417 0.31916794180870056
0.20376752316951752 0.242913618683815
0.20363332331180573 0.2128901481628418
0.20356501638889313 0.24632129073143005
0.20344772934913635 0.3387110233306885
0.20314888656139374 0.23739519715309143
0.2029053270816803 0.3495313823223114
0.20259249210357666 0.2672840356826782
0.20241987705230713 0.36752554774284363
0.20206435024738312 0.33458617329597473
0.20189887285232544 0.26082488894462585
0.20186981558799744 0.31515803933143616
0.2018575817346573 0.3171038329601288
0.20185641944408417 0.35354894399642944
0.20113947987556458 0.3404083847999573
0.2008916288614273 0.21062840521335602
0.20065420866012573 0.3654696047306061
0.1992565095424652 0.3319281041622162
0.1989765167236328 0.3375593423843384
0.19718021154403687 0.3360980749130249
0.1969853937625885 0.21107074618339539
0.19682130217552185 0.22637604176998138
0.19662374258041382 0.20826679468154907
0.1965087652206421 0.33659934997558594
0.19526776671409607 0.19695298373699188
0.19456394016742706 0.2064184546470642
0.19408415257930756 0.20179139077663422
0.19403737783432007 0.19708219170570374
0.1934969127178192 0.23141032457351685
0.1932665854692459 0.22386963665485382
0.19275841116905212 0.20911219716072083
0.1926831156015396 0.3383941054344177
0.19263365864753723 0.21518708765506744
0.19252103567123413 0.19579197466373444
0.19244295358657837 0.19790266454219818
0.1922152191400528 0.3633069694042206
0.19186806678771973 0.3569599390029907
0.19123893976211548 0.36704134941101074
0.19115392863750458 0.3658277690410614
0.19106878340244293 0.36002033948898315
0.1909967064857483 0.3608991205692291
0.190715029835701 0.2255055159330368
0.19059479236602783 0.226226344704628
0.18946608901023865 0.3697851002216339
0.1890217512845993 0.3228730261325836
0.1888057440519333 0.3617097735404968
0.18800273537635803 0.20739257335662842
0.18797743320465088 0.21268954873085022
0.18615974485874176 0.3139546513557434
0.18600957095623016 0.3121199607849121
0.18595358729362488 0.33958593010902405
0.18588201701641083 0.2199474275112152
0.1852017343044281 0.3376300632953644
0.18434607982635498 0.23046395182609558
0.1836874783039093 0.1992366760969162
0.18356305360794067 0.2163427472114563
0.1829121857881546 0.20540913939476013
0.18280842900276184 0.35127556324005127
0.18272073566913605 0.19954991340637207
0.18239720165729523 0.32465270161628723
0.18232578039169312 0.22179806232452393
0.1803237497806549 0.3571193218231201
0.17912444472312927 0.36094391345977783
0.1788998544216156 0.2051960527896881
0.1783975511789322 0.20256353914737701
0.1779775321483612 0.1847584992647171
0.1767086684703827 0.20596161484718323
0.17644847929477692 0.20656411349773407
0.17503705620765686 0.3440883159637451
0.1749156266450882 0.3523578941822052
0.17409658432006836 0.2042650580406189
0.17366524040699005 0.1776987761259079
0.17362217605113983 0.3047500252723694
0.17279288172721863 0.22855128347873688
0.17195375263690948 0.19053703546524048
0.16953715682029724 0.32008081674575806
0.1692749410867691 0.23313435912132263
0.16772934794425964 0.17136086523532867
0.16755041480064392 0.24248363077640533
0.16428586840629578 0.22891594469547272
0.1641274392604828 0.19153857231140137
0.16319505870342255 0.1720300167798996
0.16310293972492218 0.1953565925359726
0.1623457670211792 0.18502870202064514
0.1616056263446808 0.18476611375808716
0.15848729014396667 0.3328746259212494
0.1565748155117035 0.16588348150253296
0.15653494000434875 0.1674962192773819
0.1563320755958557 0.1661282479763031
0.15281914174556732 0.15895062685012817
0.1522638499736786 0.1670178920030594
0.15130601823329926 0.15433350205421448
0.14953626692295074 0.1820276379585266
0.14907558262348175 0.16484256088733673
0.14859949052333832 0.17939512431621552
0.1454695463180542 0.18150290846824646
0.14204645156860352 0.14446714520454407
0.14042620360851288 0.15031373500823975
0.13827790319919586 0.14086933434009552
0.13203337788581848 0.13450686633586884
0.12599922716617584 0.13977909088134766
0.1201273575425148 0.17034167051315308
0.11070500314235687 0.11894835531711578
0.10851743072271347 0.11985217034816742
0.09628058224916458 0.10650436580181122
0.07180818915367126 0.07837363332509995
