0.38685745000839233 0.3997369706630707
0.3550918996334076 0.37231242656707764
0.35484758019447327 0.37412381172180176
0.3527120351791382 0.35504165291786194
0.3502117693424225 0.3648240864276886
0.3494010269641876 0.35015955567359924
0.3406031131744385 0.36203429102897644
0.33992692828178406 0.3581908345222473
0.3372182846069336 0.35985836386680603
0.33673983812332153 0.3477173447608948
0.3298181891441345 0.3302288353443146
0.3270378112792969 0.32842662930488586
0.3262932002544403 0.3396702706813812
0.32620036602020264 0.3819199204444885
0.3248932361602783 0.361336886882782
0.3246351480484009 0.33068954944610596
0.3245231807231903 0.3428325057029724
0.32303956151008606 0.32815149426460266
0.32281050086021423 0.3510555922985077
0.3212389349937439 0.3486187160015106
0.3203970789909363 0.3700595796108246
0.3202791213989258 0.3241478204727173
0.31788527965545654 0.3266320824623108
0.31773337721824646 0.32123056054115295
0.3169097602367401 0.3433048129081726
0.31180140376091003 0.3255903124809265
0.30868610739707947 0.35948657989501953
0.30853790044784546 0.38079965114593506
0.3074931800365448 0.35696879029273987
0.3073504567146301 0.30878278613090515
0.30706363916397095 0.35839468240737915
0.3067675530910492 0.3077547252178192
0.3067132830619812 0.33429908752441406
0.30412280559539795 0.30650052428245544
0.30343297123908997 0.4520185887813568
0.3031814396381378 0.3081914782524109
0.3020856976509094 0.3125564754009247
0.29878726601600647 0.36093536019325256
0.29855474829673767 0.3060902953147888
0.29788562655448914 0.3039515018463135
0.29134729504585266 0.34123900532722473
0.2910120487213135 0.32056793570518494
0.2909848988056183 0.33597904443740845
0.28953248262405396 0.3072598874568939
0.28909799456596375 0.327951043844223
0.2874617576599121 0.30990657210350037
0.28685975074768066 0.2961481213569641
0.28632208704948425 0.30960267782211304
0.28485777974128723 0.28992342948913574
0.28348278999328613 0.3410756587982178
0.28174954652786255 0.42569175362586975
0.2796174883842468 0.2957500219345093
0.2791357636451721 0.29052793979644775
0.27877694368362427 0.3001149892807007
0.2785434126853943 0.32380837202072144
0.27804797887802124 0.33787891268730164
0.27730247378349304 0.330246239900589
0.27716168761253357 0.32313838601112366
0.2758449912071228 0.3217296004295349
0.2743149697780609 0.27588844299316406
0.273713082075119 0.3017776906490326
0.2723546326160431 0.3400512933731079
0.27175137400627136 0.3691338896751404
0.27089980244636536 0.34218570590019226
0.2698335647583008 0.3004167377948761
0.26908114552497864 0.30918198823928833
0.26904571056365967 0.2711494266986847
0.268694669008255 0.3065612316131592
0.2682757079601288 0.26846203207969666
0.2678331434726715 0.2808328866958618
0.2674919068813324 0.3948398232460022
0.2659354507923126 0.26947492361068726
0.2650916874408722 0.2812206745147705
0.26486146450042725 0.26525184512138367
0.264779657125473 0.36138853430747986
0.2645663321018219 0.26880258321762085
0.2634691894054413 0.31332921981811523
0.26301661133766174 0.2929539382457733
0.2629295289516449 0.2674673795700073
0.26262712478637695 0.3675691783428192
0.2623457908630371 0.35623306035995483
0.26172536611557007 0.4039153456687927
0.25975698232650757 0.29922252893447876
0.25954383611679077 0.3377554416656494
0.25921374559402466 0.2918567359447479
0.2590011954307556 0.31749844551086426
0.2580893933773041 0.2856597602367401
0.25796422362327576 0.31086456775665283
0.25754186511039734 0.29572007060050964
0.25750431418418884 0.30556800961494446
0.25696003437042236 0.2669001519680023
0.25678032636642456 0.2726050615310669
0.2563555836677551 0.271672785282135
0.25627145171165466 0.2867000699043274
0.2558838129043579 0.26227134466171265
0.25571662187576294 0.3258228898048401
0.25534170866012573 0.2654360234737396
0.25499993562698364 0.3102439045906067
0.2545355260372162 0.2763940691947937
0.2528122365474701 0.32678404450416565
0.25248169898986816 0.31709054112434387
0.2518838346004486 0.26145410537719727
0.2508017420768738 0.35300084948539734
0.2502683699131012 0.3335631191730499
0.24683606624603271 0.29297322034835815
0.24653835594654083 0.32780659198760986
0.24650277197360992 0.33222895860671997
0.24631449580192566 0.3066975772380829
0.24615782499313354 0.3218705952167511
0.24550744891166687 0.336355060338974
0.24428042769432068 0.34288349747657776
0.2440371960401535 0.24773810803890228
0.24336469173431396 0.33126387000083923
0.24325519800186157 0.32082828879356384
0.24318398535251617 0.3375757336616516
0.24298909306526184 0.24911852180957794
0.24223646521568298 0.3429080545902252
0.24196460843086243 0.28310421109199524
0.24150191247463226 0.3533351421356201
0.2409202754497528 0.34534767270088196
0.2403288334608078 0.3322440981864929
0.2402947098016739 0.30522364377975464
0.2402244210243225 0.2760154902935028
0.24018439650535583 0.24303828179836273
0.23979465663433075 0.29486963152885437
0.23851725459098816 0.30032745003700256
0.23806512355804443 0.2786465287208557
0.2379615753889084 0.2640933692455292
0.23776166141033173 0.37033379077911377
0.23700770735740662 0.3629891872406006
0.23642122745513916 0.24357670545578003
0.23624855279922485 0.34998220205307007
0.234678715467453 0.24578507244586945
0.23413193225860596 0.2798784673213959
0.2335914522409439 0.2664720416069031
0.2330015003681183 0.282693088054657
0.23298515379428864 0.3417571187019348
0.23295387625694275 0.31362468004226685
0.23289437592029572 0.30340737104415894
0.23259751498699188 0.24788670241832733
0.23246431350708008 0.2543072998523712
0.231987863779068 0.23516176640987396
0.23182860016822815 0.2967129647731781
0.2315644472837448 0.3367174565792084
0.23153388500213623 0.2558555603027344
0.23111258447170258 0.32286959886550903
0.23037292063236237 0.2455429583787918
0.23030059039592743 0.317873477935791
0.23005875945091248 0.3386906087398529
0.22985641658306122 0.30647969245910645
0.2294243574142456 0.24334830045700073
0.22931312024593353 0.3485754132270813
0.22924081981182098 0.24562738835811615
0.22842834889888763 0.2622070908546448
0.22785720229148865 0.32680538296699524
0.22637218236923218 0.22893434762954712
0.22620318830013275 0.311922162771225
0.22606918215751648 0.2280244380235672
0.2257048785686493 0.3324373960494995
0.2256547510623932 0.24053101241588593
0.22564862668514252 0.2996455132961273
0.2254837453365326 0.3135557770729065
0.22529345750808716 0.2551276683807373
0.22527511417865753 0.2279408574104309
0.22477169334888458 0.40023675560951233
0.22436171770095825 0.22503337264060974
0.22426727414131165 0.24498577415943146
0.2241823971271515 0.22763819992542267
0.22397764027118683 0.240316241979599
0.22386348247528076 0.3385181427001953
0.22327934205532074 0.3172011971473694
0.2232288420200348 0.2322840392589569
0.22311705350875854 0.2485312968492508
0.22294412553310394 0.24504701793193817
0.22267921268939972 0.33818334341049194
0.22119420766830444 0.33911362290382385
0.22022074460983276 0.2517816722393036
0.21996533870697021 0.3229410648345947
0.21989920735359192 0.3313615322113037
0.2187751978635788 0.26685306429862976
0.2179308384656906 0.3621554374694824
0.21773046255111694 0.3289856016635895
0.21772265434265137 0.27216270565986633
0.21703942120075226 0.2756415009498596
0.21627813577651978 0.34058666229248047
0.21622470021247864 0.35650813579559326
0.21575048565864563 0.23791955411434174
0.21529577672481537 0.3302541673183441
0.21509023010730743 0.3392638862133026
0.21487678587436676 0.3731539845466614
0.21431539952754974 0.35872629284858704
0.21323515474796295 0.32611948251724243
0.21087729930877686 0.2639494836330414
0.21078744530677795 0.3044227361679077
0.2098233848810196 0.2487386167049408
0.2097683697938919 0.39194628596305847
0.20972643792629242 0.23607821762561798
0.2095026671886444 0.35513320565223694
0.2093198001384735 0.2747615575790405
0.2092684656381607 0.23171721398830414
0.2092180997133255 0.2558523714542389
0.20880424976348877 0.3535938262939453
0.20816387236118317 0.27286002039909363
0.20774683356285095 0.31621089577674866
0.2076614797115326 0.2545272707939148
0.20744673907756805 0.264363169670105
0.20730836689472198 0.3744776248931885
0.20729166269302368 0.22499649226665497
0.20726270973682404 0.2343541383743286
0.20717273652553558 0.3188861310482025
0.20701223611831665 0.21781231462955475
0.20691393315792084 0.36373963952064514
0.20607422292232513 0.34191104769706726
0.20604722201824188 0.26448050141334534
0.20500288903713226 0.2730676829814911
0.2048155963420868 0.26748210191726685
0.20460964739322662 0.2918889820575714
0.2042403221130371 0.3516494333744049
0.20393018424510956 0.34359052777290344
0.20377770066261292 0.21365809440612793
0.20326095819473267 0.20926479995250702
0.20315803587436676 0.34324291348457336
0.20261645317077637 0.33661094307899475
0.20217975974082947 0.3251629173755646
0.20164728164672852 0.20251160860061646
0.20153971016407013 0.35540246963500977
0.20112375915050507 0.22780995070934296
0.20081326365470886 0.22766566276550293
0.20064781606197357 0.2443513125181198
0.1989569067955017 0.25963112711906433
0.19861114025115967 0.3350343704223633
0.19847610592842102 0.24737855792045593
0.19838078320026398 0.3354830741882324
0.19800707697868347 0.21715553104877472
0.19731265306472778 0.36736616492271423
0.19723233580589294 0.340693861246109
0.19633564352989197 0.3596346974372864
0.19587910175323486 0.21137657761573792
0.19586502015590668 0.3233776390552521
0.1956249177455902 0.3173753023147583
0.1955450177192688 0.3536907732486725
0.1951487511396408 0.31886184215545654
0.19507864117622375 0.36171674728393555
0.19470199942588806 0.34606847167015076
0.19424669444561005 0.3490765392780304
0.19380967319011688 0.33630311489105225
0.19375789165496826 0.1989528387784958
0.1925349086523056 0.25567424297332764
0.19160741567611694 0.2844812870025635
0.1913844794034958 0.3569899797439575
0.19104325771331787 0.3669074773788452
0.1909218579530716 0.31850844621658325
0.1908474564552307 0.2132357507944107
0.19039928913116455 0.33905401825904846
0.19010363519191742 0.19758331775665283
0.18976189196109772 0.32140737771987915
0.1895323097705841 0.2522960901260376
0.1889793425798416 0.2413313239812851
0.1888437569141388 0.3578437864780426
0.18812696635723114 0.19728399813175201
0.18796460330486298 0.22407938539981842
0.18766379356384277 0.33060571551322937
0.18759439885616302 0.3427368402481079
0.1872977316379547 0.20682521164417267
0.18690180778503418 0.24837911128997803
0.18574665486812592 0.21447186172008514
0.18513578176498413 0.21327047049999237
0.18485897779464722 0.20359459519386292
0.184311181306839 0.23556184768676758
0.18334846198558807 0.2572367787361145
0.18329058587551117 0.3321897089481354
0.1829799860715866 0.3426573872566223
0.182978093624115 0.19922466576099396
0.18288156390190125 0.3091745376586914
0.1820346862077713 0.36069050431251526
0.18148037791252136 0.32544389367103577
0.18103307485580444 0.20494338870048523
0.1806989461183548 0.19800782203674316
0.18017271161079407 0.34182825684547424
0.1798079013824463 0.3232947289943695
0.17949576675891876 0.34370434284210205
0.17924006283283234 0.18682047724723816
0.17917580902576447 0.3148513734340668
0.17805133759975433 0.1819816380739212
0.1776062548160553 0.33994707465171814
0.17635202407836914 0.2584932744503021
0.1760546863079071 0.2314986139535904
0.1751939207315445 0.35940980911254883
0.1738991141319275 0.22403442859649658
0.17324602603912354 0.25572341680526733
0.17276258766651154 0.18765045702457428
0.172390416264534 0.3077121078968048
0.1719800978899002 0.33842965960502625
0.1719512790441513 0.3316512107849121
0.1713687926530838 0.17872270941734314
0.17127655446529388 0.2112419158220291
0.17050179839134216 0.3061964213848114
0.17036481201648712 0.22659480571746826
0.1699080616235733 0.34528064727783203
0.1698770672082901 0.19487805664539337
0.1695101410150528 0.21325719356536865
0.16833336651325226 0.21772834658622742
0.1682853102684021 0.1699530929327011
0.1675705462694168 0.3520447313785553
0.1673411875963211 0.19411955773830414
0.16690459847450256 0.16732434928417206
0.16633038222789764 0.17407453060150146
0.16281598806381226 0.18973815441131592
0.1614423245191574 0.32428640127182007
0.16069351136684418 0.1716393232345581
0.15982937812805176 0.17181475460529327
0.15839648246765137 0.16658051311969757
0.15749864280223846 0.1732402741909027
0.15522034466266632 0.17179854214191437
0.15275461971759796 0.1557440310716629
0.1519581377506256 0.20183837413787842
0.15166234970092773 0.1613575965166092
0.1509454846382141 0.16393162310123444
0.14586162567138672 0.15304884314537048
0.1441652923822403 0.15937539935112
0.14390912652015686 0.14865517616271973
0.14068745076656342 0.15624794363975525
0.13911613821983337 0.16921424865722656
0.13694410026073456 0.1426306813955307
0.13572658598423004 0.14282508194446564
0.13186535239219666 0.1415475308895111
0.13015106320381165 0.13512857258319855
0.12614861130714417 0.14092791080474854
0.11473650485277176 0.12290196865797043
0.08156715333461761 0.08791415393352509
