0.39426857233047485 0.46159157156944275
0.38463303446769714 0.4259602725505829
0.35084620118141174 0.3681512773036957
0.34534260630607605 0.36677590012550354
0.34490829706192017 0.34780359268188477
0.3435786962509155 0.3726409077644348
0.34296950697898865 0.35272687673568726
0.34208211302757263 0.37480372190475464
0.3350749909877777 0.34091418981552124
0.3316206932067871 0.33556222915649414
0.3289644718170166 0.3349055349826813
0.32858285307884216 0.33349189162254333
0.32656577229499817 0.3397081196308136
0.32526904344558716 0.3423996567726135
0.3246903717517853 0.37113967537879944
0.3236941397190094 0.3549887239933014
0.31984710693359375 0.3602835536003113
0.3197636306285858 0.3214506506919861
0.3170262575149536 0.4259781539440155
0.31696099042892456 0.3328092098236084
0.3168332874774933 0.31731894612312317
0.31368234753608704 0.3363189101219177
0.312075674533844 0.3254483640193939
0.3108603358268738 0.35966193675994873
0.30744943022727966 0.3460434079170227
0.30707964301109314 0.38283777236938477
0.30635306239128113 0.32505932450294495
0.30249691009521484 0.3398398756980896
0.3008132576942444 0.3142988085746765
0.3003969192504883 0.32015836238861084
0.2997682988643646 0.3904666602611542
0.2968733608722687 0.30253317952156067
0.2966877818107605 0.36158832907676697
0.29489636421203613 0.39230599999427795
0.29409530758857727 0.37426891922950745
0.2939522862434387 0.3498251438140869
0.2928882837295532 0.32324591279029846
0.29265865683555603 0.3163658678531647
0.2915171980857849 0.3882051408290863
0.2913758158683777 0.3108738660812378
0.2912890315055847 0.3018167316913605
0.2912398874759674 0.3036675453186035
0.29120877385139465 0.2940848767757416
0.2907388210296631 0.32614225149154663
0.2902674376964569 0.3205603361129761
0.2902250289916992 0.3497332036495209
0.2890336215496063 0.3296739459037781
0.28514814376831055 0.30171892046928406
0.28439435362815857 0.29288429021835327
0.28388649225234985 0.2998259663581848
0.28262653946876526 0.3158903121948242
0.2823423445224762 0.28678497672080994
0.28202298283576965 0.2879938781261444
0.2811644673347473 0.2832973897457123
0.28052178025245667 0.3325624465942383
0.280259370803833 0.41145506501197815
0.2795412838459015 0.31597861647605896
0.27933937311172485 0.2800317704677582
0.27926164865493774 0.3089010715484619
0.2790166437625885 0.3507366180419922
0.2778773307800293 0.28016719222068787
0.27656418085098267 0.28670236468315125
0.2761040925979614 0.28504595160484314
0.27533963322639465 0.28454408049583435
0.2750958502292633 0.27973631024360657
0.2736961245536804 0.27862465381622314
0.27233874797821045 0.34658506512641907
0.2716579735279083 0.27236270904541016
0.27132540941238403 0.35146304965019226
0.2711840867996216 0.3293028473854065
0.2703533172607422 0.28263193368911743
0.2701631486415863 0.2721676230430603
0.2699686288833618 0.2775057256221771
0.269735723733902 0.27329450845718384
0.26918119192123413 0.27332189679145813
0.2690916657447815 0.2840951681137085
0.26876258850097656 0.31742432713508606
0.2686789035797119 0.29888954758644104
0.26832687854766846 0.3338868021965027
0.26723477244377136 0.26797202229499817
0.2671644389629364 0.39283043146133423
0.2669919729232788 0.2698290944099426
0.2669353485107422 0.2720983028411865
0.26672372221946716 0.2688356339931488
0.26497575640678406 0.31040453910827637
0.2644878327846527 0.28612247109413147
0.26436159014701843 0.2980329990386963
0.2641548216342926 0.3480365574359894
0.26414474844932556 0.2677040696144104
0.26404133439064026 0.3049026429653168
0.26399025321006775 0.2922525703907013
0.2637335956096649 0.28178271651268005
0.26369595527648926 0.3768310844898224
0.2635497748851776 0.27082350850105286
0.26352447271347046 0.2744729816913605
0.2633650004863739 0.2845286428928375
0.26320967078208923 0.3540441393852234
0.2628175914287567 0.2728751599788666
0.26244786381721497 0.331637978553772
0.2622503638267517 0.3232908248901367
0.26208531856536865 0.30271393060684204
0.26160678267478943 0.3200095295906067
0.26159003376960754 0.27611851692199707
0.2614617645740509 0.353523313999176
0.2611715495586395 0.30579525232315063
0.26081061363220215 0.2785724699497223
0.26064029335975647 0.3043213486671448
0.26040613651275635 0.3085726797580719
0.25991538166999817 0.2866775691509247
0.25879257917404175 0.31126195192337036
0.258575975894928 0.3817417621612549
0.25814980268478394 0.258606880903244
0.257813423871994 0.27427926659584045
0.257606565952301 0.2832737863063812
0.2571724057197571 0.2759597599506378
0.25662103295326233 0.27184659242630005
0.2565629184246063 0.31245478987693787
0.2561452388763428 0.30041566491127014
0.2561151087284088 0.2829184830188751
0.25588494539260864 0.25956037640571594
0.2552335858345032 0.2939084470272064
0.2552238702774048 0.2763344645500183
0.2547447979450226 0.29309481382369995
0.25461041927337646 0.26328521966934204
0.25417792797088623 0.2818969190120697
0.2538488209247589 0.29284316301345825
0.25368228554725647 0.29119178652763367
0.25358089804649353 0.26186755299568176
0.2534504234790802 0.25778692960739136
0.2533774971961975 0.295137882232666
0.25316810607910156 0.2610204815864563
0.25225043296813965 0.2699829936027527
0.2520692050457001 0.2535664737224579
0.25141143798828125 0.31460878252983093
0.2506866157054901 0.2682262063026428
0.2505198121070862 0.2527962327003479
0.25044792890548706 0.25109562277793884
0.2503884434700012 0.34023424983024597
0.25027433037757874 0.2604828178882599
0.24996556341648102 0.2881093919277191
0.2497299760580063 0.26569363474845886
0.2496212273836136 0.2629230320453644
0.24952712655067444 0.26839348673820496
0.24923144280910492 0.2522244453430176
0.24913576245307922 0.30785852670669556
0.2490086555480957 0.3285181224346161
0.24895459413528442 0.2531915009021759
0.24870994687080383 0.28244441747665405
0.24868136644363403 0.25441181659698486
0.24855776131153107 0.2682298421859741
0.24831734597682953 0.2761216163635254
0.24824154376983643 0.3113499581813812
0.24815501272678375 0.26995357871055603
0.24773448705673218 0.28221264481544495
0.2473699152469635 0.25963011384010315
0.24723456799983978 0.30701467394828796
0.2472214251756668 0.24991071224212646
0.24711526930332184 0.3160993754863739
0.24697935581207275 0.2551541030406952
0.24645763635635376 0.2710213363170624
0.2463114708662033 0.3178771138191223
0.24605722725391388 0.26695704460144043
0.2459484487771988 0.25087058544158936
0.24582161009311676 0.2616436183452606
0.24572588503360748 0.26621198654174805
0.24553048610687256 0.31843850016593933
0.24545390903949738 0.24917277693748474
0.24522894620895386 0.2504710853099823
0.24503274261951447 0.329440176486969
0.2448977530002594 0.26636120676994324
0.244875967502594 0.3101919889450073
0.2445930689573288 0.343572735786438
0.24458016455173492 0.2620236575603485
0.24407674372196198 0.33501163125038147
0.24372386932373047 0.2780109643936157
0.2433874011039734 0.2555214762687683
0.2429291158914566 0.29405418038368225
0.24288593232631683 0.29035890102386475
0.24235592782497406 0.29063814878463745
0.2422492951154709 0.2763703465461731
0.24145588278770447 0.3685237765312195
0.24107544124126434 0.30073603987693787
0.24064232409000397 0.30196958780288696
0.24056777358055115 0.29531702399253845
0.23981991410255432 0.24063047766685486
0.23960557579994202 0.2819521427154541
0.23956412076950073 0.24170811474323273
0.23952805995941162 0.2551600933074951
0.23870526254177094 0.2820524275302887
0.23861916363239288 0.2752862274646759
0.23860615491867065 0.29565390944480896
0.23779058456420898 0.25919416546821594
0.23751451075077057 0.27743226289749146
0.23736204206943512 0.28443852066993713
0.23730146884918213 0.238783061504364
0.23716910183429718 0.303395539522171
0.2370416224002838 0.27282360196113586
0.23683416843414307 0.2369384467601776
0.23660734295845032 0.25683632493019104
0.2363995909690857 0.2854042649269104
0.23610135912895203 0.2976093292236328
0.23600785434246063 0.32186293601989746
0.23586373031139374 0.33554068207740784
0.2357366979122162 0.2385861575603485
0.2355847954750061 0.25295189023017883
0.2355448603630066 0.32031014561653137
0.23515044152736664 0.35079267621040344
0.2350030392408371 0.24457938969135284
0.23482097685337067 0.23977164924144745
0.23454174399375916 0.2759571671485901
0.23425303399562836 0.26506125926971436
0.23390032351016998 0.2485765963792801
0.2338620126247406 0.2788393199443817
0.2337634563446045 0.2679581344127655
0.2337203472852707 0.2601500153541565
0.2327171266078949 0.24203208088874817
0.23268009722232819 0.26363229751586914
0.23251628875732422 0.2393048256635666
0.2324833869934082 0.24103419482707977
0.23230238258838654 0.32001179456710815
0.23228245973587036 0.2899473309516907
0.2320692241191864 0.23591890931129456
0.2315623015165329 0.29670512676239014
0.23129898309707642 0.2425660341978073
0.2312714010477066 0.25096914172172546
0.23115281760692596 0.2758493721485138
0.2309948354959488 0.2847060263156891
0.23079919815063477 0.24376827478408813
0.2307615727186203 0.250274658203125
0.23060213029384613 0.2676437795162201
0.23053811490535736 0.23973749577999115
0.23039044439792633 0.2500860095024109
0.23028722405433655 0.2996753454208374
0.23028269410133362 0.274164617061615
0.23014035820960999 0.24575693905353546
0.2300921529531479 0.28143906593322754
0.2300260365009308 0.266624391078949
0.22980163991451263 0.24351441860198975
0.22978611290454865 0.2757112681865692
0.2297763079404831 0.23860901594161987
0.2293684035539627 0.2771855294704437
0.22905142605304718 0.29305464029312134
0.22898393869400024 0.43886303901672363
0.2288498878479004 0.3449034094810486
0.22881875932216644 0.30567511916160583
0.22871258854866028 0.3364298939704895
0.2285507619380951 0.27703776955604553
0.22799137234687805 0.3414427638053894
0.22715960443019867 0.34015166759490967
0.2270602434873581 0.23081932961940765
0.22698362171649933 0.2903464436531067
0.2269125133752823 0.240168958902359
0.2268819659948349 0.32408925890922546
0.22668075561523438 0.2855827808380127
0.22606302797794342 0.28561460971832275
0.22569459676742554 0.3108390271663666
0.2255679965019226 0.32407915592193604
0.22548219561576843 0.3679262399673462
0.22522220015525818 0.25464165210723877
0.22512494027614594 0.32055872678756714
0.2247643917798996 0.2440444678068161
0.22433282434940338 0.3719426095485687
0.22425368428230286 0.3477185070514679
0.22402338683605194 0.34669142961502075
0.22394192218780518 0.339461088180542
0.22379665076732635 0.2999742925167084
0.2232414335012436 0.2789563238620758
0.22284464538097382 0.38383838534355164
0.2227511703968048 0.29960694909095764
0.2227333039045334 0.29664120078086853
0.2226073294878006 0.24045339226722717
0.2225293666124344 0.3020980656147003
0.22222000360488892 0.24297355115413666
0.22208456695079803 0.2502669095993042
0.22194162011146545 0.26737987995147705
0.22184684872627258 0.32383957505226135
0.22154618799686432 0.23587526381015778
0.22148828208446503 0.271076500415802
0.2214006632566452 0.23257821798324585
0.22132740914821625 0.23272091150283813
0.22131556272506714 0.25326237082481384
0.22095300257205963 0.30418336391448975
0.22063514590263367 0.29350781440734863
0.22057418525218964 0.3080478608608246
0.21996334195137024 0.29184848070144653
0.2198139727115631 0.362156480550766
0.21922330558300018 0.3009066879749298
0.21843965351581573 0.26861822605133057
0.21816691756248474 0.29144611954689026
0.21801608800888062 0.3690544068813324
0.21797312796115875 0.24368351697921753
0.21793602406978607 0.3340263068675995
0.21743300557136536 0.3135089874267578
0.21722102165222168 0.3117201030254364
0.2172103375196457 0.23292657732963562
0.21713010966777802 0.240944504737854
0.2169276922941208 0.22254523634910583
0.21670188009738922 0.22202268242835999
0.21658408641815186 0.33424466848373413
0.21654221415519714 0.29911357164382935
0.21651366353034973 0.2627970278263092
0.2163943350315094 0.25333231687545776
0.21638093888759613 0.2750776708126068
0.21623767912387848 0.2596970200538635
0.21623088419437408 0.2514837682247162
0.21607694029808044 0.24444042146205902
0.2157360166311264 0.2966706454753876
0.21523591876029968 0.2228209525346756
0.21510477364063263 0.2562890648841858
0.21502003073692322 0.2296229898929596
0.21483026444911957 0.25095808506011963
0.2147810161113739 0.2585897743701935
0.21455435454845428 0.2248801440000534
0.21445247530937195 0.2360977679491043
0.21444803476333618 0.24806804955005646
0.21431604027748108 0.2868272066116333
0.2142934501171112 0.33124005794525146
0.21422044932842255 0.2789563238620758
0.21395382285118103 0.27916985750198364
0.21374449133872986 0.24508997797966003
0.21349525451660156 0.21426087617874146
0.2132510095834732 0.27158448100090027
0.2130119800567627 0.21683770418167114
0.2129141390323639 0.2900793254375458
0.21285715699195862 0.348373144865036
0.21281053125858307 0.24255332350730896
0.21278761327266693 0.32339558005332947
0.2126309722661972 0.220588818192482
0.21250884234905243 0.2939935624599457
0.21231825649738312 0.35066547989845276
0.21222133934497833 0.26307493448257446
0.21187278628349304 0.359997421503067
0.21157123148441315 0.36196860671043396
0.21142081916332245 0.3050783574581146
0.21115264296531677 0.21390315890312195
0.21114957332611084 0.306387722492218
0.21111735701560974 0.30013835430145264
0.21073579788208008 0.2578641474246979
0.21068216860294342 0.37051138281822205
0.21029552817344666 0.27510637044906616
0.21028366684913635 0.24258507788181305
0.21002157032489777 0.21205636858940125
0.209807887673378 0.231597438454628
0.20977483689785004 0.2113146185874939
0.20967786014080048 0.29301413893699646
0.20963601768016815 0.25861456990242004
0.2094874531030655 0.23832176625728607
0.20876359939575195 0.36252713203430176
0.20836575329303741 0.23809866607189178
0.20816709101200104 0.27031561732292175
0.20802880823612213 0.21800927817821503
0.2074449509382248 0.24719268083572388
0.20738078653812408 0.2208966463804245
0.20638903975486755 0.3127889335155487
0.2059004306793213 0.2730664312839508
0.2058921754360199 0.20835690200328827
0.20566225051879883 0.23959830403327942
0.20490776002407074 0.20796851813793182
0.20487470924854279 0.20779919624328613
0.20453189313411713 0.24799521267414093
0.20450203120708466 0.29939571022987366
0.20430387556552887 0.23100809752941132
0.20423837006092072 0.30631253123283386
0.20325790345668793 0.24349947273731232
0.20292417705059052 0.236349955201149
0.20269228518009186 0.33385756611824036
0.20267127454280853 0.2030794620513916
0.20265869796276093 0.20542405545711517
0.20247472822666168 0.20525509119033813
0.20244571566581726 0.2059733271598816
0.20243370532989502 0.23952321708202362
0.2023981660604477 0.2125624567270279
0.20206408202648163 0.2257344126701355
0.20179937779903412 0.278249591588974
0.2017604261636734 0.2940531373023987
0.20108382403850555 0.3487929105758667
0.20103740692138672 0.2558448910713196
0.20038768649101257 0.21957767009735107
0.20017540454864502 0.2196020931005478
0.19991447031497955 0.21594561636447906
0.1998738944530487 0.2499769777059555
0.19986186921596527 0.22873839735984802
0.19854247570037842 0.2140485644340515
0.1983984112739563 0.20513536036014557
0.19816111028194427 0.21179620921611786
0.19790306687355042 0.2245520055294037
0.1978606879711151 0.20017512142658234
0.1976340264081955 0.25910958647727966
0.1973721832036972 0.24700425565242767
0.19728690385818481 0.28343862295150757
0.19642244279384613 0.20729491114616394
0.1959511935710907 0.21252870559692383
0.19590933620929718 0.21278499066829681
0.19567154347896576 0.25833383202552795
0.19406357407569885 0.22358925640583038
0.1937146782875061 0.26631343364715576
0.19322803616523743 0.20024998486042023
0.19318896532058716 0.19360880553722382
0.19296897947788239 0.24419879913330078
0.1927194893360138 0.2335284799337387
0.1919817179441452 0.24437855184078217
0.19185973703861237 0.19975058734416962
0.19167372584342957 0.1924881786108017
0.19089235365390778 0.20330724120140076
0.19004590809345245 0.24155819416046143
0.18983450531959534 0.2607133686542511
0.18934845924377441 0.2762336730957031
0.18873998522758484 0.21209077537059784
0.18855170905590057 0.29075172543525696
0.18655067682266235 0.24022050201892853
0.18542617559432983 0.21572360396385193
0.18542492389678955 0.2842477560043335
0.18447668850421906 0.23547939956188202
0.18406619131565094 0.23430316150188446
0.18092423677444458 0.28249263763427734
0.17807665467262268 0.2228209525346756
0.17754307389259338 0.18975576758384705
0.17614416778087616 0.1853446215391159
0.17584480345249176 0.2167969048023224
0.17540815472602844 0.19748228788375854
0.17495667934417725 0.22942636907100677
0.17344577610492706 0.22450080513954163
0.17322306334972382 0.17446984350681305
0.17196419835090637 0.17709222435951233
0.1714405119419098 0.23553667962551117
0.17070455849170685 0.1997509002685547
0.17031779885292053 0.22043830156326294
0.16860108077526093 0.21255028247833252
0.16507203876972198 0.18180960416793823
0.16108739376068115 0.1616237610578537
0.1608879566192627 0.180738165974617
0.15855559706687927 0.21293140947818756
0.15546904504299164 0.2013598084449768
0.15182645618915558 0.18209092319011688
0.14882132411003113 0.15308941900730133
0.14820078015327454 0.15602847933769226
0.1459244340658188 0.15486596524715424
0.14214123785495758 0.15356267988681793
0.1342334747314453 0.14232447743415833
0.1333865225315094 0.14992640912532806
0.1265360414981842 0.1423286646604538
0.11616918444633484 0.1483638882637024
