0.37927013635635376 0.38794562220573425
0.37775516510009766 0.4126284122467041
0.3618285655975342 0.38820135593414307
0.35143646597862244 0.35749489068984985
0.3449483811855316 0.36973902583122253
0.34204965829849243 0.3741022050380707
0.33955276012420654 0.3492867052555084
0.3382398784160614 0.3518454134464264
0.33324646949768066 0.33995330333709717
0.32861632108688354 0.35812073945999146
0.3278668522834778 0.3435538709163666
0.3213936984539032 0.33606424927711487
0.3209760785102844 0.38037142157554626
0.3173235058784485 0.3174290359020233
0.3169260621070862 0.4155571162700653
0.3153189420700073 0.35395464301109314
0.3143477737903595 0.32520270347595215
0.3133292496204376 0.3194413483142853
0.310039758682251 0.33750271797180176
0.3071022033691406 0.3254687488079071
0.30437400937080383 0.3162604570388794
0.30356836318969727 0.3084065318107605
0.3023913502693176 0.3331129848957062
0.3019900619983673 0.30925115942955017
0.301774799823761 0.3039070963859558
0.3006150722503662 0.30834683775901794
0.2980504333972931 0.2982149124145508
0.29716956615448 0.30352503061294556
0.2968772053718567 0.30584096908569336
0.29610100388526917 0.32827866077423096
0.2957037687301636 0.31438449025154114
0.2938244044780731 0.2978609800338745
0.29337388277053833 0.3636004328727722
0.2919142246246338 0.29757317900657654
0.2912284731864929 0.29597342014312744
0.2906298339366913 0.3224012553691864
0.29043716192245483 0.3004160523414612
0.28929412364959717 0.36983421444892883
0.28887179493904114 0.31813323497772217
0.2887887954711914 0.3414449691772461
0.2878372371196747 0.31965577602386475
0.28708070516586304 0.2936389446258545
0.2866557240486145 0.3054729700088501
0.28627538681030273 0.33994418382644653
0.28444215655326843 0.32131657004356384
0.28366726636886597 0.2843632102012634
0.282368928194046 0.3792559504508972
0.28225621581077576 0.2908717393875122
0.2808716595172882 0.3048555552959442
0.280818909406662 0.28551509976387024
0.28064554929733276 0.3080260753631592
0.28064316511154175 0.2967396378517151
0.28020763397216797 0.29888612031936646
0.27990737557411194 0.2945740818977356
0.2790934443473816 0.3375382125377655
0.2788574695587158 0.2890138328075409
0.27805501222610474 0.2963551878929138
0.2778722643852234 0.3031466603279114
0.27713245153427124 0.31177276372909546
0.27699995040893555 0.3318517804145813
0.27495789527893066 0.28055134415626526
0.2742938995361328 0.2888355851173401
0.2741209864616394 0.29423418641090393
0.27296608686447144 0.28581151366233826
0.27280181646347046 0.3290819525718689
0.27259159088134766 0.3038387596607208
0.2724205255508423 0.27988672256469727
0.2720322012901306 0.279001921415329
0.2716159224510193 0.284030556678772
0.27158308029174805 0.28159207105636597
0.27149468660354614 0.2949197590351105
0.27060210704803467 0.3453572988510132
0.2698670029640198 0.30862921476364136
0.2693134844303131 0.28239405155181885
0.2683770954608917 0.286781370639801
0.2683005630970001 0.3616586923599243
0.2678392827510834 0.2739831805229187
0.26740768551826477 0.35844433307647705
0.266692191362381 0.27089884877204895
0.2665327787399292 0.34562134742736816
0.2662465572357178 0.2836160361766815
0.266064316034317 0.2821522355079651
0.265852153301239 0.3366539478302002
0.26523587107658386 0.3043728172779083
0.26517626643180847 0.3440556228160858
0.263775497674942 0.2695874869823456
0.263628214597702 0.32506102323532104
0.26344168186187744 0.31668800115585327
0.26324278116226196 0.2911275029182434
0.2632254362106323 0.2739831805229187
0.26321715116500854 0.26773136854171753
0.2628268003463745 0.31288352608680725
0.26259779930114746 0.29868897795677185
0.2624131441116333 0.30172884464263916
0.26236552000045776 0.2799206078052521
0.2621572017669678 0.31036415696144104
0.26149851083755493 0.3131592273712158
0.2613978385925293 0.28298524022102356
0.26104676723480225 0.3469816744327545
0.260383665561676 0.2704614996910095
0.2603771686553955 0.2704732418060303
0.2601439356803894 0.2732234597206116
0.25986143946647644 0.2693445682525635
0.25965192914009094 0.29340875148773193
0.2595999240875244 0.30592069029808044
0.2593705654144287 0.3531050682067871
0.2593667209148407 0.27075809240341187
0.2592969238758087 0.3041425347328186
0.2592361271381378 0.312117338180542
0.25919729471206665 0.31185832619667053
0.2588140666484833 0.2839825749397278
0.2585334777832031 0.25981199741363525
0.25825661420822144 0.2811620831489563
0.25809943675994873 0.2819136381149292
0.25808772444725037 0.3718819320201874
0.2580469846725464 0.2950493097305298
0.2567784786224365 0.2636333107948303
0.2564397156238556 0.3057743310928345
0.25601717829704285 0.266606867313385
0.2555682957172394 0.2675097584724426
0.2555291950702667 0.26706868410110474
0.25527331233024597 0.2682591378688812
0.2552053928375244 0.25729697942733765
0.25515010952949524 0.2620561718940735
0.2549038529396057 0.30565014481544495
0.2541968822479248 0.2654586732387543
0.2536071538925171 0.3008335828781128
0.2531760036945343 0.26925650238990784
0.252689927816391 0.29388320446014404
0.25241386890411377 0.29998618364334106
0.25234144926071167 0.27078598737716675
0.25213634967803955 0.28103306889533997
0.25150954723358154 0.2763652503490448
0.2513124942779541 0.2866152822971344
0.2512645125389099 0.26090481877326965
0.25114893913269043 0.2613472044467926
0.2511240839958191 0.2520049810409546
0.2509170174598694 0.2808209955692291
0.2505841553211212 0.29568299651145935
0.2503596544265747 0.2635248303413391
0.25017836689949036 0.2721107602119446
0.2501480281352997 0.32715338468551636
0.2501126229763031 0.2771558165550232
0.2498965561389923 0.29233765602111816
0.249409481883049 0.27403953671455383
0.24918770790100098 0.2894150912761688
0.24912957847118378 0.29907193779945374
0.24906833469867706 0.3057821989059448
0.2488653063774109 0.26574429869651794
0.24879784882068634 0.25110942125320435
0.24863848090171814 0.27144819498062134
0.24863068759441376 0.2505715787410736
0.24836766719818115 0.2578035295009613
0.24812301993370056 0.2872006595134735
0.24811238050460815 0.28316426277160645
0.24787656962871552 0.2548912763595581
0.24751153588294983 0.30415159463882446
0.24743333458900452 0.3881889581680298
0.24732378125190735 0.2869454622268677
0.2472672462463379 0.3106273114681244
0.24723179638385773 0.26398906111717224
0.24627956748008728 0.2796405851840973
0.24620762467384338 0.27778351306915283
0.24607104063034058 0.3071029484272003
0.24566708505153656 0.26712360978126526
0.24542295932769775 0.247005432844162
0.24525748193264008 0.26591405272483826
0.24516618251800537 0.25972408056259155
0.24510355293750763 0.2693457305431366
0.24478532373905182 0.2525213658809662
0.2442825734615326 0.29124295711517334
0.24423572421073914 0.2607186734676361
0.24376684427261353 0.2547391653060913
0.2437421977519989 0.2793590724468231
0.24372461438179016 0.3484155535697937
0.24365048110485077 0.26992589235305786
0.24348647892475128 0.29745495319366455
0.2434702068567276 0.24699336290359497
0.24334584176540375 0.29005923867225647
0.2422582507133484 0.2717646360397339
0.24208687245845795 0.2696835696697235
0.24204467236995697 0.35640889406204224
0.24195031821727753 0.25529050827026367
0.2419329136610031 0.2681741714477539
0.24177056550979614 0.28670501708984375
0.24170051515102386 0.2545306384563446
0.24170026183128357 0.28074437379837036
0.24156434834003448 0.35329392552375793
0.24096724390983582 0.2420821338891983
0.24094900488853455 0.2479451447725296
0.24082070589065552 0.2602054178714752
0.2403191328048706 0.317264586687088
0.24016091227531433 0.3049526512622833
0.2400786578655243 0.25940704345703125
0.23979446291923523 0.2654586732387543
0.23958583176136017 0.2614697515964508
0.2395302802324295 0.24484777450561523
0.239484965801239 0.24198228120803833
0.23935335874557495 0.2746422588825226
0.23911871016025543 0.24504166841506958
0.23897919058799744 0.25210949778556824
0.23794205486774445 0.24369539320468903
0.23789386451244354 0.2483575940132141
0.23787716031074524 0.2412002980709076
0.23777058720588684 0.3153693974018097
0.23744013905525208 0.3226030468940735
0.2371869683265686 0.25073733925819397
0.23710142076015472 0.2554376721382141
0.2367539256811142 0.30862921476364136
0.2364366501569748 0.23757454752922058
0.23625804483890533 0.28133681416511536
0.23610715568065643 0.2883050739765167
0.2360810935497284 0.34314942359924316
0.2355087548494339 0.23601235449314117
0.2354494035243988 0.2631121575832367
0.23543331027030945 0.27167993783950806
0.23542065918445587 0.26340997219085693
0.2352234125137329 0.26838088035583496
0.23499248921871185 0.28548434376716614
0.2347685992717743 0.27506202459335327
0.23467107117176056 0.2617203891277313
0.23465938866138458 0.2548880875110626
0.23456496000289917 0.35596054792404175
0.23447835445404053 0.29903051257133484
0.2343578189611435 0.2663654685020447
0.23423442244529724 0.25267085433006287
0.2341732680797577 0.23424695432186127
0.23416683077812195 0.23440437018871307
0.234144389629364 0.23479503393173218
0.2341284155845642 0.32076340913772583
0.233881875872612 0.28276416659355164
0.23371265828609467 0.2382141798734665
0.23362314701080322 0.27787265181541443
0.23344750702381134 0.23537437617778778
0.2334069013595581 0.3238885700702667
0.2332284152507782 0.24166905879974365
0.23265440762043 0.3142464756965637
0.23259547352790833 0.23988781869411469
0.232524111866951 0.3044419586658478
0.23248159885406494 0.3556332588195801
0.23245583474636078 0.29600656032562256
0.23226666450500488 0.26024213433265686
0.23223619163036346 0.3257390558719635
0.2318553626537323 0.23888708651065826
0.23174430429935455 0.27621811628341675
0.2316277176141739 0.252810537815094
0.23159675300121307 0.24626675248146057
0.2310817986726761 0.25733768939971924
0.23075318336486816 0.290458619594574
0.23065823316574097 0.24610474705696106
0.23065294325351715 0.32474467158317566
0.2300722897052765 0.2569931745529175
0.2298210710287094 0.2838996648788452
0.229678213596344 0.28010544180870056
0.22967438399791718 0.2446908801794052
0.22949853539466858 0.3531688451766968
0.22948642075061798 0.3278326094150543
0.22946399450302124 0.25109246373176575
0.2291618138551712 0.25576454401016235
0.22895362973213196 0.24233554303646088
0.22886447608470917 0.3290087878704071
0.22873307764530182 0.2658281922340393
0.22809980809688568 0.2615627944469452
0.2280971109867096 0.28761979937553406
0.22803236544132233 0.3269936740398407
0.22800485789775848 0.29298755526542664
0.22792957723140717 0.3157087564468384
0.22787760198116302 0.32147136330604553
0.22775888442993164 0.2732168436050415
0.22753863036632538 0.3007882833480835
0.22752758860588074 0.258526474237442
0.2274380475282669 0.22749049961566925
0.22735750675201416 0.30995842814445496
0.22729799151420593 0.26799720525741577
0.22700542211532593 0.2718583047389984
0.22651900351047516 0.27872923016548157
0.22646525502204895 0.25714704394340515
0.2261013686656952 0.26090267300605774
0.22580461204051971 0.24091489613056183
0.22547714412212372 0.2755708694458008
0.2254084050655365 0.28444766998291016
0.22527621686458588 0.271585077047348
0.22493791580200195 0.25034940242767334
0.22462603449821472 0.2596472501754761
0.22408460080623627 0.2677636742591858
0.22365915775299072 0.2755708694458008
0.22319121658802032 0.29544681310653687
0.2231644243001938 0.32738304138183594
0.22188858687877655 0.23267461359500885
0.22165802121162415 0.23453055322170258
0.2212664783000946 0.22564370930194855
0.2212217152118683 0.2311510592699051
0.22055380046367645 0.24796637892723083
0.22051899135112762 0.2666071057319641
0.22002765536308289 0.25943076610565186
0.2196584939956665 0.251128613948822
0.21935871243476868 0.3200123906135559
0.21922558546066284 0.23395614326000214
0.21911980211734772 0.23888543248176575
0.21908512711524963 0.27204233407974243
0.21844500303268433 0.2873493432998657
0.2173585295677185 0.2917095720767975
0.21683938801288605 0.223414346575737
0.21641232073307037 0.24746081233024597
0.21638347208499908 0.23161354660987854
0.2163137048482895 0.2821359634399414
0.21622897684574127 0.27496451139450073
0.21610155701637268 0.32770299911499023
0.21581657230854034 0.30117011070251465
0.2156008929014206 0.2722228467464447
0.21551701426506042 0.2201029360294342
0.21513819694519043 0.295156329870224
0.21509046852588654 0.24896614253520966
0.214800626039505 0.3221215605735779
0.21452918648719788 0.35058602690696716
0.2143966555595398 0.2531464397907257
0.21430034935474396 0.26045742630958557
0.21428824961185455 0.2567046880722046
0.21425898373126984 0.29567572474479675
0.21409568190574646 0.22713468968868256
0.2140195369720459 0.300334095954895
0.21335312724113464 0.2392513006925583
0.21325135231018066 0.28754723072052
0.21322892606258392 0.26157909631729126
0.2131553739309311 0.26665768027305603
0.2130945324897766 0.28987783193588257
0.21296072006225586 0.3353888690471649
0.21252360939979553 0.24376685917377472
0.21199335157871246 0.278022438287735
0.2117520570755005 0.30650806427001953
0.21173231303691864 0.32888415455818176
0.21151982247829437 0.22227637469768524
0.2115083932876587 0.24917659163475037
0.21133220195770264 0.2551734149456024
0.21113263070583344 0.3337591886520386
0.21109555661678314 0.28130578994750977
0.21107709407806396 0.2857373058795929
0.21103255450725555 0.3372724950313568
0.21102021634578705 0.2789308726787567
0.21057073771953583 0.32888415455818176
0.21054284274578094 0.26955094933509827
0.21031974256038666 0.3320457935333252
0.21024683117866516 0.3351338803768158
0.2100623995065689 0.24634923040866852
0.20949949324131012 0.22688494622707367
0.20888908207416534 0.29631102085113525
0.20851796865463257 0.23354031145572662
0.2083270400762558 0.3353025019168854
0.20806533098220825 0.2294018268585205
0.20790798962116241 0.21285919845104218
0.20788489282131195 0.26863208413124084
0.20777934789657593 0.22196613252162933
0.20770478248596191 0.3270036578178406
0.20764799416065216 0.23091018199920654
0.20761099457740784 0.3434925973415375
0.2071944624185562 0.29629045724868774
0.20699989795684814 0.3459276556968689
0.20690453052520752 0.26517757773399353
0.2068932056427002 0.33611974120140076
0.20674929022789001 0.20773987472057343
0.20647117495536804 0.21287569403648376
0.20646028220653534 0.2658550441265106
0.20605872571468353 0.2547651529312134
0.20535346865653992 0.2759576141834259
0.20525069534778595 0.27729544043540955
0.20503497123718262 0.23456256091594696
0.20454591512680054 0.20828677713871002
0.20430399477481842 0.21686583757400513
0.2042444497346878 0.2255101501941681
0.2038908302783966 0.25229328870773315
0.2036942094564438 0.2811620831489563
0.20350241661071777 0.31043073534965515
0.20348016917705536 0.3490256667137146
0.20335274934768677 0.28723859786987305
0.20334358513355255 0.31059393286705017
0.20295196771621704 0.3330959975719452
0.20264148712158203 0.24487705528736115
0.20260608196258545 0.23487551510334015
0.20245271921157837 0.2450702041387558
0.20231428742408752 0.3135750889778137
0.20213665068149567 0.25381821393966675
0.20213571190834045 0.3068431317806244
0.20143358409404755 0.2189900130033493
0.20124588906764984 0.2034488469362259
0.2012273073196411 0.3412432074546814
0.20088137686252594 0.2464272379875183
0.2007542848587036 0.31415846943855286
0.20014983415603638 0.2911067306995392
0.19971489906311035 0.25553882122039795
0.19922864437103271 0.22514589130878448
0.19869637489318848 0.20304611325263977
0.19865208864212036 0.2486106902360916
0.19858860969543457 0.3114689290523529
0.19857154786586761 0.22135424613952637
0.19784078001976013 0.24555224180221558
0.19697222113609314 0.2891439199447632
0.19604340195655823 0.2396150678396225
0.1950966715812683 0.26109784841537476
0.19492711126804352 0.2601242959499359
0.1948196142911911 0.27073726058006287
0.19441521167755127 0.30662432312965393
0.19291535019874573 0.2923109531402588
0.19255214929580688 0.21185746788978577
0.1922222077846527 0.23251771926879883
0.19197848439216614 0.24158665537834167
0.191897451877594 0.2426733672618866
0.19107376039028168 0.216816708445549
0.19026058912277222 0.27097466588020325
0.18990463018417358 0.2767426073551178
0.18885813653469086 0.20989561080932617
0.18837949633598328 0.23134371638298035
0.18826715648174286 0.19908978044986725
0.18789702653884888 0.22800157964229584
0.18782925605773926 0.22699418663978577
0.1877274364233017 0.1951259970664978
0.18738938868045807 0.20530983805656433
0.18714039027690887 0.29448798298835754
0.18685925006866455 0.18928463757038116
0.18326295912265778 0.2464836984872818
0.18259240686893463 0.21919098496437073
0.18258506059646606 0.19520698487758636
0.1825203150510788 0.29340875148773193
0.18166528642177582 0.2312939167022705
0.18115204572677612 0.19816714525222778
0.179850235581398 0.2375386506319046
0.17783425748348236 0.19650258123874664
0.17733946442604065 0.2528541386127472
0.17639334499835968 0.17995698750019073
0.17605650424957275 0.22081702947616577
0.17554904520511627 0.2747379541397095
0.17463025450706482 0.2198864072561264
0.17230714857578278 0.1870022565126419
0.17211490869522095 0.2250550240278244
0.16655242443084717 0.19071711599826813
0.16519726812839508 0.1709790974855423
0.1638154536485672 0.1687013953924179
0.16176511347293854 0.16831426322460175
0.16065965592861176 0.1746455729007721
0.160614475607872 0.19442246854305267
0.15893998742103577 0.24529051780700684
0.15708647668361664 0.17944814264774323
0.15597546100616455 0.19444386661052704
0.15579839050769806 0.1640586256980896
0.1545722335577011 0.26185181736946106
0.1498660445213318 0.15691253542900085
0.14970867335796356 0.15403521060943604
0.1414456069469452 0.17007896304130554
0.14064951241016388 0.14648620784282684
0.13933990895748138 0.17242811620235443
0.13610191643238068 0.15310357511043549
0.1342218667268753 0.14395081996917725
0.1286088228225708 0.16844038665294647
0.12785704433918 0.21304024755954742
0.12716922163963318 0.19578847289085388
0.12375194579362869 0.1298787146806717
