0.36479443311691284 0.3893137276172638
0.36378538608551025 0.3641310930252075
0.3554728031158447 0.3559402823448181
0.34213656187057495 0.3676950931549072
0.34187108278274536 0.36588725447654724
0.3378787338733673 0.36854255199432373
0.33355021476745605 0.33475568890571594
0.332673579454422 0.334477961063385
0.3284808099269867 0.3315088450908661
0.3283456265926361 0.37171703577041626
0.3273521959781647 0.3365744948387146
0.32108768820762634 0.3728402256965637
0.3166232407093048 0.31771475076675415
0.31367194652557373 0.3626447319984436
0.313335120677948 0.35163217782974243
0.310895711183548 0.35976672172546387
0.30680006742477417 0.30764731764793396
0.3055300712585449 0.32075566053390503
0.3052235245704651 0.3298688232898712
0.30421531200408936 0.31773728132247925
0.3039211332798004 0.3460986018180847
0.30051279067993164 0.32190248370170593
0.2999616861343384 0.3111703395843506
0.298879474401474 0.3335929811000824
0.2986021637916565 0.314786434173584
0.2955336570739746 0.3152593672275543
0.2943691909313202 0.3175845742225647
0.29341062903404236 0.30440497398376465
0.2933504283428192 0.3110179305076599
0.29204949736595154 0.32077687978744507
0.2905818223953247 0.33619922399520874
0.28907057642936707 0.2991071045398712
0.2887302339076996 0.29356688261032104
0.2886770963668823 0.3104928731918335
0.2885998487472534 0.2915189266204834
0.28772851824760437 0.3165280818939209
0.28753915429115295 0.33185482025146484
0.2869662344455719 0.28810420632362366
0.28691351413726807 0.3291900157928467
0.2868548035621643 0.3051472008228302
0.28673866391181946 0.3379448652267456
0.2860383093357086 0.3177039623260498
0.2855563759803772 0.36121097207069397
0.28410229086875916 0.31692007184028625
0.2840995788574219 0.2965889871120453
0.283860445022583 0.31871896982192993
0.28326475620269775 0.3079374432563782
0.2824781835079193 0.3500438332557678
0.28238141536712646 0.2824845612049103
0.28183481097221375 0.28228625655174255
0.28015220165252686 0.2836354672908783
0.27982988953590393 0.28083130717277527
0.27982932329177856 0.30040809512138367
0.278364360332489 0.2809636890888214
0.27762067317962646 0.3705063760280609
0.277415007352829 0.33676210045814514
0.27734947204589844 0.30383726954460144
0.2769071161746979 0.29959264397621155
0.27685052156448364 0.2779672145843506
0.2766316533088684 0.279226690530777
0.27627113461494446 0.29137733578681946
0.27623799443244934 0.3350525498390198
0.2762127220630646 0.28683093190193176
0.2757047414779663 0.31871938705444336
0.2746944725513458 0.36051154136657715
0.274687260389328 0.3187684118747711
0.2741038203239441 0.32061338424682617
0.273843914270401 0.2987385094165802
0.2733849287033081 0.2976936399936676
0.2730551064014435 0.29854124784469604
0.27252161502838135 0.31335005164146423
0.27215027809143066 0.27682217955589294
0.2714069187641144 0.29855218529701233
0.2713685929775238 0.2838796079158783
0.27030470967292786 0.27479979395866394
0.2701149582862854 0.29018664360046387
0.26952582597732544 0.2782546877861023
0.26918601989746094 0.2700195014476776
0.2691856026649475 0.29798853397369385
0.26912927627563477 0.2733325660228729
0.2691255807876587 0.2850884199142456
0.2672168016433716 0.2714200019836426
0.2670634686946869 0.27267998456954956
0.2656802237033844 0.27956822514533997
0.26567864418029785 0.2966482639312744
0.26540133357048035 0.31901291012763977
0.26538851857185364 0.2661712169647217
0.26469936966896057 0.26821666955947876
0.2646132707595825 0.2752986252307892
0.26423802971839905 0.2724548578262329
0.2634672224521637 0.2781931161880493
0.2630648612976074 0.2803095877170563
0.26305046677589417 0.3190310299396515
0.2628154754638672 0.2862628698348999
0.2627473473548889 0.2826157510280609
0.2623927891254425 0.29991763830184937
0.2623811364173889 0.2701459228992462
0.262326180934906 0.2688447833061218
0.2622876763343811 0.2972390055656433
0.2619723677635193 0.28821834921836853
0.26169177889823914 0.2788224518299103
0.26093220710754395 0.33118417859077454
0.2606823146343231 0.2713703215122223
0.25978243350982666 0.33676770329475403
0.259754478931427 0.3025236427783966
0.25955620408058167 0.2606002688407898
0.2587352991104126 0.2789365351200104
0.2586493492126465 0.27663111686706543
0.2584400773048401 0.260817289352417
0.25837934017181396 0.26049521565437317
0.25829607248306274 0.2897779941558838
0.2580791711807251 0.2785871624946594
0.2568800449371338 0.26512593030929565
0.2568444609642029 0.30768904089927673
0.2566951811313629 0.3288646340370178
0.25651049613952637 0.2705107033252716
0.2562600076198578 0.2580617368221283
0.2560341954231262 0.27428367733955383
0.2559792101383209 0.3021264672279358
0.2558124363422394 0.2594483494758606
0.255714476108551 0.3340536653995514
0.25544899702072144 0.2706940472126007
0.2553693950176239 0.3344210386276245
0.25531038641929626 0.27687910199165344
0.25529131293296814 0.27018436789512634
0.25525134801864624 0.2603159248828888
0.25507602095603943 0.2591743767261505
0.25461888313293457 0.2622031569480896
0.2539810538291931 0.29580479860305786
0.25377097725868225 0.2948790490627289
0.2535211145877838 0.26015716791152954
0.25348490476608276 0.2636388838291168
0.2529923617839813 0.2833346426486969
0.2527676522731781 0.29269152879714966
0.2527402639389038 0.26732370257377625
0.2525053322315216 0.2727775573730469
0.2524522840976715 0.2562790513038635
0.2523939311504364 0.2818945646286011
0.25219085812568665 0.29937905073165894
0.2521352171897888 0.28956013917922974
0.2520018219947815 0.2575812041759491
0.2519911527633667 0.2659792900085449
0.25187623500823975 0.29801201820373535
0.25184473395347595 0.3334859013557434
0.2516460120677948 0.30541685223579407
0.2512606084346771 0.3046089708805084
0.2510533034801483 0.3159657418727875
0.2509162127971649 0.2716805934906006
0.25048622488975525 0.33438804745674133
0.2503058612346649 0.2713503837585449
0.25006023049354553 0.26475879549980164
0.24960149824619293 0.2733154594898224
0.24944762885570526 0.3184435963630676
0.24908488988876343 0.27483510971069336
0.24907085299491882 0.2526715099811554
0.24901671707630157 0.25076839327812195
0.2485201060771942 0.25223594903945923
0.24782095849514008 0.2491886466741562
0.24750961363315582 0.2611520290374756
0.24707278609275818 0.25816407799720764
0.24689224362373352 0.2990099787712097
0.24678683280944824 0.2763882875442505
0.246621772646904 0.26110196113586426
0.2463950365781784 0.25816407799720764
0.2462873011827469 0.3508400022983551
0.24624259769916534 0.2728557288646698
0.2462031990289688 0.2506050169467926
0.2461884319782257 0.2534313499927521
0.245955690741539 0.2629087269306183
0.24572953581809998 0.2888743579387665
0.2457038164138794 0.30531126260757446
0.2455209195613861 0.301235556602478
0.24545079469680786 0.2867850363254547
0.24541878700256348 0.2582687437534332
0.24534910917282104 0.2854538857936859
0.24528129398822784 0.2649270296096802
0.24511073529720306 0.3049565553665161
0.24486790597438812 0.32422518730163574
0.24470873177051544 0.2591743767261505
0.2443600594997406 0.2544911503791809
0.24428023397922516 0.2518726885318756
0.24423472583293915 0.291498601436615
0.24413691461086273 0.27442798018455505
0.24383237957954407 0.3055834174156189
0.24353745579719543 0.30802133679389954
0.24314524233341217 0.2689884305000305
0.24310237169265747 0.2976936399936676
0.2430139183998108 0.27948492765426636
0.2429381012916565 0.31192678213119507
0.2427276223897934 0.26522234082221985
0.2425096035003662 0.2576165795326233
0.2423984259366989 0.3300066590309143
0.24229930341243744 0.2581833004951477
0.24202577769756317 0.254207968711853
0.24197612702846527 0.24739277362823486
0.24191857874393463 0.3221001625061035
0.24166858196258545 0.28281912207603455
0.24151282012462616 0.29587554931640625
0.2415006309747696 0.31709668040275574
0.2413492649793625 0.27987009286880493
0.2411518096923828 0.2564345598220825
0.24098467826843262 0.2540619969367981
0.24067986011505127 0.29243823885917664
0.24032524228096008 0.3432675004005432
0.24029499292373657 0.26596125960350037
0.2402927279472351 0.26310229301452637
0.23914343118667603 0.25635626912117004
0.23861132562160492 0.3623844385147095
0.23838374018669128 0.26533812284469604
0.23802800476551056 0.2560403645038605
0.23802614212036133 0.3013114333152771
0.23802417516708374 0.2552965581417084
0.2377830445766449 0.2996729612350464
0.2376311719417572 0.2800757586956024
0.23733092844486237 0.26805979013442993
0.23726916313171387 0.26028987765312195
0.23710785806179047 0.25877800583839417
0.23706674575805664 0.3237384259700775
0.2370074838399887 0.2542518079280853
0.23681381344795227 0.24980083107948303
0.2366718351840973 0.2406480312347412
0.2365787923336029 0.3085004985332489
0.23643618822097778 0.288884699344635
0.23641647398471832 0.2409682273864746
0.2363874316215515 0.2947286069393158
0.23622775077819824 0.28606653213500977
0.23612232506275177 0.24173085391521454
0.23598968982696533 0.289599746465683
0.23584134876728058 0.25095799565315247
0.23570820689201355 0.3021521270275116
0.23540399968624115 0.28488612174987793
0.2352038472890854 0.2401481419801712
0.23422415554523468 0.34516191482543945
0.2334398776292801 0.34555181860923767
0.23321965336799622 0.24419404566287994
0.23320482671260834 0.23630280792713165
0.2330610454082489 0.3015880882740021
0.2329065054655075 0.2339484542608261
0.23286773264408112 0.2430863380432129
0.23226886987686157 0.2686914801597595
0.23223114013671875 0.2449766993522644
0.2320711463689804 0.23624804615974426
0.23185192048549652 0.2730472981929779
0.2317175716161728 0.3024904131889343
0.23149006068706512 0.2719491124153137
0.2310468852519989 0.27399957180023193
0.23075208067893982 0.2518322765827179
0.23063060641288757 0.23926782608032227
0.23060406744480133 0.25635114312171936
0.23056931793689728 0.2849191427230835
0.23047488927841187 0.2598305344581604
0.23039205372333527 0.31471899151802063
0.23028400540351868 0.2556058466434479
0.23024290800094604 0.26609084010124207
0.22993743419647217 0.2980642020702362
0.2298663854598999 0.2678270936012268
0.2298336774110794 0.2534751296043396
0.22941642999649048 0.25668591260910034
0.22925257682800293 0.33550605177879333
0.22924312949180603 0.2661712169647217
0.2289605736732483 0.2333267331123352
0.22848868370056152 0.30953094363212585
0.22838225960731506 0.32077687978744507
0.22801858186721802 0.2338394671678543
0.22783342003822327 0.36588725447654724
0.22740063071250916 0.2479926496744156
0.22738870978355408 0.2838176190853119
0.22726313769817352 0.24985653162002563
0.22720283269882202 0.23287196457386017
0.22719502449035645 0.2470480054616928
0.22695711255073547 0.23512232303619385
0.22670458257198334 0.23043839633464813
0.2264440804719925 0.24976271390914917
0.22643733024597168 0.23539550602436066
0.2262362390756607 0.3387207090854645
0.22572903335094452 0.23628352582454681
0.22557972371578217 0.27649030089378357
0.22545738518238068 0.23273666203022003
0.2250586450099945 0.2338520884513855
0.2249574363231659 0.23067706823349
0.22482043504714966 0.28773534297943115
0.22479622066020966 0.22934582829475403
0.22470495104789734 0.24749398231506348
0.22455833852291107 0.27073991298675537
0.22445914149284363 0.22768357396125793
0.2243575006723404 0.2475304901599884
0.22382190823554993 0.28119024634361267
0.223459854722023 0.24124038219451904
0.2233055979013443 0.2669915556907654
0.2231428027153015 0.2956197261810303
0.22295942902565002 0.26802656054496765
0.22294987738132477 0.2507474422454834
0.22258257865905762 0.27848243713378906
0.22243960201740265 0.28281262516975403
0.22191132605075836 0.2813876271247864
0.22172529995441437 0.2546042203903198
0.2215113639831543 0.2247391939163208
0.22120676934719086 0.22953768074512482
0.2211608588695526 0.32481223344802856
0.2211231291294098 0.26114821434020996
0.22110456228256226 0.24088217318058014
0.22088144719600677 0.22806331515312195
0.22046571969985962 0.2692098021507263
0.22045369446277618 0.2631157636642456
0.2203902006149292 0.2755262851715088
0.22035139799118042 0.2551097273826599
0.22033345699310303 0.22750522196292877
0.21997366845607758 0.229641854763031
0.21969430148601532 0.23710781335830688
0.21941103041172028 0.2510090470314026
0.21940450370311737 0.24959754943847656
0.21930816769599915 0.36293429136276245
0.21919719874858856 0.34640273451805115
0.21895818412303925 0.2788369953632355
0.21867673099040985 0.24349895119667053
0.21855668723583221 0.2577650249004364
0.21810248494148254 0.22777019441127777
0.21803584694862366 0.24319769442081451
0.21789035201072693 0.3647714853286743
0.2177031934261322 0.2710999846458435
0.21756017208099365 0.285256952047348
0.21742375195026398 0.2839142084121704
0.2169991284608841 0.27849259972572327
0.2166784107685089 0.23094317317008972
0.21660520136356354 0.3152790069580078
0.21629826724529266 0.2613094747066498
0.2160790115594864 0.2560563385486603
0.215326189994812 0.24671846628189087
0.2153135985136032 0.28042909502983093
0.21524271368980408 0.2626529335975647
0.21515874564647675 0.2910986840724945
0.21507132053375244 0.2902965545654297
0.215016707777977 0.2460480034351349
0.21474801003932953 0.21652407944202423
0.2146262675523758 0.23895174264907837
0.2143203318119049 0.34380295872688293
0.2142614722251892 0.28373804688453674
0.21383965015411377 0.31334561109542847
0.21362578868865967 0.28722813725471497
0.21322870254516602 0.25769510865211487
0.21319131553173065 0.2216663658618927
0.21301740407943726 0.29495033621788025
0.21285828948020935 0.31096088886260986
0.2126244604587555 0.24861742556095123
0.21210984885692596 0.2223639041185379
0.21200501918792725 0.2667437195777893
0.21197092533111572 0.223752960562706
0.2117837518453598 0.27705129981040955
0.21124498546123505 0.24522460997104645
0.21091972291469574 0.3110907971858978
0.2106376737356186 0.21749764680862427
0.2105896770954132 0.31619203090667725
0.21049973368644714 0.3070276379585266
0.21000756323337555 0.23726868629455566
0.20991550385951996 0.25872692465782166
0.209902822971344 0.2360275685787201
0.209624245762825 0.274023175239563
0.20956163108348846 0.3027384579181671
0.20947036147117615 0.23740901052951813
0.20945090055465698 0.2217368483543396
0.20931567251682281 0.3119027316570282
0.2091444432735443 0.28891345858573914
0.20894810557365417 0.2125195860862732
0.20894622802734375 0.21126635372638702
0.2089313566684723 0.2646096646785736
0.20887000858783722 0.3153010904788971
0.20870375633239746 0.2858966588973999
0.20828324556350708 0.2981608211994171
0.2081848680973053 0.31576231122016907
0.20817942917346954 0.34993377327919006
0.2080143690109253 0.23082801699638367
0.2067888230085373 0.21707011759281158
0.20668302476406097 0.24059738218784332
0.20613551139831543 0.216222882270813
0.20562663674354553 0.22142371535301208
0.20552554726600647 0.26705291867256165
0.2054188847541809 0.22466865181922913
0.20519648492336273 0.20869530737400055
0.2050737738609314 0.24198217689990997
0.20495809614658356 0.2553005516529083
0.2048562914133072 0.3315132260322571
0.20430569350719452 0.2518322765827179
0.20410065352916718 0.32285287976264954
0.2039322704076767 0.3503841459751129
0.2039066106081009 0.25943300127983093
0.20360791683197021 0.26533812284469604
0.20358575880527496 0.3288458585739136
0.20356081426143646 0.26231035590171814
0.20355123281478882 0.31619203090667725
0.20331072807312012 0.20526035130023956
0.2031465768814087 0.21709901094436646
0.2025405913591385 0.30702146887779236
0.20207487046718597 0.2966894507408142
0.20194974541664124 0.33640897274017334
0.20189884305000305 0.30237436294555664
0.2015036940574646 0.27597326040267944
0.2011902779340744 0.21674315631389618
0.20079131424427032 0.2745795249938965
0.20039549469947815 0.2293025553226471
0.2003355324268341 0.21114511787891388
0.200326070189476 0.205065056681633
0.20024564862251282 0.21678078174591064
0.2000744789838791 0.2882738709449768
0.19978611171245575 0.29431354999542236
0.1997528374195099 0.21704386174678802
0.19910256564617157 0.2778153717517853
0.19904257357120514 0.2439628392457962
0.19892889261245728 0.35670942068099976
0.198860764503479 0.24417558312416077
0.19829420745372772 0.23459258675575256
0.19819997251033783 0.22309431433677673
0.198165625333786 0.3179691433906555
0.197967529296875 0.2861465811729431
0.19790109992027283 0.28862497210502625
0.1977967619895935 0.21533207595348358
0.19766192138195038 0.2709026634693146
0.19729666411876678 0.20601433515548706
0.19722378253936768 0.21094250679016113
0.19643475115299225 0.2346166968345642
0.1959201544523239 0.29400530457496643
0.19562432169914246 0.24541525542736053
0.19537951052188873 0.19871729612350464
0.1952480673789978 0.20390824973583221
0.19517633318901062 0.243499755859375
0.19505701959133148 0.19683028757572174
0.19477975368499756 0.19763098657131195
0.19453537464141846 0.19774556159973145
0.19433224201202393 0.3267665505409241
0.1932847499847412 0.25941669940948486
0.1921805888414383 0.2367541491985321
0.19206881523132324 0.22206509113311768
0.1910523623228073 0.31577229499816895
0.19094589352607727 0.2143087536096573
0.19076555967330933 0.3190498650074005
0.1907421201467514 0.30757632851600647
0.1905604898929596 0.2655274569988251
0.19018904864788055 0.2077716588973999
0.19009031355381012 0.2332688570022583
0.19005626440048218 0.3345821499824524
0.1895463764667511 0.20322391390800476
0.18930257856845856 0.19377729296684265
0.1892014592885971 0.20548924803733826
0.18801350891590118 0.19393987953662872
0.18789254128932953 0.32987841963768005
0.1878703236579895 0.24024945497512817
0.1868172287940979 0.21682962775230408
0.18613211810588837 0.20807763934135437
0.1857299655675888 0.21521155536174774
0.18532663583755493 0.23103033006191254
0.18513108789920807 0.23258636891841888
0.1846402883529663 0.19364696741104126
0.18411292135715485 0.2340950220823288
0.18333376944065094 0.23653754591941833
0.18267633020877838 0.22819630801677704
0.1825680285692215 0.20899130403995514
0.18254639208316803 0.20038513839244843
0.18160468339920044 0.24025239050388336
0.18105924129486084 0.2656557261943817
0.17847709357738495 0.18859440088272095
0.1784193515777588 0.22020646929740906
0.17787562310695648 0.26360392570495605
0.1772911548614502 0.18463778495788574
0.17716385424137115 0.18705087900161743
0.17652574181556702 0.21212561428546906
0.1742575466632843 0.18800956010818481
0.17420947551727295 0.2250300645828247
0.17392641305923462 0.17560867965221405
0.17349082231521606 0.20622959733009338
0.173300102353096 0.2407720535993576
0.1725870668888092 0.1800166368484497
0.17227095365524292 0.19375288486480713
0.17212066054344177 0.18699979782104492
0.17061224579811096 0.1743355542421341
0.16837535798549652 0.20046839118003845
0.16828785836696625 0.174671471118927
0.16783098876476288 0.17088894546031952
0.16781176626682281 0.1742301732301712
0.16724541783332825 0.1799243688583374
0.16501295566558838 0.2384711354970932
0.16450655460357666 0.21841253340244293
0.1614857017993927 0.17046792805194855
0.16032512485980988 0.1933315545320511
0.1566915363073349 0.15879905223846436
0.15659309923648834 0.18173471093177795
0.1541764736175537 0.19600187242031097
0.15397897362709045 0.1558789759874344
0.15357190370559692 0.18102198839187622
0.151765376329422 0.16926883161067963
0.14973384141921997 0.16206702589988708
0.14637117087841034 0.15623411536216736
0.14550797641277313 0.19569995999336243
0.1433161050081253 0.2287265807390213
0.13443611562252045 0.17005041241645813
0.13411465287208557 0.15479446947574615
0.13407063484191895 0.15024054050445557
0.13160504400730133 0.13824991881847382
0.13156163692474365 0.13971076905727386
0.1173582673072815 0.12114350497722626
