0.5623273849487305 0.6494812965393066
0.467907577753067 0.4832972586154938
0.46143218874931335 0.4704764485359192
0.45458757877349854 0.48535123467445374
0.4525802433490753 0.4618240296840668
0.43833184242248535 0.45921066403388977
0.435086190700531 0.47020089626312256
0.4346383810043335 0.48126521706581116
0.4328979253768921 0.4525492489337921
0.4076049327850342 0.4718703627586365
0.4052623510360718 0.4784573018550873
0.3711014688014984 0.46031832695007324
0.3439304232597351 0.4396263360977173
0.3410506248474121 0.34142306447029114
0.3327674865722656 0.377356618642807
0.31873106956481934 0.34746837615966797
0.3170807361602783 0.3399186134338379
0.3145010471343994 0.35319554805755615
0.3010939955711365 0.3294859826564789
0.29993486404418945 0.31178340315818787
0.2963440418243408 0.306160569190979
0.2911641299724579 0.3085729479789734
0.2841002941131592 0.3116532862186432
0.2828681766986847 0.33001357316970825
0.27451279759407043 0.3202052712440491
0.27049773931503296 0.32564684748649597
0.2695956826210022 0.3171570897102356
0.2658862769603729 0.2839929759502411
0.26130586862564087 0.28205540776252747
0.2576989233493805 0.2595389485359192
0.25763818621635437 0.2611720561981201
0.2567290961742401 0.27536526322364807
0.2557373046875 0.2562238276004791
0.25517475605010986 0.3397485613822937
0.25015825033187866 0.4295116066932678
0.24568645656108856 0.24767068028450012
0.24486877024173737 0.24700795114040375
0.24403098225593567 0.2629108428955078
0.24153433740139008 0.40058135986328125
0.24101881682872772 0.31289157271385193
0.24082989990711212 0.2809332609176636
0.2394607961177826 0.2820623219013214
0.23937012255191803 0.44137993454933167
0.23922300338745117 0.24671229720115662
0.2389378845691681 0.24174143373966217
0.23839935660362244 0.3093748092651367
0.23817233741283417 0.3357161283493042
0.2368553876876831 0.30986326932907104
0.23674315214157104 0.2588627338409424
0.23599524796009064 0.26429659128189087
0.23553681373596191 0.23871241509914398
0.23368066549301147 0.24788706004619598
0.23315636813640594 0.2731184959411621
0.23124036192893982 0.3027053773403168
0.230201855301857 0.24952499568462372
0.2297617644071579 0.24159382283687592
0.2288830429315567 0.22925780713558197
0.2280217558145523 0.23713846504688263
0.22634993493556976 0.24556663632392883
0.22386851906776428 0.2370355725288391
0.22212089598178864 0.29574692249298096
0.22104746103286743 0.2536947727203369
0.21985502541065216 0.2389589250087738
0.21889692544937134 0.27745968103408813
0.2186921387910843 0.24327757954597473
0.21869072318077087 0.3229580521583557
0.2185763567686081 0.2578391134738922
0.2180875986814499 0.22760096192359924
0.2176513969898224 0.22217194736003876
0.21720393002033234 0.4503222107887268
0.21667583286762238 0.2883952260017395
0.21632817387580872 0.4410046339035034
0.2158425748348236 0.29692545533180237
0.2150801122188568 0.23179146647453308
0.21351215243339539 0.2741449177265167
0.21318228542804718 0.2728901505470276
0.21288098394870758 0.31174635887145996
0.21272839605808258 0.23672758042812347
0.21263426542282104 0.21310998499393463
0.21224644780158997 0.21433058381080627
0.21187640726566315 0.26594680547714233
0.21103385090827942 0.4354713261127472
0.21016041934490204 0.21782447397708893
0.20964190363883972 0.2418031245470047
0.20902453362941742 0.3035101294517517
0.20881545543670654 0.447322815656662
0.20873497426509857 0.23200896382331848
0.20793423056602478 0.3247014284133911
0.2078549563884735 0.20857205986976624
0.20778918266296387 0.2320898473262787
0.2065865695476532 0.23670463263988495
0.20635958015918732 0.30250880122184753
0.20623622834682465 0.20957165956497192
0.20476092398166656 0.2232695072889328
0.20463359355926514 0.3037726879119873
0.2040705680847168 0.20898252725601196
0.20298579335212708 0.2863345742225647
0.20285414159297943 0.28339463472366333
0.20172463357448578 0.2036975771188736
0.2014177292585373 0.23701205849647522
0.20060600340366364 0.4533548355102539
0.19978506863117218 0.2579701542854309
0.19918227195739746 0.23698697984218597
0.19836419820785522 0.3460221588611603
0.19643589854240417 0.20980045199394226
0.19552773237228394 0.20748266577720642
0.19462990760803223 0.23011384904384613
0.19425518810749054 0.26879066228866577
0.19362983107566833 0.240385964512825
0.19360077381134033 0.2784896194934845
0.19357891380786896 0.2160128504037857
0.19232064485549927 0.43676620721817017
0.19227784872055054 0.25175508856773376
0.19224236905574799 0.22031070291996002
0.19131788611412048 0.30791833996772766
0.19118422269821167 0.20120249688625336
0.1901686191558838 0.21362203359603882
0.18982289731502533 0.31582021713256836
0.18837326765060425 0.19720031321048737
0.18785664439201355 0.2637777328491211
0.1872710883617401 0.20073167979717255
0.18621543049812317 0.4456334412097931
0.18575306236743927 0.18587172031402588
0.18566030263900757 0.21444474160671234
0.18541856110095978 0.19008761644363403
0.18523009121418 0.2040451616048813
0.18522872030735016 0.24017339944839478
0.18483524024486542 0.2627051770687103
0.18477904796600342 0.2009934037923813
0.184673473238945 0.18897804617881775
0.18447953462600708 0.19776883721351624
0.18439197540283203 0.22314666211605072
0.18396398425102234 0.18531003594398499
0.1837167590856552 0.22884170711040497
0.18362995982170105 0.46043312549591064
0.18279439210891724 0.19315308332443237
0.1823817938566208 0.23548196256160736
0.1816653460264206 0.32051748037338257
0.18149679899215698 0.4461004137992859
0.18087591230869293 0.2589179575443268
0.18016847968101501 0.2269035428762436
0.18010403215885162 0.18151281774044037
0.17980003356933594 0.19772817194461823
0.17962993681430817 0.4341024160385132
0.17954973876476288 0.26991188526153564
0.17912492156028748 0.18319356441497803
0.1787586361169815 0.22863566875457764
0.1782154142856598 0.19923071563243866
0.17807690799236298 0.1910969316959381
0.17784830927848816 0.44590017199516296
0.1777959167957306 0.1927928775548935
0.1768946498632431 0.32905739545822144
0.17668478190898895 0.18652646243572235
0.1763475239276886 0.18364252150058746
0.1758897602558136 0.3515468239784241
0.17559823393821716 0.439457505941391
0.1754310429096222 0.17770864069461823
0.17526394128799438 0.21919050812721252
0.17487548291683197 0.21565960347652435
0.174590066075325 0.2872735559940338
0.1742636114358902 0.21376723051071167
0.1740807145833969 0.28690305352211
0.17372651398181915 0.250779926776886
0.17335951328277588 0.18217206001281738
0.17318487167358398 0.1732906550168991
0.17307402193546295 0.1982816904783249
0.17269378900527954 0.1907302439212799
0.17231139540672302 0.1792440265417099
0.1719864159822464 0.21168071031570435
0.1708715260028839 0.38593316078186035
0.17060139775276184 0.4540308713912964
0.17040812969207764 0.4589105546474457
0.17017604410648346 0.46858417987823486
0.1701243668794632 0.4470900893211365
0.17000900208950043 0.20748628675937653
0.16906403005123138 0.44452816247940063
0.16835004091262817 0.20998786389827728
0.16798537969589233 0.4462893009185791
0.16704468429088593 0.17796093225479126
0.1670169085264206 0.17287090420722961
0.16636361181735992 0.23803575336933136
0.16608287394046783 0.1699848771095276
0.16589969396591187 0.19364286959171295
0.1648387312889099 0.2064312845468521
0.16445934772491455 0.19298896193504333
0.16414496302604675 0.23579390347003937
0.16356322169303894 0.19287267327308655
0.16292309761047363 0.29261550307273865
0.16282030940055847 0.1850036084651947
0.1623663604259491 0.2372487187385559
0.16228829324245453 0.17219294607639313
0.16194239258766174 0.1746322363615036
0.1600317507982254 0.4423336982727051
0.15889830887317657 0.18093077838420868
0.1587592512369156 0.16770082712173462
0.15852080285549164 0.439556360244751
0.15796644985675812 0.17695151269435883
0.1576012820005417 0.19486649334430695
0.15704530477523804 0.17066864669322968
0.1558220237493515 0.1787758767604828
0.15552932024002075 0.16359415650367737
0.15546450018882751 0.21127969026565552
0.1551368683576584 0.2823908030986786
0.15418215095996857 0.15919102728366852
0.1537458300590515 0.45985090732574463
0.15345720946788788 0.21056564152240753
0.15268820524215698 0.1551879197359085
0.15267498791217804 0.16548721492290497
0.15220050513744354 0.1602468639612198
0.15156586468219757 0.19727757573127747
0.15129801630973816 0.2509200870990753
0.15111921727657318 0.1941276490688324
0.1504349261522293 0.1688113659620285
0.1504192054271698 0.164194718003273
0.1495627909898758 0.1539379358291626
0.14944660663604736 0.16715072095394135
0.14882053434848785 0.2027377337217331
0.1484816074371338 0.1753544807434082
0.1478467881679535 0.45608463883399963
0.1468348652124405 0.20799441635608673
0.14643536508083344 0.15088105201721191
0.14592143893241882 0.16381031274795532
0.1455000638961792 0.17374733090400696
0.14521339535713196 0.14780378341674805
0.1449129730463028 0.17450857162475586
0.1446494609117508 0.1647704392671585
0.14455728232860565 0.19365155696868896
0.14380836486816406 0.16281816363334656
0.14187002182006836 0.14902763068675995
0.1404486894607544 0.15204377472400665
0.1379527598619461 0.1759173721075058
0.13754326105117798 0.1427898406982422
0.13668875396251678 0.13863050937652588
0.13644194602966309 0.14916595816612244
0.13471587002277374 0.14587144553661346
0.13450172543525696 0.1400090903043747
0.13443374633789062 0.13704439997673035
0.13234497606754303 0.14599408209323883
0.13191410899162292 0.1335269808769226
0.13117922842502594 0.13570575416088104
0.13065092265605927 0.14102697372436523
0.12762552499771118 0.13176412880420685
0.125998392701149 0.13409645855426788
0.12292657792568207 0.12477570027112961
0.12251385301351547 0.12418385595083237
0.11922194063663483 0.12837283313274384
0.11606903374195099 0.13400183618068695
0.11362935602664948 0.12466134876012802
0.11339303851127625 0.1156233623623848
0.11334621161222458 0.163721963763237
0.11326899379491806 0.13825850188732147
0.10948288440704346 0.12861162424087524
0.1094714105129242 0.11170673370361328
0.10680976510047913 0.1265735775232315
0.10549527406692505 0.1665317863225937
0.10444904118776321 0.10603556782007217
0.1009674072265625 0.10736671090126038
0.09610996395349503 0.13269011676311493
0.0951085016131401 0.11590453237295151
0.0779368132352829 0.0787893533706665
0.07326160371303558 0.0753612294793129
