0.5063992738723755 0.5490188598632812
0.47470593452453613 0.4904523193836212
0.38473308086395264 0.39252644777297974
0.36003920435905457 0.4662152826786041
0.34749311208724976 0.44832944869995117
0.33762699365615845 0.3741118311882019
0.33612439036369324 0.3578801453113556
0.32307881116867065 0.3301919400691986
0.31593313813209534 0.3168932795524597
0.31015124917030334 0.3187907636165619
0.3098180592060089 0.351186066865921
0.3067748546600342 0.44662216305732727
0.2981824278831482 0.31418731808662415
0.2979985773563385 0.45162227749824524
0.2925105392932892 0.45799630880355835
0.2862727642059326 0.35645371675491333
0.2809828519821167 0.3079627752304077
0.27890250086784363 0.3280129134654999
0.2772147059440613 0.27958840131759644
0.26998651027679443 0.2791430652141571
0.2693420648574829 0.2700296640396118
0.26825758814811707 0.27649861574172974
0.2667878270149231 0.28503307700157166
0.26589879393577576 0.2737121880054474
0.2631582021713257 0.2699958086013794
0.2617945671081543 0.29294976592063904
0.26125088334083557 0.34006059169769287
0.2565516233444214 0.3855971693992615
0.25607186555862427 0.3995382785797119
0.25447335839271545 0.3098722994327545
0.2511104345321655 0.25925055146217346
0.2502104640007019 0.26359522342681885
0.2492268681526184 0.25486505031585693
0.24897989630699158 0.25419244170188904
0.24802444875240326 0.27638891339302063
0.24767327308654785 0.24852365255355835
0.2466910183429718 0.4639493227005005
0.24442675709724426 0.3031507730484009
0.24403242766857147 0.30436035990715027
0.24358758330345154 0.278594046831131
0.2421155869960785 0.25910502672195435
0.2419419288635254 0.24299588799476624
0.24137213826179504 0.2867863178253174
0.24066461622714996 0.2470911294221878
0.23984751105308533 0.27230337262153625
0.23935745656490326 0.3295595049858093
0.2378379851579666 0.25160592794418335
0.23744168877601624 0.28168460726737976
0.23565635085105896 0.2783915102481842
0.23505184054374695 0.35117650032043457
0.23438017070293427 0.28159573674201965
0.23419508337974548 0.3053215742111206
0.23390519618988037 0.24217404425144196
0.23351523280143738 0.26247361302375793
0.23346611857414246 0.2962598502635956
0.2301555722951889 0.3125544786453247
0.22833286225795746 0.2583877742290497
0.22784753143787384 0.2963406443595886
0.22741049528121948 0.22976914048194885
0.22735843062400818 0.4742530882358551
0.2270861268043518 0.25423210859298706
0.22647754848003387 0.27109935879707336
0.22357983887195587 0.30349311232566833
0.2229626327753067 0.45181843638420105
0.22284339368343353 0.2919701635837555
0.22159986197948456 0.22913792729377747
0.22141054272651672 0.22724775969982147
0.22018159925937653 0.28523802757263184
0.2195073366165161 0.23819419741630554
0.21931125223636627 0.23307012021541595
0.21892528235912323 0.43786725401878357
0.21817374229431152 0.22994479537010193
0.21777255833148956 0.2657499313354492
0.21566767990589142 0.24408648908138275
0.21556517481803894 0.2602245509624481
0.21285010874271393 0.2620432376861572
0.2126232236623764 0.3021312952041626
0.21257159113883972 0.45772913098335266
0.21254165470600128 0.22703339159488678
0.21221746504306793 0.2379559427499771
0.2115732580423355 0.23965653777122498
0.21156173944473267 0.23056642711162567
0.21105673909187317 0.22119610011577606
0.21086306869983673 0.46361833810806274
0.20962317287921906 0.2579939365386963
0.20892710983753204 0.36050349473953247
0.20840932428836823 0.444370836019516
0.20828194916248322 0.24130100011825562
0.2081591635942459 0.21497389674186707
0.20734676718711853 0.2332836091518402
0.2064957320690155 0.21636368334293365
0.20526264607906342 0.46468475461006165
0.20438438653945923 0.210503488779068
0.2043374925851822 0.21452246606349945
0.20425617694854736 0.22795864939689636
0.20423822104930878 0.20711356401443481
0.20385867357254028 0.33998534083366394
0.2031029909849167 0.28172633051872253
0.2029753029346466 0.21748371422290802
0.2027614563703537 0.3721887767314911
0.2026917189359665 0.2037937194108963
0.20259101688861847 0.23904597759246826
0.20232728123664856 0.22116433084011078
0.20188575983047485 0.25246477127075195
0.20180471241474152 0.2933407723903656
0.20030899345874786 0.22962334752082825
0.20027372241020203 0.21429970860481262
0.2000691145658493 0.25923246145248413
0.1991496980190277 0.20360702276229858
0.19909341633319855 0.24710343778133392
0.1984008103609085 0.21252089738845825
0.1980419158935547 0.44987329840660095
0.19793711602687836 0.22459985315799713
0.19737030565738678 0.3305186927318573
0.19683730602264404 0.25084277987480164
0.19597749412059784 0.20725025236606598
0.1955866813659668 0.21668386459350586
0.19548341631889343 0.2205815464258194
0.19481906294822693 0.2401980310678482
0.1947600394487381 0.4524587392807007
0.19442695379257202 0.28805771470069885
0.19433331489562988 0.23446454107761383
0.19376687705516815 0.4688446819782257
0.19322878122329712 0.20951631665229797
0.19249141216278076 0.33745551109313965
0.19183625280857086 0.312757283449173
0.19128037989139557 0.36998409032821655
0.18949635326862335 0.25884148478507996
0.18898600339889526 0.4425235092639923
0.1888812780380249 0.2748328447341919
0.1886788159608841 0.43483540415763855
0.1885087639093399 0.20041973888874054
0.18820415437221527 0.20267118513584137
0.18815909326076508 0.21669866144657135
0.18788841366767883 0.19891314208507538
0.18756957352161407 0.1976795792579651
0.18690164387226105 0.23466722667217255
0.1866651326417923 0.30114173889160156
0.18659251928329468 0.19256220757961273
0.18635159730911255 0.19641421735286713
0.18579667806625366 0.2561105191707611
0.1853034645318985 0.4369162619113922
0.18462595343589783 0.19551727175712585
0.18423737585544586 0.30778762698173523
0.18423616886138916 0.23550428450107574
0.1842012107372284 0.29808059334754944
0.18345491588115692 0.3163556456565857
0.18333621323108673 0.21640567481517792
0.18321891129016876 0.4360215365886688
0.18182824552059174 0.18351992964744568
0.1817820519208908 0.19675356149673462
0.1811189353466034 0.20498064160346985
0.18111436069011688 0.4502562880516052
0.18105849623680115 0.43879711627960205
0.1804264783859253 0.18049576878547668
0.18015171587467194 0.18812039494514465
0.17984701693058014 0.44943633675575256
0.17984096705913544 0.18145357072353363
0.1797412633895874 0.47719475626945496
0.17914539575576782 0.25721174478530884
0.17892010509967804 0.4541592001914978
0.1787402629852295 0.19384680688381195
0.17824287712574005 0.23500396311283112
0.17814569175243378 0.23033839464187622
0.1781095415353775 0.17844928801059723
0.17744822800159454 0.21808281540870667
0.17702122032642365 0.2085517793893814
0.17677468061447144 0.44418177008628845
0.1767425239086151 0.20538005232810974
0.17480821907520294 0.17486922442913055
0.17475657165050507 0.2240118384361267
0.1746298372745514 0.21104592084884644
0.1746208518743515 0.18739278614521027
0.1744946539402008 0.21093852818012238
0.17375391721725464 0.24160628020763397
0.17295068502426147 0.21661531925201416
0.172751784324646 0.18189680576324463
0.17253005504608154 0.4488883912563324
0.17237192392349243 0.17940610647201538
0.17197370529174805 0.1854275017976761
0.1700516939163208 0.4677879214286804
0.16996148228645325 0.2917843759059906
0.16968993842601776 0.19453248381614685
0.16890987753868103 0.447803258895874
0.1688985675573349 0.45136401057243347
0.16867512464523315 0.18322506546974182
0.16846969723701477 0.19830605387687683
0.16811136901378632 0.28533899784088135
0.16790316998958588 0.21097388863563538
0.16716977953910828 0.2229459434747696
0.16702449321746826 0.1903785616159439
0.16572220623493195 0.2600908577442169
0.16527840495109558 0.1731065809726715
0.16521768271923065 0.24521371722221375
0.16493578255176544 0.19617541134357452
0.16473186016082764 0.45832884311676025
0.1643061488866806 0.17072543501853943
0.16407185792922974 0.44291985034942627
0.16249123215675354 0.19608543813228607
0.16196466982364655 0.182155579328537
0.16180379688739777 0.4652997851371765
0.1606280356645584 0.16928602755069733
0.15878473222255707 0.2878486216068268
0.1571093052625656 0.44498032331466675
0.15677683055400848 0.45503944158554077
0.15586315095424652 0.22944194078445435
0.1552567034959793 0.23296691477298737
0.15494376420974731 0.21124093234539032
0.15488381683826447 0.20072928071022034
0.15488262474536896 0.18980169296264648
0.15436169505119324 0.1859130710363388
0.15279139578342438 0.2131357342004776
0.1521335393190384 0.16596496105194092
0.15191607177257538 0.19848403334617615
0.1515934318304062 0.1756649911403656
0.15139567852020264 0.16655176877975464
0.1506812572479248 0.23807312548160553
0.14982153475284576 0.1885817050933838
0.14928069710731506 0.21493640542030334
0.1487967073917389 0.16024266183376312
0.14449076354503632 0.15961961448192596
0.14370353519916534 0.1545979380607605
0.14336447417736053 0.19474287331104279
0.14256912469863892 0.2102854996919632
0.14209826290607452 0.15525920689105988
0.13922306895256042 0.19209353625774384
0.13842929899692535 0.14310620725154877
0.13744519650936127 0.1444474756717682
0.13525740802288055 0.1464925855398178
0.13298310339450836 0.16094201803207397
0.13175757229328156 0.1369907557964325
0.13088321685791016 0.13744190335273743
0.12854231894016266 0.14888536930084229
0.12638205289840698 0.12890854477882385
0.12362821400165558 0.1551399528980255
0.12331933528184891 0.16134020686149597
0.12068843841552734 0.14151230454444885
0.12052364647388458 0.12325628101825714
0.11785802245140076 0.12956514954566956
0.11647389829158783 0.12539494037628174
0.11448203772306442 0.1441253125667572
0.11151991039514542 0.12388446182012558
0.11031868308782578 0.11320415884256363
0.1103149950504303 0.12668344378471375
0.10908683389425278 0.11375036835670471
0.09801845252513885 0.1182696521282196
0.0947818011045456 0.1120946928858757
0.09371726214885712 0.11430063843727112
0.08792013674974442 0.10079796612262726
0.08309070765972137 0.08797967433929443
