0.42987480759620667 0.4785611033439636
0.3996138274669647 0.4477543234825134
0.38759326934814453 0.38886305689811707
0.37640392780303955 0.3776948153972626
0.36494311690330505 0.37850329279899597
0.35158059000968933 0.45538410544395447
0.3455484211444855 0.35317474603652954
0.32742956280708313 0.34831640124320984
0.3133879601955414 0.3214986324310303
0.3062906265258789 0.36903834342956543
0.30306464433670044 0.3036244511604309
0.30109962821006775 0.4698314070701599
0.2948630750179291 0.30951330065727234
0.2926390767097473 0.3429422974586487
0.2921254336833954 0.29632464051246643
0.29035839438438416 0.33426633477211
0.28759077191352844 0.3090985119342804
0.28483784198760986 0.3005397319793701
0.2838916778564453 0.4594791531562805
0.2822926342487335 0.2936705946922302
0.2737136781215668 0.297322154045105
0.272901326417923 0.2958049774169922
0.2711494565010071 0.2792414128780365
0.26859036087989807 0.2790098190307617
0.2681090831756592 0.2868904769420624
0.26747506856918335 0.33093976974487305
0.266313374042511 0.2963167726993561
0.26542559266090393 0.3330123722553253
0.26154839992523193 0.2775426506996155
0.2609766125679016 0.30842897295951843
0.2590560019016266 0.34579139947891235
0.25846201181411743 0.37536025047302246
0.2536514103412628 0.27484697103500366
0.25331151485443115 0.2862178683280945
0.2502717077732086 0.3375748097896576
0.2499111294746399 0.3746582567691803
0.2498486191034317 0.2799263596534729
0.24446138739585876 0.27039816975593567
0.2431126832962036 0.25120705366134644
0.24155493080615997 0.285351425409317
0.2387174814939499 0.3064573407173157
0.23835481703281403 0.46838873624801636
0.23661312460899353 0.24225519597530365
0.2344619631767273 0.2653049826622009
0.23338718712329865 0.27057334780693054
0.23309779167175293 0.2702961266040802
0.23281145095825195 0.24888139963150024
0.23052668571472168 0.37697699666023254
0.23027215898036957 0.2996978759765625
0.2301400899887085 0.24263252317905426
0.2290787398815155 0.25247853994369507
0.22872890532016754 0.24631640315055847
0.22852294147014618 0.32698285579681396
0.22806917130947113 0.3790051341056824
0.22698678076267242 0.3160194158554077
0.22609838843345642 0.26320961117744446
0.22567695379257202 0.4426930844783783
0.22512343525886536 0.25069671869277954
0.22508326172828674 0.24013109505176544
0.22475865483283997 0.23651647567749023
0.22323556244373322 0.4403732120990753
0.2226395606994629 0.2812115252017975
0.2225121110677719 0.45802992582321167
0.2222820520401001 0.22920142114162445
0.22190210223197937 0.4378223419189453
0.22167524695396423 0.25624755024909973
0.2212125062942505 0.2334383726119995
0.21882058680057526 0.24948273599147797
0.21813513338565826 0.4402259290218353
0.21724262833595276 0.22037184238433838
0.2170688956975937 0.3882903754711151
0.21649391949176788 0.23658575117588043
0.21521151065826416 0.26814302802085876
0.2146480232477188 0.24438172578811646
0.2139335572719574 0.4479061961174011
0.21392695605754852 0.3512374758720398
0.21374113857746124 0.22609862685203552
0.21339423954486847 0.27181580662727356
0.21157820522785187 0.24100379645824432
0.21087546646595 0.5308780670166016
0.20972414314746857 0.22440531849861145
0.20937834680080414 0.23536941409111023
0.20853929221630096 0.2844216823577881
0.2084914892911911 0.24351227283477783
0.20709747076034546 0.4485005736351013
0.20696023106575012 0.20727841556072235
0.2067827731370926 0.253593772649765
0.20541386306285858 0.23094579577445984
0.20539945363998413 0.21419908106327057
0.20401428639888763 0.23771263659000397
0.20339231193065643 0.22042138874530792
0.20244480669498444 0.20785734057426453
0.2018132507801056 0.20383021235466003
0.20160222053527832 0.26458442211151123
0.2009456753730774 0.2775007486343384
0.2009323239326477 0.36534836888313293
0.20062801241874695 0.20169620215892792
0.20028965175151825 0.22584635019302368
0.20027144253253937 0.29460030794143677
0.2001190483570099 0.32670101523399353
0.20003359019756317 0.23597204685211182
0.19990617036819458 0.25189751386642456
0.19809728860855103 0.2871328294277191
0.1980157345533371 0.2014753520488739
0.1977713406085968 0.22272469103336334
0.19720201194286346 0.44815295934677124
0.1971634328365326 0.21218715608119965
0.19713053107261658 0.47426629066467285
0.19669798016548157 0.3316027522087097
0.1966259926557541 0.21866215765476227
0.19559767842292786 0.3002936840057373
0.19558531045913696 0.21726559102535248
0.19520072638988495 0.22564668953418732
0.1936379075050354 0.34863582253456116
0.1933881938457489 0.4014354646205902
0.19297650456428528 0.20719896256923676
0.19264301657676697 0.43818342685699463
0.192623108625412 0.3134526014328003
0.1926145702600479 0.19279919564723969
0.19202308356761932 0.21083177626132965
0.1916874796152115 0.4597082734107971
0.19088833034038544 0.19586487114429474
0.19065003097057343 0.20369505882263184
0.1905009001493454 0.4407680034637451
0.19023993611335754 0.2591142952442169
0.18940117955207825 0.20431114733219147
0.18911583721637726 0.2649901211261749
0.18792644143104553 0.4399682581424713
0.1878058910369873 0.18975135684013367
0.1877337098121643 0.19943521916866302
0.18769437074661255 0.18862195312976837
0.18697845935821533 0.3231135606765747
0.1869286298751831 0.2741284668445587
0.18648885190486908 0.25362399220466614
0.18644404411315918 0.18833881616592407
0.1858462691307068 0.27574554085731506
0.18576116859912872 0.43221983313560486
0.18540938198566437 0.23190373182296753
0.18527647852897644 0.2066764384508133
0.1846599131822586 0.46174153685569763
0.1844317615032196 0.20679566264152527
0.18408696353435516 0.2586546540260315
0.18406300246715546 0.20607124269008636
0.18377739191055298 0.19563351571559906
0.1836545616388321 0.19025316834449768
0.18331566452980042 0.1915721297264099
0.18309417366981506 0.23419879376888275
0.1825883984565735 0.2481795698404312
0.18252864480018616 0.2740671634674072
0.18088385462760925 0.1842374950647354
0.1806066334247589 0.18516334891319275
0.1798340380191803 0.20171497762203217
0.17962054908275604 0.3227427899837494
0.17961658537387848 0.4409981071949005
0.17952170968055725 0.21700941026210785
0.17941169440746307 0.46779265999794006
0.17919056117534637 0.2984040081501007
0.17891228199005127 0.18700528144836426
0.17827141284942627 0.17951254546642303
0.1778760850429535 0.46567392349243164
0.17769837379455566 0.4602436125278473
0.1775270402431488 0.45354536175727844
0.1773727834224701 0.17806337773799896
0.17712309956550598 0.18167497217655182
0.1770695149898529 0.18307223916053772
0.17693717777729034 0.21687133610248566
0.17690658569335938 0.201314315199852
0.17616787552833557 0.20360811054706573
0.17559219896793365 0.2564198076725006
0.1751270741224289 0.2906322181224823
0.173933744430542 0.20602187514305115
0.1739012748003006 0.20551274716854095
0.17361344397068024 0.18327704071998596
0.17360663414001465 0.17599189281463623
0.17359063029289246 0.46378251910209656
0.17191509902477264 0.1951594203710556
0.17019033432006836 0.1829836070537567
0.16984206438064575 0.2518584728240967
0.16939257085323334 0.3112848103046417
0.16933034360408783 0.17201146483421326
0.16924870014190674 0.4650283455848694
0.16895060241222382 0.5630256533622742
0.16890071332454681 0.1947324424982071
0.16857017576694489 0.26840201020240784
0.16717128455638885 0.21256493031978607
0.1649039387702942 0.1707567423582077
0.1642610877752304 0.30394354462623596
0.1632528305053711 0.19475173950195312
0.16314540803432465 0.1980261206626892
0.1626664400100708 0.4630773663520813
0.1623603254556656 0.16693049669265747
0.16223996877670288 0.25722503662109375
0.16082294285297394 0.1615479588508606
0.15877152979373932 0.1795792430639267
0.15744547545909882 0.17709755897521973
0.15744218230247498 0.19099105894565582
0.1573350876569748 0.2567509710788727
0.15720076858997345 0.44905126094818115
0.15640364587306976 0.44566187262535095
0.1551179140806198 0.189778670668602
0.15346916019916534 0.18028511106967926
0.15323764085769653 0.22562189400196075
0.1532147377729416 0.4381484091281891
0.1514447182416916 0.16649940609931946
0.15042082965373993 0.16117659211158752
0.1503588706254959 0.16268543899059296
0.14978457987308502 0.20436955988407135
0.14942435920238495 0.16155467927455902
0.1493312120437622 0.1724178045988083
0.14926743507385254 0.18643184006214142
0.1490953117609024 0.4430207312107086
0.14871753752231598 0.17152196168899536
0.1469966620206833 0.1746487021446228
0.14627321064472198 0.16492797434329987
0.1461271494626999 0.17728258669376373
0.14163117110729218 0.1634189784526825
0.1400202065706253 0.1568979173898697
0.13901813328266144 0.14475469291210175
0.13861282169818878 0.21832309663295746
0.13813267648220062 0.15146251022815704
0.1380460113286972 0.16984668374061584
0.13788637518882751 0.2097141444683075
0.13728706538677216 0.14003407955169678
0.13685382902622223 0.14876174926757812
0.13680478930473328 0.2097015082836151
0.13613134622573853 0.1661354899406433
0.1355186253786087 0.19352205097675323
0.13452979922294617 0.13788242638111115
0.13338014483451843 0.18077082931995392
0.13165342807769775 0.13633200526237488
0.13085578382015228 0.1626533418893814
0.12781667709350586 0.1560177356004715
0.12705262005329132 0.1668093502521515
0.12670351564884186 0.13021542131900787
0.12557034194469452 0.13861501216888428
0.12512654066085815 0.1375845968723297
0.12264476716518402 0.13546736538410187
0.1218123808503151 0.1574142575263977
0.12117429822683334 0.14168864488601685
0.11784947663545609 0.19020763039588928
0.11772456020116806 0.12156020849943161
0.11369485408067703 0.13024920225143433
0.11254491657018661 0.1310008019208908
0.11179590970277786 0.1400594562292099
0.11080920696258545 0.12686114013195038
0.10989382863044739 0.11002933233976364
0.10835887491703033 0.148189976811409
0.10808408260345459 0.12139236927032471
0.10797636955976486 0.11910779774188995
0.10679763555526733 0.11316002905368805
0.10493151843547821 0.12875200808048248
0.10412207245826721 0.11534156650304794
0.09271074086427689 0.10455668717622757
0.09047204256057739 0.10352867841720581
0.08543466776609421 0.09387436509132385
0.08394648134708405 0.0906631126999855
0.07689771801233292 0.09433890134096146
0.0674402043223381 0.06820777803659439
