0.4834686815738678 0.5584258437156677
0.39304983615875244 0.40457043051719666
0.3826805353164673 0.4927869439125061
0.3738645613193512 0.3751346468925476
0.3716658651828766 0.46007388830184937
0.3568991720676422 0.4443882405757904
0.3241807520389557 0.37615853548049927
0.3138085603713989 0.3164156973361969
0.3119434416294098 0.3267633020877838
0.2972361445426941 0.32679811120033264
0.29580944776535034 0.45023977756500244
0.29572391510009766 0.29887551069259644
0.29493096470832825 0.3215339183807373
0.2882789969444275 0.35983964800834656
0.2857151925563812 0.3566468358039856
0.2851569354534149 0.28709566593170166
0.28269320726394653 0.44722840189933777
0.28065305948257446 0.33235201239585876
0.2805286645889282 0.2858114540576935
0.2798004150390625 0.2813909649848938
0.27947503328323364 0.34535670280456543
0.27883678674697876 0.31719157099723816
0.2769370377063751 0.27918314933776855
0.2761877179145813 0.2791266143321991
0.27608224749565125 0.3394985496997833
0.2729874849319458 0.2752324938774109
0.2705463469028473 0.2740272283554077
0.26947641372680664 0.2957512140274048
0.26759326457977295 0.2841870188713074
0.2613917291164398 0.28678613901138306
0.26102837920188904 0.2837035059928894
0.2607949674129486 0.28025785088539124
0.2607579231262207 0.3221559226512909
0.2586851418018341 0.45328205823898315
0.2575429677963257 0.29973313212394714
0.25714874267578125 0.26381486654281616
0.2545582354068756 0.4411226212978363
0.25201112031936646 0.46235528588294983
0.2502203583717346 0.2658889889717102
0.2495407909154892 0.27895936369895935
0.24917396903038025 0.2883734405040741
0.2433084398508072 0.24923434853553772
0.24079185724258423 0.2914539575576782
0.23833270370960236 0.3067914843559265
0.23732054233551025 0.265828400850296
0.2371426522731781 0.24498610198497772
0.23497478663921356 0.23541562259197235
0.23353230953216553 0.24674749374389648
0.2326352298259735 0.262593537569046
0.23169219493865967 0.2770244777202606
0.23118548095226288 0.23151326179504395
0.23072576522827148 0.2417677789926529
0.2296435683965683 0.44549962878227234
0.22953136265277863 0.32327282428741455
0.22950144112110138 0.2954416573047638
0.22917139530181885 0.26848191022872925
0.22735726833343506 0.2391604632139206
0.22538788616657257 0.23862755298614502
0.225179523229599 0.23181714117527008
0.22356879711151123 0.22463278472423553
0.22149658203125 0.2529967725276947
0.221450537443161 0.2252357006072998
0.2199181169271469 0.2709747850894928
0.2191997468471527 0.22100470960140228
0.21585388481616974 0.26518285274505615
0.21404103934764862 0.25577253103256226
0.21388928592205048 0.27779653668403625
0.21380773186683655 0.2623109519481659
0.21372570097446442 0.32645705342292786
0.21366123855113983 0.2408657670021057
0.2128039300441742 0.24702681601047516
0.2122674286365509 0.2497261017560959
0.21218112111091614 0.2568371593952179
0.21102450788021088 0.22198434174060822
0.21013356745243073 0.2236955463886261
0.20976755023002625 0.2621370851993561
0.2081936001777649 0.3247261047363281
0.20740185678005219 0.2636357545852661
0.2071262151002884 0.3248085379600525
0.20670658349990845 0.450386106967926
0.20654115080833435 0.24771106243133545
0.20577508211135864 0.212144672870636
0.20498055219650269 0.22028034925460815
0.2049655169248581 0.266195148229599
0.20482991635799408 0.26515597105026245
0.20402400195598602 0.34862592816352844
0.20394828915596008 0.3909609019756317
0.2029923051595688 0.21618475019931793
0.20258472859859467 0.4479219317436218
0.2024661749601364 0.2613906264305115
0.20200428366661072 0.22001880407333374
0.20167909562587738 0.27186381816864014
0.20079857110977173 0.24423366785049438
0.20057536661624908 0.32748135924339294
0.2005087286233902 0.2730725109577179
0.1997779905796051 0.23238252103328705
0.1995636224746704 0.37341371178627014
0.1993677020072937 0.45142582058906555
0.1977541595697403 0.2456725537776947
0.19773980975151062 0.234527587890625
0.19730797410011292 0.2181185781955719
0.1971462070941925 0.2014557272195816
0.19710788130760193 0.2038775384426117
0.19694864749908447 0.23510156571865082
0.19631052017211914 0.2097216695547104
0.19502906501293182 0.1958695948123932
0.19486203789710999 0.19921818375587463
0.1941969394683838 0.30481991171836853
0.19411635398864746 0.20578555762767792
0.19404539465904236 0.24737216532230377
0.19365492463111877 0.22326186299324036
0.19314664602279663 0.22878262400627136
0.19245639443397522 0.23906713724136353
0.19211234152317047 0.19826196134090424
0.19105224311351776 0.3014060854911804
0.19085508584976196 0.22196680307388306
0.19031073153018951 0.2265344262123108
0.19006548821926117 0.20204201340675354
0.1899397224187851 0.19516661763191223
0.18993505835533142 0.3210771679878235
0.1892520636320114 0.2204253375530243
0.1889660358428955 0.20419451594352722
0.1887011080980301 0.19497352838516235
0.18787984549999237 0.27557694911956787
0.18722598254680634 0.2613275647163391
0.18660761415958405 0.22269070148468018
0.18602709472179413 0.2238989919424057
0.1859980970621109 0.21741251647472382
0.18571260571479797 0.2043704241514206
0.1847730278968811 0.2672879993915558
0.18425153195858002 0.271264910697937
0.1838499903678894 0.2578132748603821
0.18367105722427368 0.2591160535812378
0.18330270051956177 0.20630787312984467
0.18190361559391022 0.449701726436615
0.1812121570110321 0.36023205518722534
0.18120601773262024 0.46542325615882874
0.1811385452747345 0.44479987025260925
0.18097682297229767 0.18813015520572662
0.18084405362606049 0.33216097950935364
0.18038025498390198 0.2572740912437439
0.1802409142255783 0.23579950630664825
0.1800350844860077 0.21679720282554626
0.17996659874916077 0.21516036987304688
0.1793726086616516 0.44345664978027344
0.17900428175926208 0.2548998296260834
0.17891162633895874 0.19525721669197083
0.17852728068828583 0.2683463394641876
0.17835402488708496 0.4515466094017029
0.17818856239318848 0.2571485638618469
0.1781339943408966 0.2123875468969345
0.17752526700496674 0.23539282381534576
0.17578281462192535 0.43906357884407043
0.17561109364032745 0.21026135981082916
0.17557482421398163 0.4419170618057251
0.17459367215633392 0.2218213826417923
0.17433872818946838 0.17530816793441772
0.1739545464515686 0.18545986711978912
0.17372910678386688 0.19606146216392517
0.17355011403560638 0.26031404733657837
0.17338454723358154 0.4388289749622345
0.17258606851100922 0.440398246049881
0.17249707877635956 0.2759224474430084
0.17241378128528595 0.44606268405914307
0.172259122133255 0.1851963996887207
0.17191725969314575 0.21697808802127838
0.17188462615013123 0.2155207246541977
0.17168639600276947 0.17580728232860565
0.1713818460702896 0.47211340069770813
0.17065569758415222 0.17893831431865692
0.17064517736434937 0.17778614163398743
0.17056360840797424 0.17105206847190857
0.17047002911567688 0.44651371240615845
0.17030827701091766 0.45129749178886414
0.16935814917087555 0.1742011308670044
0.1689348816871643 0.2008456140756607
0.1686856597661972 0.4420130252838135
0.16766466200351715 0.4455043077468872
0.16738983988761902 0.4419700503349304
0.16652461886405945 0.20752005279064178
0.1648135930299759 0.22754399478435516
0.1627243608236313 0.28793150186538696
0.1626579612493515 0.16847799718379974
0.1619768738746643 0.177559494972229
0.1610174924135208 0.18609291315078735
0.1609005630016327 0.25451451539993286
0.16082343459129333 0.1638168841600418
0.16062016785144806 0.20886485278606415
0.1603352278470993 0.4456893503665924
0.16000346839427948 0.17858503758907318
0.15996214747428894 0.1726478785276413
0.15938125550746918 0.17770960927009583
0.1577416956424713 0.18962424993515015
0.1577087640762329 0.21292723715305328
0.15695036947727203 0.4515318274497986
0.15608885884284973 0.1855660229921341
0.15568964183330536 0.22563844919204712
0.15511490404605865 0.17659226059913635
0.15436869859695435 0.20925463736057281
0.152728870511055 0.44246792793273926
0.15259991586208344 0.16297850012779236
0.15181677043437958 0.1952332705259323
0.15155018866062164 0.1549711376428604
0.15009954571723938 0.1726171374320984
0.14959633350372314 0.15634877979755402
0.14918969571590424 0.23471425473690033
0.14898954331874847 0.1589891016483307
0.1475658118724823 0.15063123404979706
0.14742471277713776 0.2134070247411728
0.14736847579479218 0.18368573486804962
0.14714057743549347 0.19095827639102936
0.14686886966228485 0.17740923166275024
0.14569491147994995 0.16585735976696014
0.14549462497234344 0.15644541382789612
0.14541299641132355 0.2047741562128067
0.14507614076137543 0.23959246277809143
0.14448116719722748 0.271036833524704
0.14429090917110443 0.15735526382923126
0.14362037181854248 0.17481157183647156
0.1435832381248474 0.2523271143436432
0.14357295632362366 0.1925358921289444
0.1433219462633133 0.19389507174491882
0.14321690797805786 0.19396187365055084
0.14035508036613464 0.1655052900314331
0.14024659991264343 0.19513684511184692
0.14020811021327972 0.19084183871746063
0.1396554559469223 0.15382756292819977
0.13941308856010437 0.16987672448158264
0.1388300210237503 0.15622077882289886
0.1386694312095642 0.1397649347782135
0.13773345947265625 0.16905568540096283
0.13718806207180023 0.14183169603347778
0.1368885338306427 0.14040911197662354
0.1354147046804428 0.16367435455322266
0.13366913795471191 0.15755362808704376
0.12977798283100128 0.1437455266714096
0.1279819756746292 0.12859302759170532
0.12548565864562988 0.14078916609287262
0.12546822428703308 0.14481686055660248
0.12295915931463242 0.1250440925359726
0.12109573930501938 0.13707996904850006
0.1190774217247963 0.1325053572654724
0.11810372024774551 0.15366902947425842
0.11681623011827469 0.12455906718969345
0.11327580362558365 0.11751046031713486
0.10582470893859863 0.11295576393604279
0.10373253375291824 0.10557782649993896
0.10163594037294388 0.10429618507623672
0.09846969693899155 0.10331615805625916
0.09016178548336029 0.09114817529916763
0.0779205709695816 0.08448665589094162
