0.7331215739250183 0.7437925934791565
0.6568710803985596 0.7520295977592468
0.609291672706604 0.7474510073661804
0.5585117936134338 0.751996636390686
0.558007001876831 0.7532115578651428
0.5579763650894165 0.7468159198760986
0.5384933352470398 0.7457629442214966
0.5265083909034729 0.7680575847625732
0.5106834173202515 0.7500321269035339
0.4908040165901184 0.7485979795455933
0.43831008672714233 0.7440832257270813
0.4187401235103607 0.7533668875694275
0.4045306444168091 0.7461325526237488
0.336603045463562 0.7471591830253601
0.33193010091781616 0.7535701990127563
0.31322139501571655 0.7481420636177063
0.31047558784484863 0.7521647810935974
0.30476540327072144 0.7495677471160889
0.24494527280330658 0.7517480254173279
0.22266332805156708 0.7387338280677795
0.1778547763824463 0.1823975145816803
0.17698004841804504 0.7543666362762451
0.16580457985401154 0.1690628081560135
0.16462425887584686 0.17320528626441956
0.15717704594135284 0.15923906862735748
0.1560310423374176 0.1676315814256668
0.15293669700622559 0.7469430565834045
0.15244516730308533 0.15927837789058685
0.15186569094657898 0.15345221757888794
0.14996759593486786 0.15644371509552002
0.14693006873130798 0.7563706040382385
0.14588400721549988 0.7454045414924622
0.14492535591125488 0.147181898355484
0.14389966428279877 0.14786432683467865
0.1436491161584854 0.16051098704338074
0.14349453151226044 0.15701483190059662
0.14189055562019348 0.1423051655292511
0.14148566126823425 0.14616025984287262
0.13831213116645813 0.1410643756389618
0.13729019463062286 0.1513623297214508
0.13643023371696472 0.15107975900173187
0.13294363021850586 0.7406150698661804
0.13153931498527527 0.7343857288360596
0.12951937317848206 0.13523809611797333
0.1281588226556778 0.14254987239837646
0.126978799700737 0.12994273006916046
0.12634600698947906 0.12751257419586182
0.12366165965795517 0.1283636838197708
0.12303443998098373 0.1280502825975418
0.12054922431707382 0.7541295289993286
0.11988111585378647 0.7461788058280945
0.11769720166921616 0.12189770489931107
0.11667558550834656 0.13119246065616608
0.11602125316858292 0.12553364038467407
0.11588010936975479 0.138780415058136
0.1156877726316452 0.11693109571933746
0.11539394408464432 0.13651183247566223
0.11512820422649384 0.11926569789648056
0.11446341872215271 0.11955220252275467
0.11366232484579086 0.1329980194568634
0.11200304329395294 0.11742155253887177
0.11124447733163834 0.11535916477441788
0.11031839996576309 0.13466309010982513
0.11010397225618362 0.11855366080999374
0.1097266674041748 0.1112620159983635
0.10934878140687943 0.11534909904003143
0.1091296523809433 0.12716729938983917
0.1083672046661377 0.11521124839782715
0.10813958942890167 0.12489046156406403
0.108000747859478 0.10826347768306732
0.10759282112121582 0.10993711650371552
0.10750582814216614 0.1166243776679039
0.10718944668769836 0.15111395716667175
0.10600575804710388 0.14035582542419434
0.10514375567436218 0.11985839903354645
0.10497480630874634 0.11081326752901077
0.10452184826135635 0.10621330142021179
0.10424305498600006 0.10643111914396286
0.1035275086760521 0.10989894717931747
0.10333402454853058 0.10697615146636963
0.10274593532085419 0.11408063024282455
0.10181286185979843 0.10332199186086655
0.10133601725101471 0.1284240037202835
0.10130157321691513 0.1129225417971611
0.10097726434469223 0.12227856367826462
0.10091974586248398 0.11863329261541367
0.10058362036943436 0.10518503189086914
0.09903836995363235 0.1079770103096962
0.09887973964214325 0.10697395354509354
0.09885776042938232 0.1213519424200058
0.09852949529886246 0.10765291005373001
0.09831739217042923 0.0983462780714035
0.0982602909207344 0.09985870867967606
0.09807803481817245 0.09852680563926697
0.09797476977109909 0.10758930444717407
0.09780095517635345 0.10282299667596817
0.09728766977787018 0.09804610908031464
0.09727843850851059 0.10688413679599762
0.09668446332216263 0.10814337432384491
0.09636159241199493 0.09645006060600281
0.09634246677160263 0.11680211126804352
0.09625840932130814 0.11045446246862411
0.09549707174301147 0.11029789596796036
0.09549648314714432 0.09939291328191757
0.0953134298324585 0.09978411346673965
0.09527017921209335 0.09852765500545502
0.0943169891834259 0.10472065210342407
0.09376329183578491 0.1013876423239708
0.09345109760761261 0.09528574347496033
0.09289636462926865 0.10698112845420837
0.0928373709321022 0.10914494097232819
0.09273000806570053 0.09415837377309799
0.09254363924264908 0.11832370609045029
0.09225574135780334 0.10537139326334
0.09183710068464279 0.10008203983306885
0.091690793633461 0.09432628005743027
0.09112421423196793 0.096010722219944
0.0907353088259697 0.11171523481607437
0.09008225798606873 0.09175404161214828
0.0900675505399704 0.09307964146137238
0.08991511166095734 0.10245664417743683
0.08879930526018143 0.08979666233062744
0.08775460720062256 0.09336627274751663
0.08765649050474167 0.08999373763799667
0.0875922366976738 0.09077425301074982
0.08734183013439178 0.09331066161394119
0.08701813966035843 0.10094647109508514
0.0868874192237854 0.09069627523422241
0.08611029386520386 0.09586461633443832
0.08602610230445862 0.09319152683019638
0.0855170339345932 0.10767113417387009
0.08548353612422943 0.09431006759405136
0.08534077554941177 0.1033400222659111
0.0850750282406807 0.10701774060726166
0.08502975106239319 0.08637814223766327
0.08492208272218704 0.08610784262418747
0.08482581377029419 0.0905151516199112
0.0833825170993805 0.08435104787349701
0.08336681127548218 0.09402870386838913
0.08331672102212906 0.11035292595624924
0.08321309834718704 0.09437763690948486
0.08315840363502502 0.08749502152204514
0.08277467638254166 0.08780378103256226
0.08246038109064102 0.09698844701051712
0.08220633119344711 0.09420448541641235
0.0821690708398819 0.08667267113924026
0.08199778944253922 0.09104244410991669
0.08178378641605377 0.09593647718429565
0.08176980912685394 0.09806369990110397
0.08158130198717117 0.13219597935676575
0.08058284968137741 0.0832715854048729
0.08030638843774796 0.08356327563524246
0.08018632233142853 0.09155464917421341
0.07990344613790512 0.08376172930002213
0.07922205328941345 0.08418725430965424
0.07870078086853027 0.09168349951505661
0.07823799550533295 0.07861799746751785
0.07698556035757065 0.07916002720594406
0.07637834548950195 0.11088362336158752
0.07533598691225052 0.08704746514558792
0.07399508357048035 0.07850781083106995
0.07399043440818787 0.08580838143825531
0.07308167964220047 0.0760420709848404
0.07212477922439575 0.07665151357650757
0.07125683128833771 0.07643381506204605
0.06741523742675781 0.07413341104984283
0.06727956235408783 0.07319223135709763
0.06693833321332932 0.06731748580932617
0.06606695055961609 0.08289006352424622
0.06507697701454163 0.07314808666706085
0.06454478204250336 0.06540793925523758
0.05441848188638687 0.05625540763139725
0.05385507270693779 0.05850856751203537
0.051723919808864594 0.05953158810734749
0.049643341451883316 0.057707615196704865
0.04892873018980026 0.04999708756804466
