0.774088442325592 0.7821495532989502
0.756091833114624 0.7816048860549927
0.7081098556518555 0.7698221802711487
0.675737738609314 0.7629601955413818
0.6702962517738342 0.7620143294334412
0.6539768576622009 0.761975884437561
0.647244930267334 0.7503518462181091
0.6090123653411865 0.7601998448371887
0.5529835224151611 0.7510797381401062
0.5505648255348206 0.7634432911872864
0.5117934346199036 0.7637465000152588
0.4799831211566925 0.7564137578010559
0.36740535497665405 0.7608127593994141
0.24126870930194855 0.2585233449935913
0.2398190200328827 0.7517855167388916
0.22397427260875702 0.767200767993927
0.22169123589992523 0.7637827396392822
0.2143407016992569 0.7577953934669495
0.1955401450395584 0.2012006640434265
0.19482934474945068 0.19732028245925903
0.17991839349269867 0.7610610127449036
0.16783589124679565 0.7585955262184143
0.16752515733242035 0.7622575759887695
0.16634246706962585 0.7644866108894348
0.16613851487636566 0.749008059501648
0.16346590220928192 0.7529229521751404
0.1471806913614273 0.7518756985664368
0.14668186008930206 0.7641554474830627
0.14254404604434967 0.7632055878639221
0.13645212352275848 0.1470312774181366
0.1331281065940857 0.15098077058792114
0.13159233331680298 0.13697881996631622
0.13109426200389862 0.13634434342384338
0.1302495002746582 0.1436113566160202
0.128977969288826 0.1301330327987671
0.12844958901405334 0.13438589870929718
0.12753944098949432 0.13164785504341125
0.12706033885478973 0.7525538802146912
0.12587012350559235 0.12994365394115448
0.12499825656414032 0.1326562762260437
0.12327601760625839 0.13054999709129333
0.12254542112350464 0.13303670287132263
0.12096809595823288 0.1454935073852539
0.1190698966383934 0.12750311195850372
0.11879648268222809 0.12584947049617767
0.11865177750587463 0.12217175960540771
0.11819880455732346 0.12674656510353088
0.11810404807329178 0.14504849910736084
0.11668094247579575 0.1221303716301918
0.116407111287117 0.13611555099487305
0.1155698224902153 0.12359907478094101
0.11552117019891739 0.12389914691448212
0.11456204205751419 0.12295214086771011
0.11433174461126328 0.13152651488780975
0.11418638378381729 0.11418851464986801
0.11412478983402252 0.11944922059774399
0.11346618086099625 0.11557028442621231
0.11076425015926361 0.11671406030654907
0.11068453639745712 0.13385719060897827
0.11064144968986511 0.11263759434223175
0.10988639295101166 0.11564648896455765
0.10932102799415588 0.13341721892356873
0.10926668345928192 0.12107986211776733
0.10852847993373871 0.13998423516750336
0.10832659900188446 0.11064450442790985
0.10829657316207886 0.12393001466989517
0.10783663392066956 0.11124745011329651
0.1078246682882309 0.11106318980455399
0.1067686602473259 0.11412147432565689
0.10578615963459015 0.11262214928865433
0.10538191348314285 0.11792054772377014
0.10448024421930313 0.11109863221645355
0.10320965945720673 0.12237361818552017
0.10223042219877243 0.12209071964025497
0.10172799974679947 0.1366724818944931
0.10101199895143509 0.10311266034841537
0.10088237375020981 0.10155221819877625
0.10042715817689896 0.1078200414776802
0.09945584088563919 0.10366939008235931
0.09852087497711182 0.10510885715484619
0.09833994507789612 0.10224299132823944
0.09777901321649551 0.10031140595674515
0.09760702401399612 0.09783459454774857
0.09745926409959793 0.1021416187286377
0.09655719250440598 0.10396598279476166
0.09599791467189789 0.09630326181650162
0.09559694677591324 0.1010325700044632
0.09556284546852112 0.09704194217920303
0.0954168438911438 0.10527048259973526
0.0953107476234436 0.10252106934785843
0.09518394619226456 0.09828478842973709
0.09446088969707489 0.10472980886697769
0.09366478770971298 0.09655527025461197
0.09354546666145325 0.09363314509391785
0.09343325346708298 0.10510482639074326
0.0930296927690506 0.0971594750881195
0.0925287976861 0.10465182363986969
0.09231116622686386 0.10132938623428345
0.09218093007802963 0.09577562659978867
0.0920599177479744 0.11315111815929413
0.09193141013383865 0.09623119235038757
0.09182277321815491 0.10370171815156937
0.09126359224319458 0.09231451153755188
0.09120520949363708 0.09404991567134857
0.09060244262218475 0.09141185134649277
0.09053178876638412 0.0938219204545021
0.09040064364671707 0.09321116656064987
0.09025111794471741 0.09093920886516571
0.0902424305677414 0.09602925181388855
0.09019654989242554 0.09587280452251434
0.09007500857114792 0.09454324841499329
0.08996302634477615 0.09236082434654236
0.08973172307014465 0.09947029501199722
0.08950405567884445 0.10286901891231537
0.08941305428743362 0.09733038395643234
0.08932079374790192 0.09015025198459625
0.08875436335802078 0.08950717747211456
0.0886983796954155 0.09089087694883347
0.08864332735538483 0.11920352280139923
0.08855020254850388 0.09436733275651932
0.0884181559085846 0.11237943172454834
0.08832661062479019 0.09393391758203506
0.088067926466465 0.10288973897695541
0.08795905858278275 0.09665543586015701
0.0876680240035057 0.10277201235294342
0.08765081316232681 0.09588634222745895
0.08729664981365204 0.09952076524496078
0.08721736818552017 0.11037296056747437
0.08696503937244415 0.10691335797309875
0.08685463666915894 0.09184274822473526
0.08555849641561508 0.08989550173282623
0.08525929600000381 0.0866749957203865
0.08451275527477264 0.08457533270120621
0.08448877930641174 0.09436757862567902
0.08435632288455963 0.09461764246225357
0.08337728679180145 0.08792003989219666
0.08219049125909805 0.09389493614435196
0.08180800825357437 0.08411503583192825
0.08162273466587067 0.09829627722501755
0.08154763281345367 0.0913863256573677
0.08148402720689774 0.09982406347990036
0.08087439090013504 0.08490817248821259
0.08073592931032181 0.08850176632404327
0.08050844073295593 0.09211407601833344
0.080412857234478 0.08169226348400116
0.08018509298563004 0.08343830704689026
0.0801222026348114 0.08287122845649719
0.08005914092063904 0.10242997854948044
0.07853778451681137 0.07893447577953339
0.07837121188640594 0.08187786489725113
0.0776529312133789 0.09248673915863037
0.07684621214866638 0.09062086045742035
0.07579073309898376 0.0768180713057518
0.07519569247961044 0.08230645954608917
0.07459628582000732 0.07631175965070724
0.07334510236978531 0.0771629810333252
0.07118984311819077 0.0808243528008461
0.06970099359750748 0.07201503217220306
0.06955265253782272 0.07330846786499023
0.06860731542110443 0.07771337032318115
0.06576938927173615 0.07977217435836792
0.06143953278660774 0.06607081741094589
0.058748066425323486 0.0647226944565773
0.05779993534088135 0.06487617641687393
0.05414322763681412 0.05643178150057793
