0.7432126998901367 0.7815021276473999
0.73082035779953 0.7642925977706909
0.7270070910453796 0.7747521996498108
0.6779473423957825 0.7848759889602661
0.6737126708030701 0.770309567451477
0.648239254951477 0.7749447226524353
0.6385581493377686 0.773614764213562
0.6366386413574219 0.78265780210495
0.5894284844398499 0.7693966627120972
0.5876811742782593 0.7691076397895813
0.5210688710212708 0.776007890701294
0.48469191789627075 0.7661470770835876
0.4749901592731476 0.7753125429153442
0.43704959750175476 0.7562428712844849
0.2889743745326996 0.7490619421005249
0.2358839511871338 0.7776762247085571
0.23448997735977173 0.24144823849201202
0.21163715422153473 0.2188759595155716
0.20413801074028015 0.7531592845916748
0.19982504844665527 0.7572914958000183
0.19475193321704865 0.20046265423297882
0.19431659579277039 0.7632789015769958
0.19253331422805786 0.7643383741378784
0.18454088270664215 0.19014997780323029
0.17262662947177887 0.1770971715450287
0.17093896865844727 0.7586661577224731
0.17058847844600677 0.758997917175293
0.15949667990207672 0.17099829018115997
0.15003767609596252 0.15944044291973114
0.14722909033298492 0.15037469565868378
0.14674417674541473 0.15406018495559692
0.1464167833328247 0.15463367104530334
0.1460433453321457 0.760627031326294
0.14535628259181976 0.7670561075210571
0.1453249454498291 0.7609074115753174
0.14370250701904297 0.14593292772769928
0.1412847340106964 0.768297553062439
0.13981661200523376 0.14203044772148132
0.13541212677955627 0.1429138332605362
0.13454559445381165 0.13776639103889465
0.1338176727294922 0.1429450660943985
0.13279950618743896 0.14589974284172058
0.13257499039173126 0.1735852211713791
0.1265953779220581 0.1523071974515915
0.12334362417459488 0.15455538034439087
0.11971385031938553 0.12118225544691086
0.11937002837657928 0.1214030534029007
0.11904739588499069 0.13788321614265442
0.11890438944101334 0.12469789385795593
0.1187434121966362 0.12779992818832397
0.11840065568685532 0.12924370169639587
0.11783120036125183 0.12909036874771118
0.1175202876329422 0.13260899484157562
0.11426936089992523 0.12273240089416504
0.11253039538860321 0.11258042603731155
0.11137768626213074 0.12408041954040527
0.11089792847633362 0.11790154129266739
0.1108856350183487 0.11380419880151749
0.10901086032390594 0.10992307215929031
0.10883785784244537 0.14225205779075623
0.10781411081552505 0.11388156563043594
0.10779005289077759 0.13661010563373566
0.10777591168880463 0.1284368336200714
0.10771019756793976 0.11055167764425278
0.1066289097070694 0.11959941685199738
0.10632294416427612 0.11866744607686996
0.1055864691734314 0.105860635638237
0.10554540902376175 0.10664306581020355
0.10543395578861237 0.11010407656431198
0.10499557107686996 0.11669483780860901
0.10486212372779846 0.10830720514059067
0.10474026203155518 0.1334027796983719
0.10442496836185455 0.10838860273361206
0.10441184788942337 0.11132296174764633
0.10406681895256042 0.1059223860502243
0.10354778170585632 0.11518123000860214
0.1034911647439003 0.10747504979372025
0.10343082249164581 0.10487378388643265
0.10315319895744324 0.10434436798095703
0.10313452780246735 0.11455531418323517
0.10270669311285019 0.11442890763282776
0.10193008929491043 0.1101076677441597
0.10142892599105835 0.11510588228702545
0.10114890336990356 0.10555675625801086
0.10114815831184387 0.10352646559476852
0.10112865269184113 0.10194480419158936
0.10085427016019821 0.11101185530424118
0.10072464495897293 0.11314931511878967
0.10059196501970291 0.13138729333877563
0.0998115986585617 0.13479609787464142
0.09954826533794403 0.1033143475651741
0.09945808351039886 0.10730046778917313
0.0993589535355568 0.12001868337392807
0.09933868050575256 0.12318424135446548
0.09910766035318375 0.10919686406850815
0.0989571288228035 0.1031799465417862
0.098831407725811 0.10012175142765045
0.0983472540974617 0.11546345055103302
0.09819917380809784 0.11422094702720642
0.098110631108284 0.1292979121208191
0.09688618779182434 0.10812017321586609
0.09598034620285034 0.09982399642467499
0.0959072858095169 0.10481232404708862
0.09574782103300095 0.12193343788385391
0.09380055218935013 0.09894192963838577
0.09376143664121628 0.11058346182107925
0.09369715303182602 0.10204029083251953
0.09357472509145737 0.10383214056491852
0.09345263242721558 0.10563279688358307
0.09342744946479797 0.11241026222705841
0.09334961324930191 0.11914797127246857
0.09290443360805511 0.09921392798423767
0.09278719127178192 0.09816224128007889
0.09239662438631058 0.09845946729183197
0.09222942590713501 0.09447269886732101
0.09143751114606857 0.11162463575601578
0.0912637785077095 0.09935148060321808
0.09087729454040527 0.0944233164191246
0.09086253494024277 0.09230680763721466
0.09072251617908478 0.09391351789236069
0.09066607803106308 0.09997819364070892
0.0902278870344162 0.12063345313072205
0.09003693610429764 0.09327328950166702
0.08992431312799454 0.09093416482210159
0.0894661471247673 0.09685207903385162
0.0892229750752449 0.11093068867921829
0.08917707204818726 0.10307453572750092
0.08913346379995346 0.09405077248811722
0.08885835111141205 0.10228908807039261
0.08883771300315857 0.09053461998701096
0.08850831538438797 0.09570025652647018
0.08844558894634247 0.08868225663900375
0.08843248337507248 0.11040209978818893
0.08799032121896744 0.09711174666881561
0.08778440952301025 0.09042520076036453
0.08774730563163757 0.09071143716573715
0.08771391212940216 0.10660747438669205
0.08761627227067947 0.08921320736408234
0.08728858828544617 0.09553704410791397
0.08709695935249329 0.10360795259475708
0.08703304082155228 0.09471485763788223
0.08663386851549149 0.08904054015874863
0.08652401715517044 0.09982399642467499
0.08646783232688904 0.09975322335958481
0.08643511682748795 0.10140474140644073
0.08629823476076126 0.10780369490385056
0.08588191866874695 0.10481809079647064
0.08511857688426971 0.10067950189113617
0.08503709733486176 0.0892345979809761
0.08460405468940735 0.0891677662730217
0.08451755344867706 0.08667997270822525
0.08445324003696442 0.10203041136264801
0.08440212160348892 0.11623995006084442
0.08417569845914841 0.1081516295671463
0.08344776183366776 0.08542422950267792
0.08303472399711609 0.09773724526166916
0.08274820446968079 0.09280508011579514
0.08265773952007294 0.10684630274772644
0.08127869665622711 0.08915721625089645
0.08071713149547577 0.08944139629602432
0.08046822249889374 0.09029344469308853
0.07929965853691101 0.09711536020040512
0.0786154717206955 0.07931990921497345
0.07827448099851608 0.08537966012954712
0.078115314245224 0.10301104187965393
0.07778610289096832 0.10399937629699707
0.07742670178413391 0.07832901924848557
0.07733951508998871 0.07826046645641327
0.07713021337985992 0.09694613516330719
0.07704898715019226 0.07828323543071747
0.0769040659070015 0.0880904570221901
0.07649433612823486 0.08547240495681763
0.07615240663290024 0.07738611102104187
0.076039157807827 0.0879318043589592
0.07500895857810974 0.07778732478618622
0.07494229823350906 0.08992739766836166
0.07490002363920212 0.07496478408575058
0.07381898164749146 0.09143155068159103
0.07275683432817459 0.08063346147537231
0.07264462858438492 0.07883728295564651
0.07257022708654404 0.08957039564847946
0.0721721202135086 0.08241249620914459
0.0686676949262619 0.0866025909781456
0.06852959841489792 0.07167220860719681
0.06843932718038559 0.07755006849765778
0.06719502061605453 0.0724344551563263
0.06677259504795074 0.08552615344524384
0.06647143512964249 0.08774309605360031
0.06632822006940842 0.07959332317113876
0.06483934074640274 0.06585689634084702
0.06134742498397827 0.06656759977340698
0.05935130640864372 0.060441382229328156
0.05403689295053482 0.05693868175148964
0.049980342388153076 0.052567094564437866
