0.7604196667671204 0.7623246312141418
0.745311975479126 0.7711247801780701
0.742668867111206 0.7559630870819092
0.7297235131263733 0.7706764936447144
0.7224446535110474 0.7657104134559631
0.7114676237106323 0.7533437609672546
0.711056649684906 0.7605054974555969
0.7091641426086426 0.7461543679237366
0.6937206387519836 0.7613312602043152
0.6561855673789978 0.74794602394104
0.6437830328941345 0.7473435401916504
0.6339582204818726 0.7478043437004089
0.46224868297576904 0.7378031015396118
0.3949381113052368 0.7615783214569092
0.30590230226516724 0.7546482086181641
0.22473794221878052 0.7504906058311462
0.20234929025173187 0.7628329396247864
0.2002175748348236 0.7565492391586304
0.1823885142803192 0.747766375541687
0.16878369450569153 0.7506364583969116
0.16554100811481476 0.16840113699436188
0.16392724215984344 0.16989119350910187
0.16252180933952332 0.7522636651992798
0.16091330349445343 0.17885032296180725
0.15897038578987122 0.7602927088737488
0.15390703082084656 0.15641438961029053
0.1525348573923111 0.7448285818099976
0.15015779435634613 0.15410594642162323
0.1489069014787674 0.7554535865783691
0.1472959667444229 0.7533450722694397
0.14338427782058716 0.1532936990261078
0.14199447631835938 0.7484988570213318
0.13953077793121338 0.1437225490808487
0.13754095137119293 0.14039652049541473
0.13673335313796997 0.15545471012592316
0.13459287583827972 0.7387060523033142
0.13450096547603607 0.15002013742923737
0.13363181054592133 0.15082873404026031
0.13337083160877228 0.1383424550294876
0.1294470876455307 0.14409412443637848
0.1262729912996292 0.14628416299819946
0.12519140541553497 0.1272706538438797
0.12506093084812164 0.12926864624023438
0.12433027476072311 0.1274004727602005
0.12245199084281921 0.12349380552768707
0.1217055544257164 0.7559369206428528
0.12145611643791199 0.12291239202022552
0.12083042412996292 0.13788999617099762
0.11687928438186646 0.11882363259792328
0.1164756789803505 0.11865200847387314
0.11597107350826263 0.1216462105512619
0.11586951464414597 0.13113610446453094
0.11421233415603638 0.11835607886314392
0.11408200860023499 0.13132958114147186
0.11407818645238876 0.12016097456216812
0.1130775585770607 0.13395781815052032
0.11265071481466293 0.12609310448169708
0.10983984172344208 0.11480718106031418
0.10954037308692932 0.14157907664775848
0.10847435891628265 0.11360571533441544
0.10790630429983139 0.1254930943250656
0.10711105912923813 0.11490122973918915
0.10657955706119537 0.10869188606739044
0.10645382851362228 0.11177010834217072
0.10515495389699936 0.11196426302194595
0.10436838120222092 0.1107930913567543
0.10368844121694565 0.11850176006555557
0.1030547097325325 0.1108117625117302
0.10280149430036545 0.10934753715991974
0.10222221910953522 0.10955019295215607
0.10030824691057205 0.13377061486244202
0.09960637986660004 0.10049036890268326
0.09927260875701904 0.14439833164215088
0.0988464280962944 0.11588545888662338
0.0988222062587738 0.11148393154144287
0.09853850305080414 0.10003682971000671
0.09847114235162735 0.1127091497182846
0.09843733161687851 0.12070512026548386
0.09777967631816864 0.10107338428497314
0.09765338152647018 0.10473942756652832
0.09747613221406937 0.10922006517648697
0.09692267328500748 0.10102833807468414
0.09650526940822601 0.10391093045473099
0.09611263871192932 0.12151367962360382
0.09552619606256485 0.1004590317606926
0.0954616591334343 0.09837639331817627
0.09515231102705002 0.1124441921710968
0.09457278251647949 0.11957857757806778
0.09441521763801575 0.09483059495687485
0.09435499459505081 0.09843628108501434
0.09413576126098633 0.09454365074634552
0.09394000470638275 0.09490932524204254
0.09389248490333557 0.10449225455522537
0.09363663196563721 0.1146746426820755
0.09357386082410812 0.1008899062871933
0.09287308901548386 0.09844853729009628
0.09273041784763336 0.10336112231016159
0.09270144999027252 0.1053895354270935
0.09263439476490021 0.12387453019618988
0.09243432432413101 0.09793411940336227
0.09182701259851456 0.1076609194278717
0.09171148389577866 0.09186194837093353
0.09123819321393967 0.10256300121545792
0.09101291745901108 0.09358600527048111
0.09083188325166702 0.09329363703727722
0.09076426923274994 0.09093260020017624
0.09061040729284286 0.10007079690694809
0.08976060152053833 0.09068257361650467
0.08967165648937225 0.10181864351034164
0.08953031152486801 0.091615229845047
0.08941438049077988 0.09190689027309418
0.08913180977106094 0.10237449407577515
0.08833824098110199 0.08970732986927032
0.0882558599114418 0.10657291114330292
0.08808180689811707 0.09853856265544891
0.08807018399238586 0.08887017518281937
0.08786440640687943 0.09378212690353394
0.08785778284072876 0.09445898234844208
0.0874386578798294 0.09222859144210815
0.08738134801387787 0.08859207481145859
0.08716220408678055 0.0931534543633461
0.08686017990112305 0.0916212797164917
0.08659595996141434 0.10214592516422272
0.08646254241466522 0.08671325445175171
0.0848938524723053 0.08602684736251831
0.08486257493495941 0.09833209961652756
0.08459971100091934 0.09030840545892715
0.08377473056316376 0.09785106033086777
0.08356083929538727 0.09378481656312943
0.08329641073942184 0.09316682815551758
0.08305712789297104 0.08827166259288788
0.08303456008434296 0.09282277524471283
0.08244305849075317 0.10137162357568741
0.08237611502408981 0.08708392828702927
0.08218608051538467 0.08884841948747635
0.08208989351987839 0.0859019011259079
0.0820828527212143 0.086536705493927
0.08199550211429596 0.09333450347185135
0.08188902586698532 0.09001252055168152
0.0810442641377449 0.08459258824586868
0.08092723041772842 0.10129079967737198
0.0804559662938118 0.08545112609863281
0.0803881362080574 0.08623997867107391
0.08023588359355927 0.09491246193647385
0.080002062022686 0.0894012376666069
0.07990654557943344 0.09443570673465729
0.07961694151163101 0.13574662804603577
0.07944988459348679 0.09335464239120483
0.07916612178087234 0.07959304749965668
0.07861253619194031 0.0819859504699707
0.07859858125448227 0.10585329681634903
0.0785057470202446 0.08373231440782547
0.07834934443235397 0.08680413663387299
0.07805290073156357 0.08487479388713837
0.07800118625164032 0.08174581825733185
0.07795514911413193 0.08586276322603226
0.07691675424575806 0.10372958332300186
0.07657146453857422 0.12065917253494263
0.07635096460580826 0.09173059463500977
0.07610854506492615 0.09672705829143524
0.0760827511548996 0.08986947685480118
0.07550307363271713 0.075910784304142
0.07442478835582733 0.07948575168848038
0.07436902821063995 0.07539694756269455
0.07382584363222122 0.07425164431333542
0.0733199343085289 0.08912608027458191
0.07278455048799515 0.08177753537893295
0.07035346329212189 0.07282230257987976
0.06982705742120743 0.08088604360818863
0.06804034858942032 0.08461620658636093
0.06747480481863022 0.06973987817764282
