0.7849471569061279 0.7966131567955017
0.7630632519721985 0.7736158967018127
0.7511909008026123 0.7704977989196777
0.7193078398704529 0.7700183391571045
0.6752599477767944 0.7645522952079773
0.6541519165039062 0.790090024471283
0.6019794344902039 0.7624289989471436
0.5511468648910522 0.7868244051933289
0.548380970954895 0.7840482592582703
0.5452483892440796 0.7632946968078613
0.44401073455810547 0.7798130512237549
0.4238482415676117 0.7799829244613647
0.41479143500328064 0.7759310603141785
0.3670729696750641 0.7861403822898865
0.3420652151107788 0.7861871123313904
0.20263735949993134 0.7732840776443481
0.1948910504579544 0.7709106206893921
0.1903911530971527 0.7823582291603088
0.18842193484306335 0.19183023273944855
0.17783546447753906 0.7715826630592346
0.16848613321781158 0.7748311161994934
0.16134516894817352 0.16750942170619965
0.16026996076107025 0.7681583166122437
0.1561814397573471 0.7753180861473083
0.15545929968357086 0.18665438890457153
0.15497751533985138 0.7770045399665833
0.15479891002178192 0.7831718325614929
0.15368539094924927 0.1625743806362152
0.1482236534357071 0.17762267589569092
0.14255353808403015 0.15209749341011047
0.14113520085811615 0.7755991220474243
0.14048512279987335 0.7823032736778259
0.13866488635540009 0.14628846943378448
0.13151587545871735 0.7811112403869629
0.1313946396112442 0.15710760653018951
0.13111206889152527 0.1325809210538864
0.13046173751354218 0.14471954107284546
0.13044996559619904 0.13530634343624115
0.1300439089536667 0.13748954236507416
0.12914538383483887 0.13173259794712067
0.12442880123853683 0.1320534497499466
0.12229544669389725 0.13020288944244385
0.12225208431482315 0.12969952821731567
0.12124954909086227 0.1409556120634079
0.12046623975038528 0.1209617406129837
0.11951002478599548 0.1256328672170639
0.11618717014789581 0.11768962442874908
0.11404560506343842 0.11507171392440796
0.11357682198286057 0.11964056640863419
0.11213774979114532 0.13008397817611694
0.11082256585359573 0.13644643127918243
0.10886793583631516 0.12245192378759384
0.10784915834665298 0.14689259231090546
0.10749273002147675 0.10822203755378723
0.10613342374563217 0.127628892660141
0.10582470148801804 0.1100509837269783
0.10468493402004242 0.11334334313869476
0.10433913767337799 0.11201052367687225
0.10392535477876663 0.11221194267272949
0.10377233475446701 0.12015516310930252
0.10334422439336777 0.11624865978956223
0.10309258103370667 0.11001640558242798
0.10204548388719559 0.10822117328643799
0.10193026810884476 0.10290317237377167
0.10182366520166397 0.13088172674179077
0.10073455423116684 0.10139837116003036
0.10054474323987961 0.1283743530511856
0.10051365941762924 0.14046500623226166
0.09999055415391922 0.10678368806838989
0.09980300813913345 0.1119169071316719
0.09920003265142441 0.10908719897270203
0.09907708317041397 0.13574008643627167
0.09887713938951492 0.11856123805046082
0.09692353755235672 0.10492739081382751
0.09670544415712357 0.10105922073125839
0.09632498770952225 0.09689769893884659
0.09629110991954803 0.10019945353269577
0.09573590010404587 0.09843210875988007
0.09439413994550705 0.098005011677742
0.09428982436656952 0.09798756241798401
0.09412411600351334 0.11572802811861038
0.09397145360708237 0.1074020266532898
0.09395305067300797 0.09649192541837692
0.09363657236099243 0.09856198728084564
0.09311451762914658 0.10335307568311691
0.09302524477243423 0.09980970621109009
0.09227115660905838 0.1103435531258583
0.09176138043403625 0.1111149787902832
0.09161145240068436 0.1064002588391304
0.09144090116024017 0.1068502888083458
0.09143809974193573 0.09150315821170807
0.09096216410398483 0.11459121853113174
0.09044771641492844 0.10579501837491989
0.09019631147384644 0.09339479357004166
0.08966721594333649 0.09979762881994247
0.08965662121772766 0.09823884069919586
0.08957752585411072 0.09367738664150238
0.08941801637411118 0.10319893062114716
0.08940954506397247 0.09677708148956299
0.08798737823963165 0.1001976951956749
0.0875752866268158 0.10431972146034241
0.08743464946746826 0.11346066743135452
0.08699209243059158 0.09638824313879013
0.08687093108892441 0.0961049273610115
0.08679341524839401 0.08856044709682465
0.08668068796396255 0.09442920237779617
0.08667638152837753 0.09875774383544922
0.08666843175888062 0.08975850045681
0.08658596873283386 0.09629698842763901
0.08612128347158432 0.10095464438199997
0.0852094367146492 0.08689792454242706
0.08502551913261414 0.09254903346300125
0.08319041877985 0.08726508915424347
0.08252793550491333 0.09566599875688553
0.08252231031656265 0.09700130671262741
0.0818045511841774 0.08437160402536392
0.08076348900794983 0.08229171484708786
0.07976928353309631 0.08688731491565704
0.07963550090789795 0.08930615335702896
0.07955092191696167 0.08720360696315765
0.07954835146665573 0.09999679028987885
0.07913107424974442 0.08823125064373016
0.07773005217313766 0.08465785533189774
0.07745849341154099 0.08359666168689728
0.07605668157339096 0.0861080139875412
0.07605396211147308 0.08389941602945328
0.07587222009897232 0.07938241213560104
0.0754358097910881 0.09731324762105942
0.07526423782110214 0.08150171488523483
0.07499974966049194 0.07872442156076431
0.07479234039783478 0.0769498199224472
0.07444395869970322 0.08810435235500336
0.07390331476926804 0.08192826807498932
0.0737861841917038 0.10185275226831436
0.07376021146774292 0.0773715153336525
0.07352332770824432 0.08002130687236786
0.07292597740888596 0.08887013047933578
0.07247934490442276 0.08200465887784958
0.07170211523771286 0.09753711521625519
0.06965183466672897 0.09585285931825638
0.06955671310424805 0.07063072919845581
0.067927785217762 0.0730697438120842
0.06581597030162811 0.06812913715839386
0.062214795500040054 0.08710111677646637
0.05643504858016968 0.060193005949258804
0.054973848164081573 0.05732707679271698
0.046565357595682144 0.046779219061136246
0.04001542180776596 0.04378291964530945
0.03553994372487068 0.03997976705431938
