0.782124400138855 0.7830753326416016
0.754668653011322 0.7720909118652344
0.7011775374412537 0.7704468369483948
0.6952860355377197 0.7585511803627014
0.6951109766960144 0.7668478488922119
0.6928457021713257 0.7684167623519897
0.6443287134170532 0.7504593729972839
0.5861831903457642 0.7501636743545532
0.580440104007721 0.7647433280944824
0.5517858862876892 0.7524787783622742
0.5435119867324829 0.7723624110221863
0.5051634907722473 0.7691729664802551
0.4461987316608429 0.7595006227493286
0.3537931740283966 0.7564445734024048
0.34698978066444397 0.7720231413841248
0.22060276567935944 0.7613897323608398
0.191489115357399 0.7675074338912964
0.170538529753685 0.7612954378128052
0.1660798043012619 0.7580363154411316
0.16020514070987701 0.16681712865829468
0.1585029810667038 0.7463896870613098
0.15589918196201324 0.16123807430267334
0.1553812175989151 0.1566372513771057
0.15174752473831177 0.7494840621948242
0.1515905112028122 0.7524498105049133
0.14852288365364075 0.14877519011497498
0.14527034759521484 0.16737869381904602
0.14412206411361694 0.14715415239334106
0.13867776095867157 0.7688751220703125
0.13691966235637665 0.16207648813724518
0.13675735890865326 0.763234555721283
0.1351068615913391 0.7472041845321655
0.13406506180763245 0.14922745525836945
0.13181014358997345 0.1321413815021515
0.12690863013267517 0.12799596786499023
0.12649135291576385 0.14470988512039185
0.1244727149605751 0.1442805379629135
0.12422554939985275 0.12549878656864166
0.12383172661066055 0.15487846732139587
0.12373010814189911 0.13492228090763092
0.12256421893835068 0.13184098899364471
0.12126827239990234 0.12298126518726349
0.11829902976751328 0.7578473091125488
0.11816288530826569 0.12559345364570618
0.11732063442468643 0.1182699054479599
0.11650295555591583 0.1165299192070961
0.11621900647878647 0.13833805918693542
0.11575854569673538 0.7608761787414551
0.11447112262248993 0.12756694853305817
0.11186223477125168 0.11266357451677322
0.11161303520202637 0.11253540962934494
0.11127738654613495 0.11328107863664627
0.1105109304189682 0.7645094394683838
0.10896825045347214 0.1139422133564949
0.10844938457012177 0.1092546358704567
0.10675538331270218 0.12346167862415314
0.106312595307827 0.13932383060455322
0.10623307526111603 0.12984243035316467
0.10591910779476166 0.12493203580379486
0.10561700165271759 0.13240423798561096
0.10545167326927185 0.11453281342983246
0.10525099188089371 0.11313506215810776
0.1052364856004715 0.11684700846672058
0.10517095029354095 0.1150212287902832
0.1049702912569046 0.14149072766304016
0.10457494109869003 0.11012311279773712
0.10267811268568039 0.10755964368581772
0.10250115394592285 0.10942380875349045
0.10218451917171478 0.10591026395559311
0.10119348019361496 0.10242728888988495
0.10108298063278198 0.1029554009437561
0.10107848793268204 0.1045122742652893
0.10097680240869522 0.1104547306895256
0.09943514317274094 0.10729626566171646
0.0994340255856514 0.10491283982992172
0.09876986593008041 0.11285101622343063
0.09876418113708496 0.10094774514436722
0.09860643744468689 0.10601188987493515
0.0980578139424324 0.10069440305233002
0.09793099015951157 0.09826508164405823
0.09767366200685501 0.12101924419403076
0.09763816744089127 0.10149253904819489
0.09745610505342484 0.11498326808214188
0.09741514921188354 0.09879888594150543
0.09732194244861603 0.10821583867073059
0.09728392213582993 0.11917530000209808
0.09684894233942032 0.09902028739452362
0.09405726939439774 0.09929056465625763
0.0935165211558342 0.11412674933671951
0.09295667707920074 0.12412997335195541
0.09294206649065018 0.0940353125333786
0.09265392273664474 0.10126058012247086
0.09217523038387299 0.10708262026309967
0.09182783216238022 0.09482023864984512
0.09144379943609238 0.10038323700428009
0.09128665924072266 0.09848983585834503
0.09114763140678406 0.09188109636306763
0.09113648533821106 0.11353566497564316
0.09026487916707993 0.09327515214681625
0.0897723063826561 0.09039687365293503
0.08941362798213959 0.09496913850307465
0.08919525891542435 0.10312381386756897
0.08903529495000839 0.1012369766831398
0.08883271366357803 0.0964600220322609
0.08854813873767853 0.08925868570804596
0.08823467791080475 0.10484737157821655
0.08778417855501175 0.08965975791215897
0.08752273768186569 0.10369545966386795
0.08711491525173187 0.09588375687599182
0.08709616959095001 0.0948118343949318
0.08699003607034683 0.09251020103693008
0.08668355643749237 0.09886764734983444
0.08648587763309479 0.09761457145214081
0.08626637607812881 0.09104271978139877
0.08589339256286621 0.09097404778003693
0.08577225357294083 0.09704510867595673
0.08420727401971817 0.08457659929990768
0.08367081731557846 0.1069851964712143
0.08316169679164886 0.09010007232427597
0.0831431895494461 0.09835833311080933
0.08294634521007538 0.09681137651205063
0.08177990466356277 0.09296538680791855
0.08121950179338455 0.09451968967914581
0.08039715141057968 0.08174236863851547
0.07976063340902328 0.08014357835054398
0.07937560975551605 0.09518565982580185
0.07877027243375778 0.09171294420957565
0.07876236736774445 0.0824480727314949
0.07805624604225159 0.10505785793066025
0.07756315916776657 0.08608821779489517
0.0772159993648529 0.08818512409925461
0.07658052444458008 0.07789154350757599
0.07560296356678009 0.08969559520483017
0.0752963274717331 0.0827041044831276
0.07526834309101105 0.08408255875110626
0.0744653269648552 0.07618816941976547
0.07431705296039581 0.0843082070350647
0.07342718541622162 0.08944357186555862
0.07287002354860306 0.0847451239824295
0.07254417985677719 0.08939759433269501
0.07141927629709244 0.08375676721334457
0.07122181355953217 0.08071142435073853
0.06860022991895676 0.07150406390428543
0.0680808424949646 0.07310812175273895
0.06640636920928955 0.06654611974954605
0.06562047451734543 0.08305388689041138
0.06484458595514297 0.0754164606332779
0.060393236577510834 0.062442950904369354
0.05630666762590408 0.06221247836947441
0.05176131799817085 0.051772601902484894
0.05101381614804268 0.06565699726343155
0.04299001395702362 0.046615831553936005
