0.9032150506973267 0.9049434065818787
0.8945675492286682 0.8966190814971924
0.8698588013648987 0.8722124099731445
0.8685927391052246 0.905818521976471
0.8070166707038879 0.8840852975845337
0.7852606177330017 0.8934829831123352
0.7843795418739319 0.8813297748565674
0.2429531067609787 0.24497662484645844
0.19390904903411865 0.8729813694953918
0.16392986476421356 0.17133373022079468
0.16154378652572632 0.17736801505088806
0.15400688350200653 0.1564517617225647
0.15039445459842682 0.8737828135490417
0.1488485485315323 0.8730945587158203
0.14845982193946838 0.1524846851825714
0.14587070047855377 0.1599477231502533
0.14533108472824097 0.14921215176582336
0.14458534121513367 0.15121078491210938
0.14377132058143616 0.1676928550004959
0.14357434213161469 0.8733611106872559
0.1432068794965744 0.2071293592453003
0.1403457671403885 0.14808779954910278
0.13846372067928314 0.15495753288269043
0.1379481852054596 0.1468818038702011
0.13675843179225922 0.14669343829154968
0.13582420349121094 0.13735626637935638
0.13429349660873413 0.15885905921459198
0.13296827673912048 0.13696280121803284
0.13201949000358582 0.1576537787914276
0.13109639286994934 0.13748900592327118
0.1306195855140686 0.13813160359859467
0.1303001046180725 0.14281989634037018
0.12983407080173492 0.1340082287788391
0.12909862399101257 0.1881636530160904
0.12780551612377167 0.1282288134098053
0.1274164617061615 0.13733157515525818
0.12689107656478882 0.13598816096782684
0.12621210515499115 0.12864649295806885
0.12586988508701324 0.14344923198223114
0.1249365359544754 0.14689023792743683
0.12484592199325562 0.15878665447235107
0.12419988960027695 0.14783477783203125
0.12414763122797012 0.17436988651752472
0.12147757411003113 0.16170494258403778
0.12120483815670013 0.1589060127735138
0.1209634318947792 0.12860794365406036
0.12025141716003418 0.1418887972831726
0.11881869286298752 0.13251590728759766
0.11857956647872925 0.8747363686561584
0.1179022490978241 0.12393984198570251
0.11761371791362762 0.1472112089395523
0.11725404858589172 0.1415315568447113
0.11601877957582474 0.11948856711387634
0.11593646556138992 0.12492235749959946
0.11579950898885727 0.1352333426475525
0.11572624742984772 0.16219857335090637
0.11554615199565887 0.11626412719488144
0.11553139239549637 0.1661745309829712
0.11509864032268524 0.1439596265554428
0.11503961682319641 0.11525636166334152
0.11497190594673157 0.15623293817043304
0.11438454687595367 0.125860795378685
0.11434623599052429 0.13893142342567444
0.11417954415082932 0.14179599285125732
0.11379633098840714 0.1163669303059578
0.11305691301822662 0.11809352785348892
0.1124330461025238 0.11360189318656921
0.1108471006155014 0.11816263943910599
0.11072113364934921 0.11139699071645737
0.10998599231243134 0.11344321072101593
0.10995524376630783 0.12043066322803497
0.10990484803915024 0.11054085195064545
0.10979998111724854 0.12270312756299973
0.1097286194562912 0.16400787234306335
0.10837496817111969 0.13165010511875153
0.10813112556934357 0.15102466940879822
0.10776343941688538 0.11450547724962234
0.10715767741203308 0.15780721604824066
0.10715493559837341 0.11860166490077972
0.10688783973455429 0.12962941825389862
0.10678301006555557 0.11440405994653702
0.10639049112796783 0.10917358100414276
0.10607993602752686 0.12121167778968811
0.10573244839906693 0.10833816230297089
0.10510550439357758 0.16268841922283173
0.10509853065013885 0.10698291659355164
0.1048501580953598 0.11715862900018692
0.10443732142448425 0.11535250395536423
0.1043357402086258 0.1451280117034912
0.10421299934387207 0.10929827392101288
0.10419996082782745 0.11864073574542999
0.10417494922876358 0.14486156404018402
0.10389067232608795 0.10965224355459213
0.10335620492696762 0.1320444792509079
0.10306532680988312 0.10694846510887146
0.10300254821777344 0.12987956404685974
0.10286585986614227 0.10313868522644043
0.10259366780519485 0.10341466218233109
0.10238324105739594 0.10677675157785416
0.10178948193788528 0.11345797032117844
0.10144573450088501 0.10801234096288681
0.10099119693040848 0.1515522599220276
0.10093797743320465 0.10709977895021439
0.10080738365650177 0.1013680100440979
0.10046534240245819 0.15276163816452026
0.10001161694526672 0.13288532197475433
0.09946157038211823 0.10823261737823486
0.09939667582511902 0.14713746309280396
0.09901918470859528 0.10762523114681244
0.09866547584533691 0.1423826813697815
0.09796173125505447 0.14897267520427704
0.09778130799531937 0.10694768279790878
0.09776867926120758 0.13532064855098724
0.09739591181278229 0.13619425892829895
0.09737969189882278 0.10602745413780212
0.09706251323223114 0.1094435453414917
0.09655699878931046 0.10393352061510086
0.09613033384084702 0.10267439484596252
0.0959383174777031 0.10161854326725006
0.0947711393237114 0.09919481724500656
0.09451276808977127 0.09854792058467865
0.09416451305150986 0.123224638402462
0.09405043721199036 0.09604736417531967
0.09390316158533096 0.09643235057592392
0.09381812810897827 0.09999352693557739
0.09380882978439331 0.14454035460948944
0.09375878423452377 0.11238729953765869
0.09361330419778824 0.14083081483840942
0.0935540646314621 0.09427393972873688
0.09334084391593933 0.1768694370985031
0.09331507980823517 0.10050889849662781
0.09326601028442383 0.10808505117893219
0.0931927040219307 0.1228007897734642
0.09189600497484207 0.09242647141218185
0.0915621966123581 0.09172754734754562
0.09150316566228867 0.09193812310695648
0.09108336269855499 0.09573867917060852
0.09082943946123123 0.14712895452976227
0.0904049351811409 0.0934109017252922
0.09025366604328156 0.10918519645929337
0.09020750969648361 0.11534491926431656
0.09016717970371246 0.0996796265244484
0.0898556336760521 0.12139753252267838
0.08928264677524567 0.10495441406965256
0.0888553038239479 0.10250577330589294
0.08854106068611145 0.08896110951900482
0.08822811394929886 0.10178212076425552
0.08816678822040558 0.09135183691978455
0.08809944242238998 0.08879765123128891
0.08796124905347824 0.09768819808959961
0.08713458478450775 0.08757992088794708
0.08712161332368851 0.10930133610963821
0.0862499326467514 0.1058223620057106
0.08609084784984589 0.09397058188915253
0.085879385471344 0.09252916276454926
0.0858679860830307 0.10262703150510788
0.08560990542173386 0.09472435712814331
0.08523666858673096 0.09385623037815094
0.08483345061540604 0.12999670207500458
0.0844917967915535 0.08616960793733597
0.08381716161966324 0.08954443782567978
0.08320237696170807 0.08794255554676056
0.08288944512605667 0.0865226462483406
0.08285238593816757 0.1198851466178894
0.08262880891561508 0.08301453292369843
0.08256302028894424 0.09061926603317261
0.08140025287866592 0.09075285494327545
0.08130408823490143 0.08888185024261475
0.08114264905452728 0.08973357826471329
0.0799383744597435 0.08510737866163254
0.07964632660150528 0.0801590234041214
0.07910072058439255 0.08424892276525497
0.07895317673683167 0.08912403881549835
0.0785462036728859 0.09074185788631439
0.0784364566206932 0.07855957746505737
0.0781010314822197 0.08806829899549484
0.07778190076351166 0.0822112038731575
0.07770393043756485 0.10437820106744766
0.0775500237941742 0.09346027672290802
0.07738009840250015 0.09554661810398102
0.0771942213177681 0.09830564260482788
0.07699180394411087 0.08755505830049515
0.07698231190443039 0.09433232247829437
0.07693144679069519 0.08271010220050812
0.07627587020397186 0.08558852225542068
0.07609327137470245 0.07923197001218796
0.07577206939458847 0.07926992326974869
0.07571662217378616 0.0781232938170433
0.07560592889785767 0.09904715418815613
0.07442499697208405 0.10334907472133636
0.074098601937294 0.09295337647199631
0.07388142496347427 0.08277224004268646
0.0735049918293953 0.07446266710758209
0.07271990925073624 0.07667089998722076
0.07249516993761063 0.07317628711462021
0.06999223679304123 0.07224682718515396
0.0695202574133873 0.09456545114517212
0.06819238513708115 0.06943994760513306
0.06775110214948654 0.06934794783592224
0.06759165972471237 0.09035716950893402
0.06678195297718048 0.06888426840305328
0.06293561309576035 0.06792809814214706
0.06112208217382431 0.10012991726398468
0.05958964675664902 0.06876751035451889
0.05935060232877731 0.08901984244585037
0.05793653056025505 0.06361712515354156
0.056942276656627655 0.06026553362607956
0.05449160933494568 0.05540221557021141
0.054396919906139374 0.06569560617208481
0.04401816427707672 0.054183028638362885
0.043776173144578934 0.04913860559463501
0.04086606577038765 0.04133467376232147
0.04052656143903732 0.042909637093544006
0.037032175809144974 0.043612487614154816
