0.16890527307987213 0.1767299622297287
0.1571541428565979 0.8867142796516418
0.15344364941120148 0.15858949720859528
0.14808334410190582 0.15323564410209656
0.14562053978443146 0.14936776459217072
0.145566925406456 0.16889505088329315
0.1444581151008606 0.14576725661754608
0.1428680270910263 0.1922493577003479
0.14253251254558563 0.14753508567810059
0.1420399397611618 0.889928936958313
0.14162611961364746 0.8936690092086792
0.1412273347377777 0.15201817452907562
0.1412169337272644 0.16428136825561523
0.14077375829219818 0.14451521635055542
0.138446643948555 0.14007267355918884
0.1371428370475769 0.15123699605464935
0.13258351385593414 0.16838739812374115
0.13237424194812775 0.18629378080368042
0.13202522695064545 0.14372919499874115
0.13014398515224457 0.1419404000043869
0.12809792160987854 0.19697758555412292
0.12653852999210358 0.1338210105895996
0.12621624767780304 0.8864031434059143
0.12614046037197113 0.1378352791070938
0.1259208470582962 0.12809695303440094
0.12534907460212708 0.13941951096057892
0.12437484413385391 0.8959910869598389
0.1238100454211235 0.12413233518600464
0.12374184280633926 0.14513254165649414
0.12267378717660904 0.1318337768316269
0.1220402643084526 0.14057250320911407
0.12198123335838318 0.13447847962379456
0.12158426642417908 0.1477188915014267
0.1206003800034523 0.12637251615524292
0.12049741297960281 0.12727507948875427
0.12035377323627472 0.12238344550132751
0.1187034398317337 0.11887995153665543
0.11866480857133865 0.12769076228141785
0.11671804636716843 0.1422320157289505
0.11604294925928116 0.1376413255929947
0.11603373289108276 0.13579721748828888
0.11588460952043533 0.12188634276390076
0.11464427411556244 0.12074925750494003
0.11458466202020645 0.13845385611057281
0.11450498551130295 0.14865709841251373
0.11405237019062042 0.11858249455690384
0.11375588178634644 0.12034697085618973
0.11264481395483017 0.14566797018051147
0.1126076728105545 0.12855765223503113
0.11229881644248962 0.11603714525699615
0.11226106435060501 0.15831036865711212
0.11201723664999008 0.11470100283622742
0.11152660101652145 0.11627661436796188
0.11117678880691528 0.15212459862232208
0.11073508858680725 0.12629634141921997
0.10995922237634659 0.11136864870786667
0.10970407724380493 0.16020852327346802
0.10966435074806213 0.130393385887146
0.1090000569820404 0.11862682551145554
0.10890021175146103 0.112604059278965
0.1088700219988823 0.11089740693569183
0.10760031640529633 0.1400601714849472
0.107514888048172 0.12221871316432953
0.1072201132774353 0.11151069402694702
0.10690312832593918 0.15116800367832184
0.10673628002405167 0.1295599490404129
0.1061435267329216 0.10724767297506332
0.10610820353031158 0.11938616633415222
0.1058240607380867 0.10685034841299057
0.1058129295706749 0.15367260575294495
0.10546841472387314 0.11615857481956482
0.10543879121541977 0.13247820734977722
0.1049613505601883 0.188767209649086
0.10495298355817795 0.1274823099374771
0.10383276641368866 0.10887996107339859
0.10357312113046646 0.11866780370473862
0.10351010411977768 0.11005855351686478
0.10340096056461334 0.11006352305412292
0.10338996350765228 0.1488867551088333
0.10327845811843872 0.10648097842931747
0.10313601791858673 0.1124466061592102
0.10304175317287445 0.10361654311418533
0.10292874276638031 0.15848501026630402
0.10282368957996368 0.1323988437652588
0.10276669263839722 0.10370134562253952
0.10250984132289886 0.12196410447359085
0.10245147347450256 0.14161334931850433
0.10202395170927048 0.11646051704883575
0.10123623162508011 0.1051875576376915
0.10076958686113358 0.103922538459301
0.10031653195619583 0.10040955245494843
0.09989884495735168 0.10773008316755295
0.0998232513666153 0.10262073576450348
0.09965084493160248 0.14638516306877136
0.09963463991880417 0.10291679948568344
0.09937501698732376 0.10955903679132462
0.09928864985704422 0.11263219267129898
0.09917651116847992 0.10524287074804306
0.09883414208889008 0.11123263835906982
0.0978853702545166 0.12308631837368011
0.09744254499673843 0.10191221535205841
0.09742338210344315 0.10006790608167648
0.09738706797361374 0.10091118514537811
0.09736858308315277 0.112154021859169
0.09733327478170395 0.1528017818927765
0.09716714173555374 0.10071120411157608
0.09676018357276917 0.09714748710393906
0.09651264548301697 0.10012584179639816
0.09629101306200027 0.09953132271766663
0.09592138975858688 0.09628670662641525
0.0955396443605423 0.10007011145353317
0.09524077922105789 0.09678997099399567
0.0952211245894432 0.10067471861839294
0.09499514847993851 0.11067823320627213
0.09497232735157013 0.11082663387060165
0.09450998902320862 0.11594696342945099
0.0942954272031784 0.09485118091106415
0.09420070052146912 0.16035854816436768
0.09358849376440048 0.12102650105953217
0.0934174582362175 0.112454853951931
0.09273730218410492 0.09782286733388901
0.09272495657205582 0.11578242480754852
0.09233379364013672 0.09340997785329819
0.09214522689580917 0.09794073551893234
0.09205535799264908 0.0955490991473198
0.09204456210136414 0.09535098075866699
0.09203185141086578 0.0953361839056015
0.09129192680120468 0.1020367294549942
0.09125035256147385 0.09281264990568161
0.09114985913038254 0.1396232545375824
0.09096499532461166 0.14511220157146454
0.09092465043067932 0.09818264096975327
0.09078673273324966 0.09738600999116898
0.09070204198360443 0.1319424957036972
0.0906400978565216 0.09229137003421783
0.0903148427605629 0.09806321561336517
0.08997547626495361 0.0954446792602539
0.08981743454933167 0.10100851207971573
0.08957506716251373 0.10004901140928268
0.0895114466547966 0.09941355884075165
0.08937934041023254 0.09292059391736984
0.08913979679346085 0.09415554255247116
0.0890897884964943 0.1250755339860916
0.08813771605491638 0.0967772826552391
0.08800747245550156 0.09706708788871765
0.08759851008653641 0.11411155015230179
0.08747613430023193 0.11221860349178314
0.08742157369852066 0.10267652571201324
0.08683899790048599 0.09572999179363251
0.08612743020057678 0.14367838203907013
0.08605977892875671 0.10538851469755173
0.08587650209665298 0.10960233211517334
0.08587463200092316 0.08757509291172028
0.08587172627449036 0.10699807107448578
0.08538368344306946 0.09317998588085175
0.08517582714557648 0.09473496675491333
0.08501356840133667 0.11375176906585693
0.0840243324637413 0.09323583543300629
0.08378215879201889 0.08962471783161163
0.08375529199838638 0.09177587926387787
0.08364956825971603 0.096440389752388
0.08355065435171127 0.09543675184249878
0.08280474692583084 0.08985894918441772
0.08267311006784439 0.09674818068742752
0.08203733712434769 0.08780182152986526
0.08202917873859406 0.08900776505470276
0.08165960758924484 0.09354269504547119
0.08137426525354385 0.10508618503808975
0.0812750831246376 0.08305506408214569
0.08058198541402817 0.09197550266981125
0.08056763559579849 0.0933077409863472
0.08019337803125381 0.08150888234376907
0.08011239767074585 0.0889827087521553
0.07977759093046188 0.0822284072637558
0.07952617853879929 0.0940842404961586
0.07942917197942734 0.08299555629491806
0.07914318889379501 0.11837474256753922
0.07869560271501541 0.11615043878555298
0.0784219428896904 0.09906168282032013
0.07799358665943146 0.08841882646083832
0.07790860533714294 0.09754270315170288
0.07764964550733566 0.10168078541755676
0.07733728736639023 0.10582134872674942
0.07695846259593964 0.08365440368652344
0.07685425877571106 0.09490814059972763
0.07641138881444931 0.0810505673289299
0.07640007883310318 0.12591145932674408
0.07604045420885086 0.07743534445762634
0.07591389864683151 0.0827905535697937
0.07537386566400528 0.08391865342855453
0.0746375024318695 0.08089267462491989
0.07409517467021942 0.08034349977970123
0.07378217577934265 0.09965488314628601
0.07372640073299408 0.0979238823056221
0.07341808080673218 0.09139769524335861
0.07339455932378769 0.07857931405305862
0.07300309091806412 0.0735795870423317
0.0727655217051506 0.1015445664525032
0.07255309075117111 0.09409166127443314
0.07124163210391998 0.10006710141897202
0.06983130425214767 0.0732962116599083
0.06811270117759705 0.0695059597492218
0.06780925393104553 0.08793769776821136
0.06747189164161682 0.06995562463998795
0.06706027686595917 0.06805536895990372
0.06561531871557236 0.07569210231304169
0.0637030377984047 0.08905275166034698
0.06314865499734879 0.06568106263875961
0.05944493040442467 0.060678381472826004
0.05936197564005852 0.06284250319004059
0.05859827250242233 0.058830857276916504
0.05849231034517288 0.05865829437971115
0.05849040299654007 0.06816712766885757
0.055630918592214584 0.06641925871372223
0.055215246975421906 0.061110734939575195
0.05397900566458702 0.06314510107040405
0.05252052843570709 0.05789472907781601
