0.8830771446228027 0.8928174376487732
0.1767275035381317 0.8851078748703003
0.16167482733726501 0.889000654220581
0.15736891329288483 0.15962673723697662
0.15188723802566528 0.17241565883159637
0.14845684170722961 0.8890463709831238
0.14785659313201904 0.19561949372291565
0.1476215124130249 0.14847169816493988
0.14741100370883942 0.14773735404014587
0.14351186156272888 0.17531614005565643
0.14307758212089539 0.144964337348938
0.14105434715747833 0.15107525885105133
0.13552971184253693 0.13585937023162842
0.13525697588920593 0.1370127648115158
0.1352464258670807 0.15985073149204254
0.13503862917423248 0.8768272995948792
0.13480757176876068 0.1766049563884735
0.13398925960063934 0.1378519982099533
0.1323806196451187 0.13494783639907837
0.1320279836654663 0.14046509563922882
0.13174951076507568 0.16916443407535553
0.13110008835792542 0.13888901472091675
0.12842805683612823 0.1412377804517746
0.12800022959709167 0.13494783639907837
0.12746956944465637 0.1278901994228363
0.12694522738456726 0.1358240842819214
0.12693428993225098 0.14490707218647003
0.12654438614845276 0.13696393370628357
0.12647902965545654 0.16375087201595306
0.1256331503391266 0.13422070443630219
0.12445299327373505 0.13916055858135223
0.12365716695785522 0.12449115514755249
0.1234150305390358 0.15934261679649353
0.1232326477766037 0.13823284208774567
0.12229893356561661 0.12551099061965942
0.1222141832113266 0.12491241097450256
0.12153851240873337 0.1510443389415741
0.12152691185474396 0.12571877241134644
0.12035690993070602 0.1226269081234932
0.1182178482413292 0.16882763803005219
0.11732635647058487 0.11736440658569336
0.1172090619802475 0.8909308314323425
0.11675085872411728 0.12125443667173386
0.11669886857271194 0.1235918402671814
0.1145160049200058 0.12876681983470917
0.11259159445762634 0.13107191026210785
0.1124541163444519 0.134646937251091
0.11146818846464157 0.11353225260972977
0.11033615469932556 0.1444535255432129
0.11020831763744354 0.12068814039230347
0.10963475704193115 0.11077918112277985
0.10949721187353134 0.1306757777929306
0.10860937088727951 0.11737729609012604
0.10829668492078781 0.10946284234523773
0.10813029855489731 0.14824393391609192
0.10783132165670395 0.14757268130779266
0.1072397455573082 0.15904812514781952
0.10723868757486343 0.12553507089614868
0.10717874765396118 0.16019050776958466
0.1071057915687561 0.11690931767225266
0.1069689691066742 0.1360124796628952
0.10680419951677322 0.11031407117843628
0.10595022141933441 0.1295163333415985
0.10583516955375671 0.10792769491672516
0.10518891364336014 0.1864866465330124
0.10500359535217285 0.11628569662570953
0.1048661395907402 0.11767806857824326
0.1044355034828186 0.13749517500400543
0.10388176888227463 0.10497168451547623
0.10353922098875046 0.10462068021297455
0.10300301015377045 0.10318412631750107
0.10257411003112793 0.14686419069766998
0.1025223359465599 0.11990192532539368
0.10231246054172516 0.10309305042028427
0.10213286429643631 0.1027924194931984
0.10181418806314468 0.10375428944826126
0.10172206908464432 0.10311927646398544
0.10108760744333267 0.1594548374414444
0.10058240592479706 0.10425391793251038
0.10053466260433197 0.1609172821044922
0.10039494931697845 0.10287956893444061
0.09987471252679825 0.17756454646587372
0.09978356957435608 0.11264870315790176
0.09972330927848816 0.1280861347913742
0.09967949241399765 0.1005927249789238
0.09958299249410629 0.10185549408197403
0.09954833984375 0.17407096922397614
0.09936409443616867 0.1419241726398468
0.09910817444324493 0.1049070954322815
0.09892996400594711 0.11767342686653137
0.09887315332889557 0.10455481708049774
0.0985506922006607 0.10327162593603134
0.09852836281061172 0.09884381294250488
0.09744345396757126 0.10100400447845459
0.0974041223526001 0.16489848494529724
0.0973907932639122 0.10253684967756271
0.09699252992868423 0.16384318470954895
0.09677443653345108 0.10888949781656265
0.09631431102752686 0.09682217240333557
0.09623801708221436 0.10843612253665924
0.09504634141921997 0.10055413842201233
0.0947483703494072 0.1027098149061203
0.0944817066192627 0.11579634249210358
0.09431827068328857 0.0967198833823204
0.09420809894800186 0.09739712625741959
0.09416288137435913 0.09881973266601562
0.09388338774442673 0.09663417190313339
0.09386804699897766 0.1023673340678215
0.0934600904583931 0.10216597467660904
0.09334004670381546 0.15574920177459717
0.09317310154438019 0.10564198344945908
0.09311718493700027 0.10537207871675491
0.09284491091966629 0.11814342439174652
0.09264568984508514 0.10582004487514496
0.09259862452745438 0.09631645679473877
0.09247446805238724 0.09659294039011002
0.09171420335769653 0.09500464051961899
0.09139929711818695 0.09184219688177109
0.09128309786319733 0.09241700172424316
0.09058116376399994 0.09643326699733734
0.09048455953598022 0.09198284149169922
0.09016633778810501 0.14648671448230743
0.09003745764493942 0.10164904594421387
0.08980783820152283 0.09158404916524887
0.08955755084753036 0.09511712193489075
0.08944324404001236 0.09776543825864792
0.08916155248880386 0.08943814784288406
0.08819708228111267 0.09120257943868637
0.08813837915658951 0.09299523383378983
0.08788184076547623 0.09617447853088379
0.08784910291433334 0.1333559900522232
0.08783441036939621 0.09092380851507187
0.08781713992357254 0.09723091870546341
0.08753715455532074 0.08850812911987305
0.08741872757673264 0.09677281975746155
0.08727449923753738 0.0898885503411293
0.08708642423152924 0.10721892863512039
0.08703514188528061 0.08799638599157333
0.08673448860645294 0.10517805069684982
0.08653810620307922 0.11580216884613037
0.08603177964687347 0.12311391532421112
0.08586478233337402 0.10567084699869156
0.08579166978597641 0.0895201712846756
0.0854451060295105 0.1020435020327568
0.08504360914230347 0.09852525591850281
0.08449341356754303 0.11528053879737854
0.08422157168388367 0.09392497688531876
0.08395548909902573 0.09410527348518372
0.08353667706251144 0.10948348045349121
0.0824517011642456 0.10506518930196762
0.08243835717439651 0.08265694230794907
0.0821264386177063 0.09386065602302551
0.08193876594305038 0.09838754683732986
0.08177950978279114 0.09890501201152802
0.08048778772354126 0.08597026765346527
0.0804576650261879 0.10354243218898773
0.08044116944074631 0.08159051835536957
0.08035655319690704 0.0938747450709343
0.07929318398237228 0.09209511429071426
0.07925564050674438 0.0885370522737503
0.07920221239328384 0.088582344353199
0.07817433029413223 0.0817461684346199
0.07800853997468948 0.07886938750743866
0.07800398766994476 0.11681236326694489
0.07762809097766876 0.11906252056360245
0.07734818756580353 0.09942087531089783
0.07566520571708679 0.07806156575679779
0.07550196349620819 0.07797107100486755
0.07496383786201477 0.08397801220417023
0.07481756806373596 0.07851133495569229
0.0746215358376503 0.09100968390703201
0.07460097968578339 0.0866156667470932
0.07459639757871628 0.09919798374176025
0.07426663488149643 0.08628213405609131
0.07393588870763779 0.07669215649366379
0.07371950894594193 0.07441169768571854
0.07364322245121002 0.10120751708745956
0.073640376329422 0.08462125808000565
0.0733482763171196 0.09043300896883011
0.07298649102449417 0.10058172047138214
0.07272253185510635 0.08335822075605392
0.07204755395650864 0.08744491636753082
0.07204626500606537 0.07600051909685135
0.07190579921007156 0.09228687733411789
0.07168892025947571 0.10388937592506409
0.0697263851761818 0.07906743884086609
0.06965694576501846 0.08545947819948196
0.06891166418790817 0.10404273122549057
0.06879303604364395 0.07448481023311615
0.06793949753046036 0.07836832851171494
0.06787549704313278 0.07333105802536011
0.06769540160894394 0.08913610875606537
0.06485003232955933 0.08163619786500931
0.06225282698869705 0.0644298642873764
0.06133480370044708 0.0651010051369667
0.0604514479637146 0.07935202121734619
0.04923156648874283 0.0531516931951046
0.0394749790430069 0.04175281152129173
0.03925409913063049 0.03965635970234871
