0.37299823760986328125
0.37299823760986328125
0.52748837677591231543
0.00000000000000000000
0.65826988220214843750
0.00000762939453125000
0.00000000000000000000
0.00000000000000000000
0.42523405314229689722
0.04224934964647256153
0.00001078959321878887
0.00000000000000000000
0.00000000000000000000
0.00000000000000000000
0.00000000000000000000
0.00000000000000000000
0.00841522216796875000
0.15187072753906250000
0.04359054565429687500
0.00669860839843750000
0.00001525878906250000
0.00000000000000000000
0.00000000000000000000
0.00000000000000000000
0.00000000000000000000
0.00000000000000000000
0.00000000000000000000
0.00000000000000000000
0.00000000000000000000
0.00000000000000000000
0.00000000000000000000
0.00000000000000000000
0.37299823760986328125
0.37299823760986328125
0.52748837677591231543
0.00000000000000000000
0.65826988220214843750
0.00000762939453125000
0.00000000000000000000
0.00000000000000000000
0.42523405314229689722
0.04224934964647256153
0.00001078959321878887
0.00000000000000000000
0.00000000000000000000
0.00000000000000000000
0.00000000000000000000
0.00000000000000000000
0.00841522216796875000
0.15187072753906250000
0.04359054565429687500
0.00669860839843750000
0.00001525878906250000
0.00000000000000000000
0.00000000000000000000
0.00000000000000000000
0.00000000000000000000
0.00000000000000000000
0.00000000000000000000
0.00000000000000000000
0.00000000000000000000
0.00000000000000000000
0.00000000000000000000
0.00000000000000000000
0.52748837677591231543
0.52748837677591231543
0.74599647521972667352
0.00000000000000000000
0.93093419511201569438
-0.00001078959321878887
0.00000000000000000000
0.00000000000000000000
0.60137176513671897204
0.05974960327148438888
-0.00001525878906250000
0.00000000000000000000
0.00000000000000000000
0.00000000000000000000
0.00000000000000000000
0.00000000000000000000
0.01190092132032317257
0.21477764261321083405
0.06164634085555018017
0.00947326284609664032
-0.00002157918643757775
0.00000000000000000000
0.00000000000000000000
0.00000000000000000000
0.00000000000000000000
0.00000000000000000000
0.00000000000000000000
0.00000000000000000000
0.00000000000000000000
0.00000000000000000000
0.00000000000000000000
0.00000000000000000000
0.00000000000000000000
0.00000000000000000000
0.00000000000000000000
0.00000000000000000000
0.00000000000000000000
0.00000000000000000000
0.00000000000000000000
0.00000000000000000000
0.00000000000000000000
0.00000000000000000000
0.00000000000000000000
0.00000000000000000000
0.00000000000000000000
0.00000000000000000000
0.00000000000000000000
0.00000000000000000000
0.00000000000000000000
0.00000000000000000000
0.00000000000000000000
0.00000000000000000000
0.00000000000000000000
0.00000000000000000000
0.00000000000000000000
0.00000000000000000000
0.00000000000000000000
0.00000000000000000000
0.00000000000000000000
0.00000000000000000000
0.00000000000000000000
0.00000000000000000000
0.00000000000000000000
0.00000000000000000000
0.65826988220214843750
0.65826988220214843750
0.93093419511201735972
0.00000000000000000000
1.40190505981445312500
0.00000000000000000000
0.00000000000000000000
0.00000000000000000000
0.90794426936108219017
-0.02080773052243438045
0.00000000000000000000
0.00000000000000000000
0.00000000000000000000
0.00000000000000000000
0.00000000000000000000
0.00000000000000000000
0.02122497558593750000
0.37361145019531250000
0.00289154052734375000
-0.01339721679687500000
0.00000000000000000000
0.00000000000000000000
0.00000000000000000000
0.00000000000000000000
0.00000000000000000000
0.00000000000000000000
0.00000000000000000000
0.00000000000000000000
0.00000000000000000000
0.00000000000000000000
0.00000000000000000000
0.00000000000000000000
0.00000762939453125000
0.00000762939453125000
-0.00001078959321878887
0.00000000000000000000
0.00000000000000000000
0.00001525878906250000
0.00000000000000000000
0.00000000000000000000
0.00000000000000000000
0.00000000000000000000
0.00002157918643757775
0.00000000000000000000
0.00000000000000000000
0.00000000000000000000
0.00000000000000000000
0.00000000000000000000
0.00000000000000000000
0.00000000000000000000
0.00000000000000000000
0.00000000000000000000
0.00003051757812500000
0.00000000000000000000
0.00000000000000000000
0.00000000000000000000
0.00000000000000000000
0.00000000000000000000
0.00000000000000000000
0.00000000000000000000
0.00000000000000000000
0.00000000000000000000
0.00000000000000000000
0.00000000000000000000
0.00000000000000000000
0.00000000000000000000
0.00000000000000000000
0.00000000000000000000
0.00000000000000000000
0.00000000000000000000
0.00000000000000000000
0.00000000000000000000
0.00000000000000000000
0.00000000000000000000
0.00000000000000000000
0.00000000000000000000
0.00000000000000000000
0.00000000000000000000
0.00000000000000000000
0.00000000000000000000
0.00000000000000000000
0.00000000000000000000
0.00000000000000000000
0.00000000000000000000
0.00000000000000000000
0.00000000000000000000
0.00000000000000000000
0.00000000000000000000
0.00000000000000000000
0.00000000000000000000
0.00000000000000000000
0.00000000000000000000
0.00000000000000000000
0.00000000000000000000
0.00000000000000000000
0.00000000000000000000
0.00000000000000000000
0.00000000000000000000
0.00000000000000000000
0.00000000000000000000
0.00000000000000000000
0.00000000000000000000
0.00000000000000000000
0.00000000000000000000
0.00000000000000000000
0.00000000000000000000
0.00000000000000000000
0.00000000000000000000
0.00000000000000000000
0.00000000000000000000
0.00000000000000000000
0.00000000000000000000
0.00000000000000000000
0.00000000000000000000
0.00000000000000000000
0.00000000000000000000
0.00000000000000000000
0.00000000000000000000
0.00000000000000000000
0.00000000000000000000
0.00000000000000000000
0.00000000000000000000
0.00000000000000000000
0.00000000000000000000
0.00000000000000000000
0.00000000000000000000
0.00000000000000000000
0.00000000000000000000
0.42523405314229806296
0.42523405314229806296
0.60137176513671886102
0.00000000000000000000
0.90794426936108518778
0.00000000000000000000
0.00000000000000000000
0.00000000000000000000
1.59654998779296897204
-0.04064178466796875000
0.00000000000000000000
0.00000000000000000000
0.00000000000000000000
0.00000000000000000000
0.00000000000000000000
0.00000000000000000000
0.37882261791167898268
0.13030591730331309019
-0.05747616307648831246
0.00000000000000000000
0.00000000000000000000
0.00000000000000000000
0.00000000000000000000
0.00000000000000000000
0.00000000000000000000
0.00000000000000000000
0.00000000000000000000
0.00000000000000000000
0.00000000000000000000
0.00000000000000000000
0.00000000000000000000
0.00000000000000000000
0.04224934964647258928
0.04224934964647258928
0.05974960327148438888
0.00000000000000000000
-0.02080773052243434229
0.00000000000000000000
0.00000000000000000000
0.00000000000000000000
-0.04064178466796875000
0.11367797851562501388
0.00000000000000000000
0.00000000000000000000
0.00000000000000000000
0.00000000000000000000
0.00000000000000000000
0.00000000000000000000
-0.00310740284701119382
-0.04940554734883425420
0.07142710710838234833
-0.01281803674392117259
0.00000000000000000000
0.00000000000000000000
0.00000000000000000000
0.00000000000000000000
0.00000000000000000000
0.00000000000000000000
0.00000000000000000000
0.00000000000000000000
0.00000000000000000000
0.00000000000000000000
0.00000000000000000000
0.00000000000000000000
0.00001078959321878887
0.00001078959321878887
-0.00001525878906250000
0.00000000000000000000
0.00000000000000000000
0.00002157918643757775
0.00000000000000000000
0.00000000000000000000
0.00000000000000000000
0.00000000000000000000
0.00003051757812500001
0.00000000000000000000
0.00000000000000000000
0.00000000000000000000
0.00000000000000000000
0.00000000000000000000
0.00000000000000000000
0.00000000000000000000
0.00000000000000000000
0.00000000000000000000
0.00004315837287515549
0.00000000000000000000
0.00000000000000000000
0.00000000000000000000
0.00000000000000000000
0.00000000000000000000
0.00000000000000000000
0.00000000000000000000
0.00000000000000000000
0.00000000000000000000
0.00000000000000000000
0.00000000000000000000
0.00000000000000000000
0.00000000000000000000
0.00000000000000000000
0.00000000000000000000
0.00000000000000000000
0.00000000000000000000
0.00000000000000000000
0.00000000000000000000
0.00000000000000000000
0.00000000000000000000
0.00000000000000000000
0.00000000000000000000
0.00000000000000000000
0.00000000000000000000
0.00000000000000000000
0.00000000000000000000
0.00000000000000000000
0.00000000000000000000
0.00000000000000000000
0.00000000000000000000
0.00000000000000000000
0.00000000000000000000
0.00000000000000000000
0.00000000000000000000
0.00000000000000000000
0.00000000000000000000
0.00000000000000000000
0.00000000000000000000
0.00000000000000000000
0.00000000000000000000
0.00000000000000000000
0.00000000000000000000
0.00000000000000000000
0.00000000000000000000
0.00000000000000000000
0.00000000000000000000
0.00000000000000000000
0.00000000000000000000
0.00000000000000000000
0.00000000000000000000
0.00000000000000000000
0.00000000000000000000
0.00000000000000000000
0.00000000000000000000
0.00000000000000000000
0.00000000000000000000
0.00000000000000000000
0.00000000000000000000
0.00000000000000000000
0.00000000000000000000
0.00000000000000000000
0.00000000000000000000
0.00000000000000000000
0.00000000000000000000
0.00000000000000000000
0.00000000000000000000
0.00000000000000000000
0.00000000000000000000
0.00000000000000000000
0.00000000000000000000
0.00000000000000000000
0.00000000000000000000
0.00000000000000000000
0.00000000000000000000
0.00000000000000000000
0.00000000000000000000
0.00000000000000000000
0.00000000000000000000
0.00000000000000000000
0.00000000000000000000
0.00000000000000000000
0.00000000000000000000
0.00000000000000000000
0.00000000000000000000
0.00000000000000000000
0.00000000000000000000
0.00000000000000000000
0.00000000000000000000
0.00000000000000000000
0.00000000000000000000
0.00000000000000000000
0.00000000000000000000
0.00000000000000000000
0.00000000000000000000
0.00000000000000000000
0.00000000000000000000
0.00000000000000000000
0.00000000000000000000
0.00000000000000000000
0.00000000000000000000
0.00000000000000000000
0.00000000000000000000
0.00000000000000000000
0.00000000000000000000
0.00000000000000000000
0.00000000000000000000
0.00000000000000000000
0.00000000000000000000
0.00000000000000000000
0.00000000000000000000
0.00000000000000000000
0.00000000000000000000
0.00000000000000000000
0.00000000000000000000
0.00000000000000000000
0.00000000000000000000
0.00000000000000000000
0.00000000000000000000
0.00000000000000000000
0.00000000000000000000
0.00000000000000000000
0.00000000000000000000
0.00000000000000000000
0.00000000000000000000
0.00000000000000000000
0.00000000000000000000
0.00000000000000000000
0.00000000000000000000
0.00000000000000000000
0.00000000000000000000
0.00000000000000000000
0.00000000000000000000
0.00000000000000000000
0.00000000000000000000
0.00000000000000000000
0.00000000000000000000
0.00000000000000000000
0.00000000000000000000
0.00000000000000000000
0.00000000000000000000
0.00000000000000000000
0.00000000000000000000
0.00000000000000000000
0.00000000000000000000
0.00000000000000000000
0.00000000000000000000
0.00000000000000000000
0.00000000000000000000
0.00000000000000000000
0.00000000000000000000
0.00000000000000000000
0.00000000000000000000
0.00000000000000000000
0.00000000000000000000
0.00000000000000000000
0.00000000000000000000
0.00000000000000000000
0.00000000000000000000
0.00000000000000000000
0.00000000000000000000
0.00000000000000000000
0.00000000000000000000
0.00000000000000000000
0.00000000000000000000
0.00000000000000000000
0.00000000000000000000
0.00000000000000000000
0.00000000000000000000
0.00000000000000000000
0.00000000000000000000
0.00841522216796875000
0.00841522216796875000
0.01190092132032397228
0.00000000000000000000
0.02122497558593750000
0.00000000000000000000
0.00000000000000000000
0.00000000000000000000
0.37882261791167687326
-0.00310740284701119382
0.00000000000000000000
0.00000000000000000000
0.00000000000000000000
0.00000000000000000000
0.00000000000000000000
0.00000000000000000000
1.11889648437500000000
-0.17309570312500000000
-0.00439453125000000000
0.00000000000000000000
0.00000000000000000000
0.00000000000000000000
0.00000000000000000000
0.00000000000000000000
0.00000000000000000000
0.00000000000000000000
0.00000000000000000000
0.00000000000000000000
0.00000000000000000000
0.00000000000000000000
0.00000000000000000000
0.00000000000000000000
0.15187072753906250000
0.15187072753906250000
0.21477764261321105610
0.00000000000000000000
0.37361145019531250000
0.00000000000000000000
0.00000000000000000000
0.00000000000000000000
0.13030591730331317346
-0.04940554734883423338
0.00000000000000000000
0.00000000000000000000
0.00000000000000000000
0.00000000000000000000
0.00000000000000000000
0.00000000000000000000
-0.17309570312500000000
0.48301696777343750000
-0.06986999511718750000
0.00000000000000000000
0.00000000000000000000
0.00000000000000000000
0.00000000000000000000
0.00000000000000000000
0.00000000000000000000
0.00000000000000000000
0.00000000000000000000
0.00000000000000000000
0.00000000000000000000
0.00000000000000000000
0.00000000000000000000
0.00000000000000000000
0.04359054565429687500
0.04359054565429687500
0.06164634085555028425
0.00000000000000000000
0.00289154052734375000
0.00000000000000000000
0.00000000000000000000
0.00000000000000000000
-0.05747616307648832634
0.07142710710838255650
0.00000000000000000000
0.00000000000000000000
0.00000000000000000000
0.00000000000000000000
0.00000000000000000000
0.00000000000000000000
-0.00439453125000000000
-0.06986999511718750000
0.13375854492187500000
-0.00433349609375000000
0.00000000000000000000
0.00000000000000000000
0.00000000000000000000
0.00000000000000000000
0.00000000000000000000
0.00000000000000000000
0.00000000000000000000
0.00000000000000000000
0.00000000000000000000
0.00000000000000000000
0.00000000000000000000
0.00000000000000000000
0.00669860839843750000
0.00669860839843750000
0.00947326284609662818
0.00000000000000000000
-0.01339721679687500000
0.00000000000000000000
0.00000000000000000000
0.00000000000000000000
0.00000000000000000000
-0.01281803674392119688
0.00000000000000000000
0.00000000000000000000
0.00000000000000000000
0.00000000000000000000
0.00000000000000000000
0.00000000000000000000
0.00000000000000000000
0.00000000000000000000
-0.00433349609375000000
0.01919555664062500000
0.00000000000000000000
0.00000000000000000000
0.00000000000000000000
0.00000000000000000000
0.00000000000000000000
0.00000000000000000000
0.00000000000000000000
0.00000000000000000000
0.00000000000000000000
0.00000000000000000000
0.00000000000000000000
0.00000000000000000000
0.00001525878906250000
0.00001525878906250000
-0.00002157918643757775
0.00000000000000000000
0.00000000000000000000
0.00003051757812500000
0.00000000000000000000
0.00000000000000000000
0.00000000000000000000
0.00000000000000000000
0.00004315837287515549
0.00000000000000000000
0.00000000000000000000
0.00000000000000000000
0.00000000000000000000
0.00000000000000000000
0.00000000000000000000
0.00000000000000000000
0.00000000000000000000
0.00000000000000000000
0.00006103515625000000
0.00000000000000000000
0.00000000000000000000
0.00000000000000000000
0.00000000000000000000
0.00000000000000000000
0.00000000000000000000
0.00000000000000000000
0.00000000000000000000
0.00000000000000000000
0.00000000000000000000
0.00000000000000000000
0.00000000000000000000
0.00000000000000000000
0.00000000000000000000
0.00000000000000000000
0.00000000000000000000
0.00000000000000000000
0.00000000000000000000
0.00000000000000000000
0.00000000000000000000
0.00000000000000000000
0.00000000000000000000
0.00000000000000000000
0.00000000000000000000
0.00000000000000000000
0.00000000000000000000
0.00000000000000000000
0.00000000000000000000
0.00000000000000000000
0.00000000000000000000
0.00000000000000000000
0.00000000000000000000
0.00000000000000000000
0.00000000000000000000
0.00000000000000000000
0.00000000000000000000
0.00000000000000000000
0.00000000000000000000
0.00000000000000000000
0.00000000000000000000
0.00000000000000000000
0.00000000000000000000
0.00000000000000000000
0.00000000000000000000
0.00000000000000000000
0.00000000000000000000
0.00000000000000000000
0.00000000000000000000
0.00000000000000000000
0.00000000000000000000
0.00000000000000000000
0.00000000000000000000
0.00000000000000000000
0.00000000000000000000
0.00000000000000000000
0.00000000000000000000
0.00000000000000000000
0.00000000000000000000
0.00000000000000000000
0.00000000000000000000
0.00000000000000000000
0.00000000000000000000
0.00000000000000000000
0.00000000000000000000
0.00000000000000000000
0.00000000000000000000
0.00000000000000000000
0.00000000000000000000
0.00000000000000000000
0.00000000000000000000
0.00000000000000000000
0.00000000000000000000
0.00000000000000000000
0.00000000000000000000
0.00000000000000000000
0.00000000000000000000
0.00000000000000000000
0.00000000000000000000
0.00000000000000000000
0.00000000000000000000
0.00000000000000000000
0.00000000000000000000
0.00000000000000000000
0.00000000000000000000
0.00000000000000000000
0.00000000000000000000
0.00000000000000000000
0.00000000000000000000
0.00000000000000000000
0.00000000000000000000
0.00000000000000000000
0.00000000000000000000
0.00000000000000000000
0.00000000000000000000
0.00000000000000000000
0.00000000000000000000
0.00000000000000000000
0.00000000000000000000
0.00000000000000000000
0.00000000000000000000
0.00000000000000000000
0.00000000000000000000
0.00000000000000000000
0.00000000000000000000
0.00000000000000000000
0.00000000000000000000
0.00000000000000000000
0.00000000000000000000
0.00000000000000000000
0.00000000000000000000
0.00000000000000000000
0.00000000000000000000
0.00000000000000000000
0.00000000000000000000
0.00000000000000000000
0.00000000000000000000
0.00000000000000000000
0.00000000000000000000
0.00000000000000000000
0.00000000000000000000
0.00000000000000000000
0.00000000000000000000
0.00000000000000000000
0.00000000000000000000
0.00000000000000000000
0.00000000000000000000
0.00000000000000000000
0.00000000000000000000
0.00000000000000000000
0.00000000000000000000
0.00000000000000000000
0.00000000000000000000
0.00000000000000000000
0.00000000000000000000
0.00000000000000000000
0.00000000000000000000
0.00000000000000000000
0.00000000000000000000
0.00000000000000000000
0.00000000000000000000
0.00000000000000000000
0.00000000000000000000
0.00000000000000000000
0.00000000000000000000
0.00000000000000000000
0.00000000000000000000
0.00000000000000000000
0.00000000000000000000
0.00000000000000000000
0.00000000000000000000
0.00000000000000000000
0.00000000000000000000
0.00000000000000000000
0.00000000000000000000
0.00000000000000000000
0.00000000000000000000
0.00000000000000000000
0.00000000000000000000
0.00000000000000000000
0.00000000000000000000
0.00000000000000000000
0.00000000000000000000
0.00000000000000000000
0.00000000000000000000
0.00000000000000000000
0.00000000000000000000
0.00000000000000000000
0.00000000000000000000
0.00000000000000000000
0.00000000000000000000
0.00000000000000000000
0.00000000000000000000
0.00000000000000000000
0.00000000000000000000
0.00000000000000000000
0.00000000000000000000
0.00000000000000000000
0.00000000000000000000
0.00000000000000000000
0.00000000000000000000
0.00000000000000000000
0.00000000000000000000
0.00000000000000000000
0.00000000000000000000
0.00000000000000000000
0.00000000000000000000
0.00000000000000000000
0.00000000000000000000
0.00000000000000000000
0.00000000000000000000
0.00000000000000000000
0.00000000000000000000
0.00000000000000000000
0.00000000000000000000
0.00000000000000000000
0.00000000000000000000
0.00000000000000000000
0.00000000000000000000
0.00000000000000000000
0.00000000000000000000
0.00000000000000000000
0.00000000000000000000
0.00000000000000000000
0.00000000000000000000
0.00000000000000000000
0.00000000000000000000
0.00000000000000000000
0.00000000000000000000
0.00000000000000000000
0.00000000000000000000
0.00000000000000000000
0.00000000000000000000
0.00000000000000000000
0.00000000000000000000
0.00000000000000000000
0.00000000000000000000
0.00000000000000000000
0.00000000000000000000
0.00000000000000000000
0.00000000000000000000
0.00000000000000000000
0.00000000000000000000
0.00000000000000000000
0.00000000000000000000
0.00000000000000000000
0.00000000000000000000
0.00000000000000000000
0.00000000000000000000
0.00000000000000000000
0.00000000000000000000
0.00000000000000000000
0.00000000000000000000
0.00000000000000000000
0.00000000000000000000
0.00000000000000000000
0.00000000000000000000
0.00000000000000000000
0.00000000000000000000
0.00000000000000000000
0.00000000000000000000
0.00000000000000000000
0.00000000000000000000
0.00000000000000000000
0.00000000000000000000
0.00000000000000000000
0.00000000000000000000
0.00000000000000000000
0.00000000000000000000
0.00000000000000000000
0.00000000000000000000
0.00000000000000000000
0.00000000000000000000
0.00000000000000000000
0.00000000000000000000
0.00000000000000000000
0.00000000000000000000
0.00000000000000000000
0.00000000000000000000
0.00000000000000000000
0.00000000000000000000
0.00000000000000000000
0.00000000000000000000
0.00000000000000000000
0.00000000000000000000
0.00000000000000000000
0.00000000000000000000
0.00000000000000000000
0.00000000000000000000
0.00000000000000000000
0.00000000000000000000
0.00000000000000000000
0.00000000000000000000
0.00000000000000000000
0.00000000000000000000
0.00000000000000000000
0.00000000000000000000
0.00000000000000000000
0.00000000000000000000
0.00000000000000000000
0.00000000000000000000
0.00000000000000000000
0.00000000000000000000
0.00000000000000000000
0.00000000000000000000
0.00000000000000000000
0.00000000000000000000
0.00000000000000000000
0.00000000000000000000
0.00000000000000000000
0.00000000000000000000
0.00000000000000000000
0.00000000000000000000
0.00000000000000000000
0.00000000000000000000
0.00000000000000000000
0.00000000000000000000
0.00000000000000000000
0.00000000000000000000
0.00000000000000000000
0.00000000000000000000
0.00000000000000000000
0.00000000000000000000
0.00000000000000000000
0.00000000000000000000
0.00000000000000000000
0.00000000000000000000
0.00000000000000000000
0.00000000000000000000
0.00000000000000000000
0.00000000000000000000
0.00000000000000000000
0.00000000000000000000
0.00000000000000000000
0.00000000000000000000
0.00000000000000000000
0.00000000000000000000
0.00000000000000000000
0.00000000000000000000
0.00000000000000000000
0.00000000000000000000
0.00000000000000000000
0.00000000000000000000
0.00000000000000000000
0.00000000000000000000
0.00000000000000000000
0.00000000000000000000
0.00000000000000000000
0.00000000000000000000
0.00000000000000000000
0.00000000000000000000
0.00000000000000000000
0.00000000000000000000
0.00000000000000000000
0.00000000000000000000
0.00000000000000000000
0.00000000000000000000
0.00000000000000000000
0.00000000000000000000
0.00000000000000000000
0.00000000000000000000
0.00000000000000000000
0.00000000000000000000
0.00000000000000000000
0.00000000000000000000
0.00000000000000000000
0.00000000000000000000
0.00000000000000000000
0.00000000000000000000
0.00000000000000000000
0.00000000000000000000
0.00000000000000000000
0.00000000000000000000
0.00000000000000000000
0.00000000000000000000
0.00000000000000000000
0.00000000000000000000
0.00000000000000000000
0.00000000000000000000
0.00000000000000000000
0.00000000000000000000
0.00000000000000000000
0.00000000000000000000
0.00000000000000000000
