-0.47305835 -0.47305835 -0.47305835 -0.47305835 -0.47305835 -0.47305835 -0.47305835 -0.47305835 -0.47305835 -0.47305835
-0.47305835 -0.47305835 -0.47305835 -0.47305835 -0.47305835 -0.47305835 -0.47305835 -0.47305835 -0.47305835 -0.47305835
-0.47305835 -0.47305835 -0.47305835 -0.47305835 -0.47305835 -0.47305835 -0.47305835 -0.47305835 -0.47305835 3.3633928999999996
-0.47305835 -0.47305835 -0.47305835 -0.47305835 -0.47305835 -0.47305835 -0.47305835 -0.47305835 3.3633928999999996 1.8766381
-0.47305835 -0.47305835 -0.47305835 -0.47305835 -0.47305835 -0.47305835 -0.47305835 3.3633928999999996 1.8766381 -0.47305835
-0.47305835 -0.47305835 -0.47305835 -0.47305835 -0.47305835 -0.47305835 3.3633928999999996 1.8766381 -0.47305835 -0.47305835
-0.47305835 -0.47305835 -0.47305835 -0.47305835 -0.47305835 3.3633928999999996 1.8766381 -0.47305835 -0.47305835 2.6460077
-0.47305835 -0.47305835 -0.47305835 -0.47305835 3.3633928999999996 1.8766381 -0.47305835 -0.47305835 2.6460077 -0.47305835
-0.47305835 -0.47305835 -0.47305835 3.3633928999999996 1.8766381 -0.47305835 -0.47305835 2.6460077 -0.47305835 -0.47305835
-0.47305835 -0.47305835 3.3633928999999996 1.8766381 -0.47305835 -0.47305835 2.6460077 -0.47305835 -0.47305835 -0.47305835
-0.47305835 3.3633928999999996 1.8766381 -0.47305835 -0.47305835 2.6460077 -0.47305835 -0.47305835 -0.47305835 -0.47305835
3.3633928999999996 1.8766381 -0.47305835 -0.47305835 2.6460077 -0.47305835 -0.47305835 -0.47305835 -0.47305835 -0.47305835
1.8766381 -0.47305835 -0.47305835 2.6460077 -0.47305835 -0.47305835 -0.47305835 -0.47305835 -0.47305835 -0.47305835
-0.47305835 -0.47305835 2.6460077 -0.47305835 -0.47305835 -0.47305835 -0.47305835 -0.47305835 -0.47305835 -0.47305835
-0.47305835 2.6460077 -0.47305835 -0.47305835 -0.47305835 -0.47305835 -0.47305835 -0.47305835 -0.47305835 -0.47305835
2.6460077 -0.47305835 -0.47305835 -0.47305835 -0.47305835 -0.47305835 -0.47305835 -0.47305835 -0.47305835 -0.47305835
-0.47305835 -0.47305835 -0.47305835 -0.47305835 -0.47305835 -0.47305835 -0.47305835 -0.47305835 -0.47305835 -0.47305835
-0.47305835 -0.47305835 -0.47305835 -0.47305835 -0.47305835 -0.47305835 -0.47305835 -0.47305835 -0.47305835 -0.47305835
-0.47305835 -0.47305835 -0.47305835 -0.47305835 -0.47305835 -0.47305835 -0.47305835 -0.47305835 -0.47305835 1.7622723000000002
-0.47305835 -0.47305835 -0.47305835 -0.47305835 -0.47305835 -0.47305835 -0.47305835 -0.47305835 1.7622723000000002 -0.47305835
-0.47305835 -0.47305835 -0.47305835 -0.47305835 -0.47305835 -0.47305835 -0.47305835 1.7622723000000002 -0.47305835 -0.47305835
-0.47305835 -0.47305835 -0.47305835 -0.47305835 -0.47305835 -0.47305835 1.7622723000000002 -0.47305835 -0.47305835 -0.47305835
-0.47305835 -0.47305835 -0.47305835 -0.47305835 -0.47305835 1.7622723000000002 -0.47305835 -0.47305835 -0.47305835 -0.47305835
-0.47305835 -0.47305835 -0.47305835 -0.47305835 1.7622723000000002 -0.47305835 -0.47305835 -0.47305835 -0.47305835 1.6167159
-0.47305835 -0.47305835 -0.47305835 1.7622723000000002 -0.47305835 -0.47305835 -0.47305835 -0.47305835 1.6167159 1.8766381
-0.47305835 -0.47305835 1.7622723000000002 -0.47305835 -0.47305835 -0.47305835 -0.47305835 1.6167159 1.8766381 -0.47305835
-0.47305835 1.7622723000000002 -0.47305835 -0.47305835 -0.47305835 -0.47305835 1.6167159 1.8766381 -0.47305835 -0.47305835
1.7622723000000002 -0.47305835 -0.47305835 -0.47305835 -0.47305835 1.6167159 1.8766381 -0.47305835 -0.47305835 -0.47305835
-0.47305835 -0.47305835 -0.47305835 -0.47305835 1.6167159 1.8766381 -0.47305835 -0.47305835 -0.47305835 -0.47305835
-0.47305835 -0.47305835 -0.47305835 1.6167159 1.8766381 -0.47305835 -0.47305835 -0.47305835 -0.47305835 2.0845758
-0.47305835 -0.47305835 1.6167159 1.8766381 -0.47305835 -0.47305835 -0.47305835 -0.47305835 2.0845758 -0.47305835
-0.47305835 1.6167159 1.8766381 -0.47305835 -0.47305835 -0.47305835 -0.47305835 2.0845758 -0.47305835 2.063782
1.6167159 1.8766381 -0.47305835 -0.47305835 -0.47305835 -0.47305835 2.0845758 -0.47305835 2.063782 -0.47305835
1.8766381 -0.47305835 -0.47305835 -0.47305835 -0.47305835 2.0845758 -0.47305835 2.063782 -0.47305835 -0.47305835
-0.47305835 -0.47305835 -0.47305835 -0.47305835 2.0845758 -0.47305835 2.063782 -0.47305835 -0.47305835 -0.47305835
-0.47305835 -0.47305835 -0.47305835 2.0845758 -0.47305835 2.063782 -0.47305835 -0.47305835 -0.47305835 -0.47305835
-0.47305835 -0.47305835 2.0845758 -0.47305835 2.063782 -0.47305835 -0.47305835 -0.47305835 -0.47305835 -0.47305835
-0.47305835 2.0845758 -0.47305835 2.063782 -0.47305835 -0.47305835 -0.47305835 -0.47305835 -0.47305835 1.8038598999999997
2.0845758 -0.47305835 2.063782 -0.47305835 -0.47305835 -0.47305835 -0.47305835 -0.47305835 1.8038598999999997 2.0117976000000004
-0.47305835 2.063782 -0.47305835 -0.47305835 -0.47305835 -0.47305835 -0.47305835 1.8038598999999997 2.0117976000000004 -0.47305835
2.063782 -0.47305835 -0.47305835 -0.47305835 -0.47305835 -0.47305835 1.8038598999999997 2.0117976000000004 -0.47305835 -0.47305835
-0.47305835 -0.47305835 -0.47305835 -0.47305835 -0.47305835 1.8038598999999997 2.0117976000000004 -0.47305835 -0.47305835 -0.47305835
-0.47305835 -0.47305835 -0.47305835 -0.47305835 1.8038598999999997 2.0117976000000004 -0.47305835 -0.47305835 -0.47305835 -0.47305835
-0.47305835 -0.47305835 -0.47305835 1.8038598999999997 2.0117976000000004 -0.47305835 -0.47305835 -0.47305835 -0.47305835 2.6564046
-0.47305835 -0.47305835 1.8038598999999997 2.0117976000000004 -0.47305835 -0.47305835 -0.47305835 -0.47305835 2.6564046 2.9787081000000004
-0.47305835 1.8038598999999997 2.0117976000000004 -0.47305835 -0.47305835 -0.47305835 -0.47305835 2.6564046 2.9787081000000004 -0.47305835
1.8038598999999997 2.0117976000000004 -0.47305835 -0.47305835 -0.47305835 -0.47305835 2.6564046 2.9787081000000004 -0.47305835 -0.47305835
2.0117976000000004 -0.47305835 -0.47305835 -0.47305835 -0.47305835 2.6564046 2.9787081000000004 -0.47305835 -0.47305835 1.7622723000000002
-0.47305835 -0.47305835 -0.47305835 -0.47305835 2.6564046 2.9787081000000004 -0.47305835 -0.47305835 1.7622723000000002 -0.47305835
-0.47305835 -0.47305835 -0.47305835 2.6564046 2.9787081000000004 -0.47305835 -0.47305835 1.7622723000000002 -0.47305835 -0.47305835
-0.47305835 -0.47305835 2.6564046 2.9787081000000004 -0.47305835 -0.47305835 1.7622723000000002 -0.47305835 -0.47305835 -0.47305835
-0.47305835 2.6564046 2.9787081000000004 -0.47305835 -0.47305835 1.7622723000000002 -0.47305835 -0.47305835 -0.47305835 -0.47305835
2.6564046 2.9787081000000004 -0.47305835 -0.47305835 1.7622723000000002 -0.47305835 -0.47305835 -0.47305835 -0.47305835 1.6894941000000003
2.9787081000000004 -0.47305835 -0.47305835 1.7622723000000002 -0.47305835 -0.47305835 -0.47305835 -0.47305835 1.6894941000000003 -0.47305835
-0.47305835 -0.47305835 1.7622723000000002 -0.47305835 -0.47305835 -0.47305835 -0.47305835 1.6894941000000003 -0.47305835 2.063782
-0.47305835 1.7622723000000002 -0.47305835 -0.47305835 -0.47305835 -0.47305835 1.6894941000000003 -0.47305835 2.063782 -0.47305835
1.7622723000000002 -0.47305835 -0.47305835 -0.47305835 -0.47305835 1.6894941000000003 -0.47305835 2.063782 -0.47305835 -0.47305835
-0.47305835 -0.47305835 -0.47305835 -0.47305835 1.6894941000000003 -0.47305835 2.063782 -0.47305835 -0.47305835 -0.47305835
-0.47305835 -0.47305835 -0.47305835 1.6894941000000003 -0.47305835 2.063782 -0.47305835 -0.47305835 -0.47305835 -0.47305835
-0.47305835 -0.47305835 1.6894941000000003 -0.47305835 2.063782 -0.47305835 -0.47305835 -0.47305835 -0.47305835 -0.47305835
-0.47305835 1.6894941000000003 -0.47305835 2.063782 -0.47305835 -0.47305835 -0.47305835 -0.47305835 -0.47305835 1.699891
1.6894941000000003 -0.47305835 2.063782 -0.47305835 -0.47305835 -0.47305835 -0.47305835 -0.47305835 1.699891 -0.47305835
-0.47305835 2.063782 -0.47305835 -0.47305835 -0.47305835 -0.47305835 -0.47305835 1.699891 -0.47305835 -0.47305835
2.063782 -0.47305835 -0.47305835 -0.47305835 -0.47305835 -0.47305835 1.699891 -0.47305835 -0.47305835 -0.47305835
-0.47305835 -0.47305835 -0.47305835 -0.47305835 -0.47305835 1.699891 -0.47305835 -0.47305835 -0.47305835 -0.47305835
-0.47305835 -0.47305835 -0.47305835 -0.47305835 1.699891 -0.47305835 -0.47305835 -0.47305835 -0.47305835 -0.47305835
-0.47305835 -0.47305835 -0.47305835 1.699891 -0.47305835 -0.47305835 -0.47305835 -0.47305835 -0.47305835 -0.47305835
-0.47305835 -0.47305835 1.699891 -0.47305835 -0.47305835 -0.47305835 -0.47305835 -0.47305835 -0.47305835 -0.47305835
-0.47305835 1.699891 -0.47305835 -0.47305835 -0.47305835 -0.47305835 -0.47305835 -0.47305835 -0.47305835 -0.47305835
1.699891 -0.47305835 -0.47305835 -0.47305835 -0.47305835 -0.47305835 -0.47305835 -0.47305835 -0.47305835 -0.47305835
-0.47305835 -0.47305835 -0.47305835 -0.47305835 -0.47305835 -0.47305835 -0.47305835 -0.47305835 -0.47305835 -0.47305835
-0.47305835 -0.47305835 -0.47305835 -0.47305835 -0.47305835 -0.47305835 -0.47305835 -0.47305835 -0.47305835 -0.47305835
-0.47305835 -0.47305835 -0.47305835 -0.47305835 -0.47305835 -0.47305835 -0.47305835 -0.47305835 -0.47305835 -0.47305835
-0.47305835 -0.47305835 -0.47305835 -0.47305835 -0.47305835 -0.47305835 -0.47305835 -0.47305835 -0.47305835 -0.47305835
-0.47305835 -0.47305835 -0.47305835 -0.47305835 -0.47305835 -0.47305835 -0.47305835 -0.47305835 -0.47305835 -0.47305835
-0.47305835 -0.47305835 -0.47305835 -0.47305835 -0.47305835 -0.47305835 -0.47305835 -0.47305835 -0.47305835 2.0845758
-0.47305835 -0.47305835 -0.47305835 -0.47305835 -0.47305835 -0.47305835 -0.47305835 -0.47305835 2.0845758 -0.47305835
-0.47305835 -0.47305835 -0.47305835 -0.47305835 -0.47305835 -0.47305835 -0.47305835 2.0845758 -0.47305835 1.7102879
-0.47305835 -0.47305835 -0.47305835 -0.47305835 -0.47305835 -0.47305835 2.0845758 -0.47305835 1.7102879 -0.47305835
-0.47305835 -0.47305835 -0.47305835 -0.47305835 -0.47305835 2.0845758 -0.47305835 1.7102879 -0.47305835 -0.47305835
-0.47305835 -0.47305835 -0.47305835 -0.47305835 2.0845758 -0.47305835 1.7102879 -0.47305835 -0.47305835 -0.47305835
-0.47305835 -0.47305835 -0.47305835 2.0845758 -0.47305835 1.7102879 -0.47305835 -0.47305835 -0.47305835 -0.47305835
-0.47305835 -0.47305835 2.0845758 -0.47305835 1.7102879 -0.47305835 -0.47305835 -0.47305835 -0.47305835 -0.47305835
-0.47305835 2.0845758 -0.47305835 1.7102879 -0.47305835 -0.47305835 -0.47305835 -0.47305835 -0.47305835 -0.47305835
2.0845758 -0.47305835 1.7102879 -0.47305835 -0.47305835 -0.47305835 -0.47305835 -0.47305835 -0.47305835 -0.47305835
-0.47305835 1.7102879 -0.47305835 -0.47305835 -0.47305835 -0.47305835 -0.47305835 -0.47305835 -0.47305835 -0.47305835
1.7102879 -0.47305835 -0.47305835 -0.47305835 -0.47305835 -0.47305835 -0.47305835 -0.47305835 -0.47305835 -0.47305835
-0.47305835 -0.47305835 -0.47305835 -0.47305835 -0.47305835 -0.47305835 -0.47305835 -0.47305835 -0.47305835 -0.47305835
-0.47305835 -0.47305835 -0.47305835 -0.47305835 -0.47305835 -0.47305835 -0.47305835 -0.47305835 -0.47305835 1.8454473999999998
-0.47305835 -0.47305835 -0.47305835 -0.47305835 -0.47305835 -0.47305835 -0.47305835 -0.47305835 1.8454473999999998 2.4068793
-0.47305835 -0.47305835 -0.47305835 -0.47305835 -0.47305835 -0.47305835 -0.47305835 1.8454473999999998 2.4068793 -0.47305835
-0.47305835 -0.47305835 -0.47305835 -0.47305835 -0.47305835 -0.47305835 1.8454473999999998 2.4068793 -0.47305835 -0.47305835
-0.47305835 -0.47305835 -0.47305835 -0.47305835 -0.47305835 1.8454473999999998 2.4068793 -0.47305835 -0.47305835 -0.47305835
-0.47305835 -0.47305835 -0.47305835 -0.47305835 1.8454473999999998 2.4068793 -0.47305835 -0.47305835 -0.47305835 -0.47305835
-0.47305835 -0.47305835 -0.47305835 1.8454473999999998 2.4068793 -0.47305835 -0.47305835 -0.47305835 -0.47305835 2.5524357
-0.47305835 -0.47305835 1.8454473999999998 2.4068793 -0.47305835 -0.47305835 -0.47305835 -0.47305835 2.5524357 -0.47305835
-0.47305835 1.8454473999999998 2.4068793 -0.47305835 -0.47305835 -0.47305835 -0.47305835 2.5524357 -0.47305835 1.8038598999999997
1.8454473999999998 2.4068793 -0.47305835 -0.47305835 -0.47305835 -0.47305835 2.5524357 -0.47305835 1.8038598999999997 -0.47305835
2.4068793 -0.47305835 -0.47305835 -0.47305835 -0.47305835 2.5524357 -0.47305835 1.8038598999999997 -0.47305835 -0.47305835
-0.47305835 -0.47305835 -0.47305835 -0.47305835 2.5524357 -0.47305835 1.8038598999999997 -0.47305835 -0.47305835 -0.47305835
-0.47305835 -0.47305835 -0.47305835 2.5524357 -0.47305835 1.8038598999999997 -0.47305835 -0.47305835 -0.47305835 -0.47305835
-0.47305835 -0.47305835 2.5524357 -0.47305835 1.8038598999999997 -0.47305835 -0.47305835 -0.47305835 -0.47305835 -0.47305835
-0.47305835 2.5524357 -0.47305835 1.8038598999999997 -0.47305835 -0.47305835 -0.47305835 -0.47305835 -0.47305835 -0.47305835
2.5524357 -0.47305835 1.8038598999999997 -0.47305835 -0.47305835 -0.47305835 -0.47305835 -0.47305835 -0.47305835 2.0325914000000003
-0.47305835 1.8038598999999997 -0.47305835 -0.47305835 -0.47305835 -0.47305835 -0.47305835 -0.47305835 2.0325914000000003 -0.47305835
1.8038598999999997 -0.47305835 -0.47305835 -0.47305835 -0.47305835 -0.47305835 -0.47305835 2.0325914000000003 -0.47305835 -0.47305835
-0.47305835 -0.47305835 -0.47305835 -0.47305835 -0.47305835 -0.47305835 2.0325914000000003 -0.47305835 -0.47305835 -0.47305835
-0.47305835 -0.47305835 -0.47305835 -0.47305835 -0.47305835 2.0325914000000003 -0.47305835 -0.47305835 -0.47305835 1.7310816999999998
-0.47305835 -0.47305835 -0.47305835 -0.47305835 2.0325914000000003 -0.47305835 -0.47305835 -0.47305835 1.7310816999999998 2.2717197999999996
-0.47305835 -0.47305835 -0.47305835 2.0325914000000003 -0.47305835 -0.47305835 -0.47305835 1.7310816999999998 2.2717197999999996 1.7518754
-0.47305835 -0.47305835 2.0325914000000003 -0.47305835 -0.47305835 -0.47305835 1.7310816999999998 2.2717197999999996 1.7518754 -0.47305835
-0.47305835 2.0325914000000003 -0.47305835 -0.47305835 -0.47305835 1.7310816999999998 2.2717197999999996 1.7518754 -0.47305835 -0.47305835
2.0325914000000003 -0.47305835 -0.47305835 -0.47305835 1.7310816999999998 2.2717197999999996 1.7518754 -0.47305835 -0.47305835 -0.47305835
-0.47305835 -0.47305835 -0.47305835 1.7310816999999998 2.2717197999999996 1.7518754 -0.47305835 -0.47305835 -0.47305835 1.6271128000000001
-0.47305835 -0.47305835 1.7310816999999998 2.2717197999999996 1.7518754 -0.47305835 -0.47305835 -0.47305835 1.6271128000000001 -0.47305835
-0.47305835 1.7310816999999998 2.2717197999999996 1.7518754 -0.47305835 -0.47305835 -0.47305835 1.6271128000000001 -0.47305835 -0.47305835
1.7310816999999998 2.2717197999999996 1.7518754 -0.47305835 -0.47305835 -0.47305835 1.6271128000000001 -0.47305835 -0.47305835 -0.47305835
2.2717197999999996 1.7518754 -0.47305835 -0.47305835 -0.47305835 1.6271128000000001 -0.47305835 -0.47305835 -0.47305835 -0.47305835
1.7518754 -0.47305835 -0.47305835 -0.47305835 1.6271128000000001 -0.47305835 -0.47305835 -0.47305835 -0.47305835 -0.47305835
-0.47305835 -0.47305835 -0.47305835 1.6271128000000001 -0.47305835 -0.47305835 -0.47305835 -0.47305835 -0.47305835 -0.47305835
-0.47305835 -0.47305835 1.6271128000000001 -0.47305835 -0.47305835 -0.47305835 -0.47305835 -0.47305835 -0.47305835 -0.47305835
-0.47305835 1.6271128000000001 -0.47305835 -0.47305835 -0.47305835 -0.47305835 -0.47305835 -0.47305835 -0.47305835 -0.47305835
1.6271128000000001 -0.47305835 -0.47305835 -0.47305835 -0.47305835 -0.47305835 -0.47305835 -0.47305835 -0.47305835 -0.47305835
-0.47305835 -0.47305835 -0.47305835 -0.47305835 -0.47305835 -0.47305835 -0.47305835 -0.47305835 -0.47305835 -0.47305835
-0.47305835 -0.47305835 -0.47305835 -0.47305835 -0.47305835 -0.47305835 -0.47305835 -0.47305835 -0.47305835 -0.47305835
-0.47305835 -0.47305835 -0.47305835 -0.47305835 -0.47305835 -0.47305835 -0.47305835 -0.47305835 -0.47305835 -0.47305835
-0.47305835 -0.47305835 -0.47305835 -0.47305835 -0.47305835 -0.47305835 -0.47305835 -0.47305835 -0.47305835 -0.47305835
-0.47305835 -0.47305835 -0.47305835 -0.47305835 -0.47305835 -0.47305835 -0.47305835 -0.47305835 -0.47305835 -0.47305835
-0.47305835 -0.47305835 -0.47305835 -0.47305835 -0.47305835 -0.47305835 -0.47305835 -0.47305835 -0.47305835 -0.47305835
-0.47305835 -0.47305835 -0.47305835 -0.47305835 -0.47305835 -0.47305835 -0.47305835 -0.47305835 -0.47305835 -0.47305835
-0.47305835 -0.47305835 -0.47305835 -0.47305835 -0.47305835 -0.47305835 -0.47305835 -0.47305835 -0.47305835 -0.47305835
-0.47305835 -0.47305835 -0.47305835 -0.47305835 -0.47305835 -0.47305835 -0.47305835 -0.47305835 -0.47305835 -0.47305835
-0.47305835 -0.47305835 -0.47305835 -0.47305835 -0.47305835 -0.47305835 -0.47305835 -0.47305835 -0.47305835 -0.47305835
-0.47305835 -0.47305835 -0.47305835 -0.47305835 -0.47305835 -0.47305835 -0.47305835 -0.47305835 -0.47305835 -0.47305835
-0.47305835 -0.47305835 -0.47305835 -0.47305835 -0.47305835 -0.47305835 -0.47305835 -0.47305835 -0.47305835 -0.47305835
-0.47305835 -0.47305835 -0.47305835 -0.47305835 -0.47305835 -0.47305835 -0.47305835 -0.47305835 -0.47305835 -0.47305835
-0.47305835 -0.47305835 -0.47305835 -0.47305835 -0.47305835 -0.47305835 -0.47305835 -0.47305835 -0.47305835 -0.47305835
-0.47305835 -0.47305835 -0.47305835 -0.47305835 -0.47305835 -0.47305835 -0.47305835 -0.47305835 -0.47305835 2.9683112
-0.47305835 -0.47305835 -0.47305835 -0.47305835 -0.47305835 -0.47305835 -0.47305835 -0.47305835 2.9683112 2.8643422999999997
-0.47305835 -0.47305835 -0.47305835 -0.47305835 -0.47305835 -0.47305835 -0.47305835 2.9683112 2.8643422999999997 -0.47305835
-0.47305835 -0.47305835 -0.47305835 -0.47305835 -0.47305835 -0.47305835 2.9683112 2.8643422999999997 -0.47305835 -0.47305835
-0.47305835 -0.47305835 -0.47305835 -0.47305835 -0.47305835 2.9683112 2.8643422999999997 -0.47305835 -0.47305835 -0.47305835
-0.47305835 -0.47305835 -0.47305835 -0.47305835 2.9683112 2.8643422999999997 -0.47305835 -0.47305835 -0.47305835 -0.47305835
-0.47305835 -0.47305835 -0.47305835 2.9683112 2.8643422999999997 -0.47305835 -0.47305835 -0.47305835 -0.47305835 -0.47305835
-0.47305835 -0.47305835 2.9683112 2.8643422999999997 -0.47305835 -0.47305835 -0.47305835 -0.47305835 -0.47305835 2.1781478
-0.47305835 2.9683112 2.8643422999999997 -0.47305835 -0.47305835 -0.47305835 -0.47305835 -0.47305835 2.1781478 1.6375097
2.9683112 2.8643422999999997 -0.47305835 -0.47305835 -0.47305835 -0.47305835 -0.47305835 2.1781478 1.6375097 -0.47305835
2.8643422999999997 -0.47305835 -0.47305835 -0.47305835 -0.47305835 -0.47305835 2.1781478 1.6375097 -0.47305835 -0.47305835
-0.47305835 -0.47305835 -0.47305835 -0.47305835 -0.47305835 2.1781478 1.6375097 -0.47305835 -0.47305835 1.7206848000000001
-0.47305835 -0.47305835 -0.47305835 -0.47305835 2.1781478 1.6375097 -0.47305835 -0.47305835 1.7206848000000001 -0.47305835
-0.47305835 -0.47305835 -0.47305835 2.1781478 1.6375097 -0.47305835 -0.47305835 1.7206848000000001 -0.47305835 -0.47305835
-0.47305835 -0.47305835 2.1781478 1.6375097 -0.47305835 -0.47305835 1.7206848000000001 -0.47305835 -0.47305835 -0.47305835
-0.47305835 2.1781478 1.6375097 -0.47305835 -0.47305835 1.7206848000000001 -0.47305835 -0.47305835 -0.47305835 -0.47305835
2.1781478 1.6375097 -0.47305835 -0.47305835 1.7206848000000001 -0.47305835 -0.47305835 -0.47305835 -0.47305835 -0.47305835
1.6375097 -0.47305835 -0.47305835 1.7206848000000001 -0.47305835 -0.47305835 -0.47305835 -0.47305835 -0.47305835 -0.47305835
-0.47305835 -0.47305835 1.7206848000000001 -0.47305835 -0.47305835 -0.47305835 -0.47305835 -0.47305835 -0.47305835 -0.47305835
-0.47305835 1.7206848000000001 -0.47305835 -0.47305835 -0.47305835 -0.47305835 -0.47305835 -0.47305835 -0.47305835 -0.47305835
1.7206848000000001 -0.47305835 -0.47305835 -0.47305835 -0.47305835 -0.47305835 -0.47305835 -0.47305835 -0.47305835 -0.47305835
-0.47305835 -0.47305835 -0.47305835 -0.47305835 -0.47305835 -0.47305835 -0.47305835 -0.47305835 -0.47305835 -0.47305835
-0.47305835 -0.47305835 -0.47305835 -0.47305835 -0.47305835 -0.47305835 -0.47305835 -0.47305835 -0.47305835 1.9598131999999997
-0.47305835 -0.47305835 -0.47305835 -0.47305835 -0.47305835 -0.47305835 -0.47305835 -0.47305835 1.9598131999999997 -0.47305835
-0.47305835 -0.47305835 -0.47305835 -0.47305835 -0.47305835 -0.47305835 -0.47305835 1.9598131999999997 -0.47305835 -0.47305835
-0.47305835 -0.47305835 -0.47305835 -0.47305835 -0.47305835 -0.47305835 1.9598131999999997 -0.47305835 -0.47305835 -0.47305835
-0.47305835 -0.47305835 -0.47305835 -0.47305835 -0.47305835 1.9598131999999997 -0.47305835 -0.47305835 -0.47305835 1.6167159
-0.47305835 -0.47305835 -0.47305835 -0.47305835 1.9598131999999997 -0.47305835 -0.47305835 -0.47305835 1.6167159 -0.47305835
-0.47305835 -0.47305835 -0.47305835 1.9598131999999997 -0.47305835 -0.47305835 -0.47305835 1.6167159 -0.47305835 1.6894941000000003
-0.47305835 -0.47305835 1.9598131999999997 -0.47305835 -0.47305835 -0.47305835 1.6167159 -0.47305835 1.6894941000000003 -0.47305835
-0.47305835 1.9598131999999997 -0.47305835 -0.47305835 -0.47305835 1.6167159 -0.47305835 1.6894941000000003 -0.47305835 -0.47305835
1.9598131999999997 -0.47305835 -0.47305835 -0.47305835 1.6167159 -0.47305835 1.6894941000000003 -0.47305835 -0.47305835 -0.47305835
-0.47305835 -0.47305835 -0.47305835 1.6167159 -0.47305835 1.6894941000000003 -0.47305835 -0.47305835 -0.47305835 -0.47305835
-0.47305835 -0.47305835 1.6167159 -0.47305835 1.6894941000000003 -0.47305835 -0.47305835 -0.47305835 -0.47305835 2.1885447
-0.47305835 1.6167159 -0.47305835 1.6894941000000003 -0.47305835 -0.47305835 -0.47305835 -0.47305835 2.1885447 -0.47305835
1.6167159 -0.47305835 1.6894941000000003 -0.47305835 -0.47305835 -0.47305835 -0.47305835 2.1885447 -0.47305835 -0.47305835
-0.47305835 1.6894941000000003 -0.47305835 -0.47305835 -0.47305835 -0.47305835 2.1885447 -0.47305835 -0.47305835 -0.47305835
1.6894941000000003 -0.47305835 -0.47305835 -0.47305835 -0.47305835 2.1885447 -0.47305835 -0.47305835 -0.47305835 2.6875952
-0.47305835 -0.47305835 -0.47305835 -0.47305835 2.1885447 -0.47305835 -0.47305835 -0.47305835 2.6875952 -0.47305835
-0.47305835 -0.47305835 -0.47305835 2.1885447 -0.47305835 -0.47305835 -0.47305835 2.6875952 -0.47305835 1.6479066000000002
-0.47305835 -0.47305835 2.1885447 -0.47305835 -0.47305835 -0.47305835 2.6875952 -0.47305835 1.6479066000000002 -0.47305835
-0.47305835 2.1885447 -0.47305835 -0.47305835 -0.47305835 2.6875952 -0.47305835 1.6479066000000002 -0.47305835 -0.47305835
2.1885447 -0.47305835 -0.47305835 -0.47305835 2.6875952 -0.47305835 1.6479066000000002 -0.47305835 -0.47305835 -0.47305835
-0.47305835 -0.47305835 -0.47305835 2.6875952 -0.47305835 1.6479066000000002 -0.47305835 -0.47305835 -0.47305835 -0.47305835
-0.47305835 -0.47305835 2.6875952 -0.47305835 1.6479066000000002 -0.47305835 -0.47305835 -0.47305835 -0.47305835 -0.47305835
-0.47305835 2.6875952 -0.47305835 1.6479066000000002 -0.47305835 -0.47305835 -0.47305835 -0.47305835 -0.47305835 -0.47305835
2.6875952 -0.47305835 1.6479066000000002 -0.47305835 -0.47305835 -0.47305835 -0.47305835 -0.47305835 -0.47305835 1.8558443
-0.47305835 1.6479066000000002 -0.47305835 -0.47305835 -0.47305835 -0.47305835 -0.47305835 -0.47305835 1.8558443 -0.47305835
1.6479066000000002 -0.47305835 -0.47305835 -0.47305835 -0.47305835 -0.47305835 -0.47305835 1.8558443 -0.47305835 -0.47305835
-0.47305835 -0.47305835 -0.47305835 -0.47305835 -0.47305835 -0.47305835 1.8558443 -0.47305835 -0.47305835 -0.47305835
-0.47305835 -0.47305835 -0.47305835 -0.47305835 -0.47305835 1.8558443 -0.47305835 -0.47305835 -0.47305835 1.6271128000000001
-0.47305835 -0.47305835 -0.47305835 -0.47305835 1.8558443 -0.47305835 -0.47305835 -0.47305835 1.6271128000000001 -0.47305835
-0.47305835 -0.47305835 -0.47305835 1.8558443 -0.47305835 -0.47305835 -0.47305835 1.6271128000000001 -0.47305835 -0.47305835
-0.47305835 -0.47305835 1.8558443 -0.47305835 -0.47305835 -0.47305835 1.6271128000000001 -0.47305835 -0.47305835 -0.47305835
-0.47305835 1.8558443 -0.47305835 -0.47305835 -0.47305835 1.6271128000000001 -0.47305835 -0.47305835 -0.47305835 -0.47305835
1.8558443 -0.47305835 -0.47305835 -0.47305835 1.6271128000000001 -0.47305835 -0.47305835 -0.47305835 -0.47305835 -0.47305835
-0.47305835 -0.47305835 -0.47305835 1.6271128000000001 -0.47305835 -0.47305835 -0.47305835 -0.47305835 -0.47305835 -0.47305835
-0.47305835 -0.47305835 1.6271128000000001 -0.47305835 -0.47305835 -0.47305835 -0.47305835 -0.47305835 -0.47305835 2.2093385
-0.47305835 1.6271128000000001 -0.47305835 -0.47305835 -0.47305835 -0.47305835 -0.47305835 -0.47305835 2.2093385 -0.47305835
1.6271128000000001 -0.47305835 -0.47305835 -0.47305835 -0.47305835 -0.47305835 -0.47305835 2.2093385 -0.47305835 -0.47305835
-0.47305835 -0.47305835 -0.47305835 -0.47305835 -0.47305835 -0.47305835 2.2093385 -0.47305835 -0.47305835 -0.47305835
-0.47305835 -0.47305835 -0.47305835 -0.47305835 -0.47305835 2.2093385 -0.47305835 -0.47305835 -0.47305835 -0.47305835
-0.47305835 -0.47305835 -0.47305835 -0.47305835 2.2093385 -0.47305835 -0.47305835 -0.47305835 -0.47305835 -0.47305835
-0.47305835 -0.47305835 -0.47305835 2.2093385 -0.47305835 -0.47305835 -0.47305835 -0.47305835 -0.47305835 -0.47305835
-0.47305835 -0.47305835 2.2093385 -0.47305835 -0.47305835 -0.47305835 -0.47305835 -0.47305835 -0.47305835 1.8350505000000001
-0.47305835 2.2093385 -0.47305835 -0.47305835 -0.47305835 -0.47305835 -0.47305835 -0.47305835 1.8350505000000001 -0.47305835
2.2093385 -0.47305835 -0.47305835 -0.47305835 -0.47305835 -0.47305835 -0.47305835 1.8350505000000001 -0.47305835 -0.47305835
-0.47305835 -0.47305835 -0.47305835 -0.47305835 -0.47305835 -0.47305835 1.8350505000000001 -0.47305835 -0.47305835 -0.47305835
-0.47305835 -0.47305835 -0.47305835 -0.47305835 -0.47305835 1.8350505000000001 -0.47305835 -0.47305835 -0.47305835 2.43807
-0.47305835 -0.47305835 -0.47305835 -0.47305835 1.8350505000000001 -0.47305835 -0.47305835 -0.47305835 2.43807 -0.47305835
-0.47305835 -0.47305835 -0.47305835 1.8350505000000001 -0.47305835 -0.47305835 -0.47305835 2.43807 -0.47305835 -0.47305835
-0.47305835 -0.47305835 1.8350505000000001 -0.47305835 -0.47305835 -0.47305835 2.43807 -0.47305835 -0.47305835 1.8662412
-0.47305835 1.8350505000000001 -0.47305835 -0.47305835 -0.47305835 2.43807 -0.47305835 -0.47305835 1.8662412 -0.47305835
1.8350505000000001 -0.47305835 -0.47305835 -0.47305835 2.43807 -0.47305835 -0.47305835 1.8662412 -0.47305835 -0.47305835
-0.47305835 -0.47305835 -0.47305835 2.43807 -0.47305835 -0.47305835 1.8662412 -0.47305835 -0.47305835 -0.47305835
-0.47305835 -0.47305835 2.43807 -0.47305835 -0.47305835 1.8662412 -0.47305835 -0.47305835 -0.47305835 -0.47305835
-0.47305835 2.43807 -0.47305835 -0.47305835 1.8662412 -0.47305835 -0.47305835 -0.47305835 -0.47305835 -0.47305835
2.43807 -0.47305835 -0.47305835 1.8662412 -0.47305835 -0.47305835 -0.47305835 -0.47305835 -0.47305835 -0.47305835
-0.47305835 -0.47305835 1.8662412 -0.47305835 -0.47305835 -0.47305835 -0.47305835 -0.47305835 -0.47305835 1.793463
-0.47305835 1.8662412 -0.47305835 -0.47305835 -0.47305835 -0.47305835 -0.47305835 -0.47305835 1.793463 -0.47305835
1.8662412 -0.47305835 -0.47305835 -0.47305835 -0.47305835 -0.47305835 -0.47305835 1.793463 -0.47305835 -0.47305835
-0.47305835 -0.47305835 -0.47305835 -0.47305835 -0.47305835 -0.47305835 1.793463 -0.47305835 -0.47305835 -0.47305835
-0.47305835 -0.47305835 -0.47305835 -0.47305835 -0.47305835 1.793463 -0.47305835 -0.47305835 -0.47305835 -0.47305835
-0.47305835 -0.47305835 -0.47305835 -0.47305835 1.793463 -0.47305835 -0.47305835 -0.47305835 -0.47305835 2.5108482000000003
-0.47305835 -0.47305835 -0.47305835 1.793463 -0.47305835 -0.47305835 -0.47305835 -0.47305835 2.5108482000000003 -0.47305835
-0.47305835 -0.47305835 1.793463 -0.47305835 -0.47305835 -0.47305835 -0.47305835 2.5108482000000003 -0.47305835 -0.47305835
-0.47305835 1.793463 -0.47305835 -0.47305835 -0.47305835 -0.47305835 2.5108482000000003 -0.47305835 -0.47305835 -0.47305835
1.793463 -0.47305835 -0.47305835 -0.47305835 -0.47305835 2.5108482000000003 -0.47305835 -0.47305835 -0.47305835 1.7518754
-0.47305835 -0.47305835 -0.47305835 -0.47305835 2.5108482000000003 -0.47305835 -0.47305835 -0.47305835 1.7518754 -0.47305835
-0.47305835 -0.47305835 -0.47305835 2.5108482000000003 -0.47305835 -0.47305835 -0.47305835 1.7518754 -0.47305835 -0.47305835
-0.47305835 -0.47305835 2.5108482000000003 -0.47305835 -0.47305835 -0.47305835 1.7518754 -0.47305835 -0.47305835 -0.47305835
-0.47305835 2.5108482000000003 -0.47305835 -0.47305835 -0.47305835 1.7518754 -0.47305835 -0.47305835 -0.47305835 -0.47305835
2.5108482000000003 -0.47305835 -0.47305835 -0.47305835 1.7518754 -0.47305835 -0.47305835 -0.47305835 -0.47305835 -0.47305835
-0.47305835 -0.47305835 -0.47305835 1.7518754 -0.47305835 -0.47305835 -0.47305835 -0.47305835 -0.47305835 -0.47305835
-0.47305835 -0.47305835 1.7518754 -0.47305835 -0.47305835 -0.47305835 -0.47305835 -0.47305835 -0.47305835 1.6375097
-0.47305835 1.7518754 -0.47305835 -0.47305835 -0.47305835 -0.47305835 -0.47305835 -0.47305835 1.6375097 -0.47305835
1.7518754 -0.47305835 -0.47305835 -0.47305835 -0.47305835 -0.47305835 -0.47305835 1.6375097 -0.47305835 -0.47305835
-0.47305835 -0.47305835 -0.47305835 -0.47305835 -0.47305835 -0.47305835 1.6375097 -0.47305835 -0.47305835 1.6479066000000002
-0.47305835 -0.47305835 -0.47305835 -0.47305835 -0.47305835 1.6375097 -0.47305835 -0.47305835 1.6479066000000002 -0.47305835
-0.47305835 -0.47305835 -0.47305835 -0.47305835 1.6375097 -0.47305835 -0.47305835 1.6479066000000002 -0.47305835 -0.47305835
-0.47305835 -0.47305835 -0.47305835 1.6375097 -0.47305835 -0.47305835 1.6479066000000002 -0.47305835 -0.47305835 -0.47305835
-0.47305835 -0.47305835 1.6375097 -0.47305835 -0.47305835 1.6479066000000002 -0.47305835 -0.47305835 -0.47305835 -0.47305835
-0.47305835 1.6375097 -0.47305835 -0.47305835 1.6479066000000002 -0.47305835 -0.47305835 -0.47305835 -0.47305835 2.7395797
1.6375097 -0.47305835 -0.47305835 1.6479066000000002 -0.47305835 -0.47305835 -0.47305835 -0.47305835 2.7395797 -0.47305835
-0.47305835 -0.47305835 1.6479066000000002 -0.47305835 -0.47305835 -0.47305835 -0.47305835 2.7395797 -0.47305835 -0.47305835
-0.47305835 1.6479066000000002 -0.47305835 -0.47305835 -0.47305835 -0.47305835 2.7395797 -0.47305835 -0.47305835 2.7603735
1.6479066000000002 -0.47305835 -0.47305835 -0.47305835 -0.47305835 2.7395797 -0.47305835 -0.47305835 2.7603735 -0.47305835
-0.47305835 -0.47305835 -0.47305835 -0.47305835 2.7395797 -0.47305835 -0.47305835 2.7603735 -0.47305835 -0.47305835
-0.47305835 -0.47305835 -0.47305835 2.7395797 -0.47305835 -0.47305835 2.7603735 -0.47305835 -0.47305835 -0.47305835
-0.47305835 -0.47305835 2.7395797 -0.47305835 -0.47305835 2.7603735 -0.47305835 -0.47305835 -0.47305835 -0.47305835
-0.47305835 2.7395797 -0.47305835 -0.47305835 2.7603735 -0.47305835 -0.47305835 -0.47305835 -0.47305835 -0.47305835
2.7395797 -0.47305835 -0.47305835 2.7603735 -0.47305835 -0.47305835 -0.47305835 -0.47305835 -0.47305835 -0.47305835
-0.47305835 -0.47305835 2.7603735 -0.47305835 -0.47305835 -0.47305835 -0.47305835 -0.47305835 -0.47305835 1.8662412
-0.47305835 2.7603735 -0.47305835 -0.47305835 -0.47305835 -0.47305835 -0.47305835 -0.47305835 1.8662412 1.8766381
2.7603735 -0.47305835 -0.47305835 -0.47305835 -0.47305835 -0.47305835 -0.47305835 1.8662412 1.8766381 -0.47305835
-0.47305835 -0.47305835 -0.47305835 -0.47305835 -0.47305835 -0.47305835 1.8662412 1.8766381 -0.47305835 -0.47305835
-0.47305835 -0.47305835 -0.47305835 -0.47305835 -0.47305835 1.8662412 1.8766381 -0.47305835 -0.47305835 -0.47305835
-0.47305835 -0.47305835 -0.47305835 -0.47305835 1.8662412 1.8766381 -0.47305835 -0.47305835 -0.47305835 -0.47305835
-0.47305835 -0.47305835 -0.47305835 1.8662412 1.8766381 -0.47305835 -0.47305835 -0.47305835 -0.47305835 -0.47305835
-0.47305835 -0.47305835 1.8662412 1.8766381 -0.47305835 -0.47305835 -0.47305835 -0.47305835 -0.47305835 -0.47305835
-0.47305835 1.8662412 1.8766381 -0.47305835 -0.47305835 -0.47305835 -0.47305835 -0.47305835 -0.47305835 -0.47305835
1.8662412 1.8766381 -0.47305835 -0.47305835 -0.47305835 -0.47305835 -0.47305835 -0.47305835 -0.47305835 -0.47305835
1.8766381 -0.47305835 -0.47305835 -0.47305835 -0.47305835 -0.47305835 -0.47305835 -0.47305835 -0.47305835 -0.47305835
-0.47305835 -0.47305835 -0.47305835 -0.47305835 -0.47305835 -0.47305835 -0.47305835 -0.47305835 -0.47305835 -0.47305835
-0.47305835 -0.47305835 -0.47305835 -0.47305835 -0.47305835 -0.47305835 -0.47305835 -0.47305835 -0.47305835 -0.47305835
-0.47305835 -0.47305835 -0.47305835 -0.47305835 -0.47305835 -0.47305835 -0.47305835 -0.47305835 -0.47305835 -0.47305835
-0.47305835 -0.47305835 -0.47305835 -0.47305835 -0.47305835 -0.47305835 -0.47305835 -0.47305835 -0.47305835 -0.47305835
-0.47305835 -0.47305835 -0.47305835 -0.47305835 -0.47305835 -0.47305835 -0.47305835 -0.47305835 -0.47305835 -0.47305835
-0.47305835 -0.47305835 -0.47305835 -0.47305835 -0.47305835 -0.47305835 -0.47305835 -0.47305835 -0.47305835 -0.47305835
-0.47305835 -0.47305835 -0.47305835 -0.47305835 -0.47305835 -0.47305835 -0.47305835 -0.47305835 -0.47305835 -0.47305835
-0.47305835 -0.47305835 -0.47305835 -0.47305835 -0.47305835 -0.47305835 -0.47305835 -0.47305835 -0.47305835 -0.47305835
-0.47305835 -0.47305835 -0.47305835 -0.47305835 -0.47305835 -0.47305835 -0.47305835 -0.47305835 -0.47305835 -0.47305835
-0.47305835 -0.47305835 -0.47305835 -0.47305835 -0.47305835 -0.47305835 -0.47305835 -0.47305835 -0.47305835 -0.47305835
-0.47305835 -0.47305835 -0.47305835 -0.47305835 -0.47305835 -0.47305835 -0.47305835 -0.47305835 -0.47305835 -0.47305835
-0.47305835 -0.47305835 -0.47305835 -0.47305835 -0.47305835 -0.47305835 -0.47305835 -0.47305835 -0.47305835 1.8662412
-0.47305835 -0.47305835 -0.47305835 -0.47305835 -0.47305835 -0.47305835 -0.47305835 -0.47305835 1.8662412 -0.47305835
-0.47305835 -0.47305835 -0.47305835 -0.47305835 -0.47305835 -0.47305835 -0.47305835 1.8662412 -0.47305835 -0.47305835
-0.47305835 -0.47305835 -0.47305835 -0.47305835 -0.47305835 -0.47305835 1.8662412 -0.47305835 -0.47305835 -0.47305835
-0.47305835 -0.47305835 -0.47305835 -0.47305835 -0.47305835 1.8662412 -0.47305835 -0.47305835 -0.47305835 -0.47305835
-0.47305835 -0.47305835 -0.47305835 -0.47305835 1.8662412 -0.47305835 -0.47305835 -0.47305835 -0.47305835 -0.47305835
-0.47305835 -0.47305835 -0.47305835 1.8662412 -0.47305835 -0.47305835 -0.47305835 -0.47305835 -0.47305835 -0.47305835
-0.47305835 -0.47305835 1.8662412 -0.47305835 -0.47305835 -0.47305835 -0.47305835 -0.47305835 -0.47305835 -0.47305835
-0.47305835 1.8662412 -0.47305835 -0.47305835 -0.47305835 -0.47305835 -0.47305835 -0.47305835 -0.47305835 -0.47305835
1.8662412 -0.47305835 -0.47305835 -0.47305835 -0.47305835 -0.47305835 -0.47305835 -0.47305835 -0.47305835 -0.47305835
-0.47305835 -0.47305835 -0.47305835 -0.47305835 -0.47305835 -0.47305835 -0.47305835 -0.47305835 -0.47305835 -0.47305835
-0.47305835 -0.47305835 -0.47305835 -0.47305835 -0.47305835 -0.47305835 -0.47305835 -0.47305835 -0.47305835 -0.47305835
-0.47305835 -0.47305835 -0.47305835 -0.47305835 -0.47305835 -0.47305835 -0.47305835 -0.47305835 -0.47305835 1.9494163
-0.47305835 -0.47305835 -0.47305835 -0.47305835 -0.47305835 -0.47305835 -0.47305835 -0.47305835 1.9494163 1.7310816999999998
-0.47305835 -0.47305835 -0.47305835 -0.47305835 -0.47305835 -0.47305835 -0.47305835 1.9494163 1.7310816999999998 -0.47305835
-0.47305835 -0.47305835 -0.47305835 -0.47305835 -0.47305835 -0.47305835 1.9494163 1.7310816999999998 -0.47305835 -0.47305835
-0.47305835 -0.47305835 -0.47305835 -0.47305835 -0.47305835 1.9494163 1.7310816999999998 -0.47305835 -0.47305835 -0.47305835
-0.47305835 -0.47305835 -0.47305835 -0.47305835 1.9494163 1.7310816999999998 -0.47305835 -0.47305835 -0.47305835 -0.47305835
-0.47305835 -0.47305835 -0.47305835 1.9494163 1.7310816999999998 -0.47305835 -0.47305835 -0.47305835 -0.47305835 2.3444979999999997
-0.47305835 -0.47305835 1.9494163 1.7310816999999998 -0.47305835 -0.47305835 -0.47305835 -0.47305835 2.3444979999999997 -0.47305835
-0.47305835 1.9494163 1.7310816999999998 -0.47305835 -0.47305835 -0.47305835 -0.47305835 2.3444979999999997 -0.47305835 -0.47305835
1.9494163 1.7310816999999998 -0.47305835 -0.47305835 -0.47305835 -0.47305835 2.3444979999999997 -0.47305835 -0.47305835 -0.47305835
1.7310816999999998 -0.47305835 -0.47305835 -0.47305835 -0.47305835 2.3444979999999997 -0.47305835 -0.47305835 -0.47305835 1.8142568
-0.47305835 -0.47305835 -0.47305835 -0.47305835 2.3444979999999997 -0.47305835 -0.47305835 -0.47305835 1.8142568 -0.47305835
-0.47305835 -0.47305835 -0.47305835 2.3444979999999997 -0.47305835 -0.47305835 -0.47305835 1.8142568 -0.47305835 -0.47305835
-0.47305835 -0.47305835 2.3444979999999997 -0.47305835 -0.47305835 -0.47305835 1.8142568 -0.47305835 -0.47305835 -0.47305835
-0.47305835 2.3444979999999997 -0.47305835 -0.47305835 -0.47305835 1.8142568 -0.47305835 -0.47305835 -0.47305835 2.1469571
2.3444979999999997 -0.47305835 -0.47305835 -0.47305835 1.8142568 -0.47305835 -0.47305835 -0.47305835 2.1469571 -0.47305835
-0.47305835 -0.47305835 -0.47305835 1.8142568 -0.47305835 -0.47305835 -0.47305835 2.1469571 -0.47305835 -0.47305835
-0.47305835 -0.47305835 1.8142568 -0.47305835 -0.47305835 -0.47305835 2.1469571 -0.47305835 -0.47305835 -0.47305835
-0.47305835 1.8142568 -0.47305835 -0.47305835 -0.47305835 2.1469571 -0.47305835 -0.47305835 -0.47305835 2.4588637
1.8142568 -0.47305835 -0.47305835 -0.47305835 2.1469571 -0.47305835 -0.47305835 -0.47305835 2.4588637 -0.47305835
-0.47305835 -0.47305835 -0.47305835 2.1469571 -0.47305835 -0.47305835 -0.47305835 2.4588637 -0.47305835 -0.47305835
-0.47305835 -0.47305835 2.1469571 -0.47305835 -0.47305835 -0.47305835 2.4588637 -0.47305835 -0.47305835 -0.47305835
-0.47305835 2.1469571 -0.47305835 -0.47305835 -0.47305835 2.4588637 -0.47305835 -0.47305835 -0.47305835 -0.47305835
2.1469571 -0.47305835 -0.47305835 -0.47305835 2.4588637 -0.47305835 -0.47305835 -0.47305835 -0.47305835 -0.47305835
-0.47305835 -0.47305835 -0.47305835 2.4588637 -0.47305835 -0.47305835 -0.47305835 -0.47305835 -0.47305835 -0.47305835
-0.47305835 -0.47305835 2.4588637 -0.47305835 -0.47305835 -0.47305835 -0.47305835 -0.47305835 -0.47305835 2.5316419
-0.47305835 2.4588637 -0.47305835 -0.47305835 -0.47305835 -0.47305835 -0.47305835 -0.47305835 2.5316419 -0.47305835
2.4588637 -0.47305835 -0.47305835 -0.47305835 -0.47305835 -0.47305835 -0.47305835 2.5316419 -0.47305835 1.7206848000000001
-0.47305835 -0.47305835 -0.47305835 -0.47305835 -0.47305835 -0.47305835 2.5316419 -0.47305835 1.7206848000000001 -0.47305835
-0.47305835 -0.47305835 -0.47305835 -0.47305835 -0.47305835 2.5316419 -0.47305835 1.7206848000000001 -0.47305835 -0.47305835
-0.47305835 -0.47305835 -0.47305835 -0.47305835 2.5316419 -0.47305835 1.7206848000000001 -0.47305835 -0.47305835 2.8643422999999997
-0.47305835 -0.47305835 -0.47305835 2.5316419 -0.47305835 1.7206848000000001 -0.47305835 -0.47305835 2.8643422999999997 -0.47305835
-0.47305835 -0.47305835 2.5316419 -0.47305835 1.7206848000000001 -0.47305835 -0.47305835 2.8643422999999997 -0.47305835 -0.47305835
-0.47305835 2.5316419 -0.47305835 1.7206848000000001 -0.47305835 -0.47305835 2.8643422999999997 -0.47305835 -0.47305835 -0.47305835
2.5316419 -0.47305835 1.7206848000000001 -0.47305835 -0.47305835 2.8643422999999997 -0.47305835 -0.47305835 -0.47305835 -0.47305835
-0.47305835 1.7206848000000001 -0.47305835 -0.47305835 2.8643422999999997 -0.47305835 -0.47305835 -0.47305835 -0.47305835 -0.47305835
1.7206848000000001 -0.47305835 -0.47305835 2.8643422999999997 -0.47305835 -0.47305835 -0.47305835 -0.47305835 -0.47305835 1.9598131999999997
-0.47305835 -0.47305835 2.8643422999999997 -0.47305835 -0.47305835 -0.47305835 -0.47305835 -0.47305835 1.9598131999999997 1.6790971999999997
-0.47305835 2.8643422999999997 -0.47305835 -0.47305835 -0.47305835 -0.47305835 -0.47305835 1.9598131999999997 1.6790971999999997 -0.47305835
2.8643422999999997 -0.47305835 -0.47305835 -0.47305835 -0.47305835 -0.47305835 1.9598131999999997 1.6790971999999997 -0.47305835 -0.47305835
-0.47305835 -0.47305835 -0.47305835 -0.47305835 -0.47305835 1.9598131999999997 1.6790971999999997 -0.47305835 -0.47305835 -0.47305835
-0.47305835 -0.47305835 -0.47305835 -0.47305835 1.9598131999999997 1.6790971999999997 -0.47305835 -0.47305835 -0.47305835 -0.47305835
-0.47305835 -0.47305835 -0.47305835 1.9598131999999997 1.6790971999999997 -0.47305835 -0.47305835 -0.47305835 -0.47305835 -0.47305835
-0.47305835 -0.47305835 1.9598131999999997 1.6790971999999997 -0.47305835 -0.47305835 -0.47305835 -0.47305835 -0.47305835 -0.47305835
-0.47305835 1.9598131999999997 1.6790971999999997 -0.47305835 -0.47305835 -0.47305835 -0.47305835 -0.47305835 -0.47305835 -0.47305835
1.9598131999999997 1.6790971999999997 -0.47305835 -0.47305835 -0.47305835 -0.47305835 -0.47305835 -0.47305835 -0.47305835 2.0014006999999996
1.6790971999999997 -0.47305835 -0.47305835 -0.47305835 -0.47305835 -0.47305835 -0.47305835 -0.47305835 2.0014006999999996 2.1469571
-0.47305835 -0.47305835 -0.47305835 -0.47305835 -0.47305835 -0.47305835 -0.47305835 2.0014006999999996 2.1469571 -0.47305835
-0.47305835 -0.47305835 -0.47305835 -0.47305835 -0.47305835 -0.47305835 2.0014006999999996 2.1469571 -0.47305835 -0.47305835
-0.47305835 -0.47305835 -0.47305835 -0.47305835 -0.47305835 2.0014006999999996 2.1469571 -0.47305835 -0.47305835 -0.47305835
-0.47305835 -0.47305835 -0.47305835 -0.47305835 2.0014006999999996 2.1469571 -0.47305835 -0.47305835 -0.47305835 -0.47305835
-0.47305835 -0.47305835 -0.47305835 2.0014006999999996 2.1469571 -0.47305835 -0.47305835 -0.47305835 -0.47305835 -0.47305835
-0.47305835 -0.47305835 2.0014006999999996 2.1469571 -0.47305835 -0.47305835 -0.47305835 -0.47305835 -0.47305835 1.6790971999999997
-0.47305835 2.0014006999999996 2.1469571 -0.47305835 -0.47305835 -0.47305835 -0.47305835 -0.47305835 1.6790971999999997 -0.47305835
2.0014006999999996 2.1469571 -0.47305835 -0.47305835 -0.47305835 -0.47305835 -0.47305835 1.6790971999999997 -0.47305835 2.157354
2.1469571 -0.47305835 -0.47305835 -0.47305835 -0.47305835 -0.47305835 1.6790971999999997 -0.47305835 2.157354 -0.47305835
-0.47305835 -0.47305835 -0.47305835 -0.47305835 -0.47305835 1.6790971999999997 -0.47305835 2.157354 -0.47305835 -0.47305835
-0.47305835 -0.47305835 -0.47305835 -0.47305835 1.6790971999999997 -0.47305835 2.157354 -0.47305835 -0.47305835 1.8870349999999998
-0.47305835 -0.47305835 -0.47305835 1.6790971999999997 -0.47305835 2.157354 -0.47305835 -0.47305835 1.8870349999999998 -0.47305835
-0.47305835 -0.47305835 1.6790971999999997 -0.47305835 2.157354 -0.47305835 -0.47305835 1.8870349999999998 -0.47305835 -0.47305835
-0.47305835 1.6790971999999997 -0.47305835 2.157354 -0.47305835 -0.47305835 1.8870349999999998 -0.47305835 -0.47305835 -0.47305835
1.6790971999999997 -0.47305835 2.157354 -0.47305835 -0.47305835 1.8870349999999998 -0.47305835 -0.47305835 -0.47305835 1.6375097
-0.47305835 2.157354 -0.47305835 -0.47305835 1.8870349999999998 -0.47305835 -0.47305835 -0.47305835 1.6375097 1.8350505000000001
2.157354 -0.47305835 -0.47305835 1.8870349999999998 -0.47305835 -0.47305835 -0.47305835 1.6375097 1.8350505000000001 -0.47305835
-0.47305835 -0.47305835 1.8870349999999998 -0.47305835 -0.47305835 -0.47305835 1.6375097 1.8350505000000001 -0.47305835 -0.47305835
-0.47305835 1.8870349999999998 -0.47305835 -0.47305835 -0.47305835 1.6375097 1.8350505000000001 -0.47305835 -0.47305835 -0.47305835
1.8870349999999998 -0.47305835 -0.47305835 -0.47305835 1.6375097 1.8350505000000001 -0.47305835 -0.47305835 -0.47305835 -0.47305835
-0.47305835 -0.47305835 -0.47305835 1.6375097 1.8350505000000001 -0.47305835 -0.47305835 -0.47305835 -0.47305835 1.6583033999999999
-0.47305835 -0.47305835 1.6375097 1.8350505000000001 -0.47305835 -0.47305835 -0.47305835 -0.47305835 1.6583033999999999 -0.47305835
-0.47305835 1.6375097 1.8350505000000001 -0.47305835 -0.47305835 -0.47305835 -0.47305835 1.6583033999999999 -0.47305835 -0.47305835
1.6375097 1.8350505000000001 -0.47305835 -0.47305835 -0.47305835 -0.47305835 1.6583033999999999 -0.47305835 -0.47305835 2.7603735
1.8350505000000001 -0.47305835 -0.47305835 -0.47305835 -0.47305835 1.6583033999999999 -0.47305835 -0.47305835 2.7603735 -0.47305835
-0.47305835 -0.47305835 -0.47305835 -0.47305835 1.6583033999999999 -0.47305835 -0.47305835 2.7603735 -0.47305835 -0.47305835
-0.47305835 -0.47305835 -0.47305835 1.6583033999999999 -0.47305835 -0.47305835 2.7603735 -0.47305835 -0.47305835 -0.47305835
-0.47305835 -0.47305835 1.6583033999999999 -0.47305835 -0.47305835 2.7603735 -0.47305835 -0.47305835 -0.47305835 1.8662412
-0.47305835 1.6583033999999999 -0.47305835 -0.47305835 2.7603735 -0.47305835 -0.47305835 -0.47305835 1.8662412 2.0429883
1.6583033999999999 -0.47305835 -0.47305835 2.7603735 -0.47305835 -0.47305835 -0.47305835 1.8662412 2.0429883 -0.47305835
-0.47305835 -0.47305835 2.7603735 -0.47305835 -0.47305835 -0.47305835 1.8662412 2.0429883 -0.47305835 -0.47305835
-0.47305835 2.7603735 -0.47305835 -0.47305835 -0.47305835 1.8662412 2.0429883 -0.47305835 -0.47305835 -0.47305835
2.7603735 -0.47305835 -0.47305835 -0.47305835 1.8662412 2.0429883 -0.47305835 -0.47305835 -0.47305835 -0.47305835
-0.47305835 -0.47305835 -0.47305835 1.8662412 2.0429883 -0.47305835 -0.47305835 -0.47305835 -0.47305835 -0.47305835
-0.47305835 -0.47305835 1.8662412 2.0429883 -0.47305835 -0.47305835 -0.47305835 -0.47305835 -0.47305835 2.2405291000000003
-0.47305835 1.8662412 2.0429883 -0.47305835 -0.47305835 -0.47305835 -0.47305835 -0.47305835 2.2405291000000003 -0.47305835
1.8662412 2.0429883 -0.47305835 -0.47305835 -0.47305835 -0.47305835 -0.47305835 2.2405291000000003 -0.47305835 -0.47305835
2.0429883 -0.47305835 -0.47305835 -0.47305835 -0.47305835 -0.47305835 2.2405291000000003 -0.47305835 -0.47305835 1.8662412
-0.47305835 -0.47305835 -0.47305835 -0.47305835 -0.47305835 2.2405291000000003 -0.47305835 -0.47305835 1.8662412 -0.47305835
-0.47305835 -0.47305835 -0.47305835 -0.47305835 2.2405291000000003 -0.47305835 -0.47305835 1.8662412 -0.47305835 2.063782
-0.47305835 -0.47305835 -0.47305835 2.2405291000000003 -0.47305835 -0.47305835 1.8662412 -0.47305835 2.063782 2.6564046
-0.47305835 -0.47305835 2.2405291000000003 -0.47305835 -0.47305835 1.8662412 -0.47305835 2.063782 2.6564046 -0.47305835
-0.47305835 2.2405291000000003 -0.47305835 -0.47305835 1.8662412 -0.47305835 2.063782 2.6564046 -0.47305835 -0.47305835
2.2405291000000003 -0.47305835 -0.47305835 1.8662412 -0.47305835 2.063782 2.6564046 -0.47305835 -0.47305835 -0.47305835
-0.47305835 -0.47305835 1.8662412 -0.47305835 2.063782 2.6564046 -0.47305835 -0.47305835 -0.47305835 -0.47305835
-0.47305835 1.8662412 -0.47305835 2.063782 2.6564046 -0.47305835 -0.47305835 -0.47305835 -0.47305835 -0.47305835
1.8662412 -0.47305835 2.063782 2.6564046 -0.47305835 -0.47305835 -0.47305835 -0.47305835 -0.47305835 -0.47305835
-0.47305835 2.063782 2.6564046 -0.47305835 -0.47305835 -0.47305835 -0.47305835 -0.47305835 -0.47305835 -0.47305835
2.063782 2.6564046 -0.47305835 -0.47305835 -0.47305835 -0.47305835 -0.47305835 -0.47305835 -0.47305835 -0.47305835
2.6564046 -0.47305835 -0.47305835 -0.47305835 -0.47305835 -0.47305835 -0.47305835 -0.47305835 -0.47305835 -0.47305835
-0.47305835 -0.47305835 -0.47305835 -0.47305835 -0.47305835 -0.47305835 -0.47305835 -0.47305835 -0.47305835 -0.47305835
-0.47305835 -0.47305835 -0.47305835 -0.47305835 -0.47305835 -0.47305835 -0.47305835 -0.47305835 -0.47305835 -0.47305835
-0.47305835 -0.47305835 -0.47305835 -0.47305835 -0.47305835 -0.47305835 -0.47305835 -0.47305835 -0.47305835 -0.47305835
-0.47305835 -0.47305835 -0.47305835 -0.47305835 -0.47305835 -0.47305835 -0.47305835 -0.47305835 -0.47305835 -0.47305835
-0.47305835 -0.47305835 -0.47305835 -0.47305835 -0.47305835 -0.47305835 -0.47305835 -0.47305835 -0.47305835 2.3548949
-0.47305835 -0.47305835 -0.47305835 -0.47305835 -0.47305835 -0.47305835 -0.47305835 -0.47305835 2.3548949 1.7518754
-0.47305835 -0.47305835 -0.47305835 -0.47305835 -0.47305835 -0.47305835 -0.47305835 2.3548949 1.7518754 -0.47305835
-0.47305835 -0.47305835 -0.47305835 -0.47305835 -0.47305835 -0.47305835 2.3548949 1.7518754 -0.47305835 -0.47305835
-0.47305835 -0.47305835 -0.47305835 -0.47305835 -0.47305835 2.3548949 1.7518754 -0.47305835 -0.47305835 -0.47305835
-0.47305835 -0.47305835 -0.47305835 -0.47305835 2.3548949 1.7518754 -0.47305835 -0.47305835 -0.47305835 2.3964824
-0.47305835 -0.47305835 -0.47305835 2.3548949 1.7518754 -0.47305835 -0.47305835 -0.47305835 2.3964824 -0.47305835
-0.47305835 -0.47305835 2.3548949 1.7518754 -0.47305835 -0.47305835 -0.47305835 2.3964824 -0.47305835 -0.47305835
-0.47305835 2.3548949 1.7518754 -0.47305835 -0.47305835 -0.47305835 2.3964824 -0.47305835 -0.47305835 -0.47305835
2.3548949 1.7518754 -0.47305835 -0.47305835 -0.47305835 2.3964824 -0.47305835 -0.47305835 -0.47305835 -0.47305835
1.7518754 -0.47305835 -0.47305835 -0.47305835 2.3964824 -0.47305835 -0.47305835 -0.47305835 -0.47305835 -0.47305835
-0.47305835 -0.47305835 -0.47305835 2.3964824 -0.47305835 -0.47305835 -0.47305835 -0.47305835 -0.47305835 -0.47305835
-0.47305835 -0.47305835 2.3964824 -0.47305835 -0.47305835 -0.47305835 -0.47305835 -0.47305835 -0.47305835 -0.47305835
-0.47305835 2.3964824 -0.47305835 -0.47305835 -0.47305835 -0.47305835 -0.47305835 -0.47305835 -0.47305835 1.6271128000000001
2.3964824 -0.47305835 -0.47305835 -0.47305835 -0.47305835 -0.47305835 -0.47305835 -0.47305835 1.6271128000000001 -0.47305835
-0.47305835 -0.47305835 -0.47305835 -0.47305835 -0.47305835 -0.47305835 -0.47305835 1.6271128000000001 -0.47305835 -0.47305835
-0.47305835 -0.47305835 -0.47305835 -0.47305835 -0.47305835 -0.47305835 1.6271128000000001 -0.47305835 -0.47305835 -0.47305835
-0.47305835 -0.47305835 -0.47305835 -0.47305835 -0.47305835 1.6271128000000001 -0.47305835 -0.47305835 -0.47305835 -0.47305835
-0.47305835 -0.47305835 -0.47305835 -0.47305835 1.6271128000000001 -0.47305835 -0.47305835 -0.47305835 -0.47305835 -0.47305835
-0.47305835 -0.47305835 -0.47305835 1.6271128000000001 -0.47305835 -0.47305835 -0.47305835 -0.47305835 -0.47305835 -0.47305835
-0.47305835 -0.47305835 1.6271128000000001 -0.47305835 -0.47305835 -0.47305835 -0.47305835 -0.47305835 -0.47305835 -0.47305835
-0.47305835 1.6271128000000001 -0.47305835 -0.47305835 -0.47305835 -0.47305835 -0.47305835 -0.47305835 -0.47305835 -0.47305835
1.6271128000000001 -0.47305835 -0.47305835 -0.47305835 -0.47305835 -0.47305835 -0.47305835 -0.47305835 -0.47305835 -0.47305835
-0.47305835 -0.47305835 -0.47305835 -0.47305835 -0.47305835 -0.47305835 -0.47305835 -0.47305835 -0.47305835 -0.47305835
-0.47305835 -0.47305835 -0.47305835 -0.47305835 -0.47305835 -0.47305835 -0.47305835 -0.47305835 -0.47305835 -0.47305835
-0.47305835 -0.47305835 -0.47305835 -0.47305835 -0.47305835 -0.47305835 -0.47305835 -0.47305835 -0.47305835 -0.47305835
-0.47305835 -0.47305835 -0.47305835 -0.47305835 -0.47305835 -0.47305835 -0.47305835 -0.47305835 -0.47305835 -0.47305835
-0.47305835 -0.47305835 -0.47305835 -0.47305835 -0.47305835 -0.47305835 -0.47305835 -0.47305835 -0.47305835 -0.47305835
-0.47305835 -0.47305835 -0.47305835 -0.47305835 -0.47305835 -0.47305835 -0.47305835 -0.47305835 -0.47305835 -0.47305835
-0.47305835 -0.47305835 -0.47305835 -0.47305835 -0.47305835 -0.47305835 -0.47305835 -0.47305835 -0.47305835 2.4484668
-0.47305835 -0.47305835 -0.47305835 -0.47305835 -0.47305835 -0.47305835 -0.47305835 -0.47305835 2.4484668 -0.47305835
-0.47305835 -0.47305835 -0.47305835 -0.47305835 -0.47305835 -0.47305835 -0.47305835 2.4484668 -0.47305835 -0.47305835
-0.47305835 -0.47305835 -0.47305835 -0.47305835 -0.47305835 -0.47305835 2.4484668 -0.47305835 -0.47305835 -0.47305835
-0.47305835 -0.47305835 -0.47305835 -0.47305835 -0.47305835 2.4484668 -0.47305835 -0.47305835 -0.47305835 -0.47305835
-0.47305835 -0.47305835 -0.47305835 -0.47305835 2.4484668 -0.47305835 -0.47305835 -0.47305835 -0.47305835 -0.47305835
-0.47305835 -0.47305835 -0.47305835 2.4484668 -0.47305835 -0.47305835 -0.47305835 -0.47305835 -0.47305835 -0.47305835
-0.47305835 -0.47305835 2.4484668 -0.47305835 -0.47305835 -0.47305835 -0.47305835 -0.47305835 -0.47305835 -0.47305835
-0.47305835 2.4484668 -0.47305835 -0.47305835 -0.47305835 -0.47305835 -0.47305835 -0.47305835 -0.47305835 -0.47305835
2.4484668 -0.47305835 -0.47305835 -0.47305835 -0.47305835 -0.47305835 -0.47305835 -0.47305835 -0.47305835 -0.47305835
-0.47305835 -0.47305835 -0.47305835 -0.47305835 -0.47305835 -0.47305835 -0.47305835 -0.47305835 -0.47305835 1.9806069
-0.47305835 -0.47305835 -0.47305835 -0.47305835 -0.47305835 -0.47305835 -0.47305835 -0.47305835 1.9806069 -0.47305835
-0.47305835 -0.47305835 -0.47305835 -0.47305835 -0.47305835 -0.47305835 -0.47305835 1.9806069 -0.47305835 -0.47305835
-0.47305835 -0.47305835 -0.47305835 -0.47305835 -0.47305835 -0.47305835 1.9806069 -0.47305835 -0.47305835 -0.47305835
-0.47305835 -0.47305835 -0.47305835 -0.47305835 -0.47305835 1.9806069 -0.47305835 -0.47305835 -0.47305835 -0.47305835
-0.47305835 -0.47305835 -0.47305835 -0.47305835 1.9806069 -0.47305835 -0.47305835 -0.47305835 -0.47305835 -0.47305835
-0.47305835 -0.47305835 -0.47305835 1.9806069 -0.47305835 -0.47305835 -0.47305835 -0.47305835 -0.47305835 -0.47305835
-0.47305835 -0.47305835 1.9806069 -0.47305835 -0.47305835 -0.47305835 -0.47305835 -0.47305835 -0.47305835 -0.47305835
-0.47305835 1.9806069 -0.47305835 -0.47305835 -0.47305835 -0.47305835 -0.47305835 -0.47305835 -0.47305835 -0.47305835
1.9806069 -0.47305835 -0.47305835 -0.47305835 -0.47305835 -0.47305835 -0.47305835 -0.47305835 -0.47305835 1.9598131999999997
-0.47305835 -0.47305835 -0.47305835 -0.47305835 -0.47305835 -0.47305835 -0.47305835 -0.47305835 1.9598131999999997 -0.47305835
-0.47305835 -0.47305835 -0.47305835 -0.47305835 -0.47305835 -0.47305835 -0.47305835 1.9598131999999997 -0.47305835 -0.47305835
-0.47305835 -0.47305835 -0.47305835 -0.47305835 -0.47305835 -0.47305835 1.9598131999999997 -0.47305835 -0.47305835 -0.47305835
-0.47305835 -0.47305835 -0.47305835 -0.47305835 -0.47305835 1.9598131999999997 -0.47305835 -0.47305835 -0.47305835 -0.47305835
-0.47305835 -0.47305835 -0.47305835 -0.47305835 1.9598131999999997 -0.47305835 -0.47305835 -0.47305835 -0.47305835 -0.47305835
-0.47305835 -0.47305835 -0.47305835 1.9598131999999997 -0.47305835 -0.47305835 -0.47305835 -0.47305835 -0.47305835 -0.47305835
-0.47305835 -0.47305835 1.9598131999999997 -0.47305835 -0.47305835 -0.47305835 -0.47305835 -0.47305835 -0.47305835 -0.47305835
-0.47305835 1.9598131999999997 -0.47305835 -0.47305835 -0.47305835 -0.47305835 -0.47305835 -0.47305835 -0.47305835 -0.47305835
1.9598131999999997 -0.47305835 -0.47305835 -0.47305835 -0.47305835 -0.47305835 -0.47305835 -0.47305835 -0.47305835 -0.47305835
-0.47305835 -0.47305835 -0.47305835 -0.47305835 -0.47305835 -0.47305835 -0.47305835 -0.47305835 -0.47305835 -0.47305835
-0.47305835 -0.47305835 -0.47305835 -0.47305835 -0.47305835 -0.47305835 -0.47305835 -0.47305835 -0.47305835 -0.47305835
-0.47305835 -0.47305835 -0.47305835 -0.47305835 -0.47305835 -0.47305835 -0.47305835 -0.47305835 -0.47305835 2.0949727
-0.47305835 -0.47305835 -0.47305835 -0.47305835 -0.47305835 -0.47305835 -0.47305835 -0.47305835 2.0949727 -0.47305835
-0.47305835 -0.47305835 -0.47305835 -0.47305835 -0.47305835 -0.47305835 -0.47305835 2.0949727 -0.47305835 2.4796575
-0.47305835 -0.47305835 -0.47305835 -0.47305835 -0.47305835 -0.47305835 2.0949727 -0.47305835 2.4796575 -0.47305835
-0.47305835 -0.47305835 -0.47305835 -0.47305835 -0.47305835 2.0949727 -0.47305835 2.4796575 -0.47305835 -0.47305835
-0.47305835 -0.47305835 -0.47305835 -0.47305835 2.0949727 -0.47305835 2.4796575 -0.47305835 -0.47305835 -0.47305835
-0.47305835 -0.47305835 -0.47305835 2.0949727 -0.47305835 2.4796575 -0.47305835 -0.47305835 -0.47305835 -0.47305835
-0.47305835 -0.47305835 2.0949727 -0.47305835 2.4796575 -0.47305835 -0.47305835 -0.47305835 -0.47305835 -0.47305835
-0.47305835 2.0949727 -0.47305835 2.4796575 -0.47305835 -0.47305835 -0.47305835 -0.47305835 -0.47305835 -0.47305835
2.0949727 -0.47305835 2.4796575 -0.47305835 -0.47305835 -0.47305835 -0.47305835 -0.47305835 -0.47305835 -0.47305835
-0.47305835 2.4796575 -0.47305835 -0.47305835 -0.47305835 -0.47305835 -0.47305835 -0.47305835 -0.47305835 -0.47305835
2.4796575 -0.47305835 -0.47305835 -0.47305835 -0.47305835 -0.47305835 -0.47305835 -0.47305835 -0.47305835 -0.47305835
-0.47305835 -0.47305835 -0.47305835 -0.47305835 -0.47305835 -0.47305835 -0.47305835 -0.47305835 -0.47305835 -0.47305835
-0.47305835 -0.47305835 -0.47305835 -0.47305835 -0.47305835 -0.47305835 -0.47305835 -0.47305835 -0.47305835 -0.47305835
-0.47305835 -0.47305835 -0.47305835 -0.47305835 -0.47305835 -0.47305835 -0.47305835 -0.47305835 -0.47305835 -0.47305835
-0.47305835 -0.47305835 -0.47305835 -0.47305835 -0.47305835 -0.47305835 -0.47305835 -0.47305835 -0.47305835 -0.47305835
-0.47305835 -0.47305835 -0.47305835 -0.47305835 -0.47305835 -0.47305835 -0.47305835 -0.47305835 -0.47305835 -0.47305835
-0.47305835 -0.47305835 -0.47305835 -0.47305835 -0.47305835 -0.47305835 -0.47305835 -0.47305835 -0.47305835 -0.47305835
-0.47305835 -0.47305835 -0.47305835 -0.47305835 -0.47305835 -0.47305835 -0.47305835 -0.47305835 -0.47305835 -0.47305835
-0.47305835 -0.47305835 -0.47305835 -0.47305835 -0.47305835 -0.47305835 -0.47305835 -0.47305835 -0.47305835 -0.47305835
-0.47305835 -0.47305835 -0.47305835 -0.47305835 -0.47305835 -0.47305835 -0.47305835 -0.47305835 -0.47305835 1.7310816999999998
-0.47305835 -0.47305835 -0.47305835 -0.47305835 -0.47305835 -0.47305835 -0.47305835 -0.47305835 1.7310816999999998 -0.47305835
-0.47305835 -0.47305835 -0.47305835 -0.47305835 -0.47305835 -0.47305835 -0.47305835 1.7310816999999998 -0.47305835 -0.47305835
-0.47305835 -0.47305835 -0.47305835 -0.47305835 -0.47305835 -0.47305835 1.7310816999999998 -0.47305835 -0.47305835 -0.47305835
-0.47305835 -0.47305835 -0.47305835 -0.47305835 -0.47305835 1.7310816999999998 -0.47305835 -0.47305835 -0.47305835 2.1989416
-0.47305835 -0.47305835 -0.47305835 -0.47305835 1.7310816999999998 -0.47305835 -0.47305835 -0.47305835 2.1989416 -0.47305835
-0.47305835 -0.47305835 -0.47305835 1.7310816999999998 -0.47305835 -0.47305835 -0.47305835 2.1989416 -0.47305835 1.793463
-0.47305835 -0.47305835 1.7310816999999998 -0.47305835 -0.47305835 -0.47305835 2.1989416 -0.47305835 1.793463 -0.47305835
-0.47305835 1.7310816999999998 -0.47305835 -0.47305835 -0.47305835 2.1989416 -0.47305835 1.793463 -0.47305835 -0.47305835
1.7310816999999998 -0.47305835 -0.47305835 -0.47305835 2.1989416 -0.47305835 1.793463 -0.47305835 -0.47305835 1.699891
-0.47305835 -0.47305835 -0.47305835 2.1989416 -0.47305835 1.793463 -0.47305835 -0.47305835 1.699891 1.7518754
-0.47305835 -0.47305835 2.1989416 -0.47305835 1.793463 -0.47305835 -0.47305835 1.699891 1.7518754 -0.47305835
-0.47305835 2.1989416 -0.47305835 1.793463 -0.47305835 -0.47305835 1.699891 1.7518754 -0.47305835 -0.47305835
2.1989416 -0.47305835 1.793463 -0.47305835 -0.47305835 1.699891 1.7518754 -0.47305835 -0.47305835 -0.47305835
-0.47305835 1.793463 -0.47305835 -0.47305835 1.699891 1.7518754 -0.47305835 -0.47305835 -0.47305835 -0.47305835
1.793463 -0.47305835 -0.47305835 1.699891 1.7518754 -0.47305835 -0.47305835 -0.47305835 -0.47305835 -0.47305835
-0.47305835 -0.47305835 1.699891 1.7518754 -0.47305835 -0.47305835 -0.47305835 -0.47305835 -0.47305835 -0.47305835
-0.47305835 1.699891 1.7518754 -0.47305835 -0.47305835 -0.47305835 -0.47305835 -0.47305835 -0.47305835 -0.47305835
1.699891 1.7518754 -0.47305835 -0.47305835 -0.47305835 -0.47305835 -0.47305835 -0.47305835 -0.47305835 -0.47305835
1.7518754 -0.47305835 -0.47305835 -0.47305835 -0.47305835 -0.47305835 -0.47305835 -0.47305835 -0.47305835 1.8246536
-0.47305835 -0.47305835 -0.47305835 -0.47305835 -0.47305835 -0.47305835 -0.47305835 -0.47305835 1.8246536 -0.47305835
-0.47305835 -0.47305835 -0.47305835 -0.47305835 -0.47305835 -0.47305835 -0.47305835 1.8246536 -0.47305835 -0.47305835
-0.47305835 -0.47305835 -0.47305835 -0.47305835 -0.47305835 -0.47305835 1.8246536 -0.47305835 -0.47305835 -0.47305835
-0.47305835 -0.47305835 -0.47305835 -0.47305835 -0.47305835 1.8246536 -0.47305835 -0.47305835 -0.47305835 -0.47305835
-0.47305835 -0.47305835 -0.47305835 -0.47305835 1.8246536 -0.47305835 -0.47305835 -0.47305835 -0.47305835 -0.47305835
-0.47305835 -0.47305835 -0.47305835 1.8246536 -0.47305835 -0.47305835 -0.47305835 -0.47305835 -0.47305835 -0.47305835
-0.47305835 -0.47305835 1.8246536 -0.47305835 -0.47305835 -0.47305835 -0.47305835 -0.47305835 -0.47305835 -0.47305835
-0.47305835 1.8246536 -0.47305835 -0.47305835 -0.47305835 -0.47305835 -0.47305835 -0.47305835 -0.47305835 -0.47305835
1.8246536 -0.47305835 -0.47305835 -0.47305835 -0.47305835 -0.47305835 -0.47305835 -0.47305835 -0.47305835 -0.47305835
-0.47305835 -0.47305835 -0.47305835 -0.47305835 -0.47305835 -0.47305835 -0.47305835 -0.47305835 -0.47305835 -0.47305835
-0.47305835 -0.47305835 -0.47305835 -0.47305835 -0.47305835 -0.47305835 -0.47305835 -0.47305835 -0.47305835 1.7830661
-0.47305835 -0.47305835 -0.47305835 -0.47305835 -0.47305835 -0.47305835 -0.47305835 -0.47305835 1.7830661 -0.47305835
-0.47305835 -0.47305835 -0.47305835 -0.47305835 -0.47305835 -0.47305835 -0.47305835 1.7830661 -0.47305835 -0.47305835
-0.47305835 -0.47305835 -0.47305835 -0.47305835 -0.47305835 -0.47305835 1.7830661 -0.47305835 -0.47305835 -0.47305835
-0.47305835 -0.47305835 -0.47305835 -0.47305835 -0.47305835 1.7830661 -0.47305835 -0.47305835 -0.47305835 -0.47305835
-0.47305835 -0.47305835 -0.47305835 -0.47305835 1.7830661 -0.47305835 -0.47305835 -0.47305835 -0.47305835 -0.47305835
-0.47305835 -0.47305835 -0.47305835 1.7830661 -0.47305835 -0.47305835 -0.47305835 -0.47305835 -0.47305835 -0.47305835
-0.47305835 -0.47305835 1.7830661 -0.47305835 -0.47305835 -0.47305835 -0.47305835 -0.47305835 -0.47305835 -0.47305835
-0.47305835 1.7830661 -0.47305835 -0.47305835 -0.47305835 -0.47305835 -0.47305835 -0.47305835 -0.47305835 -0.47305835
