-0.39066005 -0.39066005 -0.39066005 -0.39066005 -0.39066005 -0.39066005 2.0706301 -0.39066005 -0.39066005 -0.39066005
-0.39066005 -0.39066005 -0.39066005 -0.39066005 -0.39066005 2.0706301 -0.39066005 -0.39066005 -0.39066005 -0.39066005
-0.39066005 -0.39066005 -0.39066005 -0.39066005 2.0706301 -0.39066005 -0.39066005 -0.39066005 -0.39066005 -0.39066005
-0.39066005 -0.39066005 -0.39066005 2.0706301 -0.39066005 -0.39066005 -0.39066005 -0.39066005 -0.39066005 -0.39066005
-0.39066005 -0.39066005 2.0706301 -0.39066005 -0.39066005 -0.39066005 -0.39066005 -0.39066005 -0.39066005 -0.39066005
-0.39066005 2.0706301 -0.39066005 -0.39066005 -0.39066005 -0.39066005 -0.39066005 -0.39066005 -0.39066005 1.9835048
2.0706301 -0.39066005 -0.39066005 -0.39066005 -0.39066005 -0.39066005 -0.39066005 -0.39066005 1.9835048 2.9418832999999998
-0.39066005 -0.39066005 -0.39066005 -0.39066005 -0.39066005 -0.39066005 -0.39066005 1.9835048 2.9418832999999998 3.7477925
-0.39066005 -0.39066005 -0.39066005 -0.39066005 -0.39066005 -0.39066005 1.9835048 2.9418832999999998 3.7477925 -0.39066005
-0.39066005 -0.39066005 -0.39066005 -0.39066005 -0.39066005 1.9835048 2.9418832999999998 3.7477925 -0.39066005 -0.39066005
-0.39066005 -0.39066005 -0.39066005 -0.39066005 1.9835048 2.9418832999999998 3.7477925 -0.39066005 -0.39066005 -0.39066005
-0.39066005 -0.39066005 -0.39066005 1.9835048 2.9418832999999998 3.7477925 -0.39066005 -0.39066005 -0.39066005 -0.39066005
-0.39066005 -0.39066005 1.9835048 2.9418832999999998 3.7477925 -0.39066005 -0.39066005 -0.39066005 -0.39066005 -0.39066005
-0.39066005 1.9835048 2.9418832999999998 3.7477925 -0.39066005 -0.39066005 -0.39066005 -0.39066005 -0.39066005 -0.39066005
1.9835048 2.9418832999999998 3.7477925 -0.39066005 -0.39066005 -0.39066005 -0.39066005 -0.39066005 -0.39066005 -0.39066005
2.9418832999999998 3.7477925 -0.39066005 -0.39066005 -0.39066005 -0.39066005 -0.39066005 -0.39066005 -0.39066005 -0.39066005
3.7477925 -0.39066005 -0.39066005 -0.39066005 -0.39066005 -0.39066005 -0.39066005 -0.39066005 -0.39066005 -0.39066005
-0.39066005 -0.39066005 -0.39066005 -0.39066005 -0.39066005 -0.39066005 -0.39066005 -0.39066005 -0.39066005 -0.39066005
-0.39066005 -0.39066005 -0.39066005 -0.39066005 -0.39066005 -0.39066005 -0.39066005 -0.39066005 -0.39066005 -0.39066005
-0.39066005 -0.39066005 -0.39066005 -0.39066005 -0.39066005 -0.39066005 -0.39066005 -0.39066005 -0.39066005 -0.39066005
-0.39066005 -0.39066005 -0.39066005 -0.39066005 -0.39066005 -0.39066005 -0.39066005 -0.39066005 -0.39066005 -0.39066005
-0.39066005 -0.39066005 -0.39066005 -0.39066005 -0.39066005 -0.39066005 -0.39066005 -0.39066005 -0.39066005 -0.39066005
-0.39066005 -0.39066005 -0.39066005 -0.39066005 -0.39066005 -0.39066005 -0.39066005 -0.39066005 -0.39066005 -0.39066005
-0.39066005 -0.39066005 -0.39066005 -0.39066005 -0.39066005 -0.39066005 -0.39066005 -0.39066005 -0.39066005 -0.39066005
-0.39066005 -0.39066005 -0.39066005 -0.39066005 -0.39066005 -0.39066005 -0.39066005 -0.39066005 -0.39066005 -0.39066005
-0.39066005 -0.39066005 -0.39066005 -0.39066005 -0.39066005 -0.39066005 -0.39066005 -0.39066005 -0.39066005 2.5389287
-0.39066005 -0.39066005 -0.39066005 -0.39066005 -0.39066005 -0.39066005 -0.39066005 -0.39066005 2.5389287 -0.39066005
-0.39066005 -0.39066005 -0.39066005 -0.39066005 -0.39066005 -0.39066005 -0.39066005 2.5389287 -0.39066005 -0.39066005
-0.39066005 -0.39066005 -0.39066005 -0.39066005 -0.39066005 -0.39066005 2.5389287 -0.39066005 -0.39066005 -0.39066005
-0.39066005 -0.39066005 -0.39066005 -0.39066005 -0.39066005 2.5389287 -0.39066005 -0.39066005 -0.39066005 -0.39066005
-0.39066005 -0.39066005 -0.39066005 -0.39066005 2.5389287 -0.39066005 -0.39066005 -0.39066005 -0.39066005 -0.39066005
-0.39066005 -0.39066005 -0.39066005 2.5389287 -0.39066005 -0.39066005 -0.39066005 -0.39066005 -0.39066005 -0.39066005
-0.39066005 -0.39066005 2.5389287 -0.39066005 -0.39066005 -0.39066005 -0.39066005 -0.39066005 -0.39066005 -0.39066005
-0.39066005 2.5389287 -0.39066005 -0.39066005 -0.39066005 -0.39066005 -0.39066005 -0.39066005 -0.39066005 -0.39066005
2.5389287 -0.39066005 -0.39066005 -0.39066005 -0.39066005 -0.39066005 -0.39066005 -0.39066005 -0.39066005 -0.39066005
-0.39066005 -0.39066005 -0.39066005 -0.39066005 -0.39066005 -0.39066005 -0.39066005 -0.39066005 -0.39066005 -0.39066005
-0.39066005 -0.39066005 -0.39066005 -0.39066005 -0.39066005 -0.39066005 -0.39066005 -0.39066005 -0.39066005 -0.39066005
-0.39066005 -0.39066005 -0.39066005 -0.39066005 -0.39066005 -0.39066005 -0.39066005 -0.39066005 -0.39066005 -0.39066005
-0.39066005 -0.39066005 -0.39066005 -0.39066005 -0.39066005 -0.39066005 -0.39066005 -0.39066005 -0.39066005 -0.39066005
-0.39066005 -0.39066005 -0.39066005 -0.39066005 -0.39066005 -0.39066005 -0.39066005 -0.39066005 -0.39066005 -0.39066005
-0.39066005 -0.39066005 -0.39066005 -0.39066005 -0.39066005 -0.39066005 -0.39066005 -0.39066005 -0.39066005 -0.39066005
-0.39066005 -0.39066005 -0.39066005 -0.39066005 -0.39066005 -0.39066005 -0.39066005 -0.39066005 -0.39066005 -0.39066005
-0.39066005 -0.39066005 -0.39066005 -0.39066005 -0.39066005 -0.39066005 -0.39066005 -0.39066005 -0.39066005 -0.39066005
-0.39066005 -0.39066005 -0.39066005 -0.39066005 -0.39066005 -0.39066005 -0.39066005 -0.39066005 -0.39066005 -0.39066005
-0.39066005 -0.39066005 -0.39066005 -0.39066005 -0.39066005 -0.39066005 -0.39066005 -0.39066005 -0.39066005 -0.39066005
-0.39066005 -0.39066005 -0.39066005 -0.39066005 -0.39066005 -0.39066005 -0.39066005 -0.39066005 -0.39066005 -0.39066005
-0.39066005 -0.39066005 -0.39066005 -0.39066005 -0.39066005 -0.39066005 -0.39066005 -0.39066005 -0.39066005 -0.39066005
-0.39066005 -0.39066005 -0.39066005 -0.39066005 -0.39066005 -0.39066005 -0.39066005 -0.39066005 -0.39066005 -0.39066005
-0.39066005 -0.39066005 -0.39066005 -0.39066005 -0.39066005 -0.39066005 -0.39066005 -0.39066005 -0.39066005 -0.39066005
-0.39066005 -0.39066005 -0.39066005 -0.39066005 -0.39066005 -0.39066005 -0.39066005 -0.39066005 -0.39066005 -0.39066005
-0.39066005 -0.39066005 -0.39066005 -0.39066005 -0.39066005 -0.39066005 -0.39066005 -0.39066005 -0.39066005 -0.39066005
-0.39066005 -0.39066005 -0.39066005 -0.39066005 -0.39066005 -0.39066005 -0.39066005 -0.39066005 -0.39066005 -0.39066005
-0.39066005 -0.39066005 -0.39066005 -0.39066005 -0.39066005 -0.39066005 -0.39066005 -0.39066005 -0.39066005 -0.39066005
-0.39066005 -0.39066005 -0.39066005 -0.39066005 -0.39066005 -0.39066005 -0.39066005 -0.39066005 -0.39066005 -0.39066005
-0.39066005 -0.39066005 -0.39066005 -0.39066005 -0.39066005 -0.39066005 -0.39066005 -0.39066005 -0.39066005 -0.39066005
-0.39066005 -0.39066005 -0.39066005 -0.39066005 -0.39066005 -0.39066005 -0.39066005 -0.39066005 -0.39066005 -0.39066005
-0.39066005 -0.39066005 -0.39066005 -0.39066005 -0.39066005 -0.39066005 -0.39066005 -0.39066005 -0.39066005 -0.39066005
-0.39066005 -0.39066005 -0.39066005 -0.39066005 -0.39066005 -0.39066005 -0.39066005 -0.39066005 -0.39066005 -0.39066005
-0.39066005 -0.39066005 -0.39066005 -0.39066005 -0.39066005 -0.39066005 -0.39066005 -0.39066005 -0.39066005 -0.39066005
-0.39066005 -0.39066005 -0.39066005 -0.39066005 -0.39066005 -0.39066005 -0.39066005 -0.39066005 -0.39066005 -0.39066005
-0.39066005 -0.39066005 -0.39066005 -0.39066005 -0.39066005 -0.39066005 -0.39066005 -0.39066005 -0.39066005 -0.39066005
-0.39066005 -0.39066005 -0.39066005 -0.39066005 -0.39066005 -0.39066005 -0.39066005 -0.39066005 -0.39066005 -0.39066005
-0.39066005 -0.39066005 -0.39066005 -0.39066005 -0.39066005 -0.39066005 -0.39066005 -0.39066005 -0.39066005 -0.39066005
-0.39066005 -0.39066005 -0.39066005 -0.39066005 -0.39066005 -0.39066005 -0.39066005 -0.39066005 -0.39066005 2.1795367999999997
-0.39066005 -0.39066005 -0.39066005 -0.39066005 -0.39066005 -0.39066005 -0.39066005 -0.39066005 2.1795367999999997 -0.39066005
-0.39066005 -0.39066005 -0.39066005 -0.39066005 -0.39066005 -0.39066005 -0.39066005 2.1795367999999997 -0.39066005 -0.39066005
-0.39066005 -0.39066005 -0.39066005 -0.39066005 -0.39066005 -0.39066005 2.1795367999999997 -0.39066005 -0.39066005 -0.39066005
-0.39066005 -0.39066005 -0.39066005 -0.39066005 -0.39066005 2.1795367999999997 -0.39066005 -0.39066005 -0.39066005 -0.39066005
-0.39066005 -0.39066005 -0.39066005 -0.39066005 2.1795367999999997 -0.39066005 -0.39066005 -0.39066005 -0.39066005 -0.39066005
-0.39066005 -0.39066005 -0.39066005 2.1795367999999997 -0.39066005 -0.39066005 -0.39066005 -0.39066005 -0.39066005 -0.39066005
-0.39066005 -0.39066005 2.1795367999999997 -0.39066005 -0.39066005 -0.39066005 -0.39066005 -0.39066005 -0.39066005 -0.39066005
-0.39066005 2.1795367999999997 -0.39066005 -0.39066005 -0.39066005 -0.39066005 -0.39066005 -0.39066005 -0.39066005 1.9072702000000001
2.1795367999999997 -0.39066005 -0.39066005 -0.39066005 -0.39066005 -0.39066005 -0.39066005 -0.39066005 1.9072702000000001 -0.39066005
-0.39066005 -0.39066005 -0.39066005 -0.39066005 -0.39066005 -0.39066005 -0.39066005 1.9072702000000001 -0.39066005 -0.39066005
-0.39066005 -0.39066005 -0.39066005 -0.39066005 -0.39066005 -0.39066005 1.9072702000000001 -0.39066005 -0.39066005 -0.39066005
-0.39066005 -0.39066005 -0.39066005 -0.39066005 -0.39066005 1.9072702000000001 -0.39066005 -0.39066005 -0.39066005 -0.39066005
-0.39066005 -0.39066005 -0.39066005 -0.39066005 1.9072702000000001 -0.39066005 -0.39066005 -0.39066005 -0.39066005 -0.39066005
-0.39066005 -0.39066005 -0.39066005 1.9072702000000001 -0.39066005 -0.39066005 -0.39066005 -0.39066005 -0.39066005 -0.39066005
-0.39066005 -0.39066005 1.9072702000000001 -0.39066005 -0.39066005 -0.39066005 -0.39066005 -0.39066005 -0.39066005 -0.39066005
-0.39066005 1.9072702000000001 -0.39066005 -0.39066005 -0.39066005 -0.39066005 -0.39066005 -0.39066005 -0.39066005 -0.39066005
1.9072702000000001 -0.39066005 -0.39066005 -0.39066005 -0.39066005 -0.39066005 -0.39066005 -0.39066005 -0.39066005 -0.39066005
-0.39066005 -0.39066005 -0.39066005 -0.39066005 -0.39066005 -0.39066005 -0.39066005 -0.39066005 -0.39066005 -0.39066005
-0.39066005 -0.39066005 -0.39066005 -0.39066005 -0.39066005 -0.39066005 -0.39066005 -0.39066005 -0.39066005 -0.39066005
-0.39066005 -0.39066005 -0.39066005 -0.39066005 -0.39066005 -0.39066005 -0.39066005 -0.39066005 -0.39066005 -0.39066005
-0.39066005 -0.39066005 -0.39066005 -0.39066005 -0.39066005 -0.39066005 -0.39066005 -0.39066005 -0.39066005 -0.39066005
-0.39066005 -0.39066005 -0.39066005 -0.39066005 -0.39066005 -0.39066005 -0.39066005 -0.39066005 -0.39066005 -0.39066005
-0.39066005 -0.39066005 -0.39066005 -0.39066005 -0.39066005 -0.39066005 -0.39066005 -0.39066005 -0.39066005 -0.39066005
-0.39066005 -0.39066005 -0.39066005 -0.39066005 -0.39066005 -0.39066005 -0.39066005 -0.39066005 -0.39066005 -0.39066005
-0.39066005 -0.39066005 -0.39066005 -0.39066005 -0.39066005 -0.39066005 -0.39066005 -0.39066005 -0.39066005 -0.39066005
-0.39066005 -0.39066005 -0.39066005 -0.39066005 -0.39066005 -0.39066005 -0.39066005 -0.39066005 -0.39066005 -0.39066005
-0.39066005 -0.39066005 -0.39066005 -0.39066005 -0.39066005 -0.39066005 -0.39066005 -0.39066005 -0.39066005 -0.39066005
-0.39066005 -0.39066005 -0.39066005 -0.39066005 -0.39066005 -0.39066005 -0.39066005 -0.39066005 -0.39066005 -0.39066005
-0.39066005 -0.39066005 -0.39066005 -0.39066005 -0.39066005 -0.39066005 -0.39066005 -0.39066005 -0.39066005 -0.39066005
-0.39066005 -0.39066005 -0.39066005 -0.39066005 -0.39066005 -0.39066005 -0.39066005 -0.39066005 -0.39066005 -0.39066005
-0.39066005 -0.39066005 -0.39066005 -0.39066005 -0.39066005 -0.39066005 -0.39066005 -0.39066005 -0.39066005 -0.39066005
-0.39066005 -0.39066005 -0.39066005 -0.39066005 -0.39066005 -0.39066005 -0.39066005 -0.39066005 -0.39066005 -0.39066005
-0.39066005 -0.39066005 -0.39066005 -0.39066005 -0.39066005 -0.39066005 -0.39066005 -0.39066005 -0.39066005 -0.39066005
-0.39066005 -0.39066005 -0.39066005 -0.39066005 -0.39066005 -0.39066005 -0.39066005 -0.39066005 -0.39066005 2.2122088
-0.39066005 -0.39066005 -0.39066005 -0.39066005 -0.39066005 -0.39066005 -0.39066005 -0.39066005 2.2122088 -0.39066005
-0.39066005 -0.39066005 -0.39066005 -0.39066005 -0.39066005 -0.39066005 -0.39066005 2.2122088 -0.39066005 -0.39066005
-0.39066005 -0.39066005 -0.39066005 -0.39066005 -0.39066005 -0.39066005 2.2122088 -0.39066005 -0.39066005 -0.39066005
-0.39066005 -0.39066005 -0.39066005 -0.39066005 -0.39066005 2.2122088 -0.39066005 -0.39066005 -0.39066005 -0.39066005
-0.39066005 -0.39066005 -0.39066005 -0.39066005 2.2122088 -0.39066005 -0.39066005 -0.39066005 -0.39066005 -0.39066005
-0.39066005 -0.39066005 -0.39066005 2.2122088 -0.39066005 -0.39066005 -0.39066005 -0.39066005 -0.39066005 -0.39066005
-0.39066005 -0.39066005 2.2122088 -0.39066005 -0.39066005 -0.39066005 -0.39066005 -0.39066005 -0.39066005 -0.39066005
-0.39066005 2.2122088 -0.39066005 -0.39066005 -0.39066005 -0.39066005 -0.39066005 -0.39066005 -0.39066005 -0.39066005
2.2122088 -0.39066005 -0.39066005 -0.39066005 -0.39066005 -0.39066005 -0.39066005 -0.39066005 -0.39066005 -0.39066005
-0.39066005 -0.39066005 -0.39066005 -0.39066005 -0.39066005 -0.39066005 -0.39066005 -0.39066005 -0.39066005 -0.39066005
-0.39066005 -0.39066005 -0.39066005 -0.39066005 -0.39066005 -0.39066005 -0.39066005 -0.39066005 -0.39066005 2.2013181
-0.39066005 -0.39066005 -0.39066005 -0.39066005 -0.39066005 -0.39066005 -0.39066005 -0.39066005 2.2013181 -0.39066005
-0.39066005 -0.39066005 -0.39066005 -0.39066005 -0.39066005 -0.39066005 -0.39066005 2.2013181 -0.39066005 -0.39066005
-0.39066005 -0.39066005 -0.39066005 -0.39066005 -0.39066005 -0.39066005 2.2013181 -0.39066005 -0.39066005 -0.39066005
-0.39066005 -0.39066005 -0.39066005 -0.39066005 -0.39066005 2.2013181 -0.39066005 -0.39066005 -0.39066005 -0.39066005
-0.39066005 -0.39066005 -0.39066005 -0.39066005 2.2013181 -0.39066005 -0.39066005 -0.39066005 -0.39066005 -0.39066005
-0.39066005 -0.39066005 -0.39066005 2.2013181 -0.39066005 -0.39066005 -0.39066005 -0.39066005 -0.39066005 -0.39066005
-0.39066005 -0.39066005 2.2013181 -0.39066005 -0.39066005 -0.39066005 -0.39066005 -0.39066005 -0.39066005 -0.39066005
-0.39066005 2.2013181 -0.39066005 -0.39066005 -0.39066005 -0.39066005 -0.39066005 -0.39066005 -0.39066005 2.7131794
2.2013181 -0.39066005 -0.39066005 -0.39066005 -0.39066005 -0.39066005 -0.39066005 -0.39066005 2.7131794 2.2013181
-0.39066005 -0.39066005 -0.39066005 -0.39066005 -0.39066005 -0.39066005 -0.39066005 2.7131794 2.2013181 -0.39066005
-0.39066005 -0.39066005 -0.39066005 -0.39066005 -0.39066005 -0.39066005 2.7131794 2.2013181 -0.39066005 -0.39066005
-0.39066005 -0.39066005 -0.39066005 -0.39066005 -0.39066005 2.7131794 2.2013181 -0.39066005 -0.39066005 2.3320061
-0.39066005 -0.39066005 -0.39066005 -0.39066005 2.7131794 2.2013181 -0.39066005 -0.39066005 2.3320061 -0.39066005
-0.39066005 -0.39066005 -0.39066005 2.7131794 2.2013181 -0.39066005 -0.39066005 2.3320061 -0.39066005 -0.39066005
-0.39066005 -0.39066005 2.7131794 2.2013181 -0.39066005 -0.39066005 2.3320061 -0.39066005 -0.39066005 -0.39066005
-0.39066005 2.7131794 2.2013181 -0.39066005 -0.39066005 2.3320061 -0.39066005 -0.39066005 -0.39066005 3.0834619
2.7131794 2.2013181 -0.39066005 -0.39066005 2.3320061 -0.39066005 -0.39066005 -0.39066005 3.0834619 -0.39066005
2.2013181 -0.39066005 -0.39066005 2.3320061 -0.39066005 -0.39066005 -0.39066005 3.0834619 -0.39066005 -0.39066005
-0.39066005 -0.39066005 2.3320061 -0.39066005 -0.39066005 -0.39066005 3.0834619 -0.39066005 -0.39066005 -0.39066005
-0.39066005 2.3320061 -0.39066005 -0.39066005 -0.39066005 3.0834619 -0.39066005 -0.39066005 -0.39066005 -0.39066005
2.3320061 -0.39066005 -0.39066005 -0.39066005 3.0834619 -0.39066005 -0.39066005 -0.39066005 -0.39066005 -0.39066005
-0.39066005 -0.39066005 -0.39066005 3.0834619 -0.39066005 -0.39066005 -0.39066005 -0.39066005 -0.39066005 2.4953661
-0.39066005 -0.39066005 3.0834619 -0.39066005 -0.39066005 -0.39066005 -0.39066005 -0.39066005 2.4953661 -0.39066005
-0.39066005 3.0834619 -0.39066005 -0.39066005 -0.39066005 -0.39066005 -0.39066005 2.4953661 -0.39066005 2.3102248
3.0834619 -0.39066005 -0.39066005 -0.39066005 -0.39066005 -0.39066005 2.4953661 -0.39066005 2.3102248 -0.39066005
-0.39066005 -0.39066005 -0.39066005 -0.39066005 -0.39066005 2.4953661 -0.39066005 2.3102248 -0.39066005 2.8111952999999996
-0.39066005 -0.39066005 -0.39066005 -0.39066005 2.4953661 -0.39066005 2.3102248 -0.39066005 2.8111952999999996 2.9963366000000002
-0.39066005 -0.39066005 -0.39066005 2.4953661 -0.39066005 2.3102248 -0.39066005 2.8111952999999996 2.9963366000000002 -0.39066005
-0.39066005 -0.39066005 2.4953661 -0.39066005 2.3102248 -0.39066005 2.8111952999999996 2.9963366000000002 -0.39066005 -0.39066005
-0.39066005 2.4953661 -0.39066005 2.3102248 -0.39066005 2.8111952999999996 2.9963366000000002 -0.39066005 -0.39066005 -0.39066005
2.4953661 -0.39066005 2.3102248 -0.39066005 2.8111952999999996 2.9963366000000002 -0.39066005 -0.39066005 -0.39066005 -0.39066005
-0.39066005 2.3102248 -0.39066005 2.8111952999999996 2.9963366000000002 -0.39066005 -0.39066005 -0.39066005 -0.39066005 -0.39066005
2.3102248 -0.39066005 2.8111952999999996 2.9963366000000002 -0.39066005 -0.39066005 -0.39066005 -0.39066005 -0.39066005 -0.39066005
-0.39066005 2.8111952999999996 2.9963366000000002 -0.39066005 -0.39066005 -0.39066005 -0.39066005 -0.39066005 -0.39066005 -0.39066005
2.8111952999999996 2.9963366000000002 -0.39066005 -0.39066005 -0.39066005 -0.39066005 -0.39066005 -0.39066005 -0.39066005 -0.39066005
2.9963366000000002 -0.39066005 -0.39066005 -0.39066005 -0.39066005 -0.39066005 -0.39066005 -0.39066005 -0.39066005 -0.39066005
-0.39066005 -0.39066005 -0.39066005 -0.39066005 -0.39066005 -0.39066005 -0.39066005 -0.39066005 -0.39066005 -0.39066005
-0.39066005 -0.39066005 -0.39066005 -0.39066005 -0.39066005 -0.39066005 -0.39066005 -0.39066005 -0.39066005 1.8092542
-0.39066005 -0.39066005 -0.39066005 -0.39066005 -0.39066005 -0.39066005 -0.39066005 -0.39066005 1.8092542 -0.39066005
-0.39066005 -0.39066005 -0.39066005 -0.39066005 -0.39066005 -0.39066005 -0.39066005 1.8092542 -0.39066005 2.4518033999999997
-0.39066005 -0.39066005 -0.39066005 -0.39066005 -0.39066005 -0.39066005 1.8092542 -0.39066005 2.4518033999999997 -0.39066005
-0.39066005 -0.39066005 -0.39066005 -0.39066005 -0.39066005 1.8092542 -0.39066005 2.4518033999999997 -0.39066005 2.2666621
-0.39066005 -0.39066005 -0.39066005 -0.39066005 1.8092542 -0.39066005 2.4518033999999997 -0.39066005 2.2666621 -0.39066005
-0.39066005 -0.39066005 -0.39066005 1.8092542 -0.39066005 2.4518033999999997 -0.39066005 2.2666621 -0.39066005 -0.39066005
-0.39066005 -0.39066005 1.8092542 -0.39066005 2.4518033999999997 -0.39066005 2.2666621 -0.39066005 -0.39066005 -0.39066005
-0.39066005 1.8092542 -0.39066005 2.4518033999999997 -0.39066005 2.2666621 -0.39066005 -0.39066005 -0.39066005 -0.39066005
1.8092542 -0.39066005 2.4518033999999997 -0.39066005 2.2666621 -0.39066005 -0.39066005 -0.39066005 -0.39066005 -0.39066005
-0.39066005 2.4518033999999997 -0.39066005 2.2666621 -0.39066005 -0.39066005 -0.39066005 -0.39066005 -0.39066005 -0.39066005
2.4518033999999997 -0.39066005 2.2666621 -0.39066005 -0.39066005 -0.39066005 -0.39066005 -0.39066005 -0.39066005 -0.39066005
-0.39066005 2.2666621 -0.39066005 -0.39066005 -0.39066005 -0.39066005 -0.39066005 -0.39066005 -0.39066005 -0.39066005
2.2666621 -0.39066005 -0.39066005 -0.39066005 -0.39066005 -0.39066005 -0.39066005 -0.39066005 -0.39066005 -0.39066005
-0.39066005 -0.39066005 -0.39066005 -0.39066005 -0.39066005 -0.39066005 -0.39066005 -0.39066005 -0.39066005 2.0706301
-0.39066005 -0.39066005 -0.39066005 -0.39066005 -0.39066005 -0.39066005 -0.39066005 -0.39066005 2.0706301 -0.39066005
-0.39066005 -0.39066005 -0.39066005 -0.39066005 -0.39066005 -0.39066005 -0.39066005 2.0706301 -0.39066005 1.8854887999999999
-0.39066005 -0.39066005 -0.39066005 -0.39066005 -0.39066005 -0.39066005 2.0706301 -0.39066005 1.8854887999999999 -0.39066005
-0.39066005 -0.39066005 -0.39066005 -0.39066005 -0.39066005 2.0706301 -0.39066005 1.8854887999999999 -0.39066005 -0.39066005
-0.39066005 -0.39066005 -0.39066005 -0.39066005 2.0706301 -0.39066005 1.8854887999999999 -0.39066005 -0.39066005 -0.39066005
-0.39066005 -0.39066005 -0.39066005 2.0706301 -0.39066005 1.8854887999999999 -0.39066005 -0.39066005 -0.39066005 -0.39066005
-0.39066005 -0.39066005 2.0706301 -0.39066005 1.8854887999999999 -0.39066005 -0.39066005 -0.39066005 -0.39066005 -0.39066005
-0.39066005 2.0706301 -0.39066005 1.8854887999999999 -0.39066005 -0.39066005 -0.39066005 -0.39066005 -0.39066005 -0.39066005
2.0706301 -0.39066005 1.8854887999999999 -0.39066005 -0.39066005 -0.39066005 -0.39066005 -0.39066005 -0.39066005 -0.39066005
-0.39066005 1.8854887999999999 -0.39066005 -0.39066005 -0.39066005 -0.39066005 -0.39066005 -0.39066005 -0.39066005 -0.39066005
1.8854887999999999 -0.39066005 -0.39066005 -0.39066005 -0.39066005 -0.39066005 -0.39066005 -0.39066005 -0.39066005 2.1795367999999997
-0.39066005 -0.39066005 -0.39066005 -0.39066005 -0.39066005 -0.39066005 -0.39066005 -0.39066005 2.1795367999999997 -0.39066005
-0.39066005 -0.39066005 -0.39066005 -0.39066005 -0.39066005 -0.39066005 -0.39066005 2.1795367999999997 -0.39066005 -0.39066005
-0.39066005 -0.39066005 -0.39066005 -0.39066005 -0.39066005 -0.39066005 2.1795367999999997 -0.39066005 -0.39066005 -0.39066005
-0.39066005 -0.39066005 -0.39066005 -0.39066005 -0.39066005 2.1795367999999997 -0.39066005 -0.39066005 -0.39066005 -0.39066005
-0.39066005 -0.39066005 -0.39066005 -0.39066005 2.1795367999999997 -0.39066005 -0.39066005 -0.39066005 -0.39066005 -0.39066005
-0.39066005 -0.39066005 -0.39066005 2.1795367999999997 -0.39066005 -0.39066005 -0.39066005 -0.39066005 -0.39066005 -0.39066005
-0.39066005 -0.39066005 2.1795367999999997 -0.39066005 -0.39066005 -0.39066005 -0.39066005 -0.39066005 -0.39066005 -0.39066005
-0.39066005 2.1795367999999997 -0.39066005 -0.39066005 -0.39066005 -0.39066005 -0.39066005 -0.39066005 -0.39066005 -0.39066005
2.1795367999999997 -0.39066005 -0.39066005 -0.39066005 -0.39066005 -0.39066005 -0.39066005 -0.39066005 -0.39066005 -0.39066005
-0.39066005 -0.39066005 -0.39066005 -0.39066005 -0.39066005 -0.39066005 -0.39066005 -0.39066005 -0.39066005 -0.39066005
-0.39066005 -0.39066005 -0.39066005 -0.39066005 -0.39066005 -0.39066005 -0.39066005 -0.39066005 -0.39066005 -0.39066005
-0.39066005 -0.39066005 -0.39066005 -0.39066005 -0.39066005 -0.39066005 -0.39066005 -0.39066005 -0.39066005 -0.39066005
-0.39066005 -0.39066005 -0.39066005 -0.39066005 -0.39066005 -0.39066005 -0.39066005 -0.39066005 -0.39066005 -0.39066005
-0.39066005 -0.39066005 -0.39066005 -0.39066005 -0.39066005 -0.39066005 -0.39066005 -0.39066005 -0.39066005 -0.39066005
-0.39066005 -0.39066005 -0.39066005 -0.39066005 -0.39066005 -0.39066005 -0.39066005 -0.39066005 -0.39066005 -0.39066005
-0.39066005 -0.39066005 -0.39066005 -0.39066005 -0.39066005 -0.39066005 -0.39066005 -0.39066005 -0.39066005 -0.39066005
-0.39066005 -0.39066005 -0.39066005 -0.39066005 -0.39066005 -0.39066005 -0.39066005 -0.39066005 -0.39066005 -0.39066005
-0.39066005 -0.39066005 -0.39066005 -0.39066005 -0.39066005 -0.39066005 -0.39066005 -0.39066005 -0.39066005 -0.39066005
-0.39066005 -0.39066005 -0.39066005 -0.39066005 -0.39066005 -0.39066005 -0.39066005 -0.39066005 -0.39066005 -0.39066005
-0.39066005 -0.39066005 -0.39066005 -0.39066005 -0.39066005 -0.39066005 -0.39066005 -0.39066005 -0.39066005 -0.39066005
-0.39066005 -0.39066005 -0.39066005 -0.39066005 -0.39066005 -0.39066005 -0.39066005 -0.39066005 -0.39066005 -0.39066005
-0.39066005 -0.39066005 -0.39066005 -0.39066005 -0.39066005 -0.39066005 -0.39066005 -0.39066005 -0.39066005 -0.39066005
-0.39066005 -0.39066005 -0.39066005 -0.39066005 -0.39066005 -0.39066005 -0.39066005 -0.39066005 -0.39066005 -0.39066005
-0.39066005 -0.39066005 -0.39066005 -0.39066005 -0.39066005 -0.39066005 -0.39066005 -0.39066005 -0.39066005 2.7676327
-0.39066005 -0.39066005 -0.39066005 -0.39066005 -0.39066005 -0.39066005 -0.39066005 -0.39066005 2.7676327 1.8745982
-0.39066005 -0.39066005 -0.39066005 -0.39066005 -0.39066005 -0.39066005 -0.39066005 2.7676327 1.8745982 -0.39066005
-0.39066005 -0.39066005 -0.39066005 -0.39066005 -0.39066005 -0.39066005 2.7676327 1.8745982 -0.39066005 -0.39066005
-0.39066005 -0.39066005 -0.39066005 -0.39066005 -0.39066005 2.7676327 1.8745982 -0.39066005 -0.39066005 2.920102
-0.39066005 -0.39066005 -0.39066005 -0.39066005 2.7676327 1.8745982 -0.39066005 -0.39066005 2.920102 -0.39066005
-0.39066005 -0.39066005 -0.39066005 2.7676327 1.8745982 -0.39066005 -0.39066005 2.920102 -0.39066005 -0.39066005
-0.39066005 -0.39066005 2.7676327 1.8745982 -0.39066005 -0.39066005 2.920102 -0.39066005 -0.39066005 -0.39066005
-0.39066005 2.7676327 1.8745982 -0.39066005 -0.39066005 2.920102 -0.39066005 -0.39066005 -0.39066005 -0.39066005
2.7676327 1.8745982 -0.39066005 -0.39066005 2.920102 -0.39066005 -0.39066005 -0.39066005 -0.39066005 -0.39066005
1.8745982 -0.39066005 -0.39066005 2.920102 -0.39066005 -0.39066005 -0.39066005 -0.39066005 -0.39066005 -0.39066005
-0.39066005 -0.39066005 2.920102 -0.39066005 -0.39066005 -0.39066005 -0.39066005 -0.39066005 -0.39066005 -0.39066005
-0.39066005 2.920102 -0.39066005 -0.39066005 -0.39066005 -0.39066005 -0.39066005 -0.39066005 -0.39066005 -0.39066005
2.920102 -0.39066005 -0.39066005 -0.39066005 -0.39066005 -0.39066005 -0.39066005 -0.39066005 -0.39066005 -0.39066005
-0.39066005 -0.39066005 -0.39066005 -0.39066005 -0.39066005 -0.39066005 -0.39066005 -0.39066005 -0.39066005 -0.39066005
-0.39066005 -0.39066005 -0.39066005 -0.39066005 -0.39066005 -0.39066005 -0.39066005 -0.39066005 -0.39066005 -0.39066005
-0.39066005 -0.39066005 -0.39066005 -0.39066005 -0.39066005 -0.39066005 -0.39066005 -0.39066005 -0.39066005 1.8092542
-0.39066005 -0.39066005 -0.39066005 -0.39066005 -0.39066005 -0.39066005 -0.39066005 -0.39066005 1.8092542 -0.39066005
-0.39066005 -0.39066005 -0.39066005 -0.39066005 -0.39066005 -0.39066005 -0.39066005 1.8092542 -0.39066005 -0.39066005
-0.39066005 -0.39066005 -0.39066005 -0.39066005 -0.39066005 -0.39066005 1.8092542 -0.39066005 -0.39066005 -0.39066005
-0.39066005 -0.39066005 -0.39066005 -0.39066005 -0.39066005 1.8092542 -0.39066005 -0.39066005 -0.39066005 2.4191314
-0.39066005 -0.39066005 -0.39066005 -0.39066005 1.8092542 -0.39066005 -0.39066005 -0.39066005 2.4191314 -0.39066005
-0.39066005 -0.39066005 -0.39066005 1.8092542 -0.39066005 -0.39066005 -0.39066005 2.4191314 -0.39066005 -0.39066005
-0.39066005 -0.39066005 1.8092542 -0.39066005 -0.39066005 -0.39066005 2.4191314 -0.39066005 -0.39066005 -0.39066005
-0.39066005 1.8092542 -0.39066005 -0.39066005 -0.39066005 2.4191314 -0.39066005 -0.39066005 -0.39066005 1.9617235
1.8092542 -0.39066005 -0.39066005 -0.39066005 2.4191314 -0.39066005 -0.39066005 -0.39066005 1.9617235 -0.39066005
-0.39066005 -0.39066005 -0.39066005 2.4191314 -0.39066005 -0.39066005 -0.39066005 1.9617235 -0.39066005 -0.39066005
-0.39066005 -0.39066005 2.4191314 -0.39066005 -0.39066005 -0.39066005 1.9617235 -0.39066005 -0.39066005 -0.39066005
-0.39066005 2.4191314 -0.39066005 -0.39066005 -0.39066005 1.9617235 -0.39066005 -0.39066005 -0.39066005 1.8419261999999998
2.4191314 -0.39066005 -0.39066005 -0.39066005 1.9617235 -0.39066005 -0.39066005 -0.39066005 1.8419261999999998 -0.39066005
-0.39066005 -0.39066005 -0.39066005 1.9617235 -0.39066005 -0.39066005 -0.39066005 1.8419261999999998 -0.39066005 2.0161768
-0.39066005 -0.39066005 1.9617235 -0.39066005 -0.39066005 -0.39066005 1.8419261999999998 -0.39066005 2.0161768 -0.39066005
-0.39066005 1.9617235 -0.39066005 -0.39066005 -0.39066005 1.8419261999999998 -0.39066005 2.0161768 -0.39066005 -0.39066005
1.9617235 -0.39066005 -0.39066005 -0.39066005 1.8419261999999998 -0.39066005 2.0161768 -0.39066005 -0.39066005 -0.39066005
-0.39066005 -0.39066005 -0.39066005 1.8419261999999998 -0.39066005 2.0161768 -0.39066005 -0.39066005 -0.39066005 -0.39066005
-0.39066005 -0.39066005 1.8419261999999998 -0.39066005 2.0161768 -0.39066005 -0.39066005 -0.39066005 -0.39066005 -0.39066005
-0.39066005 1.8419261999999998 -0.39066005 2.0161768 -0.39066005 -0.39066005 -0.39066005 -0.39066005 -0.39066005 -0.39066005
1.8419261999999998 -0.39066005 2.0161768 -0.39066005 -0.39066005 -0.39066005 -0.39066005 -0.39066005 -0.39066005 -0.39066005
-0.39066005 2.0161768 -0.39066005 -0.39066005 -0.39066005 -0.39066005 -0.39066005 -0.39066005 -0.39066005 3.1488058999999997
2.0161768 -0.39066005 -0.39066005 -0.39066005 -0.39066005 -0.39066005 -0.39066005 -0.39066005 3.1488058999999997 -0.39066005
-0.39066005 -0.39066005 -0.39066005 -0.39066005 -0.39066005 -0.39066005 -0.39066005 3.1488058999999997 -0.39066005 2.8111952999999996
-0.39066005 -0.39066005 -0.39066005 -0.39066005 -0.39066005 -0.39066005 3.1488058999999997 -0.39066005 2.8111952999999996 1.9181608
-0.39066005 -0.39066005 -0.39066005 -0.39066005 -0.39066005 3.1488058999999997 -0.39066005 2.8111952999999996 1.9181608 2.56071
-0.39066005 -0.39066005 -0.39066005 -0.39066005 3.1488058999999997 -0.39066005 2.8111952999999996 1.9181608 2.56071 -0.39066005
-0.39066005 -0.39066005 -0.39066005 3.1488058999999997 -0.39066005 2.8111952999999996 1.9181608 2.56071 -0.39066005 -0.39066005
-0.39066005 -0.39066005 3.1488058999999997 -0.39066005 2.8111952999999996 1.9181608 2.56071 -0.39066005 -0.39066005 -0.39066005
-0.39066005 3.1488058999999997 -0.39066005 2.8111952999999996 1.9181608 2.56071 -0.39066005 -0.39066005 -0.39066005 -0.39066005
3.1488058999999997 -0.39066005 2.8111952999999996 1.9181608 2.56071 -0.39066005 -0.39066005 -0.39066005 -0.39066005 -0.39066005
-0.39066005 2.8111952999999996 1.9181608 2.56071 -0.39066005 -0.39066005 -0.39066005 -0.39066005 -0.39066005 -0.39066005
2.8111952999999996 1.9181608 2.56071 -0.39066005 -0.39066005 -0.39066005 -0.39066005 -0.39066005 -0.39066005 2.6369447
1.9181608 2.56071 -0.39066005 -0.39066005 -0.39066005 -0.39066005 -0.39066005 -0.39066005 2.6369447 -0.39066005
2.56071 -0.39066005 -0.39066005 -0.39066005 -0.39066005 -0.39066005 -0.39066005 2.6369447 -0.39066005 3.7260112000000003
-0.39066005 -0.39066005 -0.39066005 -0.39066005 -0.39066005 -0.39066005 2.6369447 -0.39066005 3.7260112000000003 -0.39066005
-0.39066005 -0.39066005 -0.39066005 -0.39066005 -0.39066005 2.6369447 -0.39066005 3.7260112000000003 -0.39066005 -0.39066005
-0.39066005 -0.39066005 -0.39066005 -0.39066005 2.6369447 -0.39066005 3.7260112000000003 -0.39066005 -0.39066005 2.0270675
-0.39066005 -0.39066005 -0.39066005 2.6369447 -0.39066005 3.7260112000000003 -0.39066005 -0.39066005 2.0270675 -0.39066005
-0.39066005 -0.39066005 2.6369447 -0.39066005 3.7260112000000003 -0.39066005 -0.39066005 2.0270675 -0.39066005 -0.39066005
-0.39066005 2.6369447 -0.39066005 3.7260112000000003 -0.39066005 -0.39066005 2.0270675 -0.39066005 -0.39066005 -0.39066005
2.6369447 -0.39066005 3.7260112000000003 -0.39066005 -0.39066005 2.0270675 -0.39066005 -0.39066005 -0.39066005 -0.39066005
-0.39066005 3.7260112000000003 -0.39066005 -0.39066005 2.0270675 -0.39066005 -0.39066005 -0.39066005 -0.39066005 -0.39066005
3.7260112000000003 -0.39066005 -0.39066005 2.0270675 -0.39066005 -0.39066005 -0.39066005 -0.39066005 -0.39066005 -0.39066005
-0.39066005 -0.39066005 2.0270675 -0.39066005 -0.39066005 -0.39066005 -0.39066005 -0.39066005 -0.39066005 2.6805074
-0.39066005 2.0270675 -0.39066005 -0.39066005 -0.39066005 -0.39066005 -0.39066005 -0.39066005 2.6805074 2.1904275
2.0270675 -0.39066005 -0.39066005 -0.39066005 -0.39066005 -0.39066005 -0.39066005 2.6805074 2.1904275 -0.39066005
-0.39066005 -0.39066005 -0.39066005 -0.39066005 -0.39066005 -0.39066005 2.6805074 2.1904275 -0.39066005 -0.39066005
-0.39066005 -0.39066005 -0.39066005 -0.39066005 -0.39066005 2.6805074 2.1904275 -0.39066005 -0.39066005 -0.39066005
-0.39066005 -0.39066005 -0.39066005 -0.39066005 2.6805074 2.1904275 -0.39066005 -0.39066005 -0.39066005 -0.39066005
-0.39066005 -0.39066005 -0.39066005 2.6805074 2.1904275 -0.39066005 -0.39066005 -0.39066005 -0.39066005 -0.39066005
-0.39066005 -0.39066005 2.6805074 2.1904275 -0.39066005 -0.39066005 -0.39066005 -0.39066005 -0.39066005 -0.39066005
-0.39066005 2.6805074 2.1904275 -0.39066005 -0.39066005 -0.39066005 -0.39066005 -0.39066005 -0.39066005 -0.39066005
2.6805074 2.1904275 -0.39066005 -0.39066005 -0.39066005 -0.39066005 -0.39066005 -0.39066005 -0.39066005 -0.39066005
2.1904275 -0.39066005 -0.39066005 -0.39066005 -0.39066005 -0.39066005 -0.39066005 -0.39066005 -0.39066005 -0.39066005
-0.39066005 -0.39066005 -0.39066005 -0.39066005 -0.39066005 -0.39066005 -0.39066005 -0.39066005 -0.39066005 -0.39066005
-0.39066005 -0.39066005 -0.39066005 -0.39066005 -0.39066005 -0.39066005 -0.39066005 -0.39066005 -0.39066005 -0.39066005
-0.39066005 -0.39066005 -0.39066005 -0.39066005 -0.39066005 -0.39066005 -0.39066005 -0.39066005 -0.39066005 -0.39066005
-0.39066005 -0.39066005 -0.39066005 -0.39066005 -0.39066005 -0.39066005 -0.39066005 -0.39066005 -0.39066005 -0.39066005
-0.39066005 -0.39066005 -0.39066005 -0.39066005 -0.39066005 -0.39066005 -0.39066005 -0.39066005 -0.39066005 -0.39066005
-0.39066005 -0.39066005 -0.39066005 -0.39066005 -0.39066005 -0.39066005 -0.39066005 -0.39066005 -0.39066005 -0.39066005
-0.39066005 -0.39066005 -0.39066005 -0.39066005 -0.39066005 -0.39066005 -0.39066005 -0.39066005 -0.39066005 -0.39066005
-0.39066005 -0.39066005 -0.39066005 -0.39066005 -0.39066005 -0.39066005 -0.39066005 -0.39066005 -0.39066005 -0.39066005
-0.39066005 -0.39066005 -0.39066005 -0.39066005 -0.39066005 -0.39066005 -0.39066005 -0.39066005 -0.39066005 -0.39066005
-0.39066005 -0.39066005 -0.39066005 -0.39066005 -0.39066005 -0.39066005 -0.39066005 -0.39066005 -0.39066005 -0.39066005
-0.39066005 -0.39066005 -0.39066005 -0.39066005 -0.39066005 -0.39066005 -0.39066005 -0.39066005 -0.39066005 -0.39066005
-0.39066005 -0.39066005 -0.39066005 -0.39066005 -0.39066005 -0.39066005 -0.39066005 -0.39066005 -0.39066005 -0.39066005
-0.39066005 -0.39066005 -0.39066005 -0.39066005 -0.39066005 -0.39066005 -0.39066005 -0.39066005 -0.39066005 -0.39066005
-0.39066005 -0.39066005 -0.39066005 -0.39066005 -0.39066005 -0.39066005 -0.39066005 -0.39066005 -0.39066005 -0.39066005
-0.39066005 -0.39066005 -0.39066005 -0.39066005 -0.39066005 -0.39066005 -0.39066005 -0.39066005 -0.39066005 2.1033021
-0.39066005 -0.39066005 -0.39066005 -0.39066005 -0.39066005 -0.39066005 -0.39066005 -0.39066005 2.1033021 -0.39066005
-0.39066005 -0.39066005 -0.39066005 -0.39066005 -0.39066005 -0.39066005 -0.39066005 2.1033021 -0.39066005 -0.39066005
-0.39066005 -0.39066005 -0.39066005 -0.39066005 -0.39066005 -0.39066005 2.1033021 -0.39066005 -0.39066005 -0.39066005
-0.39066005 -0.39066005 -0.39066005 -0.39066005 -0.39066005 2.1033021 -0.39066005 -0.39066005 -0.39066005 -0.39066005
-0.39066005 -0.39066005 -0.39066005 -0.39066005 2.1033021 -0.39066005 -0.39066005 -0.39066005 -0.39066005 -0.39066005
-0.39066005 -0.39066005 -0.39066005 2.1033021 -0.39066005 -0.39066005 -0.39066005 -0.39066005 -0.39066005 3.1596966
-0.39066005 -0.39066005 2.1033021 -0.39066005 -0.39066005 -0.39066005 -0.39066005 -0.39066005 3.1596966 -0.39066005
-0.39066005 2.1033021 -0.39066005 -0.39066005 -0.39066005 -0.39066005 -0.39066005 3.1596966 -0.39066005 -0.39066005
2.1033021 -0.39066005 -0.39066005 -0.39066005 -0.39066005 -0.39066005 3.1596966 -0.39066005 -0.39066005 2.2122088
-0.39066005 -0.39066005 -0.39066005 -0.39066005 -0.39066005 3.1596966 -0.39066005 -0.39066005 2.2122088 -0.39066005
-0.39066005 -0.39066005 -0.39066005 -0.39066005 3.1596966 -0.39066005 -0.39066005 2.2122088 -0.39066005 -0.39066005
-0.39066005 -0.39066005 -0.39066005 3.1596966 -0.39066005 -0.39066005 2.2122088 -0.39066005 -0.39066005 -0.39066005
-0.39066005 -0.39066005 3.1596966 -0.39066005 -0.39066005 2.2122088 -0.39066005 -0.39066005 -0.39066005 -0.39066005
-0.39066005 3.1596966 -0.39066005 -0.39066005 2.2122088 -0.39066005 -0.39066005 -0.39066005 -0.39066005 2.3973501
3.1596966 -0.39066005 -0.39066005 2.2122088 -0.39066005 -0.39066005 -0.39066005 -0.39066005 2.3973501 -0.39066005
-0.39066005 -0.39066005 2.2122088 -0.39066005 -0.39066005 -0.39066005 -0.39066005 2.3973501 -0.39066005 -0.39066005
-0.39066005 2.2122088 -0.39066005 -0.39066005 -0.39066005 -0.39066005 2.3973501 -0.39066005 -0.39066005 -0.39066005
2.2122088 -0.39066005 -0.39066005 -0.39066005 -0.39066005 2.3973501 -0.39066005 -0.39066005 -0.39066005 -0.39066005
-0.39066005 -0.39066005 -0.39066005 -0.39066005 2.3973501 -0.39066005 -0.39066005 -0.39066005 -0.39066005 -0.39066005
-0.39066005 -0.39066005 -0.39066005 2.3973501 -0.39066005 -0.39066005 -0.39066005 -0.39066005 -0.39066005 -0.39066005
-0.39066005 -0.39066005 2.3973501 -0.39066005 -0.39066005 -0.39066005 -0.39066005 -0.39066005 -0.39066005 -0.39066005
-0.39066005 2.3973501 -0.39066005 -0.39066005 -0.39066005 -0.39066005 -0.39066005 -0.39066005 -0.39066005 -0.39066005
2.3973501 -0.39066005 -0.39066005 -0.39066005 -0.39066005 -0.39066005 -0.39066005 -0.39066005 -0.39066005 -0.39066005
-0.39066005 -0.39066005 -0.39066005 -0.39066005 -0.39066005 -0.39066005 -0.39066005 -0.39066005 -0.39066005 -0.39066005
-0.39066005 -0.39066005 -0.39066005 -0.39066005 -0.39066005 -0.39066005 -0.39066005 -0.39066005 -0.39066005 -0.39066005
-0.39066005 -0.39066005 -0.39066005 -0.39066005 -0.39066005 -0.39066005 -0.39066005 -0.39066005 -0.39066005 -0.39066005
-0.39066005 -0.39066005 -0.39066005 -0.39066005 -0.39066005 -0.39066005 -0.39066005 -0.39066005 -0.39066005 -0.39066005
-0.39066005 -0.39066005 -0.39066005 -0.39066005 -0.39066005 -0.39066005 -0.39066005 -0.39066005 -0.39066005 -0.39066005
-0.39066005 -0.39066005 -0.39066005 -0.39066005 -0.39066005 -0.39066005 -0.39066005 -0.39066005 -0.39066005 -0.39066005
-0.39066005 -0.39066005 -0.39066005 -0.39066005 -0.39066005 -0.39066005 -0.39066005 -0.39066005 -0.39066005 -0.39066005
-0.39066005 -0.39066005 -0.39066005 -0.39066005 -0.39066005 -0.39066005 -0.39066005 -0.39066005 -0.39066005 -0.39066005
-0.39066005 -0.39066005 -0.39066005 -0.39066005 -0.39066005 -0.39066005 -0.39066005 -0.39066005 -0.39066005 -0.39066005
-0.39066005 -0.39066005 -0.39066005 -0.39066005 -0.39066005 -0.39066005 -0.39066005 -0.39066005 -0.39066005 -0.39066005
-0.39066005 -0.39066005 -0.39066005 -0.39066005 -0.39066005 -0.39066005 -0.39066005 -0.39066005 -0.39066005 -0.39066005
-0.39066005 -0.39066005 -0.39066005 -0.39066005 -0.39066005 -0.39066005 -0.39066005 -0.39066005 -0.39066005 -0.39066005
-0.39066005 -0.39066005 -0.39066005 -0.39066005 -0.39066005 -0.39066005 -0.39066005 -0.39066005 -0.39066005 -0.39066005
-0.39066005 -0.39066005 -0.39066005 -0.39066005 -0.39066005 -0.39066005 -0.39066005 -0.39066005 -0.39066005 -0.39066005
-0.39066005 -0.39066005 -0.39066005 -0.39066005 -0.39066005 -0.39066005 -0.39066005 -0.39066005 -0.39066005 -0.39066005
-0.39066005 -0.39066005 -0.39066005 -0.39066005 -0.39066005 -0.39066005 -0.39066005 -0.39066005 -0.39066005 -0.39066005
-0.39066005 -0.39066005 -0.39066005 -0.39066005 -0.39066005 -0.39066005 -0.39066005 -0.39066005 -0.39066005 -0.39066005
-0.39066005 -0.39066005 -0.39066005 -0.39066005 -0.39066005 -0.39066005 -0.39066005 -0.39066005 -0.39066005 -0.39066005
-0.39066005 -0.39066005 -0.39066005 -0.39066005 -0.39066005 -0.39066005 -0.39066005 -0.39066005 -0.39066005 -0.39066005
-0.39066005 -0.39066005 -0.39066005 -0.39066005 -0.39066005 -0.39066005 -0.39066005 -0.39066005 -0.39066005 -0.39066005
-0.39066005 -0.39066005 -0.39066005 -0.39066005 -0.39066005 -0.39066005 -0.39066005 -0.39066005 -0.39066005 -0.39066005
-0.39066005 -0.39066005 -0.39066005 -0.39066005 -0.39066005 -0.39066005 -0.39066005 -0.39066005 -0.39066005 -0.39066005
-0.39066005 -0.39066005 -0.39066005 -0.39066005 -0.39066005 -0.39066005 -0.39066005 -0.39066005 -0.39066005 -0.39066005
-0.39066005 -0.39066005 -0.39066005 -0.39066005 -0.39066005 -0.39066005 -0.39066005 -0.39066005 -0.39066005 -0.39066005
-0.39066005 -0.39066005 -0.39066005 -0.39066005 -0.39066005 -0.39066005 -0.39066005 -0.39066005 -0.39066005 -0.39066005
-0.39066005 -0.39066005 -0.39066005 -0.39066005 -0.39066005 -0.39066005 -0.39066005 -0.39066005 -0.39066005 -0.39066005
-0.39066005 -0.39066005 -0.39066005 -0.39066005 -0.39066005 -0.39066005 -0.39066005 -0.39066005 -0.39066005 -0.39066005
-0.39066005 -0.39066005 -0.39066005 -0.39066005 -0.39066005 -0.39066005 -0.39066005 -0.39066005 -0.39066005 -0.39066005
-0.39066005 -0.39066005 -0.39066005 -0.39066005 -0.39066005 -0.39066005 -0.39066005 -0.39066005 -0.39066005 -0.39066005
-0.39066005 -0.39066005 -0.39066005 -0.39066005 -0.39066005 -0.39066005 -0.39066005 -0.39066005 -0.39066005 -0.39066005
-0.39066005 -0.39066005 -0.39066005 -0.39066005 -0.39066005 -0.39066005 -0.39066005 -0.39066005 -0.39066005 -0.39066005
-0.39066005 -0.39066005 -0.39066005 -0.39066005 -0.39066005 -0.39066005 -0.39066005 -0.39066005 -0.39066005 -0.39066005
-0.39066005 -0.39066005 -0.39066005 -0.39066005 -0.39066005 -0.39066005 -0.39066005 -0.39066005 -0.39066005 -0.39066005
-0.39066005 -0.39066005 -0.39066005 -0.39066005 -0.39066005 -0.39066005 -0.39066005 -0.39066005 -0.39066005 3.4646352
-0.39066005 -0.39066005 -0.39066005 -0.39066005 -0.39066005 -0.39066005 -0.39066005 -0.39066005 3.4646352 -0.39066005
-0.39066005 -0.39066005 -0.39066005 -0.39066005 -0.39066005 -0.39066005 -0.39066005 3.4646352 -0.39066005 -0.39066005
-0.39066005 -0.39066005 -0.39066005 -0.39066005 -0.39066005 -0.39066005 3.4646352 -0.39066005 -0.39066005 -0.39066005
-0.39066005 -0.39066005 -0.39066005 -0.39066005 -0.39066005 3.4646352 -0.39066005 -0.39066005 -0.39066005 -0.39066005
-0.39066005 -0.39066005 -0.39066005 -0.39066005 3.4646352 -0.39066005 -0.39066005 -0.39066005 -0.39066005 -0.39066005
-0.39066005 -0.39066005 -0.39066005 3.4646352 -0.39066005 -0.39066005 -0.39066005 -0.39066005 -0.39066005 -0.39066005
-0.39066005 -0.39066005 3.4646352 -0.39066005 -0.39066005 -0.39066005 -0.39066005 -0.39066005 -0.39066005 -0.39066005
-0.39066005 3.4646352 -0.39066005 -0.39066005 -0.39066005 -0.39066005 -0.39066005 -0.39066005 -0.39066005 2.985446
3.4646352 -0.39066005 -0.39066005 -0.39066005 -0.39066005 -0.39066005 -0.39066005 -0.39066005 2.985446 -0.39066005
-0.39066005 -0.39066005 -0.39066005 -0.39066005 -0.39066005 -0.39066005 -0.39066005 2.985446 -0.39066005 -0.39066005
-0.39066005 -0.39066005 -0.39066005 -0.39066005 -0.39066005 -0.39066005 2.985446 -0.39066005 -0.39066005 2.2666621
-0.39066005 -0.39066005 -0.39066005 -0.39066005 -0.39066005 2.985446 -0.39066005 -0.39066005 2.2666621 2.1577555
-0.39066005 -0.39066005 -0.39066005 -0.39066005 2.985446 -0.39066005 -0.39066005 2.2666621 2.1577555 -0.39066005
-0.39066005 -0.39066005 -0.39066005 2.985446 -0.39066005 -0.39066005 2.2666621 2.1577555 -0.39066005 -0.39066005
-0.39066005 -0.39066005 2.985446 -0.39066005 -0.39066005 2.2666621 2.1577555 -0.39066005 -0.39066005 -0.39066005
-0.39066005 2.985446 -0.39066005 -0.39066005 2.2666621 2.1577555 -0.39066005 -0.39066005 -0.39066005 -0.39066005
2.985446 -0.39066005 -0.39066005 2.2666621 2.1577555 -0.39066005 -0.39066005 -0.39066005 -0.39066005 -0.39066005
-0.39066005 -0.39066005 2.2666621 2.1577555 -0.39066005 -0.39066005 -0.39066005 -0.39066005 -0.39066005 1.7874729
-0.39066005 2.2666621 2.1577555 -0.39066005 -0.39066005 -0.39066005 -0.39066005 -0.39066005 1.7874729 -0.39066005
2.2666621 2.1577555 -0.39066005 -0.39066005 -0.39066005 -0.39066005 -0.39066005 1.7874729 -0.39066005 -0.39066005
2.1577555 -0.39066005 -0.39066005 -0.39066005 -0.39066005 -0.39066005 1.7874729 -0.39066005 -0.39066005 -0.39066005
-0.39066005 -0.39066005 -0.39066005 -0.39066005 -0.39066005 1.7874729 -0.39066005 -0.39066005 -0.39066005 2.3102248
-0.39066005 -0.39066005 -0.39066005 -0.39066005 1.7874729 -0.39066005 -0.39066005 -0.39066005 2.3102248 -0.39066005
-0.39066005 -0.39066005 -0.39066005 1.7874729 -0.39066005 -0.39066005 -0.39066005 2.3102248 -0.39066005 -0.39066005
-0.39066005 -0.39066005 1.7874729 -0.39066005 -0.39066005 -0.39066005 2.3102248 -0.39066005 -0.39066005 -0.39066005
-0.39066005 1.7874729 -0.39066005 -0.39066005 -0.39066005 2.3102248 -0.39066005 -0.39066005 -0.39066005 -0.39066005
1.7874729 -0.39066005 -0.39066005 -0.39066005 2.3102248 -0.39066005 -0.39066005 -0.39066005 -0.39066005 -0.39066005
-0.39066005 -0.39066005 -0.39066005 2.3102248 -0.39066005 -0.39066005 -0.39066005 -0.39066005 -0.39066005 2.4082407000000003
-0.39066005 -0.39066005 2.3102248 -0.39066005 -0.39066005 -0.39066005 -0.39066005 -0.39066005 2.4082407000000003 -0.39066005
-0.39066005 2.3102248 -0.39066005 -0.39066005 -0.39066005 -0.39066005 -0.39066005 2.4082407000000003 -0.39066005 -0.39066005
2.3102248 -0.39066005 -0.39066005 -0.39066005 -0.39066005 -0.39066005 2.4082407000000003 -0.39066005 -0.39066005 -0.39066005
-0.39066005 -0.39066005 -0.39066005 -0.39066005 -0.39066005 2.4082407000000003 -0.39066005 -0.39066005 -0.39066005 -0.39066005
-0.39066005 -0.39066005 -0.39066005 -0.39066005 2.4082407000000003 -0.39066005 -0.39066005 -0.39066005 -0.39066005 -0.39066005
-0.39066005 -0.39066005 -0.39066005 2.4082407000000003 -0.39066005 -0.39066005 -0.39066005 -0.39066005 -0.39066005 -0.39066005
-0.39066005 -0.39066005 2.4082407000000003 -0.39066005 -0.39066005 -0.39066005 -0.39066005 -0.39066005 -0.39066005 -0.39066005
-0.39066005 2.4082407000000003 -0.39066005 -0.39066005 -0.39066005 -0.39066005 -0.39066005 -0.39066005 -0.39066005 -0.39066005
2.4082407000000003 -0.39066005 -0.39066005 -0.39066005 -0.39066005 -0.39066005 -0.39066005 -0.39066005 -0.39066005 -0.39066005
-0.39066005 -0.39066005 -0.39066005 -0.39066005 -0.39066005 -0.39066005 -0.39066005 -0.39066005 -0.39066005 -0.39066005
-0.39066005 -0.39066005 -0.39066005 -0.39066005 -0.39066005 -0.39066005 -0.39066005 -0.39066005 -0.39066005 3.05079
-0.39066005 -0.39066005 -0.39066005 -0.39066005 -0.39066005 -0.39066005 -0.39066005 -0.39066005 3.05079 -0.39066005
-0.39066005 -0.39066005 -0.39066005 -0.39066005 -0.39066005 -0.39066005 -0.39066005 3.05079 -0.39066005 -0.39066005
-0.39066005 -0.39066005 -0.39066005 -0.39066005 -0.39066005 -0.39066005 3.05079 -0.39066005 -0.39066005 -0.39066005
-0.39066005 -0.39066005 -0.39066005 -0.39066005 -0.39066005 3.05079 -0.39066005 -0.39066005 -0.39066005 -0.39066005
-0.39066005 -0.39066005 -0.39066005 -0.39066005 3.05079 -0.39066005 -0.39066005 -0.39066005 -0.39066005 -0.39066005
-0.39066005 -0.39066005 -0.39066005 3.05079 -0.39066005 -0.39066005 -0.39066005 -0.39066005 -0.39066005 -0.39066005
-0.39066005 -0.39066005 3.05079 -0.39066005 -0.39066005 -0.39066005 -0.39066005 -0.39066005 -0.39066005 -0.39066005
-0.39066005 3.05079 -0.39066005 -0.39066005 -0.39066005 -0.39066005 -0.39066005 -0.39066005 -0.39066005 -0.39066005
3.05079 -0.39066005 -0.39066005 -0.39066005 -0.39066005 -0.39066005 -0.39066005 -0.39066005 -0.39066005 -0.39066005
-0.39066005 -0.39066005 -0.39066005 -0.39066005 -0.39066005 -0.39066005 -0.39066005 -0.39066005 -0.39066005 -0.39066005
-0.39066005 -0.39066005 -0.39066005 -0.39066005 -0.39066005 -0.39066005 -0.39066005 -0.39066005 -0.39066005 -0.39066005
-0.39066005 -0.39066005 -0.39066005 -0.39066005 -0.39066005 -0.39066005 -0.39066005 -0.39066005 -0.39066005 2.3537874
-0.39066005 -0.39066005 -0.39066005 -0.39066005 -0.39066005 -0.39066005 -0.39066005 -0.39066005 2.3537874 -0.39066005
-0.39066005 -0.39066005 -0.39066005 -0.39066005 -0.39066005 -0.39066005 -0.39066005 2.3537874 -0.39066005 -0.39066005
-0.39066005 -0.39066005 -0.39066005 -0.39066005 -0.39066005 -0.39066005 2.3537874 -0.39066005 -0.39066005 -0.39066005
-0.39066005 -0.39066005 -0.39066005 -0.39066005 -0.39066005 2.3537874 -0.39066005 -0.39066005 -0.39066005 -0.39066005
-0.39066005 -0.39066005 -0.39066005 -0.39066005 2.3537874 -0.39066005 -0.39066005 -0.39066005 -0.39066005 -0.39066005
-0.39066005 -0.39066005 -0.39066005 2.3537874 -0.39066005 -0.39066005 -0.39066005 -0.39066005 -0.39066005 -0.39066005
-0.39066005 -0.39066005 2.3537874 -0.39066005 -0.39066005 -0.39066005 -0.39066005 -0.39066005 -0.39066005 -0.39066005
-0.39066005 2.3537874 -0.39066005 -0.39066005 -0.39066005 -0.39066005 -0.39066005 -0.39066005 -0.39066005 -0.39066005
2.3537874 -0.39066005 -0.39066005 -0.39066005 -0.39066005 -0.39066005 -0.39066005 -0.39066005 -0.39066005 -0.39066005
-0.39066005 -0.39066005 -0.39066005 -0.39066005 -0.39066005 -0.39066005 -0.39066005 -0.39066005 -0.39066005 -0.39066005
-0.39066005 -0.39066005 -0.39066005 -0.39066005 -0.39066005 -0.39066005 -0.39066005 -0.39066005 -0.39066005 -0.39066005
-0.39066005 -0.39066005 -0.39066005 -0.39066005 -0.39066005 -0.39066005 -0.39066005 -0.39066005 -0.39066005 -0.39066005
-0.39066005 -0.39066005 -0.39066005 -0.39066005 -0.39066005 -0.39066005 -0.39066005 -0.39066005 -0.39066005 -0.39066005
-0.39066005 -0.39066005 -0.39066005 -0.39066005 -0.39066005 -0.39066005 -0.39066005 -0.39066005 -0.39066005 -0.39066005
-0.39066005 -0.39066005 -0.39066005 -0.39066005 -0.39066005 -0.39066005 -0.39066005 -0.39066005 -0.39066005 -0.39066005
-0.39066005 -0.39066005 -0.39066005 -0.39066005 -0.39066005 -0.39066005 -0.39066005 -0.39066005 -0.39066005 -0.39066005
-0.39066005 -0.39066005 -0.39066005 -0.39066005 -0.39066005 -0.39066005 -0.39066005 -0.39066005 -0.39066005 -0.39066005
-0.39066005 -0.39066005 -0.39066005 -0.39066005 -0.39066005 -0.39066005 -0.39066005 -0.39066005 -0.39066005 -0.39066005
-0.39066005 -0.39066005 -0.39066005 -0.39066005 -0.39066005 -0.39066005 -0.39066005 -0.39066005 -0.39066005 -0.39066005
-0.39066005 -0.39066005 -0.39066005 -0.39066005 -0.39066005 -0.39066005 -0.39066005 -0.39066005 -0.39066005 -0.39066005
-0.39066005 -0.39066005 -0.39066005 -0.39066005 -0.39066005 -0.39066005 -0.39066005 -0.39066005 -0.39066005 -0.39066005
-0.39066005 -0.39066005 -0.39066005 -0.39066005 -0.39066005 -0.39066005 -0.39066005 -0.39066005 -0.39066005 -0.39066005
-0.39066005 -0.39066005 -0.39066005 -0.39066005 -0.39066005 -0.39066005 -0.39066005 -0.39066005 -0.39066005 -0.39066005
-0.39066005 -0.39066005 -0.39066005 -0.39066005 -0.39066005 -0.39066005 -0.39066005 -0.39066005 -0.39066005 -0.39066005
-0.39066005 -0.39066005 -0.39066005 -0.39066005 -0.39066005 -0.39066005 -0.39066005 -0.39066005 -0.39066005 -0.39066005
-0.39066005 -0.39066005 -0.39066005 -0.39066005 -0.39066005 -0.39066005 -0.39066005 -0.39066005 -0.39066005 2.9418832999999998
-0.39066005 -0.39066005 -0.39066005 -0.39066005 -0.39066005 -0.39066005 -0.39066005 -0.39066005 2.9418832999999998 -0.39066005
-0.39066005 -0.39066005 -0.39066005 -0.39066005 -0.39066005 -0.39066005 -0.39066005 2.9418832999999998 -0.39066005 -0.39066005
-0.39066005 -0.39066005 -0.39066005 -0.39066005 -0.39066005 -0.39066005 2.9418832999999998 -0.39066005 -0.39066005 -0.39066005
-0.39066005 -0.39066005 -0.39066005 -0.39066005 -0.39066005 2.9418832999999998 -0.39066005 -0.39066005 -0.39066005 -0.39066005
-0.39066005 -0.39066005 -0.39066005 -0.39066005 2.9418832999999998 -0.39066005 -0.39066005 -0.39066005 -0.39066005 -0.39066005
-0.39066005 -0.39066005 -0.39066005 2.9418832999999998 -0.39066005 -0.39066005 -0.39066005 -0.39066005 -0.39066005 2.0924115000000003
-0.39066005 -0.39066005 2.9418832999999998 -0.39066005 -0.39066005 -0.39066005 -0.39066005 -0.39066005 2.0924115000000003 2.7676327
-0.39066005 2.9418832999999998 -0.39066005 -0.39066005 -0.39066005 -0.39066005 -0.39066005 2.0924115000000003 2.7676327 -0.39066005
2.9418832999999998 -0.39066005 -0.39066005 -0.39066005 -0.39066005 -0.39066005 2.0924115000000003 2.7676327 -0.39066005 -0.39066005
-0.39066005 -0.39066005 -0.39066005 -0.39066005 -0.39066005 2.0924115000000003 2.7676327 -0.39066005 -0.39066005 -0.39066005
-0.39066005 -0.39066005 -0.39066005 -0.39066005 2.0924115000000003 2.7676327 -0.39066005 -0.39066005 -0.39066005 -0.39066005
-0.39066005 -0.39066005 -0.39066005 2.0924115000000003 2.7676327 -0.39066005 -0.39066005 -0.39066005 -0.39066005 -0.39066005
-0.39066005 -0.39066005 2.0924115000000003 2.7676327 -0.39066005 -0.39066005 -0.39066005 -0.39066005 -0.39066005 -0.39066005
-0.39066005 2.0924115000000003 2.7676327 -0.39066005 -0.39066005 -0.39066005 -0.39066005 -0.39066005 -0.39066005 -0.39066005
2.0924115000000003 2.7676327 -0.39066005 -0.39066005 -0.39066005 -0.39066005 -0.39066005 -0.39066005 -0.39066005 -0.39066005
2.7676327 -0.39066005 -0.39066005 -0.39066005 -0.39066005 -0.39066005 -0.39066005 -0.39066005 -0.39066005 -0.39066005
-0.39066005 -0.39066005 -0.39066005 -0.39066005 -0.39066005 -0.39066005 -0.39066005 -0.39066005 -0.39066005 -0.39066005
-0.39066005 -0.39066005 -0.39066005 -0.39066005 -0.39066005 -0.39066005 -0.39066005 -0.39066005 -0.39066005 -0.39066005
-0.39066005 -0.39066005 -0.39066005 -0.39066005 -0.39066005 -0.39066005 -0.39066005 -0.39066005 -0.39066005 -0.39066005
-0.39066005 -0.39066005 -0.39066005 -0.39066005 -0.39066005 -0.39066005 -0.39066005 -0.39066005 -0.39066005 -0.39066005
-0.39066005 -0.39066005 -0.39066005 -0.39066005 -0.39066005 -0.39066005 -0.39066005 -0.39066005 -0.39066005 2.3211154
-0.39066005 -0.39066005 -0.39066005 -0.39066005 -0.39066005 -0.39066005 -0.39066005 -0.39066005 2.3211154 -0.39066005
-0.39066005 -0.39066005 -0.39066005 -0.39066005 -0.39066005 -0.39066005 -0.39066005 2.3211154 -0.39066005 -0.39066005
-0.39066005 -0.39066005 -0.39066005 -0.39066005 -0.39066005 -0.39066005 2.3211154 -0.39066005 -0.39066005 -0.39066005
-0.39066005 -0.39066005 -0.39066005 -0.39066005 -0.39066005 2.3211154 -0.39066005 -0.39066005 -0.39066005 -0.39066005
-0.39066005 -0.39066005 -0.39066005 -0.39066005 2.3211154 -0.39066005 -0.39066005 -0.39066005 -0.39066005 -0.39066005
-0.39066005 -0.39066005 -0.39066005 2.3211154 -0.39066005 -0.39066005 -0.39066005 -0.39066005 -0.39066005 -0.39066005
-0.39066005 -0.39066005 2.3211154 -0.39066005 -0.39066005 -0.39066005 -0.39066005 -0.39066005 -0.39066005 -0.39066005
-0.39066005 2.3211154 -0.39066005 -0.39066005 -0.39066005 -0.39066005 -0.39066005 -0.39066005 -0.39066005 -0.39066005
2.3211154 -0.39066005 -0.39066005 -0.39066005 -0.39066005 -0.39066005 -0.39066005 -0.39066005 -0.39066005 -0.39066005
-0.39066005 -0.39066005 -0.39066005 -0.39066005 -0.39066005 -0.39066005 -0.39066005 -0.39066005 -0.39066005 -0.39066005
-0.39066005 -0.39066005 -0.39066005 -0.39066005 -0.39066005 -0.39066005 -0.39066005 -0.39066005 -0.39066005 -0.39066005
-0.39066005 -0.39066005 -0.39066005 -0.39066005 -0.39066005 -0.39066005 -0.39066005 -0.39066005 -0.39066005 -0.39066005
-0.39066005 -0.39066005 -0.39066005 -0.39066005 -0.39066005 -0.39066005 -0.39066005 -0.39066005 -0.39066005 -0.39066005
-0.39066005 -0.39066005 -0.39066005 -0.39066005 -0.39066005 -0.39066005 -0.39066005 -0.39066005 -0.39066005 -0.39066005
-0.39066005 -0.39066005 -0.39066005 -0.39066005 -0.39066005 -0.39066005 -0.39066005 -0.39066005 -0.39066005 -0.39066005
-0.39066005 -0.39066005 -0.39066005 -0.39066005 -0.39066005 -0.39066005 -0.39066005 -0.39066005 -0.39066005 -0.39066005
-0.39066005 -0.39066005 -0.39066005 -0.39066005 -0.39066005 -0.39066005 -0.39066005 -0.39066005 -0.39066005 -0.39066005
-0.39066005 -0.39066005 -0.39066005 -0.39066005 -0.39066005 -0.39066005 -0.39066005 -0.39066005 -0.39066005 3.1923686
-0.39066005 -0.39066005 -0.39066005 -0.39066005 -0.39066005 -0.39066005 -0.39066005 -0.39066005 3.1923686 -0.39066005
-0.39066005 -0.39066005 -0.39066005 -0.39066005 -0.39066005 -0.39066005 -0.39066005 3.1923686 -0.39066005 -0.39066005
-0.39066005 -0.39066005 -0.39066005 -0.39066005 -0.39066005 -0.39066005 3.1923686 -0.39066005 -0.39066005 2.1468648
-0.39066005 -0.39066005 -0.39066005 -0.39066005 -0.39066005 3.1923686 -0.39066005 -0.39066005 2.1468648 2.2557714
-0.39066005 -0.39066005 -0.39066005 -0.39066005 3.1923686 -0.39066005 -0.39066005 2.1468648 2.2557714 2.4844754
-0.39066005 -0.39066005 -0.39066005 3.1923686 -0.39066005 -0.39066005 2.1468648 2.2557714 2.4844754 2.56071
-0.39066005 -0.39066005 3.1923686 -0.39066005 -0.39066005 2.1468648 2.2557714 2.4844754 2.56071 -0.39066005
-0.39066005 3.1923686 -0.39066005 -0.39066005 2.1468648 2.2557714 2.4844754 2.56071 -0.39066005 -0.39066005
3.1923686 -0.39066005 -0.39066005 2.1468648 2.2557714 2.4844754 2.56071 -0.39066005 -0.39066005 -0.39066005
-0.39066005 -0.39066005 2.1468648 2.2557714 2.4844754 2.56071 -0.39066005 -0.39066005 -0.39066005 -0.39066005
-0.39066005 2.1468648 2.2557714 2.4844754 2.56071 -0.39066005 -0.39066005 -0.39066005 -0.39066005 -0.39066005
2.1468648 2.2557714 2.4844754 2.56071 -0.39066005 -0.39066005 -0.39066005 -0.39066005 -0.39066005 2.6478354
2.2557714 2.4844754 2.56071 -0.39066005 -0.39066005 -0.39066005 -0.39066005 -0.39066005 2.6478354 -0.39066005
2.4844754 2.56071 -0.39066005 -0.39066005 -0.39066005 -0.39066005 -0.39066005 2.6478354 -0.39066005 -0.39066005
2.56071 -0.39066005 -0.39066005 -0.39066005 -0.39066005 -0.39066005 2.6478354 -0.39066005 -0.39066005 -0.39066005
-0.39066005 -0.39066005 -0.39066005 -0.39066005 -0.39066005 2.6478354 -0.39066005 -0.39066005 -0.39066005 -0.39066005
-0.39066005 -0.39066005 -0.39066005 -0.39066005 2.6478354 -0.39066005 -0.39066005 -0.39066005 -0.39066005 2.3102248
-0.39066005 -0.39066005 -0.39066005 2.6478354 -0.39066005 -0.39066005 -0.39066005 -0.39066005 2.3102248 -0.39066005
-0.39066005 -0.39066005 2.6478354 -0.39066005 -0.39066005 -0.39066005 -0.39066005 2.3102248 -0.39066005 -0.39066005
-0.39066005 2.6478354 -0.39066005 -0.39066005 -0.39066005 -0.39066005 2.3102248 -0.39066005 -0.39066005 -0.39066005
2.6478354 -0.39066005 -0.39066005 -0.39066005 -0.39066005 2.3102248 -0.39066005 -0.39066005 -0.39066005 -0.39066005
-0.39066005 -0.39066005 -0.39066005 -0.39066005 2.3102248 -0.39066005 -0.39066005 -0.39066005 -0.39066005 -0.39066005
-0.39066005 -0.39066005 -0.39066005 2.3102248 -0.39066005 -0.39066005 -0.39066005 -0.39066005 -0.39066005 -0.39066005
-0.39066005 -0.39066005 2.3102248 -0.39066005 -0.39066005 -0.39066005 -0.39066005 -0.39066005 -0.39066005 -0.39066005
-0.39066005 2.3102248 -0.39066005 -0.39066005 -0.39066005 -0.39066005 -0.39066005 -0.39066005 -0.39066005 -0.39066005
2.3102248 -0.39066005 -0.39066005 -0.39066005 -0.39066005 -0.39066005 -0.39066005 -0.39066005 -0.39066005 1.8419261999999998
-0.39066005 -0.39066005 -0.39066005 -0.39066005 -0.39066005 -0.39066005 -0.39066005 -0.39066005 1.8419261999999998 -0.39066005
-0.39066005 -0.39066005 -0.39066005 -0.39066005 -0.39066005 -0.39066005 -0.39066005 1.8419261999999998 -0.39066005 -0.39066005
-0.39066005 -0.39066005 -0.39066005 -0.39066005 -0.39066005 -0.39066005 1.8419261999999998 -0.39066005 -0.39066005 3.7369017999999996
-0.39066005 -0.39066005 -0.39066005 -0.39066005 -0.39066005 1.8419261999999998 -0.39066005 -0.39066005 3.7369017999999996 2.593382
-0.39066005 -0.39066005 -0.39066005 -0.39066005 1.8419261999999998 -0.39066005 -0.39066005 3.7369017999999996 2.593382 -0.39066005
-0.39066005 -0.39066005 -0.39066005 1.8419261999999998 -0.39066005 -0.39066005 3.7369017999999996 2.593382 -0.39066005 1.9726142
-0.39066005 -0.39066005 1.8419261999999998 -0.39066005 -0.39066005 3.7369017999999996 2.593382 -0.39066005 1.9726142 -0.39066005
-0.39066005 1.8419261999999998 -0.39066005 -0.39066005 3.7369017999999996 2.593382 -0.39066005 1.9726142 -0.39066005 -0.39066005
1.8419261999999998 -0.39066005 -0.39066005 3.7369017999999996 2.593382 -0.39066005 1.9726142 -0.39066005 -0.39066005 -0.39066005
-0.39066005 -0.39066005 3.7369017999999996 2.593382 -0.39066005 1.9726142 -0.39066005 -0.39066005 -0.39066005 -0.39066005
-0.39066005 3.7369017999999996 2.593382 -0.39066005 1.9726142 -0.39066005 -0.39066005 -0.39066005 -0.39066005 -0.39066005
3.7369017999999996 2.593382 -0.39066005 1.9726142 -0.39066005 -0.39066005 -0.39066005 -0.39066005 -0.39066005 3.5953232
2.593382 -0.39066005 1.9726142 -0.39066005 -0.39066005 -0.39066005 -0.39066005 -0.39066005 3.5953232 -0.39066005
-0.39066005 1.9726142 -0.39066005 -0.39066005 -0.39066005 -0.39066005 -0.39066005 3.5953232 -0.39066005 -0.39066005
1.9726142 -0.39066005 -0.39066005 -0.39066005 -0.39066005 -0.39066005 3.5953232 -0.39066005 -0.39066005 -0.39066005
-0.39066005 -0.39066005 -0.39066005 -0.39066005 -0.39066005 3.5953232 -0.39066005 -0.39066005 -0.39066005 -0.39066005
-0.39066005 -0.39066005 -0.39066005 -0.39066005 3.5953232 -0.39066005 -0.39066005 -0.39066005 -0.39066005 -0.39066005
-0.39066005 -0.39066005 -0.39066005 3.5953232 -0.39066005 -0.39066005 -0.39066005 -0.39066005 -0.39066005 1.8528168999999999
-0.39066005 -0.39066005 3.5953232 -0.39066005 -0.39066005 -0.39066005 -0.39066005 -0.39066005 1.8528168999999999 -0.39066005
-0.39066005 3.5953232 -0.39066005 -0.39066005 -0.39066005 -0.39066005 -0.39066005 1.8528168999999999 -0.39066005 -0.39066005
3.5953232 -0.39066005 -0.39066005 -0.39066005 -0.39066005 -0.39066005 1.8528168999999999 -0.39066005 -0.39066005 -0.39066005
-0.39066005 -0.39066005 -0.39066005 -0.39066005 -0.39066005 1.8528168999999999 -0.39066005 -0.39066005 -0.39066005 -0.39066005
