-0.46793338 -0.46793338 -0.46793338 -0.46793338 -0.46793338 -0.46793338 -0.46793338 -0.46793338 -0.46793338 -0.46793338
-0.46793338 -0.46793338 -0.46793338 -0.46793338 -0.46793338 -0.46793338 -0.46793338 -0.46793338 -0.46793338 -0.46793338
-0.46793338 -0.46793338 -0.46793338 -0.46793338 -0.46793338 -0.46793338 -0.46793338 -0.46793338 -0.46793338 2.8631517000000004
-0.46793338 -0.46793338 -0.46793338 -0.46793338 -0.46793338 -0.46793338 -0.46793338 -0.46793338 2.8631517000000004 -0.46793338
-0.46793338 -0.46793338 -0.46793338 -0.46793338 -0.46793338 -0.46793338 -0.46793338 2.8631517000000004 -0.46793338 1.6294165
-0.46793338 -0.46793338 -0.46793338 -0.46793338 -0.46793338 -0.46793338 2.8631517000000004 -0.46793338 1.6294165 -0.46793338
-0.46793338 -0.46793338 -0.46793338 -0.46793338 -0.46793338 2.8631517000000004 -0.46793338 1.6294165 -0.46793338 -0.46793338
-0.46793338 -0.46793338 -0.46793338 -0.46793338 2.8631517000000004 -0.46793338 1.6294165 -0.46793338 -0.46793338 -0.46793338
-0.46793338 -0.46793338 -0.46793338 2.8631517000000004 -0.46793338 1.6294165 -0.46793338 -0.46793338 -0.46793338 3.1478598
-0.46793338 -0.46793338 2.8631517000000004 -0.46793338 1.6294165 -0.46793338 -0.46793338 -0.46793338 3.1478598 -0.46793338
-0.46793338 2.8631517000000004 -0.46793338 1.6294165 -0.46793338 -0.46793338 -0.46793338 3.1478598 -0.46793338 2.0564787
2.8631517000000004 -0.46793338 1.6294165 -0.46793338 -0.46793338 -0.46793338 3.1478598 -0.46793338 2.0564787 -0.46793338
-0.46793338 1.6294165 -0.46793338 -0.46793338 -0.46793338 3.1478598 -0.46793338 2.0564787 -0.46793338 -0.46793338
1.6294165 -0.46793338 -0.46793338 -0.46793338 3.1478598 -0.46793338 2.0564787 -0.46793338 -0.46793338 -0.46793338
-0.46793338 -0.46793338 -0.46793338 3.1478598 -0.46793338 2.0564787 -0.46793338 -0.46793338 -0.46793338 -0.46793338
-0.46793338 -0.46793338 3.1478598 -0.46793338 2.0564787 -0.46793338 -0.46793338 -0.46793338 -0.46793338 -0.46793338
-0.46793338 3.1478598 -0.46793338 2.0564787 -0.46793338 -0.46793338 -0.46793338 -0.46793338 -0.46793338 -0.46793338
3.1478598 -0.46793338 2.0564787 -0.46793338 -0.46793338 -0.46793338 -0.46793338 -0.46793338 -0.46793338 -0.46793338
-0.46793338 2.0564787 -0.46793338 -0.46793338 -0.46793338 -0.46793338 -0.46793338 -0.46793338 -0.46793338 -0.46793338
2.0564787 -0.46793338 -0.46793338 -0.46793338 -0.46793338 -0.46793338 -0.46793338 -0.46793338 -0.46793338 -0.46793338
-0.46793338 -0.46793338 -0.46793338 -0.46793338 -0.46793338 -0.46793338 -0.46793338 -0.46793338 -0.46793338 -0.46793338
-0.46793338 -0.46793338 -0.46793338 -0.46793338 -0.46793338 -0.46793338 -0.46793338 -0.46793338 -0.46793338 -0.46793338
-0.46793338 -0.46793338 -0.46793338 -0.46793338 -0.46793338 -0.46793338 -0.46793338 -0.46793338 -0.46793338 -0.46793338
-0.46793338 -0.46793338 -0.46793338 -0.46793338 -0.46793338 -0.46793338 -0.46793338 -0.46793338 -0.46793338 -0.46793338
-0.46793338 -0.46793338 -0.46793338 -0.46793338 -0.46793338 -0.46793338 -0.46793338 -0.46793338 -0.46793338 -0.46793338
-0.46793338 -0.46793338 -0.46793338 -0.46793338 -0.46793338 -0.46793338 -0.46793338 -0.46793338 -0.46793338 -0.46793338
-0.46793338 -0.46793338 -0.46793338 -0.46793338 -0.46793338 -0.46793338 -0.46793338 -0.46793338 -0.46793338 -0.46793338
-0.46793338 -0.46793338 -0.46793338 -0.46793338 -0.46793338 -0.46793338 -0.46793338 -0.46793338 -0.46793338 -0.46793338
-0.46793338 -0.46793338 -0.46793338 -0.46793338 -0.46793338 -0.46793338 -0.46793338 -0.46793338 -0.46793338 1.7338095000000002
-0.46793338 -0.46793338 -0.46793338 -0.46793338 -0.46793338 -0.46793338 -0.46793338 -0.46793338 1.7338095000000002 -0.46793338
-0.46793338 -0.46793338 -0.46793338 -0.46793338 -0.46793338 -0.46793338 -0.46793338 1.7338095000000002 -0.46793338 -0.46793338
-0.46793338 -0.46793338 -0.46793338 -0.46793338 -0.46793338 -0.46793338 1.7338095000000002 -0.46793338 -0.46793338 -0.46793338
-0.46793338 -0.46793338 -0.46793338 -0.46793338 -0.46793338 1.7338095000000002 -0.46793338 -0.46793338 -0.46793338 -0.46793338
-0.46793338 -0.46793338 -0.46793338 -0.46793338 1.7338095000000002 -0.46793338 -0.46793338 -0.46793338 -0.46793338 -0.46793338
-0.46793338 -0.46793338 -0.46793338 1.7338095000000002 -0.46793338 -0.46793338 -0.46793338 -0.46793338 -0.46793338 -0.46793338
-0.46793338 -0.46793338 1.7338095000000002 -0.46793338 -0.46793338 -0.46793338 -0.46793338 -0.46793338 -0.46793338 1.7148289
-0.46793338 1.7338095000000002 -0.46793338 -0.46793338 -0.46793338 -0.46793338 -0.46793338 -0.46793338 1.7148289 -0.46793338
1.7338095000000002 -0.46793338 -0.46793338 -0.46793338 -0.46793338 -0.46793338 -0.46793338 1.7148289 -0.46793338 -0.46793338
-0.46793338 -0.46793338 -0.46793338 -0.46793338 -0.46793338 -0.46793338 1.7148289 -0.46793338 -0.46793338 -0.46793338
-0.46793338 -0.46793338 -0.46793338 -0.46793338 -0.46793338 1.7148289 -0.46793338 -0.46793338 -0.46793338 -0.46793338
-0.46793338 -0.46793338 -0.46793338 -0.46793338 1.7148289 -0.46793338 -0.46793338 -0.46793338 -0.46793338 1.7148289
-0.46793338 -0.46793338 -0.46793338 1.7148289 -0.46793338 -0.46793338 -0.46793338 -0.46793338 1.7148289 -0.46793338
-0.46793338 -0.46793338 1.7148289 -0.46793338 -0.46793338 -0.46793338 -0.46793338 1.7148289 -0.46793338 1.9520857
-0.46793338 1.7148289 -0.46793338 -0.46793338 -0.46793338 -0.46793338 1.7148289 -0.46793338 1.9520857 -0.46793338
1.7148289 -0.46793338 -0.46793338 -0.46793338 -0.46793338 1.7148289 -0.46793338 1.9520857 -0.46793338 1.7622803
-0.46793338 -0.46793338 -0.46793338 -0.46793338 1.7148289 -0.46793338 1.9520857 -0.46793338 1.7622803 -0.46793338
-0.46793338 -0.46793338 -0.46793338 1.7148289 -0.46793338 1.9520857 -0.46793338 1.7622803 -0.46793338 -0.46793338
-0.46793338 -0.46793338 1.7148289 -0.46793338 1.9520857 -0.46793338 1.7622803 -0.46793338 -0.46793338 -0.46793338
-0.46793338 1.7148289 -0.46793338 1.9520857 -0.46793338 1.7622803 -0.46793338 -0.46793338 -0.46793338 -0.46793338
1.7148289 -0.46793338 1.9520857 -0.46793338 1.7622803 -0.46793338 -0.46793338 -0.46793338 -0.46793338 -0.46793338
-0.46793338 1.9520857 -0.46793338 1.7622803 -0.46793338 -0.46793338 -0.46793338 -0.46793338 -0.46793338 -0.46793338
1.9520857 -0.46793338 1.7622803 -0.46793338 -0.46793338 -0.46793338 -0.46793338 -0.46793338 -0.46793338 -0.46793338
-0.46793338 1.7622803 -0.46793338 -0.46793338 -0.46793338 -0.46793338 -0.46793338 -0.46793338 -0.46793338 -0.46793338
1.7622803 -0.46793338 -0.46793338 -0.46793338 -0.46793338 -0.46793338 -0.46793338 -0.46793338 -0.46793338 -0.46793338
-0.46793338 -0.46793338 -0.46793338 -0.46793338 -0.46793338 -0.46793338 -0.46793338 -0.46793338 -0.46793338 -0.46793338
-0.46793338 -0.46793338 -0.46793338 -0.46793338 -0.46793338 -0.46793338 -0.46793338 -0.46793338 -0.46793338 -0.46793338
-0.46793338 -0.46793338 -0.46793338 -0.46793338 -0.46793338 -0.46793338 -0.46793338 -0.46793338 -0.46793338 -0.46793338
-0.46793338 -0.46793338 -0.46793338 -0.46793338 -0.46793338 -0.46793338 -0.46793338 -0.46793338 -0.46793338 -0.46793338
-0.46793338 -0.46793338 -0.46793338 -0.46793338 -0.46793338 -0.46793338 -0.46793338 -0.46793338 -0.46793338 2.2557744
-0.46793338 -0.46793338 -0.46793338 -0.46793338 -0.46793338 -0.46793338 -0.46793338 -0.46793338 2.2557744 -0.46793338
-0.46793338 -0.46793338 -0.46793338 -0.46793338 -0.46793338 -0.46793338 -0.46793338 2.2557744 -0.46793338 -0.46793338
-0.46793338 -0.46793338 -0.46793338 -0.46793338 -0.46793338 -0.46793338 2.2557744 -0.46793338 -0.46793338 -0.46793338
-0.46793338 -0.46793338 -0.46793338 -0.46793338 -0.46793338 2.2557744 -0.46793338 -0.46793338 -0.46793338 -0.46793338
-0.46793338 -0.46793338 -0.46793338 -0.46793338 2.2557744 -0.46793338 -0.46793338 -0.46793338 -0.46793338 -0.46793338
-0.46793338 -0.46793338 -0.46793338 2.2557744 -0.46793338 -0.46793338 -0.46793338 -0.46793338 -0.46793338 -0.46793338
-0.46793338 -0.46793338 2.2557744 -0.46793338 -0.46793338 -0.46793338 -0.46793338 -0.46793338 -0.46793338 -0.46793338
-0.46793338 2.2557744 -0.46793338 -0.46793338 -0.46793338 -0.46793338 -0.46793338 -0.46793338 -0.46793338 -0.46793338
2.2557744 -0.46793338 -0.46793338 -0.46793338 -0.46793338 -0.46793338 -0.46793338 -0.46793338 -0.46793338 1.9900468
-0.46793338 -0.46793338 -0.46793338 -0.46793338 -0.46793338 -0.46793338 -0.46793338 -0.46793338 1.9900468 1.8192218999999998
-0.46793338 -0.46793338 -0.46793338 -0.46793338 -0.46793338 -0.46793338 -0.46793338 1.9900468 1.8192218999999998 -0.46793338
-0.46793338 -0.46793338 -0.46793338 -0.46793338 -0.46793338 -0.46793338 1.9900468 1.8192218999999998 -0.46793338 -0.46793338
-0.46793338 -0.46793338 -0.46793338 -0.46793338 -0.46793338 1.9900468 1.8192218999999998 -0.46793338 -0.46793338 -0.46793338
-0.46793338 -0.46793338 -0.46793338 -0.46793338 1.9900468 1.8192218999999998 -0.46793338 -0.46793338 -0.46793338 -0.46793338
-0.46793338 -0.46793338 -0.46793338 1.9900468 1.8192218999999998 -0.46793338 -0.46793338 -0.46793338 -0.46793338 -0.46793338
-0.46793338 -0.46793338 1.9900468 1.8192218999999998 -0.46793338 -0.46793338 -0.46793338 -0.46793338 -0.46793338 -0.46793338
-0.46793338 1.9900468 1.8192218999999998 -0.46793338 -0.46793338 -0.46793338 -0.46793338 -0.46793338 -0.46793338 1.9805564999999998
1.9900468 1.8192218999999998 -0.46793338 -0.46793338 -0.46793338 -0.46793338 -0.46793338 -0.46793338 1.9805564999999998 -0.46793338
1.8192218999999998 -0.46793338 -0.46793338 -0.46793338 -0.46793338 -0.46793338 -0.46793338 1.9805564999999998 -0.46793338 -0.46793338
-0.46793338 -0.46793338 -0.46793338 -0.46793338 -0.46793338 -0.46793338 1.9805564999999998 -0.46793338 -0.46793338 2.1418911
-0.46793338 -0.46793338 -0.46793338 -0.46793338 -0.46793338 1.9805564999999998 -0.46793338 -0.46793338 2.1418911 -0.46793338
-0.46793338 -0.46793338 -0.46793338 -0.46793338 1.9805564999999998 -0.46793338 -0.46793338 2.1418911 -0.46793338 -0.46793338
-0.46793338 -0.46793338 -0.46793338 1.9805564999999998 -0.46793338 -0.46793338 2.1418911 -0.46793338 -0.46793338 -0.46793338
-0.46793338 -0.46793338 1.9805564999999998 -0.46793338 -0.46793338 2.1418911 -0.46793338 -0.46793338 -0.46793338 1.5819651000000001
-0.46793338 1.9805564999999998 -0.46793338 -0.46793338 2.1418911 -0.46793338 -0.46793338 -0.46793338 1.5819651000000001 -0.46793338
1.9805564999999998 -0.46793338 -0.46793338 2.1418911 -0.46793338 -0.46793338 -0.46793338 1.5819651000000001 -0.46793338 -0.46793338
-0.46793338 -0.46793338 2.1418911 -0.46793338 -0.46793338 -0.46793338 1.5819651000000001 -0.46793338 -0.46793338 -0.46793338
-0.46793338 2.1418911 -0.46793338 -0.46793338 -0.46793338 1.5819651000000001 -0.46793338 -0.46793338 -0.46793338 -0.46793338
2.1418911 -0.46793338 -0.46793338 -0.46793338 1.5819651000000001 -0.46793338 -0.46793338 -0.46793338 -0.46793338 -0.46793338
-0.46793338 -0.46793338 -0.46793338 1.5819651000000001 -0.46793338 -0.46793338 -0.46793338 -0.46793338 -0.46793338 -0.46793338
-0.46793338 -0.46793338 1.5819651000000001 -0.46793338 -0.46793338 -0.46793338 -0.46793338 -0.46793338 -0.46793338 1.8761634999999999
-0.46793338 1.5819651000000001 -0.46793338 -0.46793338 -0.46793338 -0.46793338 -0.46793338 -0.46793338 1.8761634999999999 -0.46793338
1.5819651000000001 -0.46793338 -0.46793338 -0.46793338 -0.46793338 -0.46793338 -0.46793338 1.8761634999999999 -0.46793338 -0.46793338
-0.46793338 -0.46793338 -0.46793338 -0.46793338 -0.46793338 -0.46793338 1.8761634999999999 -0.46793338 -0.46793338 -0.46793338
-0.46793338 -0.46793338 -0.46793338 -0.46793338 -0.46793338 1.8761634999999999 -0.46793338 -0.46793338 -0.46793338 -0.46793338
-0.46793338 -0.46793338 -0.46793338 -0.46793338 1.8761634999999999 -0.46793338 -0.46793338 -0.46793338 -0.46793338 -0.46793338
-0.46793338 -0.46793338 -0.46793338 1.8761634999999999 -0.46793338 -0.46793338 -0.46793338 -0.46793338 -0.46793338 -0.46793338
-0.46793338 -0.46793338 1.8761634999999999 -0.46793338 -0.46793338 -0.46793338 -0.46793338 -0.46793338 -0.46793338 1.6673776000000002
-0.46793338 1.8761634999999999 -0.46793338 -0.46793338 -0.46793338 -0.46793338 -0.46793338 -0.46793338 1.6673776000000002 -0.46793338
1.8761634999999999 -0.46793338 -0.46793338 -0.46793338 -0.46793338 -0.46793338 -0.46793338 1.6673776000000002 -0.46793338 -0.46793338
-0.46793338 -0.46793338 -0.46793338 -0.46793338 -0.46793338 -0.46793338 1.6673776000000002 -0.46793338 -0.46793338 -0.46793338
-0.46793338 -0.46793338 -0.46793338 -0.46793338 -0.46793338 1.6673776000000002 -0.46793338 -0.46793338 -0.46793338 -0.46793338
-0.46793338 -0.46793338 -0.46793338 -0.46793338 1.6673776000000002 -0.46793338 -0.46793338 -0.46793338 -0.46793338 -0.46793338
-0.46793338 -0.46793338 -0.46793338 1.6673776000000002 -0.46793338 -0.46793338 -0.46793338 -0.46793338 -0.46793338 -0.46793338
-0.46793338 -0.46793338 1.6673776000000002 -0.46793338 -0.46793338 -0.46793338 -0.46793338 -0.46793338 -0.46793338 2.3791479
-0.46793338 1.6673776000000002 -0.46793338 -0.46793338 -0.46793338 -0.46793338 -0.46793338 -0.46793338 2.3791479 -0.46793338
1.6673776000000002 -0.46793338 -0.46793338 -0.46793338 -0.46793338 -0.46793338 -0.46793338 2.3791479 -0.46793338 -0.46793338
-0.46793338 -0.46793338 -0.46793338 -0.46793338 -0.46793338 -0.46793338 2.3791479 -0.46793338 -0.46793338 -0.46793338
-0.46793338 -0.46793338 -0.46793338 -0.46793338 -0.46793338 2.3791479 -0.46793338 -0.46793338 -0.46793338 1.9046343999999997
-0.46793338 -0.46793338 -0.46793338 -0.46793338 2.3791479 -0.46793338 -0.46793338 -0.46793338 1.9046343999999997 -0.46793338
-0.46793338 -0.46793338 -0.46793338 2.3791479 -0.46793338 -0.46793338 -0.46793338 1.9046343999999997 -0.46793338 -0.46793338
-0.46793338 -0.46793338 2.3791479 -0.46793338 -0.46793338 -0.46793338 1.9046343999999997 -0.46793338 -0.46793338 -0.46793338
-0.46793338 2.3791479 -0.46793338 -0.46793338 -0.46793338 1.9046343999999997 -0.46793338 -0.46793338 -0.46793338 -0.46793338
2.3791479 -0.46793338 -0.46793338 -0.46793338 1.9046343999999997 -0.46793338 -0.46793338 -0.46793338 -0.46793338 -0.46793338
-0.46793338 -0.46793338 -0.46793338 1.9046343999999997 -0.46793338 -0.46793338 -0.46793338 -0.46793338 -0.46793338 -0.46793338
-0.46793338 -0.46793338 1.9046343999999997 -0.46793338 -0.46793338 -0.46793338 -0.46793338 -0.46793338 -0.46793338 -0.46793338
-0.46793338 1.9046343999999997 -0.46793338 -0.46793338 -0.46793338 -0.46793338 -0.46793338 -0.46793338 -0.46793338 -0.46793338
1.9046343999999997 -0.46793338 -0.46793338 -0.46793338 -0.46793338 -0.46793338 -0.46793338 -0.46793338 -0.46793338 -0.46793338
-0.46793338 -0.46793338 -0.46793338 -0.46793338 -0.46793338 -0.46793338 -0.46793338 -0.46793338 -0.46793338 -0.46793338
-0.46793338 -0.46793338 -0.46793338 -0.46793338 -0.46793338 -0.46793338 -0.46793338 -0.46793338 -0.46793338 -0.46793338
-0.46793338 -0.46793338 -0.46793338 -0.46793338 -0.46793338 -0.46793338 -0.46793338 -0.46793338 -0.46793338 -0.46793338
-0.46793338 -0.46793338 -0.46793338 -0.46793338 -0.46793338 -0.46793338 -0.46793338 -0.46793338 -0.46793338 -0.46793338
-0.46793338 -0.46793338 -0.46793338 -0.46793338 -0.46793338 -0.46793338 -0.46793338 -0.46793338 -0.46793338 1.9805564999999998
-0.46793338 -0.46793338 -0.46793338 -0.46793338 -0.46793338 -0.46793338 -0.46793338 -0.46793338 1.9805564999999998 -0.46793338
-0.46793338 -0.46793338 -0.46793338 -0.46793338 -0.46793338 -0.46793338 -0.46793338 1.9805564999999998 -0.46793338 2.7492685000000003
-0.46793338 -0.46793338 -0.46793338 -0.46793338 -0.46793338 -0.46793338 1.9805564999999998 -0.46793338 2.7492685000000003 -0.46793338
-0.46793338 -0.46793338 -0.46793338 -0.46793338 -0.46793338 1.9805564999999998 -0.46793338 2.7492685000000003 -0.46793338 -0.46793338
-0.46793338 -0.46793338 -0.46793338 -0.46793338 1.9805564999999998 -0.46793338 2.7492685000000003 -0.46793338 -0.46793338 -0.46793338
-0.46793338 -0.46793338 -0.46793338 1.9805564999999998 -0.46793338 2.7492685000000003 -0.46793338 -0.46793338 -0.46793338 -0.46793338
-0.46793338 -0.46793338 1.9805564999999998 -0.46793338 2.7492685000000003 -0.46793338 -0.46793338 -0.46793338 -0.46793338 -0.46793338
-0.46793338 1.9805564999999998 -0.46793338 2.7492685000000003 -0.46793338 -0.46793338 -0.46793338 -0.46793338 -0.46793338 -0.46793338
1.9805564999999998 -0.46793338 2.7492685000000003 -0.46793338 -0.46793338 -0.46793338 -0.46793338 -0.46793338 -0.46793338 -0.46793338
-0.46793338 2.7492685000000003 -0.46793338 -0.46793338 -0.46793338 -0.46793338 -0.46793338 -0.46793338 -0.46793338 1.5345138
2.7492685000000003 -0.46793338 -0.46793338 -0.46793338 -0.46793338 -0.46793338 -0.46793338 -0.46793338 1.5345138 -0.46793338
-0.46793338 -0.46793338 -0.46793338 -0.46793338 -0.46793338 -0.46793338 -0.46793338 1.5345138 -0.46793338 -0.46793338
-0.46793338 -0.46793338 -0.46793338 -0.46793338 -0.46793338 -0.46793338 1.5345138 -0.46793338 -0.46793338 -0.46793338
-0.46793338 -0.46793338 -0.46793338 -0.46793338 -0.46793338 1.5345138 -0.46793338 -0.46793338 -0.46793338 -0.46793338
-0.46793338 -0.46793338 -0.46793338 -0.46793338 1.5345138 -0.46793338 -0.46793338 -0.46793338 -0.46793338 -0.46793338
-0.46793338 -0.46793338 -0.46793338 1.5345138 -0.46793338 -0.46793338 -0.46793338 -0.46793338 -0.46793338 -0.46793338
-0.46793338 -0.46793338 1.5345138 -0.46793338 -0.46793338 -0.46793338 -0.46793338 -0.46793338 -0.46793338 -0.46793338
-0.46793338 1.5345138 -0.46793338 -0.46793338 -0.46793338 -0.46793338 -0.46793338 -0.46793338 -0.46793338 1.7148289
1.5345138 -0.46793338 -0.46793338 -0.46793338 -0.46793338 -0.46793338 -0.46793338 -0.46793338 1.7148289 -0.46793338
-0.46793338 -0.46793338 -0.46793338 -0.46793338 -0.46793338 -0.46793338 -0.46793338 1.7148289 -0.46793338 -0.46793338
-0.46793338 -0.46793338 -0.46793338 -0.46793338 -0.46793338 -0.46793338 1.7148289 -0.46793338 -0.46793338 -0.46793338
-0.46793338 -0.46793338 -0.46793338 -0.46793338 -0.46793338 1.7148289 -0.46793338 -0.46793338 -0.46793338 -0.46793338
-0.46793338 -0.46793338 -0.46793338 -0.46793338 1.7148289 -0.46793338 -0.46793338 -0.46793338 -0.46793338 -0.46793338
-0.46793338 -0.46793338 -0.46793338 1.7148289 -0.46793338 -0.46793338 -0.46793338 -0.46793338 -0.46793338 1.4680819
-0.46793338 -0.46793338 1.7148289 -0.46793338 -0.46793338 -0.46793338 -0.46793338 -0.46793338 1.4680819 -0.46793338
-0.46793338 1.7148289 -0.46793338 -0.46793338 -0.46793338 -0.46793338 -0.46793338 1.4680819 -0.46793338 -0.46793338
1.7148289 -0.46793338 -0.46793338 -0.46793338 -0.46793338 -0.46793338 1.4680819 -0.46793338 -0.46793338 -0.46793338
-0.46793338 -0.46793338 -0.46793338 -0.46793338 -0.46793338 1.4680819 -0.46793338 -0.46793338 -0.46793338 -0.46793338
-0.46793338 -0.46793338 -0.46793338 -0.46793338 1.4680819 -0.46793338 -0.46793338 -0.46793338 -0.46793338 1.4965527
-0.46793338 -0.46793338 -0.46793338 1.4680819 -0.46793338 -0.46793338 -0.46793338 -0.46793338 1.4965527 2.8346809
-0.46793338 -0.46793338 1.4680819 -0.46793338 -0.46793338 -0.46793338 -0.46793338 1.4965527 2.8346809 -0.46793338
-0.46793338 1.4680819 -0.46793338 -0.46793338 -0.46793338 -0.46793338 1.4965527 2.8346809 -0.46793338 2.6543658
1.4680819 -0.46793338 -0.46793338 -0.46793338 -0.46793338 1.4965527 2.8346809 -0.46793338 2.6543658 1.8192218999999998
-0.46793338 -0.46793338 -0.46793338 -0.46793338 1.4965527 2.8346809 -0.46793338 2.6543658 1.8192218999999998 -0.46793338
-0.46793338 -0.46793338 -0.46793338 1.4965527 2.8346809 -0.46793338 2.6543658 1.8192218999999998 -0.46793338 1.7432997
-0.46793338 -0.46793338 1.4965527 2.8346809 -0.46793338 2.6543658 1.8192218999999998 -0.46793338 1.7432997 -0.46793338
-0.46793338 1.4965527 2.8346809 -0.46793338 2.6543658 1.8192218999999998 -0.46793338 1.7432997 -0.46793338 -0.46793338
1.4965527 2.8346809 -0.46793338 2.6543658 1.8192218999999998 -0.46793338 1.7432997 -0.46793338 -0.46793338 2.3696576
2.8346809 -0.46793338 2.6543658 1.8192218999999998 -0.46793338 1.7432997 -0.46793338 -0.46793338 2.3696576 -0.46793338
-0.46793338 2.6543658 1.8192218999999998 -0.46793338 1.7432997 -0.46793338 -0.46793338 2.3696576 -0.46793338 -0.46793338
2.6543658 1.8192218999999998 -0.46793338 1.7432997 -0.46793338 -0.46793338 2.3696576 -0.46793338 -0.46793338 1.8192218999999998
1.8192218999999998 -0.46793338 1.7432997 -0.46793338 -0.46793338 2.3696576 -0.46793338 -0.46793338 1.8192218999999998 1.6483970000000001
-0.46793338 1.7432997 -0.46793338 -0.46793338 2.3696576 -0.46793338 -0.46793338 1.8192218999999998 1.6483970000000001 -0.46793338
1.7432997 -0.46793338 -0.46793338 2.3696576 -0.46793338 -0.46793338 1.8192218999999998 1.6483970000000001 -0.46793338 2.6448755
-0.46793338 -0.46793338 2.3696576 -0.46793338 -0.46793338 1.8192218999999998 1.6483970000000001 -0.46793338 2.6448755 -0.46793338
-0.46793338 2.3696576 -0.46793338 -0.46793338 1.8192218999999998 1.6483970000000001 -0.46793338 2.6448755 -0.46793338 -0.46793338
2.3696576 -0.46793338 -0.46793338 1.8192218999999998 1.6483970000000001 -0.46793338 2.6448755 -0.46793338 -0.46793338 -0.46793338
-0.46793338 -0.46793338 1.8192218999999998 1.6483970000000001 -0.46793338 2.6448755 -0.46793338 -0.46793338 -0.46793338 -0.46793338
-0.46793338 1.8192218999999998 1.6483970000000001 -0.46793338 2.6448755 -0.46793338 -0.46793338 -0.46793338 -0.46793338 -0.46793338
1.8192218999999998 1.6483970000000001 -0.46793338 2.6448755 -0.46793338 -0.46793338 -0.46793338 -0.46793338 -0.46793338 -0.46793338
1.6483970000000001 -0.46793338 2.6448755 -0.46793338 -0.46793338 -0.46793338 -0.46793338 -0.46793338 -0.46793338 2.7018171000000004
-0.46793338 2.6448755 -0.46793338 -0.46793338 -0.46793338 -0.46793338 -0.46793338 -0.46793338 2.7018171000000004 -0.46793338
2.6448755 -0.46793338 -0.46793338 -0.46793338 -0.46793338 -0.46793338 -0.46793338 2.7018171000000004 -0.46793338 -0.46793338
-0.46793338 -0.46793338 -0.46793338 -0.46793338 -0.46793338 -0.46793338 2.7018171000000004 -0.46793338 -0.46793338 -0.46793338
-0.46793338 -0.46793338 -0.46793338 -0.46793338 -0.46793338 2.7018171000000004 -0.46793338 -0.46793338 -0.46793338 -0.46793338
-0.46793338 -0.46793338 -0.46793338 -0.46793338 2.7018171000000004 -0.46793338 -0.46793338 -0.46793338 -0.46793338 -0.46793338
-0.46793338 -0.46793338 -0.46793338 2.7018171000000004 -0.46793338 -0.46793338 -0.46793338 -0.46793338 -0.46793338 -0.46793338
-0.46793338 -0.46793338 2.7018171000000004 -0.46793338 -0.46793338 -0.46793338 -0.46793338 -0.46793338 -0.46793338 -0.46793338
-0.46793338 2.7018171000000004 -0.46793338 -0.46793338 -0.46793338 -0.46793338 -0.46793338 -0.46793338 -0.46793338 -0.46793338
2.7018171000000004 -0.46793338 -0.46793338 -0.46793338 -0.46793338 -0.46793338 -0.46793338 -0.46793338 -0.46793338 -0.46793338
-0.46793338 -0.46793338 -0.46793338 -0.46793338 -0.46793338 -0.46793338 -0.46793338 -0.46793338 -0.46793338 -0.46793338
-0.46793338 -0.46793338 -0.46793338 -0.46793338 -0.46793338 -0.46793338 -0.46793338 -0.46793338 -0.46793338 -0.46793338
-0.46793338 -0.46793338 -0.46793338 -0.46793338 -0.46793338 -0.46793338 -0.46793338 -0.46793338 -0.46793338 -0.46793338
-0.46793338 -0.46793338 -0.46793338 -0.46793338 -0.46793338 -0.46793338 -0.46793338 -0.46793338 -0.46793338 -0.46793338
-0.46793338 -0.46793338 -0.46793338 -0.46793338 -0.46793338 -0.46793338 -0.46793338 -0.46793338 -0.46793338 -0.46793338
-0.46793338 -0.46793338 -0.46793338 -0.46793338 -0.46793338 -0.46793338 -0.46793338 -0.46793338 -0.46793338 2.6069144
-0.46793338 -0.46793338 -0.46793338 -0.46793338 -0.46793338 -0.46793338 -0.46793338 -0.46793338 2.6069144 -0.46793338
-0.46793338 -0.46793338 -0.46793338 -0.46793338 -0.46793338 -0.46793338 -0.46793338 2.6069144 -0.46793338 -0.46793338
-0.46793338 -0.46793338 -0.46793338 -0.46793338 -0.46793338 -0.46793338 2.6069144 -0.46793338 -0.46793338 1.5534943
-0.46793338 -0.46793338 -0.46793338 -0.46793338 -0.46793338 2.6069144 -0.46793338 -0.46793338 1.5534943 -0.46793338
-0.46793338 -0.46793338 -0.46793338 -0.46793338 2.6069144 -0.46793338 -0.46793338 1.5534943 -0.46793338 -0.46793338
-0.46793338 -0.46793338 -0.46793338 2.6069144 -0.46793338 -0.46793338 1.5534943 -0.46793338 -0.46793338 -0.46793338
-0.46793338 -0.46793338 2.6069144 -0.46793338 -0.46793338 1.5534943 -0.46793338 -0.46793338 -0.46793338 2.10393
-0.46793338 2.6069144 -0.46793338 -0.46793338 1.5534943 -0.46793338 -0.46793338 -0.46793338 2.10393 -0.46793338
2.6069144 -0.46793338 -0.46793338 1.5534943 -0.46793338 -0.46793338 -0.46793338 2.10393 -0.46793338 2.1324009
-0.46793338 -0.46793338 1.5534943 -0.46793338 -0.46793338 -0.46793338 2.10393 -0.46793338 2.1324009 -0.46793338
-0.46793338 1.5534943 -0.46793338 -0.46793338 -0.46793338 2.10393 -0.46793338 2.1324009 -0.46793338 -0.46793338
1.5534943 -0.46793338 -0.46793338 -0.46793338 2.10393 -0.46793338 2.1324009 -0.46793338 -0.46793338 -0.46793338
-0.46793338 -0.46793338 -0.46793338 2.10393 -0.46793338 2.1324009 -0.46793338 -0.46793338 -0.46793338 2.5120117000000004
-0.46793338 -0.46793338 2.10393 -0.46793338 2.1324009 -0.46793338 -0.46793338 -0.46793338 2.5120117000000004 1.6863581000000003
-0.46793338 2.10393 -0.46793338 2.1324009 -0.46793338 -0.46793338 -0.46793338 2.5120117000000004 1.6863581000000003 3.0814279
2.10393 -0.46793338 2.1324009 -0.46793338 -0.46793338 -0.46793338 2.5120117000000004 1.6863581000000003 3.0814279 -0.46793338
-0.46793338 2.1324009 -0.46793338 -0.46793338 -0.46793338 2.5120117000000004 1.6863581000000003 3.0814279 -0.46793338 -0.46793338
2.1324009 -0.46793338 -0.46793338 -0.46793338 2.5120117000000004 1.6863581000000003 3.0814279 -0.46793338 -0.46793338 -0.46793338
-0.46793338 -0.46793338 -0.46793338 2.5120117000000004 1.6863581000000003 3.0814279 -0.46793338 -0.46793338 -0.46793338 -0.46793338
-0.46793338 -0.46793338 2.5120117000000004 1.6863581000000003 3.0814279 -0.46793338 -0.46793338 -0.46793338 -0.46793338 -0.46793338
-0.46793338 2.5120117000000004 1.6863581000000003 3.0814279 -0.46793338 -0.46793338 -0.46793338 -0.46793338 -0.46793338 -0.46793338
2.5120117000000004 1.6863581000000003 3.0814279 -0.46793338 -0.46793338 -0.46793338 -0.46793338 -0.46793338 -0.46793338 -0.46793338
1.6863581000000003 3.0814279 -0.46793338 -0.46793338 -0.46793338 -0.46793338 -0.46793338 -0.46793338 -0.46793338 -0.46793338
3.0814279 -0.46793338 -0.46793338 -0.46793338 -0.46793338 -0.46793338 -0.46793338 -0.46793338 -0.46793338 -0.46793338
-0.46793338 -0.46793338 -0.46793338 -0.46793338 -0.46793338 -0.46793338 -0.46793338 -0.46793338 -0.46793338 -0.46793338
-0.46793338 -0.46793338 -0.46793338 -0.46793338 -0.46793338 -0.46793338 -0.46793338 -0.46793338 -0.46793338 -0.46793338
-0.46793338 -0.46793338 -0.46793338 -0.46793338 -0.46793338 -0.46793338 -0.46793338 -0.46793338 -0.46793338 -0.46793338
-0.46793338 -0.46793338 -0.46793338 -0.46793338 -0.46793338 -0.46793338 -0.46793338 -0.46793338 -0.46793338 1.5819651000000001
-0.46793338 -0.46793338 -0.46793338 -0.46793338 -0.46793338 -0.46793338 -0.46793338 -0.46793338 1.5819651000000001 2.0564787
-0.46793338 -0.46793338 -0.46793338 -0.46793338 -0.46793338 -0.46793338 -0.46793338 1.5819651000000001 2.0564787 -0.46793338
-0.46793338 -0.46793338 -0.46793338 -0.46793338 -0.46793338 -0.46793338 1.5819651000000001 2.0564787 -0.46793338 -0.46793338
-0.46793338 -0.46793338 -0.46793338 -0.46793338 -0.46793338 1.5819651000000001 2.0564787 -0.46793338 -0.46793338 -0.46793338
-0.46793338 -0.46793338 -0.46793338 -0.46793338 1.5819651000000001 2.0564787 -0.46793338 -0.46793338 -0.46793338 1.8476927
-0.46793338 -0.46793338 -0.46793338 1.5819651000000001 2.0564787 -0.46793338 -0.46793338 -0.46793338 1.8476927 -0.46793338
-0.46793338 -0.46793338 1.5819651000000001 2.0564787 -0.46793338 -0.46793338 -0.46793338 1.8476927 -0.46793338 -0.46793338
-0.46793338 1.5819651000000001 2.0564787 -0.46793338 -0.46793338 -0.46793338 1.8476927 -0.46793338 -0.46793338 -0.46793338
1.5819651000000001 2.0564787 -0.46793338 -0.46793338 -0.46793338 1.8476927 -0.46793338 -0.46793338 -0.46793338 -0.46793338
2.0564787 -0.46793338 -0.46793338 -0.46793338 1.8476927 -0.46793338 -0.46793338 -0.46793338 -0.46793338 1.4585916
-0.46793338 -0.46793338 -0.46793338 1.8476927 -0.46793338 -0.46793338 -0.46793338 -0.46793338 1.4585916 -0.46793338
-0.46793338 -0.46793338 1.8476927 -0.46793338 -0.46793338 -0.46793338 -0.46793338 1.4585916 -0.46793338 -0.46793338
-0.46793338 1.8476927 -0.46793338 -0.46793338 -0.46793338 -0.46793338 1.4585916 -0.46793338 -0.46793338 -0.46793338
1.8476927 -0.46793338 -0.46793338 -0.46793338 -0.46793338 1.4585916 -0.46793338 -0.46793338 -0.46793338 1.8002414
-0.46793338 -0.46793338 -0.46793338 -0.46793338 1.4585916 -0.46793338 -0.46793338 -0.46793338 1.8002414 -0.46793338
-0.46793338 -0.46793338 -0.46793338 1.4585916 -0.46793338 -0.46793338 -0.46793338 1.8002414 -0.46793338 -0.46793338
-0.46793338 -0.46793338 1.4585916 -0.46793338 -0.46793338 -0.46793338 1.8002414 -0.46793338 -0.46793338 1.7907511000000003
-0.46793338 1.4585916 -0.46793338 -0.46793338 -0.46793338 1.8002414 -0.46793338 -0.46793338 1.7907511000000003 2.208323
1.4585916 -0.46793338 -0.46793338 -0.46793338 1.8002414 -0.46793338 -0.46793338 1.7907511000000003 2.208323 2.2367937999999996
-0.46793338 -0.46793338 -0.46793338 1.8002414 -0.46793338 -0.46793338 1.7907511000000003 2.208323 2.2367937999999996 -0.46793338
-0.46793338 -0.46793338 1.8002414 -0.46793338 -0.46793338 1.7907511000000003 2.208323 2.2367937999999996 -0.46793338 -0.46793338
-0.46793338 1.8002414 -0.46793338 -0.46793338 1.7907511000000003 2.208323 2.2367937999999996 -0.46793338 -0.46793338 -0.46793338
1.8002414 -0.46793338 -0.46793338 1.7907511000000003 2.208323 2.2367937999999996 -0.46793338 -0.46793338 -0.46793338 -0.46793338
-0.46793338 -0.46793338 1.7907511000000003 2.208323 2.2367937999999996 -0.46793338 -0.46793338 -0.46793338 -0.46793338 -0.46793338
-0.46793338 1.7907511000000003 2.208323 2.2367937999999996 -0.46793338 -0.46793338 -0.46793338 -0.46793338 -0.46793338 -0.46793338
1.7907511000000003 2.208323 2.2367937999999996 -0.46793338 -0.46793338 -0.46793338 -0.46793338 -0.46793338 -0.46793338 -0.46793338
2.208323 2.2367937999999996 -0.46793338 -0.46793338 -0.46793338 -0.46793338 -0.46793338 -0.46793338 -0.46793338 -0.46793338
2.2367937999999996 -0.46793338 -0.46793338 -0.46793338 -0.46793338 -0.46793338 -0.46793338 -0.46793338 -0.46793338 -0.46793338
-0.46793338 -0.46793338 -0.46793338 -0.46793338 -0.46793338 -0.46793338 -0.46793338 -0.46793338 -0.46793338 -0.46793338
-0.46793338 -0.46793338 -0.46793338 -0.46793338 -0.46793338 -0.46793338 -0.46793338 -0.46793338 -0.46793338 -0.46793338
-0.46793338 -0.46793338 -0.46793338 -0.46793338 -0.46793338 -0.46793338 -0.46793338 -0.46793338 -0.46793338 1.5534943
-0.46793338 -0.46793338 -0.46793338 -0.46793338 -0.46793338 -0.46793338 -0.46793338 -0.46793338 1.5534943 -0.46793338
-0.46793338 -0.46793338 -0.46793338 -0.46793338 -0.46793338 -0.46793338 -0.46793338 1.5534943 -0.46793338 -0.46793338
-0.46793338 -0.46793338 -0.46793338 -0.46793338 -0.46793338 -0.46793338 1.5534943 -0.46793338 -0.46793338 -0.46793338
-0.46793338 -0.46793338 -0.46793338 -0.46793338 -0.46793338 1.5534943 -0.46793338 -0.46793338 -0.46793338 2.3791479
-0.46793338 -0.46793338 -0.46793338 -0.46793338 1.5534943 -0.46793338 -0.46793338 -0.46793338 2.3791479 -0.46793338
-0.46793338 -0.46793338 -0.46793338 1.5534943 -0.46793338 -0.46793338 -0.46793338 2.3791479 -0.46793338 -0.46793338
-0.46793338 -0.46793338 1.5534943 -0.46793338 -0.46793338 -0.46793338 2.3791479 -0.46793338 -0.46793338 -0.46793338
-0.46793338 1.5534943 -0.46793338 -0.46793338 -0.46793338 2.3791479 -0.46793338 -0.46793338 -0.46793338 -0.46793338
1.5534943 -0.46793338 -0.46793338 -0.46793338 2.3791479 -0.46793338 -0.46793338 -0.46793338 -0.46793338 -0.46793338
-0.46793338 -0.46793338 -0.46793338 2.3791479 -0.46793338 -0.46793338 -0.46793338 -0.46793338 -0.46793338 -0.46793338
-0.46793338 -0.46793338 2.3791479 -0.46793338 -0.46793338 -0.46793338 -0.46793338 -0.46793338 -0.46793338 -0.46793338
-0.46793338 2.3791479 -0.46793338 -0.46793338 -0.46793338 -0.46793338 -0.46793338 -0.46793338 -0.46793338 -0.46793338
2.3791479 -0.46793338 -0.46793338 -0.46793338 -0.46793338 -0.46793338 -0.46793338 -0.46793338 -0.46793338 -0.46793338
-0.46793338 -0.46793338 -0.46793338 -0.46793338 -0.46793338 -0.46793338 -0.46793338 -0.46793338 -0.46793338 1.4301208
-0.46793338 -0.46793338 -0.46793338 -0.46793338 -0.46793338 -0.46793338 -0.46793338 -0.46793338 1.4301208 -0.46793338
-0.46793338 -0.46793338 -0.46793338 -0.46793338 -0.46793338 -0.46793338 -0.46793338 1.4301208 -0.46793338 -0.46793338
-0.46793338 -0.46793338 -0.46793338 -0.46793338 -0.46793338 -0.46793338 1.4301208 -0.46793338 -0.46793338 -0.46793338
-0.46793338 -0.46793338 -0.46793338 -0.46793338 -0.46793338 1.4301208 -0.46793338 -0.46793338 -0.46793338 -0.46793338
-0.46793338 -0.46793338 -0.46793338 -0.46793338 1.4301208 -0.46793338 -0.46793338 -0.46793338 -0.46793338 1.5629846
-0.46793338 -0.46793338 -0.46793338 1.4301208 -0.46793338 -0.46793338 -0.46793338 -0.46793338 1.5629846 -0.46793338
-0.46793338 -0.46793338 1.4301208 -0.46793338 -0.46793338 -0.46793338 -0.46793338 1.5629846 -0.46793338 -0.46793338
-0.46793338 1.4301208 -0.46793338 -0.46793338 -0.46793338 -0.46793338 1.5629846 -0.46793338 -0.46793338 2.2178133
1.4301208 -0.46793338 -0.46793338 -0.46793338 -0.46793338 1.5629846 -0.46793338 -0.46793338 2.2178133 1.506043
-0.46793338 -0.46793338 -0.46793338 -0.46793338 1.5629846 -0.46793338 -0.46793338 2.2178133 1.506043 -0.46793338
-0.46793338 -0.46793338 -0.46793338 1.5629846 -0.46793338 -0.46793338 2.2178133 1.506043 -0.46793338 -0.46793338
-0.46793338 -0.46793338 1.5629846 -0.46793338 -0.46793338 2.2178133 1.506043 -0.46793338 -0.46793338 -0.46793338
-0.46793338 1.5629846 -0.46793338 -0.46793338 2.2178133 1.506043 -0.46793338 -0.46793338 -0.46793338 2.1798522
1.5629846 -0.46793338 -0.46793338 2.2178133 1.506043 -0.46793338 -0.46793338 -0.46793338 2.1798522 -0.46793338
-0.46793338 -0.46793338 2.2178133 1.506043 -0.46793338 -0.46793338 -0.46793338 2.1798522 -0.46793338 -0.46793338
-0.46793338 2.2178133 1.506043 -0.46793338 -0.46793338 -0.46793338 2.1798522 -0.46793338 -0.46793338 -0.46793338
2.2178133 1.506043 -0.46793338 -0.46793338 -0.46793338 2.1798522 -0.46793338 -0.46793338 -0.46793338 -0.46793338
1.506043 -0.46793338 -0.46793338 -0.46793338 2.1798522 -0.46793338 -0.46793338 -0.46793338 -0.46793338 -0.46793338
-0.46793338 -0.46793338 -0.46793338 2.1798522 -0.46793338 -0.46793338 -0.46793338 -0.46793338 -0.46793338 -0.46793338
-0.46793338 -0.46793338 2.1798522 -0.46793338 -0.46793338 -0.46793338 -0.46793338 -0.46793338 -0.46793338 -0.46793338
-0.46793338 2.1798522 -0.46793338 -0.46793338 -0.46793338 -0.46793338 -0.46793338 -0.46793338 -0.46793338 -0.46793338
2.1798522 -0.46793338 -0.46793338 -0.46793338 -0.46793338 -0.46793338 -0.46793338 -0.46793338 -0.46793338 -0.46793338
-0.46793338 -0.46793338 -0.46793338 -0.46793338 -0.46793338 -0.46793338 -0.46793338 -0.46793338 -0.46793338 -0.46793338
-0.46793338 -0.46793338 -0.46793338 -0.46793338 -0.46793338 -0.46793338 -0.46793338 -0.46793338 -0.46793338 -0.46793338
-0.46793338 -0.46793338 -0.46793338 -0.46793338 -0.46793338 -0.46793338 -0.46793338 -0.46793338 -0.46793338 -0.46793338
-0.46793338 -0.46793338 -0.46793338 -0.46793338 -0.46793338 -0.46793338 -0.46793338 -0.46793338 -0.46793338 -0.46793338
-0.46793338 -0.46793338 -0.46793338 -0.46793338 -0.46793338 -0.46793338 -0.46793338 -0.46793338 -0.46793338 1.5534943
-0.46793338 -0.46793338 -0.46793338 -0.46793338 -0.46793338 -0.46793338 -0.46793338 -0.46793338 1.5534943 -0.46793338
-0.46793338 -0.46793338 -0.46793338 -0.46793338 -0.46793338 -0.46793338 -0.46793338 1.5534943 -0.46793338 -0.46793338
-0.46793338 -0.46793338 -0.46793338 -0.46793338 -0.46793338 -0.46793338 1.5534943 -0.46793338 -0.46793338 -0.46793338
-0.46793338 -0.46793338 -0.46793338 -0.46793338 -0.46793338 1.5534943 -0.46793338 -0.46793338 -0.46793338 -0.46793338
-0.46793338 -0.46793338 -0.46793338 -0.46793338 1.5534943 -0.46793338 -0.46793338 -0.46793338 -0.46793338 -0.46793338
-0.46793338 -0.46793338 -0.46793338 1.5534943 -0.46793338 -0.46793338 -0.46793338 -0.46793338 -0.46793338 -0.46793338
-0.46793338 -0.46793338 1.5534943 -0.46793338 -0.46793338 -0.46793338 -0.46793338 -0.46793338 -0.46793338 -0.46793338
-0.46793338 1.5534943 -0.46793338 -0.46793338 -0.46793338 -0.46793338 -0.46793338 -0.46793338 -0.46793338 -0.46793338
1.5534943 -0.46793338 -0.46793338 -0.46793338 -0.46793338 -0.46793338 -0.46793338 -0.46793338 -0.46793338 -0.46793338
-0.46793338 -0.46793338 -0.46793338 -0.46793338 -0.46793338 -0.46793338 -0.46793338 -0.46793338 -0.46793338 1.8951441000000002
-0.46793338 -0.46793338 -0.46793338 -0.46793338 -0.46793338 -0.46793338 -0.46793338 -0.46793338 1.8951441000000002 -0.46793338
-0.46793338 -0.46793338 -0.46793338 -0.46793338 -0.46793338 -0.46793338 -0.46793338 1.8951441000000002 -0.46793338 1.6389068
-0.46793338 -0.46793338 -0.46793338 -0.46793338 -0.46793338 -0.46793338 1.8951441000000002 -0.46793338 1.6389068 -0.46793338
-0.46793338 -0.46793338 -0.46793338 -0.46793338 -0.46793338 1.8951441000000002 -0.46793338 1.6389068 -0.46793338 -0.46793338
-0.46793338 -0.46793338 -0.46793338 -0.46793338 1.8951441000000002 -0.46793338 1.6389068 -0.46793338 -0.46793338 -0.46793338
-0.46793338 -0.46793338 -0.46793338 1.8951441000000002 -0.46793338 1.6389068 -0.46793338 -0.46793338 -0.46793338 -0.46793338
-0.46793338 -0.46793338 1.8951441000000002 -0.46793338 1.6389068 -0.46793338 -0.46793338 -0.46793338 -0.46793338 -0.46793338
-0.46793338 1.8951441000000002 -0.46793338 1.6389068 -0.46793338 -0.46793338 -0.46793338 -0.46793338 -0.46793338 -0.46793338
1.8951441000000002 -0.46793338 1.6389068 -0.46793338 -0.46793338 -0.46793338 -0.46793338 -0.46793338 -0.46793338 -0.46793338
-0.46793338 1.6389068 -0.46793338 -0.46793338 -0.46793338 -0.46793338 -0.46793338 -0.46793338 -0.46793338 -0.46793338
1.6389068 -0.46793338 -0.46793338 -0.46793338 -0.46793338 -0.46793338 -0.46793338 -0.46793338 -0.46793338 2.1988328
-0.46793338 -0.46793338 -0.46793338 -0.46793338 -0.46793338 -0.46793338 -0.46793338 -0.46793338 2.1988328 -0.46793338
-0.46793338 -0.46793338 -0.46793338 -0.46793338 -0.46793338 -0.46793338 -0.46793338 2.1988328 -0.46793338 1.6863581000000003
-0.46793338 -0.46793338 -0.46793338 -0.46793338 -0.46793338 -0.46793338 2.1988328 -0.46793338 1.6863581000000003 -0.46793338
-0.46793338 -0.46793338 -0.46793338 -0.46793338 -0.46793338 2.1988328 -0.46793338 1.6863581000000003 -0.46793338 -0.46793338
-0.46793338 -0.46793338 -0.46793338 -0.46793338 2.1988328 -0.46793338 1.6863581000000003 -0.46793338 -0.46793338 -0.46793338
-0.46793338 -0.46793338 -0.46793338 2.1988328 -0.46793338 1.6863581000000003 -0.46793338 -0.46793338 -0.46793338 -0.46793338
-0.46793338 -0.46793338 2.1988328 -0.46793338 1.6863581000000003 -0.46793338 -0.46793338 -0.46793338 -0.46793338 -0.46793338
-0.46793338 2.1988328 -0.46793338 1.6863581000000003 -0.46793338 -0.46793338 -0.46793338 -0.46793338 -0.46793338 -0.46793338
2.1988328 -0.46793338 1.6863581000000003 -0.46793338 -0.46793338 -0.46793338 -0.46793338 -0.46793338 -0.46793338 -0.46793338
-0.46793338 1.6863581000000003 -0.46793338 -0.46793338 -0.46793338 -0.46793338 -0.46793338 -0.46793338 -0.46793338 -0.46793338
1.6863581000000003 -0.46793338 -0.46793338 -0.46793338 -0.46793338 -0.46793338 -0.46793338 -0.46793338 -0.46793338 1.8571830000000003
-0.46793338 -0.46793338 -0.46793338 -0.46793338 -0.46793338 -0.46793338 -0.46793338 -0.46793338 1.8571830000000003 -0.46793338
-0.46793338 -0.46793338 -0.46793338 -0.46793338 -0.46793338 -0.46793338 -0.46793338 1.8571830000000003 -0.46793338 2.10393
-0.46793338 -0.46793338 -0.46793338 -0.46793338 -0.46793338 -0.46793338 1.8571830000000003 -0.46793338 2.10393 -0.46793338
-0.46793338 -0.46793338 -0.46793338 -0.46793338 -0.46793338 1.8571830000000003 -0.46793338 2.10393 -0.46793338 -0.46793338
-0.46793338 -0.46793338 -0.46793338 -0.46793338 1.8571830000000003 -0.46793338 2.10393 -0.46793338 -0.46793338 -0.46793338
-0.46793338 -0.46793338 -0.46793338 1.8571830000000003 -0.46793338 2.10393 -0.46793338 -0.46793338 -0.46793338 -0.46793338
-0.46793338 -0.46793338 1.8571830000000003 -0.46793338 2.10393 -0.46793338 -0.46793338 -0.46793338 -0.46793338 -0.46793338
-0.46793338 1.8571830000000003 -0.46793338 2.10393 -0.46793338 -0.46793338 -0.46793338 -0.46793338 -0.46793338 -0.46793338
1.8571830000000003 -0.46793338 2.10393 -0.46793338 -0.46793338 -0.46793338 -0.46793338 -0.46793338 -0.46793338 1.8571830000000003
-0.46793338 2.10393 -0.46793338 -0.46793338 -0.46793338 -0.46793338 -0.46793338 -0.46793338 1.8571830000000003 -0.46793338
2.10393 -0.46793338 -0.46793338 -0.46793338 -0.46793338 -0.46793338 -0.46793338 1.8571830000000003 -0.46793338 -0.46793338
-0.46793338 -0.46793338 -0.46793338 -0.46793338 -0.46793338 -0.46793338 1.8571830000000003 -0.46793338 -0.46793338 -0.46793338
-0.46793338 -0.46793338 -0.46793338 -0.46793338 -0.46793338 1.8571830000000003 -0.46793338 -0.46793338 -0.46793338 -0.46793338
-0.46793338 -0.46793338 -0.46793338 -0.46793338 1.8571830000000003 -0.46793338 -0.46793338 -0.46793338 -0.46793338 1.9046343999999997
-0.46793338 -0.46793338 -0.46793338 1.8571830000000003 -0.46793338 -0.46793338 -0.46793338 -0.46793338 1.9046343999999997 1.7717706000000002
-0.46793338 -0.46793338 1.8571830000000003 -0.46793338 -0.46793338 -0.46793338 -0.46793338 1.9046343999999997 1.7717706000000002 1.8287122
-0.46793338 1.8571830000000003 -0.46793338 -0.46793338 -0.46793338 -0.46793338 1.9046343999999997 1.7717706000000002 1.8287122 -0.46793338
1.8571830000000003 -0.46793338 -0.46793338 -0.46793338 -0.46793338 1.9046343999999997 1.7717706000000002 1.8287122 -0.46793338 1.5819651000000001
-0.46793338 -0.46793338 -0.46793338 -0.46793338 1.9046343999999997 1.7717706000000002 1.8287122 -0.46793338 1.5819651000000001 -0.46793338
-0.46793338 -0.46793338 -0.46793338 1.9046343999999997 1.7717706000000002 1.8287122 -0.46793338 1.5819651000000001 -0.46793338 -0.46793338
-0.46793338 -0.46793338 1.9046343999999997 1.7717706000000002 1.8287122 -0.46793338 1.5819651000000001 -0.46793338 -0.46793338 -0.46793338
-0.46793338 1.9046343999999997 1.7717706000000002 1.8287122 -0.46793338 1.5819651000000001 -0.46793338 -0.46793338 -0.46793338 -0.46793338
1.9046343999999997 1.7717706000000002 1.8287122 -0.46793338 1.5819651000000001 -0.46793338 -0.46793338 -0.46793338 -0.46793338 -0.46793338
1.7717706000000002 1.8287122 -0.46793338 1.5819651000000001 -0.46793338 -0.46793338 -0.46793338 -0.46793338 -0.46793338 -0.46793338
1.8287122 -0.46793338 1.5819651000000001 -0.46793338 -0.46793338 -0.46793338 -0.46793338 -0.46793338 -0.46793338 -0.46793338
-0.46793338 1.5819651000000001 -0.46793338 -0.46793338 -0.46793338 -0.46793338 -0.46793338 -0.46793338 -0.46793338 -0.46793338
1.5819651000000001 -0.46793338 -0.46793338 -0.46793338 -0.46793338 -0.46793338 -0.46793338 -0.46793338 -0.46793338 -0.46793338
-0.46793338 -0.46793338 -0.46793338 -0.46793338 -0.46793338 -0.46793338 -0.46793338 -0.46793338 -0.46793338 1.5250235
-0.46793338 -0.46793338 -0.46793338 -0.46793338 -0.46793338 -0.46793338 -0.46793338 -0.46793338 1.5250235 -0.46793338
-0.46793338 -0.46793338 -0.46793338 -0.46793338 -0.46793338 -0.46793338 -0.46793338 1.5250235 -0.46793338 -0.46793338
-0.46793338 -0.46793338 -0.46793338 -0.46793338 -0.46793338 -0.46793338 1.5250235 -0.46793338 -0.46793338 -0.46793338
-0.46793338 -0.46793338 -0.46793338 -0.46793338 -0.46793338 1.5250235 -0.46793338 -0.46793338 -0.46793338 -0.46793338
-0.46793338 -0.46793338 -0.46793338 -0.46793338 1.5250235 -0.46793338 -0.46793338 -0.46793338 -0.46793338 -0.46793338
-0.46793338 -0.46793338 -0.46793338 1.5250235 -0.46793338 -0.46793338 -0.46793338 -0.46793338 -0.46793338 -0.46793338
-0.46793338 -0.46793338 1.5250235 -0.46793338 -0.46793338 -0.46793338 -0.46793338 -0.46793338 -0.46793338 -0.46793338
-0.46793338 1.5250235 -0.46793338 -0.46793338 -0.46793338 -0.46793338 -0.46793338 -0.46793338 -0.46793338 -0.46793338
1.5250235 -0.46793338 -0.46793338 -0.46793338 -0.46793338 -0.46793338 -0.46793338 -0.46793338 -0.46793338 -0.46793338
-0.46793338 -0.46793338 -0.46793338 -0.46793338 -0.46793338 -0.46793338 -0.46793338 -0.46793338 -0.46793338 -0.46793338
-0.46793338 -0.46793338 -0.46793338 -0.46793338 -0.46793338 -0.46793338 -0.46793338 -0.46793338 -0.46793338 2.1798522
-0.46793338 -0.46793338 -0.46793338 -0.46793338 -0.46793338 -0.46793338 -0.46793338 -0.46793338 2.1798522 -0.46793338
-0.46793338 -0.46793338 -0.46793338 -0.46793338 -0.46793338 -0.46793338 -0.46793338 2.1798522 -0.46793338 -0.46793338
-0.46793338 -0.46793338 -0.46793338 -0.46793338 -0.46793338 -0.46793338 2.1798522 -0.46793338 -0.46793338 1.4396111
-0.46793338 -0.46793338 -0.46793338 -0.46793338 -0.46793338 2.1798522 -0.46793338 -0.46793338 1.4396111 1.8382025000000002
-0.46793338 -0.46793338 -0.46793338 -0.46793338 2.1798522 -0.46793338 -0.46793338 1.4396111 1.8382025000000002 -0.46793338
-0.46793338 -0.46793338 -0.46793338 2.1798522 -0.46793338 -0.46793338 1.4396111 1.8382025000000002 -0.46793338 -0.46793338
-0.46793338 -0.46793338 2.1798522 -0.46793338 -0.46793338 1.4396111 1.8382025000000002 -0.46793338 -0.46793338 -0.46793338
-0.46793338 2.1798522 -0.46793338 -0.46793338 1.4396111 1.8382025000000002 -0.46793338 -0.46793338 -0.46793338 -0.46793338
2.1798522 -0.46793338 -0.46793338 1.4396111 1.8382025000000002 -0.46793338 -0.46793338 -0.46793338 -0.46793338 -0.46793338
-0.46793338 -0.46793338 1.4396111 1.8382025000000002 -0.46793338 -0.46793338 -0.46793338 -0.46793338 -0.46793338 -0.46793338
-0.46793338 1.4396111 1.8382025000000002 -0.46793338 -0.46793338 -0.46793338 -0.46793338 -0.46793338 -0.46793338 -0.46793338
1.4396111 1.8382025000000002 -0.46793338 -0.46793338 -0.46793338 -0.46793338 -0.46793338 -0.46793338 -0.46793338 -0.46793338
1.8382025000000002 -0.46793338 -0.46793338 -0.46793338 -0.46793338 -0.46793338 -0.46793338 -0.46793338 -0.46793338 -0.46793338
-0.46793338 -0.46793338 -0.46793338 -0.46793338 -0.46793338 -0.46793338 -0.46793338 -0.46793338 -0.46793338 2.7587587000000005
-0.46793338 -0.46793338 -0.46793338 -0.46793338 -0.46793338 -0.46793338 -0.46793338 -0.46793338 2.7587587000000005 -0.46793338
-0.46793338 -0.46793338 -0.46793338 -0.46793338 -0.46793338 -0.46793338 -0.46793338 2.7587587000000005 -0.46793338 -0.46793338
-0.46793338 -0.46793338 -0.46793338 -0.46793338 -0.46793338 -0.46793338 2.7587587000000005 -0.46793338 -0.46793338 -0.46793338
-0.46793338 -0.46793338 -0.46793338 -0.46793338 -0.46793338 2.7587587000000005 -0.46793338 -0.46793338 -0.46793338 -0.46793338
-0.46793338 -0.46793338 -0.46793338 -0.46793338 2.7587587000000005 -0.46793338 -0.46793338 -0.46793338 -0.46793338 -0.46793338
-0.46793338 -0.46793338 -0.46793338 2.7587587000000005 -0.46793338 -0.46793338 -0.46793338 -0.46793338 -0.46793338 1.5629846
-0.46793338 -0.46793338 2.7587587000000005 -0.46793338 -0.46793338 -0.46793338 -0.46793338 -0.46793338 1.5629846 -0.46793338
-0.46793338 2.7587587000000005 -0.46793338 -0.46793338 -0.46793338 -0.46793338 -0.46793338 1.5629846 -0.46793338 -0.46793338
2.7587587000000005 -0.46793338 -0.46793338 -0.46793338 -0.46793338 -0.46793338 1.5629846 -0.46793338 -0.46793338 -0.46793338
-0.46793338 -0.46793338 -0.46793338 -0.46793338 -0.46793338 1.5629846 -0.46793338 -0.46793338 -0.46793338 -0.46793338
-0.46793338 -0.46793338 -0.46793338 -0.46793338 1.5629846 -0.46793338 -0.46793338 -0.46793338 -0.46793338 -0.46793338
-0.46793338 -0.46793338 -0.46793338 1.5629846 -0.46793338 -0.46793338 -0.46793338 -0.46793338 -0.46793338 -0.46793338
-0.46793338 -0.46793338 1.5629846 -0.46793338 -0.46793338 -0.46793338 -0.46793338 -0.46793338 -0.46793338 -0.46793338
-0.46793338 1.5629846 -0.46793338 -0.46793338 -0.46793338 -0.46793338 -0.46793338 -0.46793338 -0.46793338 -0.46793338
1.5629846 -0.46793338 -0.46793338 -0.46793338 -0.46793338 -0.46793338 -0.46793338 -0.46793338 -0.46793338 -0.46793338
-0.46793338 -0.46793338 -0.46793338 -0.46793338 -0.46793338 -0.46793338 -0.46793338 -0.46793338 -0.46793338 -0.46793338
-0.46793338 -0.46793338 -0.46793338 -0.46793338 -0.46793338 -0.46793338 -0.46793338 -0.46793338 -0.46793338 -0.46793338
-0.46793338 -0.46793338 -0.46793338 -0.46793338 -0.46793338 -0.46793338 -0.46793338 -0.46793338 -0.46793338 -0.46793338
-0.46793338 -0.46793338 -0.46793338 -0.46793338 -0.46793338 -0.46793338 -0.46793338 -0.46793338 -0.46793338 3.0149961
-0.46793338 -0.46793338 -0.46793338 -0.46793338 -0.46793338 -0.46793338 -0.46793338 -0.46793338 3.0149961 -0.46793338
-0.46793338 -0.46793338 -0.46793338 -0.46793338 -0.46793338 -0.46793338 -0.46793338 3.0149961 -0.46793338 -0.46793338
-0.46793338 -0.46793338 -0.46793338 -0.46793338 -0.46793338 -0.46793338 3.0149961 -0.46793338 -0.46793338 2.1229106
-0.46793338 -0.46793338 -0.46793338 -0.46793338 -0.46793338 3.0149961 -0.46793338 -0.46793338 2.1229106 -0.46793338
-0.46793338 -0.46793338 -0.46793338 -0.46793338 3.0149961 -0.46793338 -0.46793338 2.1229106 -0.46793338 -0.46793338
-0.46793338 -0.46793338 -0.46793338 3.0149961 -0.46793338 -0.46793338 2.1229106 -0.46793338 -0.46793338 -0.46793338
-0.46793338 -0.46793338 3.0149961 -0.46793338 -0.46793338 2.1229106 -0.46793338 -0.46793338 -0.46793338 -0.46793338
-0.46793338 3.0149961 -0.46793338 -0.46793338 2.1229106 -0.46793338 -0.46793338 -0.46793338 -0.46793338 -0.46793338
3.0149961 -0.46793338 -0.46793338 2.1229106 -0.46793338 -0.46793338 -0.46793338 -0.46793338 -0.46793338 1.9046343999999997
-0.46793338 -0.46793338 2.1229106 -0.46793338 -0.46793338 -0.46793338 -0.46793338 -0.46793338 1.9046343999999997 -0.46793338
-0.46793338 2.1229106 -0.46793338 -0.46793338 -0.46793338 -0.46793338 -0.46793338 1.9046343999999997 -0.46793338 2.0469884
2.1229106 -0.46793338 -0.46793338 -0.46793338 -0.46793338 -0.46793338 1.9046343999999997 -0.46793338 2.0469884 -0.46793338
-0.46793338 -0.46793338 -0.46793338 -0.46793338 -0.46793338 1.9046343999999997 -0.46793338 2.0469884 -0.46793338 -0.46793338
-0.46793338 -0.46793338 -0.46793338 -0.46793338 1.9046343999999997 -0.46793338 2.0469884 -0.46793338 -0.46793338 -0.46793338
-0.46793338 -0.46793338 -0.46793338 1.9046343999999997 -0.46793338 2.0469884 -0.46793338 -0.46793338 -0.46793338 -0.46793338
-0.46793338 -0.46793338 1.9046343999999997 -0.46793338 2.0469884 -0.46793338 -0.46793338 -0.46793338 -0.46793338 -0.46793338
-0.46793338 1.9046343999999997 -0.46793338 2.0469884 -0.46793338 -0.46793338 -0.46793338 -0.46793338 -0.46793338 -0.46793338
1.9046343999999997 -0.46793338 2.0469884 -0.46793338 -0.46793338 -0.46793338 -0.46793338 -0.46793338 -0.46793338 -0.46793338
-0.46793338 2.0469884 -0.46793338 -0.46793338 -0.46793338 -0.46793338 -0.46793338 -0.46793338 -0.46793338 -0.46793338
2.0469884 -0.46793338 -0.46793338 -0.46793338 -0.46793338 -0.46793338 -0.46793338 -0.46793338 -0.46793338 1.6578873
-0.46793338 -0.46793338 -0.46793338 -0.46793338 -0.46793338 -0.46793338 -0.46793338 -0.46793338 1.6578873 1.8097316000000003
-0.46793338 -0.46793338 -0.46793338 -0.46793338 -0.46793338 -0.46793338 -0.46793338 1.6578873 1.8097316000000003 -0.46793338
-0.46793338 -0.46793338 -0.46793338 -0.46793338 -0.46793338 -0.46793338 1.6578873 1.8097316000000003 -0.46793338 -0.46793338
-0.46793338 -0.46793338 -0.46793338 -0.46793338 -0.46793338 1.6578873 1.8097316000000003 -0.46793338 -0.46793338 -0.46793338
-0.46793338 -0.46793338 -0.46793338 -0.46793338 1.6578873 1.8097316000000003 -0.46793338 -0.46793338 -0.46793338 -0.46793338
-0.46793338 -0.46793338 -0.46793338 1.6578873 1.8097316000000003 -0.46793338 -0.46793338 -0.46793338 -0.46793338 -0.46793338
-0.46793338 -0.46793338 1.6578873 1.8097316000000003 -0.46793338 -0.46793338 -0.46793338 -0.46793338 -0.46793338 -0.46793338
-0.46793338 1.6578873 1.8097316000000003 -0.46793338 -0.46793338 -0.46793338 -0.46793338 -0.46793338 -0.46793338 -0.46793338
1.6578873 1.8097316000000003 -0.46793338 -0.46793338 -0.46793338 -0.46793338 -0.46793338 -0.46793338 -0.46793338 1.7812608
1.8097316000000003 -0.46793338 -0.46793338 -0.46793338 -0.46793338 -0.46793338 -0.46793338 -0.46793338 1.7812608 -0.46793338
-0.46793338 -0.46793338 -0.46793338 -0.46793338 -0.46793338 -0.46793338 -0.46793338 1.7812608 -0.46793338 3.9355523
-0.46793338 -0.46793338 -0.46793338 -0.46793338 -0.46793338 -0.46793338 1.7812608 -0.46793338 3.9355523 -0.46793338
-0.46793338 -0.46793338 -0.46793338 -0.46793338 -0.46793338 1.7812608 -0.46793338 3.9355523 -0.46793338 -0.46793338
-0.46793338 -0.46793338 -0.46793338 -0.46793338 1.7812608 -0.46793338 3.9355523 -0.46793338 -0.46793338 -0.46793338
-0.46793338 -0.46793338 -0.46793338 1.7812608 -0.46793338 3.9355523 -0.46793338 -0.46793338 -0.46793338 -0.46793338
-0.46793338 -0.46793338 1.7812608 -0.46793338 3.9355523 -0.46793338 -0.46793338 -0.46793338 -0.46793338 -0.46793338
-0.46793338 1.7812608 -0.46793338 3.9355523 -0.46793338 -0.46793338 -0.46793338 -0.46793338 -0.46793338 -0.46793338
1.7812608 -0.46793338 3.9355523 -0.46793338 -0.46793338 -0.46793338 -0.46793338 -0.46793338 -0.46793338 -0.46793338
-0.46793338 3.9355523 -0.46793338 -0.46793338 -0.46793338 -0.46793338 -0.46793338 -0.46793338 -0.46793338 -0.46793338
3.9355523 -0.46793338 -0.46793338 -0.46793338 -0.46793338 -0.46793338 -0.46793338 -0.46793338 -0.46793338 -0.46793338
-0.46793338 -0.46793338 -0.46793338 -0.46793338 -0.46793338 -0.46793338 -0.46793338 -0.46793338 -0.46793338 -0.46793338
-0.46793338 -0.46793338 -0.46793338 -0.46793338 -0.46793338 -0.46793338 -0.46793338 -0.46793338 -0.46793338 -0.46793338
-0.46793338 -0.46793338 -0.46793338 -0.46793338 -0.46793338 -0.46793338 -0.46793338 -0.46793338 -0.46793338 -0.46793338
-0.46793338 -0.46793338 -0.46793338 -0.46793338 -0.46793338 -0.46793338 -0.46793338 -0.46793338 -0.46793338 -0.46793338
-0.46793338 -0.46793338 -0.46793338 -0.46793338 -0.46793338 -0.46793338 -0.46793338 -0.46793338 -0.46793338 1.7432997
-0.46793338 -0.46793338 -0.46793338 -0.46793338 -0.46793338 -0.46793338 -0.46793338 -0.46793338 1.7432997 -0.46793338
-0.46793338 -0.46793338 -0.46793338 -0.46793338 -0.46793338 -0.46793338 -0.46793338 1.7432997 -0.46793338 -0.46793338
-0.46793338 -0.46793338 -0.46793338 -0.46793338 -0.46793338 -0.46793338 1.7432997 -0.46793338 -0.46793338 -0.46793338
-0.46793338 -0.46793338 -0.46793338 -0.46793338 -0.46793338 1.7432997 -0.46793338 -0.46793338 -0.46793338 3.5084901
-0.46793338 -0.46793338 -0.46793338 -0.46793338 1.7432997 -0.46793338 -0.46793338 -0.46793338 3.5084901 1.6009457
-0.46793338 -0.46793338 -0.46793338 1.7432997 -0.46793338 -0.46793338 -0.46793338 3.5084901 1.6009457 -0.46793338
-0.46793338 -0.46793338 1.7432997 -0.46793338 -0.46793338 -0.46793338 3.5084901 1.6009457 -0.46793338 -0.46793338
-0.46793338 1.7432997 -0.46793338 -0.46793338 -0.46793338 3.5084901 1.6009457 -0.46793338 -0.46793338 2.0280079
1.7432997 -0.46793338 -0.46793338 -0.46793338 3.5084901 1.6009457 -0.46793338 -0.46793338 2.0280079 -0.46793338
-0.46793338 -0.46793338 -0.46793338 3.5084901 1.6009457 -0.46793338 -0.46793338 2.0280079 -0.46793338 -0.46793338
-0.46793338 -0.46793338 3.5084901 1.6009457 -0.46793338 -0.46793338 2.0280079 -0.46793338 -0.46793338 1.8476927
-0.46793338 3.5084901 1.6009457 -0.46793338 -0.46793338 2.0280079 -0.46793338 -0.46793338 1.8476927 -0.46793338
3.5084901 1.6009457 -0.46793338 -0.46793338 2.0280079 -0.46793338 -0.46793338 1.8476927 -0.46793338 -0.46793338
1.6009457 -0.46793338 -0.46793338 2.0280079 -0.46793338 -0.46793338 1.8476927 -0.46793338 -0.46793338 2.0469884
-0.46793338 -0.46793338 2.0280079 -0.46793338 -0.46793338 1.8476927 -0.46793338 -0.46793338 2.0469884 -0.46793338
-0.46793338 2.0280079 -0.46793338 -0.46793338 1.8476927 -0.46793338 -0.46793338 2.0469884 -0.46793338 -0.46793338
2.0280079 -0.46793338 -0.46793338 1.8476927 -0.46793338 -0.46793338 2.0469884 -0.46793338 -0.46793338 -0.46793338
-0.46793338 -0.46793338 1.8476927 -0.46793338 -0.46793338 2.0469884 -0.46793338 -0.46793338 -0.46793338 -0.46793338
-0.46793338 1.8476927 -0.46793338 -0.46793338 2.0469884 -0.46793338 -0.46793338 -0.46793338 -0.46793338 -0.46793338
1.8476927 -0.46793338 -0.46793338 2.0469884 -0.46793338 -0.46793338 -0.46793338 -0.46793338 -0.46793338 -0.46793338
-0.46793338 -0.46793338 2.0469884 -0.46793338 -0.46793338 -0.46793338 -0.46793338 -0.46793338 -0.46793338 1.5819651000000001
-0.46793338 2.0469884 -0.46793338 -0.46793338 -0.46793338 -0.46793338 -0.46793338 -0.46793338 1.5819651000000001 -0.46793338
2.0469884 -0.46793338 -0.46793338 -0.46793338 -0.46793338 -0.46793338 -0.46793338 1.5819651000000001 -0.46793338 -0.46793338
-0.46793338 -0.46793338 -0.46793338 -0.46793338 -0.46793338 -0.46793338 1.5819651000000001 -0.46793338 -0.46793338 2.312716
-0.46793338 -0.46793338 -0.46793338 -0.46793338 -0.46793338 1.5819651000000001 -0.46793338 -0.46793338 2.312716 -0.46793338
-0.46793338 -0.46793338 -0.46793338 -0.46793338 1.5819651000000001 -0.46793338 -0.46793338 2.312716 -0.46793338 -0.46793338
-0.46793338 -0.46793338 -0.46793338 1.5819651000000001 -0.46793338 -0.46793338 2.312716 -0.46793338 -0.46793338 -0.46793338
-0.46793338 -0.46793338 1.5819651000000001 -0.46793338 -0.46793338 2.312716 -0.46793338 -0.46793338 -0.46793338 -0.46793338
-0.46793338 1.5819651000000001 -0.46793338 -0.46793338 2.312716 -0.46793338 -0.46793338 -0.46793338 -0.46793338 -0.46793338
1.5819651000000001 -0.46793338 -0.46793338 2.312716 -0.46793338 -0.46793338 -0.46793338 -0.46793338 -0.46793338 -0.46793338
-0.46793338 -0.46793338 2.312716 -0.46793338 -0.46793338 -0.46793338 -0.46793338 -0.46793338 -0.46793338 -0.46793338
-0.46793338 2.312716 -0.46793338 -0.46793338 -0.46793338 -0.46793338 -0.46793338 -0.46793338 -0.46793338 -0.46793338
2.312716 -0.46793338 -0.46793338 -0.46793338 -0.46793338 -0.46793338 -0.46793338 -0.46793338 -0.46793338 1.9425953999999999
-0.46793338 -0.46793338 -0.46793338 -0.46793338 -0.46793338 -0.46793338 -0.46793338 -0.46793338 1.9425953999999999 -0.46793338
-0.46793338 -0.46793338 -0.46793338 -0.46793338 -0.46793338 -0.46793338 -0.46793338 1.9425953999999999 -0.46793338 -0.46793338
-0.46793338 -0.46793338 -0.46793338 -0.46793338 -0.46793338 -0.46793338 1.9425953999999999 -0.46793338 -0.46793338 -0.46793338
-0.46793338 -0.46793338 -0.46793338 -0.46793338 -0.46793338 1.9425953999999999 -0.46793338 -0.46793338 -0.46793338 -0.46793338
-0.46793338 -0.46793338 -0.46793338 -0.46793338 1.9425953999999999 -0.46793338 -0.46793338 -0.46793338 -0.46793338 1.5440041000000002
-0.46793338 -0.46793338 -0.46793338 1.9425953999999999 -0.46793338 -0.46793338 -0.46793338 -0.46793338 1.5440041000000002 -0.46793338
-0.46793338 -0.46793338 1.9425953999999999 -0.46793338 -0.46793338 -0.46793338 -0.46793338 1.5440041000000002 -0.46793338 2.1229106
-0.46793338 1.9425953999999999 -0.46793338 -0.46793338 -0.46793338 -0.46793338 1.5440041000000002 -0.46793338 2.1229106 -0.46793338
1.9425953999999999 -0.46793338 -0.46793338 -0.46793338 -0.46793338 1.5440041000000002 -0.46793338 2.1229106 -0.46793338 3.9640231
-0.46793338 -0.46793338 -0.46793338 -0.46793338 1.5440041000000002 -0.46793338 2.1229106 -0.46793338 3.9640231 -0.46793338
-0.46793338 -0.46793338 -0.46793338 1.5440041000000002 -0.46793338 2.1229106 -0.46793338 3.9640231 -0.46793338 2.4740506
-0.46793338 -0.46793338 1.5440041000000002 -0.46793338 2.1229106 -0.46793338 3.9640231 -0.46793338 2.4740506 -0.46793338
-0.46793338 1.5440041000000002 -0.46793338 2.1229106 -0.46793338 3.9640231 -0.46793338 2.4740506 -0.46793338 -0.46793338
1.5440041000000002 -0.46793338 2.1229106 -0.46793338 3.9640231 -0.46793338 2.4740506 -0.46793338 -0.46793338 -0.46793338
-0.46793338 2.1229106 -0.46793338 3.9640231 -0.46793338 2.4740506 -0.46793338 -0.46793338 -0.46793338 -0.46793338
2.1229106 -0.46793338 3.9640231 -0.46793338 2.4740506 -0.46793338 -0.46793338 -0.46793338 -0.46793338 -0.46793338
-0.46793338 3.9640231 -0.46793338 2.4740506 -0.46793338 -0.46793338 -0.46793338 -0.46793338 -0.46793338 -0.46793338
3.9640231 -0.46793338 2.4740506 -0.46793338 -0.46793338 -0.46793338 -0.46793338 -0.46793338 -0.46793338 1.6483970000000001
-0.46793338 2.4740506 -0.46793338 -0.46793338 -0.46793338 -0.46793338 -0.46793338 -0.46793338 1.6483970000000001 -0.46793338
2.4740506 -0.46793338 -0.46793338 -0.46793338 -0.46793338 -0.46793338 -0.46793338 1.6483970000000001 -0.46793338 -0.46793338
-0.46793338 -0.46793338 -0.46793338 -0.46793338 -0.46793338 -0.46793338 1.6483970000000001 -0.46793338 -0.46793338 -0.46793338
-0.46793338 -0.46793338 -0.46793338 -0.46793338 -0.46793338 1.6483970000000001 -0.46793338 -0.46793338 -0.46793338 -0.46793338
-0.46793338 -0.46793338 -0.46793338 -0.46793338 1.6483970000000001 -0.46793338 -0.46793338 -0.46793338 -0.46793338 -0.46793338
-0.46793338 -0.46793338 -0.46793338 1.6483970000000001 -0.46793338 -0.46793338 -0.46793338 -0.46793338 -0.46793338 -0.46793338
-0.46793338 -0.46793338 1.6483970000000001 -0.46793338 -0.46793338 -0.46793338 -0.46793338 -0.46793338 -0.46793338 -0.46793338
-0.46793338 1.6483970000000001 -0.46793338 -0.46793338 -0.46793338 -0.46793338 -0.46793338 -0.46793338 -0.46793338 -0.46793338
1.6483970000000001 -0.46793338 -0.46793338 -0.46793338 -0.46793338 -0.46793338 -0.46793338 -0.46793338 -0.46793338 -0.46793338
-0.46793338 -0.46793338 -0.46793338 -0.46793338 -0.46793338 -0.46793338 -0.46793338 -0.46793338 -0.46793338 -0.46793338
-0.46793338 -0.46793338 -0.46793338 -0.46793338 -0.46793338 -0.46793338 -0.46793338 -0.46793338 -0.46793338 -0.46793338
-0.46793338 -0.46793338 -0.46793338 -0.46793338 -0.46793338 -0.46793338 -0.46793338 -0.46793338 -0.46793338 -0.46793338
-0.46793338 -0.46793338 -0.46793338 -0.46793338 -0.46793338 -0.46793338 -0.46793338 -0.46793338 -0.46793338 -0.46793338
-0.46793338 -0.46793338 -0.46793338 -0.46793338 -0.46793338 -0.46793338 -0.46793338 -0.46793338 -0.46793338 -0.46793338
-0.46793338 -0.46793338 -0.46793338 -0.46793338 -0.46793338 -0.46793338 -0.46793338 -0.46793338 -0.46793338 -0.46793338
