-0.47898417 -0.47898417 1.6650217 -0.47898417 -0.47898417 -0.47898417 -0.47898417 -0.47898417 -0.47898417 -0.47898417
-0.47898417 1.6650217 -0.47898417 -0.47898417 -0.47898417 -0.47898417 -0.47898417 -0.47898417 -0.47898417 -0.47898417
1.6650217 -0.47898417 -0.47898417 -0.47898417 -0.47898417 -0.47898417 -0.47898417 -0.47898417 -0.47898417 -0.47898417
-0.47898417 -0.47898417 -0.47898417 -0.47898417 -0.47898417 -0.47898417 -0.47898417 -0.47898417 -0.47898417 -0.47898417
-0.47898417 -0.47898417 -0.47898417 -0.47898417 -0.47898417 -0.47898417 -0.47898417 -0.47898417 -0.47898417 -0.47898417
-0.47898417 -0.47898417 -0.47898417 -0.47898417 -0.47898417 -0.47898417 -0.47898417 -0.47898417 -0.47898417 -0.47898417
-0.47898417 -0.47898417 -0.47898417 -0.47898417 -0.47898417 -0.47898417 -0.47898417 -0.47898417 -0.47898417 -0.47898417
-0.47898417 -0.47898417 -0.47898417 -0.47898417 -0.47898417 -0.47898417 -0.47898417 -0.47898417 -0.47898417 -0.47898417
-0.47898417 -0.47898417 -0.47898417 -0.47898417 -0.47898417 -0.47898417 -0.47898417 -0.47898417 -0.47898417 1.8821362000000001
-0.47898417 -0.47898417 -0.47898417 -0.47898417 -0.47898417 -0.47898417 -0.47898417 -0.47898417 1.8821362000000001 -0.47898417
-0.47898417 -0.47898417 -0.47898417 -0.47898417 -0.47898417 -0.47898417 -0.47898417 1.8821362000000001 -0.47898417 2.1082972
-0.47898417 -0.47898417 -0.47898417 -0.47898417 -0.47898417 -0.47898417 1.8821362000000001 -0.47898417 2.1082972 -0.47898417
-0.47898417 -0.47898417 -0.47898417 -0.47898417 -0.47898417 1.8821362000000001 -0.47898417 2.1082972 -0.47898417 -0.47898417
-0.47898417 -0.47898417 -0.47898417 -0.47898417 1.8821362000000001 -0.47898417 2.1082972 -0.47898417 -0.47898417 -0.47898417
-0.47898417 -0.47898417 -0.47898417 1.8821362000000001 -0.47898417 2.1082972 -0.47898417 -0.47898417 -0.47898417 -0.47898417
-0.47898417 -0.47898417 1.8821362000000001 -0.47898417 2.1082972 -0.47898417 -0.47898417 -0.47898417 -0.47898417 -0.47898417
-0.47898417 1.8821362000000001 -0.47898417 2.1082972 -0.47898417 -0.47898417 -0.47898417 -0.47898417 -0.47898417 -0.47898417
1.8821362000000001 -0.47898417 2.1082972 -0.47898417 -0.47898417 -0.47898417 -0.47898417 -0.47898417 -0.47898417 -0.47898417
-0.47898417 2.1082972 -0.47898417 -0.47898417 -0.47898417 -0.47898417 -0.47898417 -0.47898417 -0.47898417 -0.47898417
2.1082972 -0.47898417 -0.47898417 -0.47898417 -0.47898417 -0.47898417 -0.47898417 -0.47898417 -0.47898417 -0.47898417
-0.47898417 -0.47898417 -0.47898417 -0.47898417 -0.47898417 -0.47898417 -0.47898417 -0.47898417 -0.47898417 -0.47898417
-0.47898417 -0.47898417 -0.47898417 -0.47898417 -0.47898417 -0.47898417 -0.47898417 -0.47898417 -0.47898417 -0.47898417
-0.47898417 -0.47898417 -0.47898417 -0.47898417 -0.47898417 -0.47898417 -0.47898417 -0.47898417 -0.47898417 -0.47898417
-0.47898417 -0.47898417 -0.47898417 -0.47898417 -0.47898417 -0.47898417 -0.47898417 -0.47898417 -0.47898417 2.1354365
-0.47898417 -0.47898417 -0.47898417 -0.47898417 -0.47898417 -0.47898417 -0.47898417 -0.47898417 2.1354365 -0.47898417
-0.47898417 -0.47898417 -0.47898417 -0.47898417 -0.47898417 -0.47898417 -0.47898417 2.1354365 -0.47898417 -0.47898417
-0.47898417 -0.47898417 -0.47898417 -0.47898417 -0.47898417 -0.47898417 2.1354365 -0.47898417 -0.47898417 1.4931393999999998
-0.47898417 -0.47898417 -0.47898417 -0.47898417 -0.47898417 2.1354365 -0.47898417 -0.47898417 1.4931393999999998 1.5021858000000001
-0.47898417 -0.47898417 -0.47898417 -0.47898417 2.1354365 -0.47898417 -0.47898417 1.4931393999999998 1.5021858000000001 1.8640433999999997
-0.47898417 -0.47898417 -0.47898417 2.1354365 -0.47898417 -0.47898417 1.4931393999999998 1.5021858000000001 1.8640433999999997 -0.47898417
-0.47898417 -0.47898417 2.1354365 -0.47898417 -0.47898417 1.4931393999999998 1.5021858000000001 1.8640433999999997 -0.47898417 -0.47898417
-0.47898417 2.1354365 -0.47898417 -0.47898417 1.4931393999999998 1.5021858000000001 1.8640433999999997 -0.47898417 -0.47898417 -0.47898417
2.1354365 -0.47898417 -0.47898417 1.4931393999999998 1.5021858000000001 1.8640433999999997 -0.47898417 -0.47898417 -0.47898417 -0.47898417
-0.47898417 -0.47898417 1.4931393999999998 1.5021858000000001 1.8640433999999997 -0.47898417 -0.47898417 -0.47898417 -0.47898417 -0.47898417
-0.47898417 1.4931393999999998 1.5021858000000001 1.8640433999999997 -0.47898417 -0.47898417 -0.47898417 -0.47898417 -0.47898417 -0.47898417
1.4931393999999998 1.5021858000000001 1.8640433999999997 -0.47898417 -0.47898417 -0.47898417 -0.47898417 -0.47898417 -0.47898417 1.8278576000000002
1.5021858000000001 1.8640433999999997 -0.47898417 -0.47898417 -0.47898417 -0.47898417 -0.47898417 -0.47898417 1.8278576000000002 1.5655108999999998
1.8640433999999997 -0.47898417 -0.47898417 -0.47898417 -0.47898417 -0.47898417 -0.47898417 1.8278576000000002 1.5655108999999998 1.8640433999999997
-0.47898417 -0.47898417 -0.47898417 -0.47898417 -0.47898417 -0.47898417 1.8278576000000002 1.5655108999999998 1.8640433999999997 -0.47898417
-0.47898417 -0.47898417 -0.47898417 -0.47898417 -0.47898417 1.8278576000000002 1.5655108999999998 1.8640433999999997 -0.47898417 -0.47898417
-0.47898417 -0.47898417 -0.47898417 -0.47898417 1.8278576000000002 1.5655108999999998 1.8640433999999997 -0.47898417 -0.47898417 -0.47898417
-0.47898417 -0.47898417 -0.47898417 1.8278576000000002 1.5655108999999998 1.8640433999999997 -0.47898417 -0.47898417 -0.47898417 2.5877584
-0.47898417 -0.47898417 1.8278576000000002 1.5655108999999998 1.8640433999999997 -0.47898417 -0.47898417 -0.47898417 2.5877584 -0.47898417
-0.47898417 1.8278576000000002 1.5655108999999998 1.8640433999999997 -0.47898417 -0.47898417 -0.47898417 2.5877584 -0.47898417 -0.47898417
1.8278576000000002 1.5655108999999998 1.8640433999999997 -0.47898417 -0.47898417 -0.47898417 2.5877584 -0.47898417 -0.47898417 -0.47898417
1.5655108999999998 1.8640433999999997 -0.47898417 -0.47898417 -0.47898417 2.5877584 -0.47898417 -0.47898417 -0.47898417 -0.47898417
1.8640433999999997 -0.47898417 -0.47898417 -0.47898417 2.5877584 -0.47898417 -0.47898417 -0.47898417 -0.47898417 -0.47898417
-0.47898417 -0.47898417 -0.47898417 2.5877584 -0.47898417 -0.47898417 -0.47898417 -0.47898417 -0.47898417 -0.47898417
-0.47898417 -0.47898417 2.5877584 -0.47898417 -0.47898417 -0.47898417 -0.47898417 -0.47898417 -0.47898417 1.4479072
-0.47898417 2.5877584 -0.47898417 -0.47898417 -0.47898417 -0.47898417 -0.47898417 -0.47898417 1.4479072 -0.47898417
2.5877584 -0.47898417 -0.47898417 -0.47898417 -0.47898417 -0.47898417 -0.47898417 1.4479072 -0.47898417 -0.47898417
-0.47898417 -0.47898417 -0.47898417 -0.47898417 -0.47898417 -0.47898417 1.4479072 -0.47898417 -0.47898417 1.4298143
-0.47898417 -0.47898417 -0.47898417 -0.47898417 -0.47898417 1.4479072 -0.47898417 -0.47898417 1.4298143 -0.47898417
-0.47898417 -0.47898417 -0.47898417 -0.47898417 1.4479072 -0.47898417 -0.47898417 1.4298143 -0.47898417 2.2620866000000004
-0.47898417 -0.47898417 -0.47898417 1.4479072 -0.47898417 -0.47898417 1.4298143 -0.47898417 2.2620866000000004 2.2439937999999997
-0.47898417 -0.47898417 1.4479072 -0.47898417 -0.47898417 1.4298143 -0.47898417 2.2620866000000004 2.2439937999999997 -0.47898417
-0.47898417 1.4479072 -0.47898417 -0.47898417 1.4298143 -0.47898417 2.2620866000000004 2.2439937999999997 -0.47898417 -0.47898417
1.4479072 -0.47898417 -0.47898417 1.4298143 -0.47898417 2.2620866000000004 2.2439937999999997 -0.47898417 -0.47898417 -0.47898417
-0.47898417 -0.47898417 1.4298143 -0.47898417 2.2620866000000004 2.2439937999999997 -0.47898417 -0.47898417 -0.47898417 -0.47898417
-0.47898417 1.4298143 -0.47898417 2.2620866000000004 2.2439937999999997 -0.47898417 -0.47898417 -0.47898417 -0.47898417 -0.47898417
1.4298143 -0.47898417 2.2620866000000004 2.2439937999999997 -0.47898417 -0.47898417 -0.47898417 -0.47898417 -0.47898417 -0.47898417
-0.47898417 2.2620866000000004 2.2439937999999997 -0.47898417 -0.47898417 -0.47898417 -0.47898417 -0.47898417 -0.47898417 1.4840928999999998
2.2620866000000004 2.2439937999999997 -0.47898417 -0.47898417 -0.47898417 -0.47898417 -0.47898417 -0.47898417 1.4840928999999998 -0.47898417
2.2439937999999997 -0.47898417 -0.47898417 -0.47898417 -0.47898417 -0.47898417 -0.47898417 1.4840928999999998 -0.47898417 -0.47898417
-0.47898417 -0.47898417 -0.47898417 -0.47898417 -0.47898417 -0.47898417 1.4840928999999998 -0.47898417 -0.47898417 -0.47898417
-0.47898417 -0.47898417 -0.47898417 -0.47898417 -0.47898417 1.4840928999999998 -0.47898417 -0.47898417 -0.47898417 -0.47898417
-0.47898417 -0.47898417 -0.47898417 -0.47898417 1.4840928999999998 -0.47898417 -0.47898417 -0.47898417 -0.47898417 3.2210091
-0.47898417 -0.47898417 -0.47898417 1.4840928999999998 -0.47898417 -0.47898417 -0.47898417 -0.47898417 3.2210091 -0.47898417
-0.47898417 -0.47898417 1.4840928999999998 -0.47898417 -0.47898417 -0.47898417 -0.47898417 3.2210091 -0.47898417 -0.47898417
-0.47898417 1.4840928999999998 -0.47898417 -0.47898417 -0.47898417 -0.47898417 3.2210091 -0.47898417 -0.47898417 -0.47898417
1.4840928999999998 -0.47898417 -0.47898417 -0.47898417 -0.47898417 3.2210091 -0.47898417 -0.47898417 -0.47898417 -0.47898417
-0.47898417 -0.47898417 -0.47898417 -0.47898417 3.2210091 -0.47898417 -0.47898417 -0.47898417 -0.47898417 -0.47898417
-0.47898417 -0.47898417 -0.47898417 3.2210091 -0.47898417 -0.47898417 -0.47898417 -0.47898417 -0.47898417 2.3073188
-0.47898417 -0.47898417 3.2210091 -0.47898417 -0.47898417 -0.47898417 -0.47898417 -0.47898417 2.3073188 -0.47898417
-0.47898417 3.2210091 -0.47898417 -0.47898417 -0.47898417 -0.47898417 -0.47898417 2.3073188 -0.47898417 -0.47898417
3.2210091 -0.47898417 -0.47898417 -0.47898417 -0.47898417 -0.47898417 2.3073188 -0.47898417 -0.47898417 -0.47898417
-0.47898417 -0.47898417 -0.47898417 -0.47898417 -0.47898417 2.3073188 -0.47898417 -0.47898417 -0.47898417 -0.47898417
-0.47898417 -0.47898417 -0.47898417 -0.47898417 2.3073188 -0.47898417 -0.47898417 -0.47898417 -0.47898417 -0.47898417
-0.47898417 -0.47898417 -0.47898417 2.3073188 -0.47898417 -0.47898417 -0.47898417 -0.47898417 -0.47898417 -0.47898417
-0.47898417 -0.47898417 2.3073188 -0.47898417 -0.47898417 -0.47898417 -0.47898417 -0.47898417 -0.47898417 -0.47898417
-0.47898417 2.3073188 -0.47898417 -0.47898417 -0.47898417 -0.47898417 -0.47898417 -0.47898417 -0.47898417 -0.47898417
2.3073188 -0.47898417 -0.47898417 -0.47898417 -0.47898417 -0.47898417 -0.47898417 -0.47898417 -0.47898417 -0.47898417
-0.47898417 -0.47898417 -0.47898417 -0.47898417 -0.47898417 -0.47898417 -0.47898417 -0.47898417 -0.47898417 -0.47898417
-0.47898417 -0.47898417 -0.47898417 -0.47898417 -0.47898417 -0.47898417 -0.47898417 -0.47898417 -0.47898417 -0.47898417
-0.47898417 -0.47898417 -0.47898417 -0.47898417 -0.47898417 -0.47898417 -0.47898417 -0.47898417 -0.47898417 -0.47898417
-0.47898417 -0.47898417 -0.47898417 -0.47898417 -0.47898417 -0.47898417 -0.47898417 -0.47898417 -0.47898417 -0.47898417
-0.47898417 -0.47898417 -0.47898417 -0.47898417 -0.47898417 -0.47898417 -0.47898417 -0.47898417 -0.47898417 1.628836
-0.47898417 -0.47898417 -0.47898417 -0.47898417 -0.47898417 -0.47898417 -0.47898417 -0.47898417 1.628836 2.7325014
-0.47898417 -0.47898417 -0.47898417 -0.47898417 -0.47898417 -0.47898417 -0.47898417 1.628836 2.7325014 -0.47898417
-0.47898417 -0.47898417 -0.47898417 -0.47898417 -0.47898417 -0.47898417 1.628836 2.7325014 -0.47898417 -0.47898417
-0.47898417 -0.47898417 -0.47898417 -0.47898417 -0.47898417 1.628836 2.7325014 -0.47898417 -0.47898417 -0.47898417
-0.47898417 -0.47898417 -0.47898417 -0.47898417 1.628836 2.7325014 -0.47898417 -0.47898417 -0.47898417 -0.47898417
-0.47898417 -0.47898417 -0.47898417 1.628836 2.7325014 -0.47898417 -0.47898417 -0.47898417 -0.47898417 -0.47898417
-0.47898417 -0.47898417 1.628836 2.7325014 -0.47898417 -0.47898417 -0.47898417 -0.47898417 -0.47898417 1.7373932
-0.47898417 1.628836 2.7325014 -0.47898417 -0.47898417 -0.47898417 -0.47898417 -0.47898417 1.7373932 -0.47898417
1.628836 2.7325014 -0.47898417 -0.47898417 -0.47898417 -0.47898417 -0.47898417 1.7373932 -0.47898417 1.5383716
2.7325014 -0.47898417 -0.47898417 -0.47898417 -0.47898417 -0.47898417 1.7373932 -0.47898417 1.5383716 -0.47898417
-0.47898417 -0.47898417 -0.47898417 -0.47898417 -0.47898417 1.7373932 -0.47898417 1.5383716 -0.47898417 -0.47898417
-0.47898417 -0.47898417 -0.47898417 -0.47898417 1.7373932 -0.47898417 1.5383716 -0.47898417 -0.47898417 1.4569536
-0.47898417 -0.47898417 -0.47898417 1.7373932 -0.47898417 1.5383716 -0.47898417 -0.47898417 1.4569536 -0.47898417
-0.47898417 -0.47898417 1.7373932 -0.47898417 1.5383716 -0.47898417 -0.47898417 1.4569536 -0.47898417 1.4388608
-0.47898417 1.7373932 -0.47898417 1.5383716 -0.47898417 -0.47898417 1.4569536 -0.47898417 1.4388608 -0.47898417
1.7373932 -0.47898417 1.5383716 -0.47898417 -0.47898417 1.4569536 -0.47898417 1.4388608 -0.47898417 -0.47898417
-0.47898417 1.5383716 -0.47898417 -0.47898417 1.4569536 -0.47898417 1.4388608 -0.47898417 -0.47898417 1.4750465
1.5383716 -0.47898417 -0.47898417 1.4569536 -0.47898417 1.4388608 -0.47898417 -0.47898417 1.4750465 -0.47898417
-0.47898417 -0.47898417 1.4569536 -0.47898417 1.4388608 -0.47898417 -0.47898417 1.4750465 -0.47898417 -0.47898417
-0.47898417 1.4569536 -0.47898417 1.4388608 -0.47898417 -0.47898417 1.4750465 -0.47898417 -0.47898417 -0.47898417
1.4569536 -0.47898417 1.4388608 -0.47898417 -0.47898417 1.4750465 -0.47898417 -0.47898417 -0.47898417 -0.47898417
-0.47898417 1.4388608 -0.47898417 -0.47898417 1.4750465 -0.47898417 -0.47898417 -0.47898417 -0.47898417 -0.47898417
1.4388608 -0.47898417 -0.47898417 1.4750465 -0.47898417 -0.47898417 -0.47898417 -0.47898417 -0.47898417 -0.47898417
-0.47898417 -0.47898417 1.4750465 -0.47898417 -0.47898417 -0.47898417 -0.47898417 -0.47898417 -0.47898417 -0.47898417
-0.47898417 1.4750465 -0.47898417 -0.47898417 -0.47898417 -0.47898417 -0.47898417 -0.47898417 -0.47898417 -0.47898417
1.4750465 -0.47898417 -0.47898417 -0.47898417 -0.47898417 -0.47898417 -0.47898417 -0.47898417 -0.47898417 -0.47898417
-0.47898417 -0.47898417 -0.47898417 -0.47898417 -0.47898417 -0.47898417 -0.47898417 -0.47898417 -0.47898417 -0.47898417
-0.47898417 -0.47898417 -0.47898417 -0.47898417 -0.47898417 -0.47898417 -0.47898417 -0.47898417 -0.47898417 1.5655108999999998
-0.47898417 -0.47898417 -0.47898417 -0.47898417 -0.47898417 -0.47898417 -0.47898417 -0.47898417 1.5655108999999998 -0.47898417
-0.47898417 -0.47898417 -0.47898417 -0.47898417 -0.47898417 -0.47898417 -0.47898417 1.5655108999999998 -0.47898417 -0.47898417
-0.47898417 -0.47898417 -0.47898417 -0.47898417 -0.47898417 -0.47898417 1.5655108999999998 -0.47898417 -0.47898417 -0.47898417
-0.47898417 -0.47898417 -0.47898417 -0.47898417 -0.47898417 1.5655108999999998 -0.47898417 -0.47898417 -0.47898417 -0.47898417
-0.47898417 -0.47898417 -0.47898417 -0.47898417 1.5655108999999998 -0.47898417 -0.47898417 -0.47898417 -0.47898417 -0.47898417
-0.47898417 -0.47898417 -0.47898417 1.5655108999999998 -0.47898417 -0.47898417 -0.47898417 -0.47898417 -0.47898417 -0.47898417
-0.47898417 -0.47898417 1.5655108999999998 -0.47898417 -0.47898417 -0.47898417 -0.47898417 -0.47898417 -0.47898417 -0.47898417
-0.47898417 1.5655108999999998 -0.47898417 -0.47898417 -0.47898417 -0.47898417 -0.47898417 -0.47898417 -0.47898417 -0.47898417
1.5655108999999998 -0.47898417 -0.47898417 -0.47898417 -0.47898417 -0.47898417 -0.47898417 -0.47898417 -0.47898417 1.9997398999999998
-0.47898417 -0.47898417 -0.47898417 -0.47898417 -0.47898417 -0.47898417 -0.47898417 -0.47898417 1.9997398999999998 -0.47898417
-0.47898417 -0.47898417 -0.47898417 -0.47898417 -0.47898417 -0.47898417 -0.47898417 1.9997398999999998 -0.47898417 -0.47898417
-0.47898417 -0.47898417 -0.47898417 -0.47898417 -0.47898417 -0.47898417 1.9997398999999998 -0.47898417 -0.47898417 -0.47898417
-0.47898417 -0.47898417 -0.47898417 -0.47898417 -0.47898417 1.9997398999999998 -0.47898417 -0.47898417 -0.47898417 -0.47898417
-0.47898417 -0.47898417 -0.47898417 -0.47898417 1.9997398999999998 -0.47898417 -0.47898417 -0.47898417 -0.47898417 -0.47898417
-0.47898417 -0.47898417 -0.47898417 1.9997398999999998 -0.47898417 -0.47898417 -0.47898417 -0.47898417 -0.47898417 -0.47898417
-0.47898417 -0.47898417 1.9997398999999998 -0.47898417 -0.47898417 -0.47898417 -0.47898417 -0.47898417 -0.47898417 -0.47898417
-0.47898417 1.9997398999999998 -0.47898417 -0.47898417 -0.47898417 -0.47898417 -0.47898417 -0.47898417 -0.47898417 -0.47898417
1.9997398999999998 -0.47898417 -0.47898417 -0.47898417 -0.47898417 -0.47898417 -0.47898417 -0.47898417 -0.47898417 -0.47898417
-0.47898417 -0.47898417 -0.47898417 -0.47898417 -0.47898417 -0.47898417 -0.47898417 -0.47898417 -0.47898417 -0.47898417
-0.47898417 -0.47898417 -0.47898417 -0.47898417 -0.47898417 -0.47898417 -0.47898417 -0.47898417 -0.47898417 -0.47898417
-0.47898417 -0.47898417 -0.47898417 -0.47898417 -0.47898417 -0.47898417 -0.47898417 -0.47898417 -0.47898417 -0.47898417
-0.47898417 -0.47898417 -0.47898417 -0.47898417 -0.47898417 -0.47898417 -0.47898417 -0.47898417 -0.47898417 -0.47898417
-0.47898417 -0.47898417 -0.47898417 -0.47898417 -0.47898417 -0.47898417 -0.47898417 -0.47898417 -0.47898417 -0.47898417
-0.47898417 -0.47898417 -0.47898417 -0.47898417 -0.47898417 -0.47898417 -0.47898417 -0.47898417 -0.47898417 -0.47898417
-0.47898417 -0.47898417 -0.47898417 -0.47898417 -0.47898417 -0.47898417 -0.47898417 -0.47898417 -0.47898417 1.6469288
-0.47898417 -0.47898417 -0.47898417 -0.47898417 -0.47898417 -0.47898417 -0.47898417 -0.47898417 1.6469288 -0.47898417
-0.47898417 -0.47898417 -0.47898417 -0.47898417 -0.47898417 -0.47898417 -0.47898417 1.6469288 -0.47898417 -0.47898417
-0.47898417 -0.47898417 -0.47898417 -0.47898417 -0.47898417 -0.47898417 1.6469288 -0.47898417 -0.47898417 -0.47898417
-0.47898417 -0.47898417 -0.47898417 -0.47898417 -0.47898417 1.6469288 -0.47898417 -0.47898417 -0.47898417 2.0359257
-0.47898417 -0.47898417 -0.47898417 -0.47898417 1.6469288 -0.47898417 -0.47898417 -0.47898417 2.0359257 -0.47898417
-0.47898417 -0.47898417 -0.47898417 1.6469288 -0.47898417 -0.47898417 -0.47898417 2.0359257 -0.47898417 -0.47898417
-0.47898417 -0.47898417 1.6469288 -0.47898417 -0.47898417 -0.47898417 2.0359257 -0.47898417 -0.47898417 -0.47898417
-0.47898417 1.6469288 -0.47898417 -0.47898417 -0.47898417 2.0359257 -0.47898417 -0.47898417 -0.47898417 -0.47898417
1.6469288 -0.47898417 -0.47898417 -0.47898417 2.0359257 -0.47898417 -0.47898417 -0.47898417 -0.47898417 3.1667305
-0.47898417 -0.47898417 -0.47898417 2.0359257 -0.47898417 -0.47898417 -0.47898417 -0.47898417 3.1667305 1.6740681
-0.47898417 -0.47898417 2.0359257 -0.47898417 -0.47898417 -0.47898417 -0.47898417 3.1667305 1.6740681 -0.47898417
-0.47898417 2.0359257 -0.47898417 -0.47898417 -0.47898417 -0.47898417 3.1667305 1.6740681 -0.47898417 -0.47898417
2.0359257 -0.47898417 -0.47898417 -0.47898417 -0.47898417 3.1667305 1.6740681 -0.47898417 -0.47898417 -0.47898417
-0.47898417 -0.47898417 -0.47898417 -0.47898417 3.1667305 1.6740681 -0.47898417 -0.47898417 -0.47898417 -0.47898417
-0.47898417 -0.47898417 -0.47898417 3.1667305 1.6740681 -0.47898417 -0.47898417 -0.47898417 -0.47898417 -0.47898417
-0.47898417 -0.47898417 3.1667305 1.6740681 -0.47898417 -0.47898417 -0.47898417 -0.47898417 -0.47898417 -0.47898417
-0.47898417 3.1667305 1.6740681 -0.47898417 -0.47898417 -0.47898417 -0.47898417 -0.47898417 -0.47898417 -0.47898417
3.1667305 1.6740681 -0.47898417 -0.47898417 -0.47898417 -0.47898417 -0.47898417 -0.47898417 -0.47898417 2.6782228
1.6740681 -0.47898417 -0.47898417 -0.47898417 -0.47898417 -0.47898417 -0.47898417 -0.47898417 2.6782228 -0.47898417
-0.47898417 -0.47898417 -0.47898417 -0.47898417 -0.47898417 -0.47898417 -0.47898417 2.6782228 -0.47898417 -0.47898417
-0.47898417 -0.47898417 -0.47898417 -0.47898417 -0.47898417 -0.47898417 2.6782228 -0.47898417 -0.47898417 -0.47898417
-0.47898417 -0.47898417 -0.47898417 -0.47898417 -0.47898417 2.6782228 -0.47898417 -0.47898417 -0.47898417 -0.47898417
-0.47898417 -0.47898417 -0.47898417 -0.47898417 2.6782228 -0.47898417 -0.47898417 -0.47898417 -0.47898417 1.6650217
-0.47898417 -0.47898417 -0.47898417 2.6782228 -0.47898417 -0.47898417 -0.47898417 -0.47898417 1.6650217 1.7645325
-0.47898417 -0.47898417 2.6782228 -0.47898417 -0.47898417 -0.47898417 -0.47898417 1.6650217 1.7645325 2.0359257
-0.47898417 2.6782228 -0.47898417 -0.47898417 -0.47898417 -0.47898417 1.6650217 1.7645325 2.0359257 -0.47898417
2.6782228 -0.47898417 -0.47898417 -0.47898417 -0.47898417 1.6650217 1.7645325 2.0359257 -0.47898417 -0.47898417
-0.47898417 -0.47898417 -0.47898417 -0.47898417 1.6650217 1.7645325 2.0359257 -0.47898417 -0.47898417 -0.47898417
-0.47898417 -0.47898417 -0.47898417 1.6650217 1.7645325 2.0359257 -0.47898417 -0.47898417 -0.47898417 2.3163652999999997
-0.47898417 -0.47898417 1.6650217 1.7645325 2.0359257 -0.47898417 -0.47898417 -0.47898417 2.3163652999999997 1.4388608
-0.47898417 1.6650217 1.7645325 2.0359257 -0.47898417 -0.47898417 -0.47898417 2.3163652999999997 1.4388608 -0.47898417
1.6650217 1.7645325 2.0359257 -0.47898417 -0.47898417 -0.47898417 2.3163652999999997 1.4388608 -0.47898417 1.773579
1.7645325 2.0359257 -0.47898417 -0.47898417 -0.47898417 2.3163652999999997 1.4388608 -0.47898417 1.773579 1.7645325
2.0359257 -0.47898417 -0.47898417 -0.47898417 2.3163652999999997 1.4388608 -0.47898417 1.773579 1.7645325 -0.47898417
-0.47898417 -0.47898417 -0.47898417 2.3163652999999997 1.4388608 -0.47898417 1.773579 1.7645325 -0.47898417 -0.47898417
-0.47898417 -0.47898417 2.3163652999999997 1.4388608 -0.47898417 1.773579 1.7645325 -0.47898417 -0.47898417 -0.47898417
-0.47898417 2.3163652999999997 1.4388608 -0.47898417 1.773579 1.7645325 -0.47898417 -0.47898417 -0.47898417 -0.47898417
2.3163652999999997 1.4388608 -0.47898417 1.773579 1.7645325 -0.47898417 -0.47898417 -0.47898417 -0.47898417 -0.47898417
1.4388608 -0.47898417 1.773579 1.7645325 -0.47898417 -0.47898417 -0.47898417 -0.47898417 -0.47898417 -0.47898417
-0.47898417 1.773579 1.7645325 -0.47898417 -0.47898417 -0.47898417 -0.47898417 -0.47898417 -0.47898417 1.8730898
1.773579 1.7645325 -0.47898417 -0.47898417 -0.47898417 -0.47898417 -0.47898417 -0.47898417 1.8730898 -0.47898417
1.7645325 -0.47898417 -0.47898417 -0.47898417 -0.47898417 -0.47898417 -0.47898417 1.8730898 -0.47898417 -0.47898417
-0.47898417 -0.47898417 -0.47898417 -0.47898417 -0.47898417 -0.47898417 1.8730898 -0.47898417 -0.47898417 1.7826254000000001
-0.47898417 -0.47898417 -0.47898417 -0.47898417 -0.47898417 1.8730898 -0.47898417 -0.47898417 1.7826254000000001 -0.47898417
-0.47898417 -0.47898417 -0.47898417 -0.47898417 1.8730898 -0.47898417 -0.47898417 1.7826254000000001 -0.47898417 -0.47898417
-0.47898417 -0.47898417 -0.47898417 1.8730898 -0.47898417 -0.47898417 1.7826254000000001 -0.47898417 -0.47898417 -0.47898417
-0.47898417 -0.47898417 1.8730898 -0.47898417 -0.47898417 1.7826254000000001 -0.47898417 -0.47898417 -0.47898417 -0.47898417
-0.47898417 1.8730898 -0.47898417 -0.47898417 1.7826254000000001 -0.47898417 -0.47898417 -0.47898417 -0.47898417 1.9092755000000001
1.8730898 -0.47898417 -0.47898417 1.7826254000000001 -0.47898417 -0.47898417 -0.47898417 -0.47898417 1.9092755000000001 1.4479072
-0.47898417 -0.47898417 1.7826254000000001 -0.47898417 -0.47898417 -0.47898417 -0.47898417 1.9092755000000001 1.4479072 -0.47898417
-0.47898417 1.7826254000000001 -0.47898417 -0.47898417 -0.47898417 -0.47898417 1.9092755000000001 1.4479072 -0.47898417 1.6016966000000001
1.7826254000000001 -0.47898417 -0.47898417 -0.47898417 -0.47898417 1.9092755000000001 1.4479072 -0.47898417 1.6016966000000001 -0.47898417
-0.47898417 -0.47898417 -0.47898417 -0.47898417 1.9092755000000001 1.4479072 -0.47898417 1.6016966000000001 -0.47898417 2.2259008999999996
-0.47898417 -0.47898417 -0.47898417 1.9092755000000001 1.4479072 -0.47898417 1.6016966000000001 -0.47898417 2.2259008999999996 -0.47898417
-0.47898417 -0.47898417 1.9092755000000001 1.4479072 -0.47898417 1.6016966000000001 -0.47898417 2.2259008999999996 -0.47898417 -0.47898417
-0.47898417 1.9092755000000001 1.4479072 -0.47898417 1.6016966000000001 -0.47898417 2.2259008999999996 -0.47898417 -0.47898417 -0.47898417
1.9092755000000001 1.4479072 -0.47898417 1.6016966000000001 -0.47898417 2.2259008999999996 -0.47898417 -0.47898417 -0.47898417 -0.47898417
1.4479072 -0.47898417 1.6016966000000001 -0.47898417 2.2259008999999996 -0.47898417 -0.47898417 -0.47898417 -0.47898417 -0.47898417
-0.47898417 1.6016966000000001 -0.47898417 2.2259008999999996 -0.47898417 -0.47898417 -0.47898417 -0.47898417 -0.47898417 2.207808
1.6016966000000001 -0.47898417 2.2259008999999996 -0.47898417 -0.47898417 -0.47898417 -0.47898417 -0.47898417 2.207808 -0.47898417
-0.47898417 2.2259008999999996 -0.47898417 -0.47898417 -0.47898417 -0.47898417 -0.47898417 2.207808 -0.47898417 -0.47898417
2.2259008999999996 -0.47898417 -0.47898417 -0.47898417 -0.47898417 -0.47898417 2.207808 -0.47898417 -0.47898417 2.6782228
-0.47898417 -0.47898417 -0.47898417 -0.47898417 -0.47898417 2.207808 -0.47898417 -0.47898417 2.6782228 -0.47898417
-0.47898417 -0.47898417 -0.47898417 -0.47898417 2.207808 -0.47898417 -0.47898417 2.6782228 -0.47898417 -0.47898417
-0.47898417 -0.47898417 -0.47898417 2.207808 -0.47898417 -0.47898417 2.6782228 -0.47898417 -0.47898417 -0.47898417
-0.47898417 -0.47898417 2.207808 -0.47898417 -0.47898417 2.6782228 -0.47898417 -0.47898417 -0.47898417 -0.47898417
-0.47898417 2.207808 -0.47898417 -0.47898417 2.6782228 -0.47898417 -0.47898417 -0.47898417 -0.47898417 2.4249224999999996
2.207808 -0.47898417 -0.47898417 2.6782228 -0.47898417 -0.47898417 -0.47898417 -0.47898417 2.4249224999999996 -0.47898417
-0.47898417 -0.47898417 2.6782228 -0.47898417 -0.47898417 -0.47898417 -0.47898417 2.4249224999999996 -0.47898417 -0.47898417
-0.47898417 2.6782228 -0.47898417 -0.47898417 -0.47898417 -0.47898417 2.4249224999999996 -0.47898417 -0.47898417 -0.47898417
2.6782228 -0.47898417 -0.47898417 -0.47898417 -0.47898417 2.4249224999999996 -0.47898417 -0.47898417 -0.47898417 1.8188112
-0.47898417 -0.47898417 -0.47898417 -0.47898417 2.4249224999999996 -0.47898417 -0.47898417 -0.47898417 1.8188112 -0.47898417
-0.47898417 -0.47898417 -0.47898417 2.4249224999999996 -0.47898417 -0.47898417 -0.47898417 1.8188112 -0.47898417 -0.47898417
-0.47898417 -0.47898417 2.4249224999999996 -0.47898417 -0.47898417 -0.47898417 1.8188112 -0.47898417 -0.47898417 -0.47898417
-0.47898417 2.4249224999999996 -0.47898417 -0.47898417 -0.47898417 1.8188112 -0.47898417 -0.47898417 -0.47898417 -0.47898417
2.4249224999999996 -0.47898417 -0.47898417 -0.47898417 1.8188112 -0.47898417 -0.47898417 -0.47898417 -0.47898417 -0.47898417
-0.47898417 -0.47898417 -0.47898417 1.8188112 -0.47898417 -0.47898417 -0.47898417 -0.47898417 -0.47898417 -0.47898417
-0.47898417 -0.47898417 1.8188112 -0.47898417 -0.47898417 -0.47898417 -0.47898417 -0.47898417 -0.47898417 -0.47898417
-0.47898417 1.8188112 -0.47898417 -0.47898417 -0.47898417 -0.47898417 -0.47898417 -0.47898417 -0.47898417 -0.47898417
1.8188112 -0.47898417 -0.47898417 -0.47898417 -0.47898417 -0.47898417 -0.47898417 -0.47898417 -0.47898417 -0.47898417
-0.47898417 -0.47898417 -0.47898417 -0.47898417 -0.47898417 -0.47898417 -0.47898417 -0.47898417 -0.47898417 2.2349473
-0.47898417 -0.47898417 -0.47898417 -0.47898417 -0.47898417 -0.47898417 -0.47898417 -0.47898417 2.2349473 -0.47898417
-0.47898417 -0.47898417 -0.47898417 -0.47898417 -0.47898417 -0.47898417 -0.47898417 2.2349473 -0.47898417 -0.47898417
-0.47898417 -0.47898417 -0.47898417 -0.47898417 -0.47898417 -0.47898417 2.2349473 -0.47898417 -0.47898417 -0.47898417
-0.47898417 -0.47898417 -0.47898417 -0.47898417 -0.47898417 2.2349473 -0.47898417 -0.47898417 -0.47898417 -0.47898417
-0.47898417 -0.47898417 -0.47898417 -0.47898417 2.2349473 -0.47898417 -0.47898417 -0.47898417 -0.47898417 -0.47898417
-0.47898417 -0.47898417 -0.47898417 2.2349473 -0.47898417 -0.47898417 -0.47898417 -0.47898417 -0.47898417 -0.47898417
-0.47898417 -0.47898417 2.2349473 -0.47898417 -0.47898417 -0.47898417 -0.47898417 -0.47898417 -0.47898417 -0.47898417
-0.47898417 2.2349473 -0.47898417 -0.47898417 -0.47898417 -0.47898417 -0.47898417 -0.47898417 -0.47898417 -0.47898417
2.2349473 -0.47898417 -0.47898417 -0.47898417 -0.47898417 -0.47898417 -0.47898417 -0.47898417 -0.47898417 -0.47898417
-0.47898417 -0.47898417 -0.47898417 -0.47898417 -0.47898417 -0.47898417 -0.47898417 -0.47898417 -0.47898417 -0.47898417
-0.47898417 -0.47898417 -0.47898417 -0.47898417 -0.47898417 -0.47898417 -0.47898417 -0.47898417 -0.47898417 -0.47898417
-0.47898417 -0.47898417 -0.47898417 -0.47898417 -0.47898417 -0.47898417 -0.47898417 -0.47898417 -0.47898417 1.6016966000000001
-0.47898417 -0.47898417 -0.47898417 -0.47898417 -0.47898417 -0.47898417 -0.47898417 -0.47898417 1.6016966000000001 -0.47898417
-0.47898417 -0.47898417 -0.47898417 -0.47898417 -0.47898417 -0.47898417 -0.47898417 1.6016966000000001 -0.47898417 -0.47898417
-0.47898417 -0.47898417 -0.47898417 -0.47898417 -0.47898417 -0.47898417 1.6016966000000001 -0.47898417 -0.47898417 -0.47898417
-0.47898417 -0.47898417 -0.47898417 -0.47898417 -0.47898417 1.6016966000000001 -0.47898417 -0.47898417 -0.47898417 1.9364148999999997
-0.47898417 -0.47898417 -0.47898417 -0.47898417 1.6016966000000001 -0.47898417 -0.47898417 -0.47898417 1.9364148999999997 -0.47898417
-0.47898417 -0.47898417 -0.47898417 1.6016966000000001 -0.47898417 -0.47898417 -0.47898417 1.9364148999999997 -0.47898417 -0.47898417
-0.47898417 -0.47898417 1.6016966000000001 -0.47898417 -0.47898417 -0.47898417 1.9364148999999997 -0.47898417 -0.47898417 -0.47898417
-0.47898417 1.6016966000000001 -0.47898417 -0.47898417 -0.47898417 1.9364148999999997 -0.47898417 -0.47898417 -0.47898417 -0.47898417
1.6016966000000001 -0.47898417 -0.47898417 -0.47898417 1.9364148999999997 -0.47898417 -0.47898417 -0.47898417 -0.47898417 -0.47898417
-0.47898417 -0.47898417 -0.47898417 1.9364148999999997 -0.47898417 -0.47898417 -0.47898417 -0.47898417 -0.47898417 -0.47898417
-0.47898417 -0.47898417 1.9364148999999997 -0.47898417 -0.47898417 -0.47898417 -0.47898417 -0.47898417 -0.47898417 -0.47898417
-0.47898417 1.9364148999999997 -0.47898417 -0.47898417 -0.47898417 -0.47898417 -0.47898417 -0.47898417 -0.47898417 -0.47898417
1.9364148999999997 -0.47898417 -0.47898417 -0.47898417 -0.47898417 -0.47898417 -0.47898417 -0.47898417 -0.47898417 -0.47898417
-0.47898417 -0.47898417 -0.47898417 -0.47898417 -0.47898417 -0.47898417 -0.47898417 -0.47898417 -0.47898417 -0.47898417
-0.47898417 -0.47898417 -0.47898417 -0.47898417 -0.47898417 -0.47898417 -0.47898417 -0.47898417 -0.47898417 -0.47898417
-0.47898417 -0.47898417 -0.47898417 -0.47898417 -0.47898417 -0.47898417 -0.47898417 -0.47898417 -0.47898417 -0.47898417
-0.47898417 -0.47898417 -0.47898417 -0.47898417 -0.47898417 -0.47898417 -0.47898417 -0.47898417 -0.47898417 -0.47898417
-0.47898417 -0.47898417 -0.47898417 -0.47898417 -0.47898417 -0.47898417 -0.47898417 -0.47898417 -0.47898417 -0.47898417
-0.47898417 -0.47898417 -0.47898417 -0.47898417 -0.47898417 -0.47898417 -0.47898417 -0.47898417 -0.47898417 -0.47898417
-0.47898417 -0.47898417 -0.47898417 -0.47898417 -0.47898417 -0.47898417 -0.47898417 -0.47898417 -0.47898417 -0.47898417
-0.47898417 -0.47898417 -0.47898417 -0.47898417 -0.47898417 -0.47898417 -0.47898417 -0.47898417 -0.47898417 -0.47898417
-0.47898417 -0.47898417 -0.47898417 -0.47898417 -0.47898417 -0.47898417 -0.47898417 -0.47898417 -0.47898417 -0.47898417
-0.47898417 -0.47898417 -0.47898417 -0.47898417 -0.47898417 -0.47898417 -0.47898417 -0.47898417 -0.47898417 -0.47898417
-0.47898417 -0.47898417 -0.47898417 -0.47898417 -0.47898417 -0.47898417 -0.47898417 -0.47898417 -0.47898417 2.1987616
-0.47898417 -0.47898417 -0.47898417 -0.47898417 -0.47898417 -0.47898417 -0.47898417 -0.47898417 2.1987616 -0.47898417
-0.47898417 -0.47898417 -0.47898417 -0.47898417 -0.47898417 -0.47898417 -0.47898417 2.1987616 -0.47898417 -0.47898417
-0.47898417 -0.47898417 -0.47898417 -0.47898417 -0.47898417 -0.47898417 2.1987616 -0.47898417 -0.47898417 -0.47898417
-0.47898417 -0.47898417 -0.47898417 -0.47898417 -0.47898417 2.1987616 -0.47898417 -0.47898417 -0.47898417 -0.47898417
-0.47898417 -0.47898417 -0.47898417 -0.47898417 2.1987616 -0.47898417 -0.47898417 -0.47898417 -0.47898417 -0.47898417
-0.47898417 -0.47898417 -0.47898417 2.1987616 -0.47898417 -0.47898417 -0.47898417 -0.47898417 -0.47898417 3.0038946
-0.47898417 -0.47898417 2.1987616 -0.47898417 -0.47898417 -0.47898417 -0.47898417 -0.47898417 3.0038946 -0.47898417
-0.47898417 2.1987616 -0.47898417 -0.47898417 -0.47898417 -0.47898417 -0.47898417 3.0038946 -0.47898417 1.6469288
2.1987616 -0.47898417 -0.47898417 -0.47898417 -0.47898417 -0.47898417 3.0038946 -0.47898417 1.6469288 -0.47898417
-0.47898417 -0.47898417 -0.47898417 -0.47898417 -0.47898417 3.0038946 -0.47898417 1.6469288 -0.47898417 -0.47898417
-0.47898417 -0.47898417 -0.47898417 -0.47898417 3.0038946 -0.47898417 1.6469288 -0.47898417 -0.47898417 -0.47898417
-0.47898417 -0.47898417 -0.47898417 3.0038946 -0.47898417 1.6469288 -0.47898417 -0.47898417 -0.47898417 -0.47898417
-0.47898417 -0.47898417 3.0038946 -0.47898417 1.6469288 -0.47898417 -0.47898417 -0.47898417 -0.47898417 -0.47898417
-0.47898417 3.0038946 -0.47898417 1.6469288 -0.47898417 -0.47898417 -0.47898417 -0.47898417 -0.47898417 -0.47898417
3.0038946 -0.47898417 1.6469288 -0.47898417 -0.47898417 -0.47898417 -0.47898417 -0.47898417 -0.47898417 -0.47898417
-0.47898417 1.6469288 -0.47898417 -0.47898417 -0.47898417 -0.47898417 -0.47898417 -0.47898417 -0.47898417 -0.47898417
1.6469288 -0.47898417 -0.47898417 -0.47898417 -0.47898417 -0.47898417 -0.47898417 -0.47898417 -0.47898417 -0.47898417
-0.47898417 -0.47898417 -0.47898417 -0.47898417 -0.47898417 -0.47898417 -0.47898417 -0.47898417 -0.47898417 -0.47898417
-0.47898417 -0.47898417 -0.47898417 -0.47898417 -0.47898417 -0.47898417 -0.47898417 -0.47898417 -0.47898417 -0.47898417
-0.47898417 -0.47898417 -0.47898417 -0.47898417 -0.47898417 -0.47898417 -0.47898417 -0.47898417 -0.47898417 -0.47898417
-0.47898417 -0.47898417 -0.47898417 -0.47898417 -0.47898417 -0.47898417 -0.47898417 -0.47898417 -0.47898417 -0.47898417
-0.47898417 -0.47898417 -0.47898417 -0.47898417 -0.47898417 -0.47898417 -0.47898417 -0.47898417 -0.47898417 -0.47898417
-0.47898417 -0.47898417 -0.47898417 -0.47898417 -0.47898417 -0.47898417 -0.47898417 -0.47898417 -0.47898417 -0.47898417
-0.47898417 -0.47898417 -0.47898417 -0.47898417 -0.47898417 -0.47898417 -0.47898417 -0.47898417 -0.47898417 -0.47898417
-0.47898417 -0.47898417 -0.47898417 -0.47898417 -0.47898417 -0.47898417 -0.47898417 -0.47898417 -0.47898417 -0.47898417
-0.47898417 -0.47898417 -0.47898417 -0.47898417 -0.47898417 -0.47898417 -0.47898417 -0.47898417 -0.47898417 1.4117214
-0.47898417 -0.47898417 -0.47898417 -0.47898417 -0.47898417 -0.47898417 -0.47898417 -0.47898417 1.4117214 -0.47898417
-0.47898417 -0.47898417 -0.47898417 -0.47898417 -0.47898417 -0.47898417 -0.47898417 1.4117214 -0.47898417 -0.47898417
-0.47898417 -0.47898417 -0.47898417 -0.47898417 -0.47898417 -0.47898417 1.4117214 -0.47898417 -0.47898417 -0.47898417
-0.47898417 -0.47898417 -0.47898417 -0.47898417 -0.47898417 1.4117214 -0.47898417 -0.47898417 -0.47898417 -0.47898417
-0.47898417 -0.47898417 -0.47898417 -0.47898417 1.4117214 -0.47898417 -0.47898417 -0.47898417 -0.47898417 -0.47898417
-0.47898417 -0.47898417 -0.47898417 1.4117214 -0.47898417 -0.47898417 -0.47898417 -0.47898417 -0.47898417 1.7645325
-0.47898417 -0.47898417 1.4117214 -0.47898417 -0.47898417 -0.47898417 -0.47898417 -0.47898417 1.7645325 -0.47898417
-0.47898417 1.4117214 -0.47898417 -0.47898417 -0.47898417 -0.47898417 -0.47898417 1.7645325 -0.47898417 -0.47898417
1.4117214 -0.47898417 -0.47898417 -0.47898417 -0.47898417 -0.47898417 1.7645325 -0.47898417 -0.47898417 -0.47898417
-0.47898417 -0.47898417 -0.47898417 -0.47898417 -0.47898417 1.7645325 -0.47898417 -0.47898417 -0.47898417 -0.47898417
-0.47898417 -0.47898417 -0.47898417 -0.47898417 1.7645325 -0.47898417 -0.47898417 -0.47898417 -0.47898417 -0.47898417
-0.47898417 -0.47898417 -0.47898417 1.7645325 -0.47898417 -0.47898417 -0.47898417 -0.47898417 -0.47898417 -0.47898417
-0.47898417 -0.47898417 1.7645325 -0.47898417 -0.47898417 -0.47898417 -0.47898417 -0.47898417 -0.47898417 -0.47898417
-0.47898417 1.7645325 -0.47898417 -0.47898417 -0.47898417 -0.47898417 -0.47898417 -0.47898417 -0.47898417 -0.47898417
1.7645325 -0.47898417 -0.47898417 -0.47898417 -0.47898417 -0.47898417 -0.47898417 -0.47898417 -0.47898417 -0.47898417
-0.47898417 -0.47898417 -0.47898417 -0.47898417 -0.47898417 -0.47898417 -0.47898417 -0.47898417 -0.47898417 -0.47898417
-0.47898417 -0.47898417 -0.47898417 -0.47898417 -0.47898417 -0.47898417 -0.47898417 -0.47898417 -0.47898417 1.3845821000000003
-0.47898417 -0.47898417 -0.47898417 -0.47898417 -0.47898417 -0.47898417 -0.47898417 -0.47898417 1.3845821000000003 2.6691764
-0.47898417 -0.47898417 -0.47898417 -0.47898417 -0.47898417 -0.47898417 -0.47898417 1.3845821000000003 2.6691764 -0.47898417
-0.47898417 -0.47898417 -0.47898417 -0.47898417 -0.47898417 -0.47898417 1.3845821000000003 2.6691764 -0.47898417 -0.47898417
-0.47898417 -0.47898417 -0.47898417 -0.47898417 -0.47898417 1.3845821000000003 2.6691764 -0.47898417 -0.47898417 1.4479072
-0.47898417 -0.47898417 -0.47898417 -0.47898417 1.3845821000000003 2.6691764 -0.47898417 -0.47898417 1.4479072 -0.47898417
-0.47898417 -0.47898417 -0.47898417 1.3845821000000003 2.6691764 -0.47898417 -0.47898417 1.4479072 -0.47898417 -0.47898417
-0.47898417 -0.47898417 1.3845821000000003 2.6691764 -0.47898417 -0.47898417 1.4479072 -0.47898417 -0.47898417 -0.47898417
-0.47898417 1.3845821000000003 2.6691764 -0.47898417 -0.47898417 1.4479072 -0.47898417 -0.47898417 -0.47898417 -0.47898417
1.3845821000000003 2.6691764 -0.47898417 -0.47898417 1.4479072 -0.47898417 -0.47898417 -0.47898417 -0.47898417 -0.47898417
2.6691764 -0.47898417 -0.47898417 1.4479072 -0.47898417 -0.47898417 -0.47898417 -0.47898417 -0.47898417 1.6740681
-0.47898417 -0.47898417 1.4479072 -0.47898417 -0.47898417 -0.47898417 -0.47898417 -0.47898417 1.6740681 -0.47898417
-0.47898417 1.4479072 -0.47898417 -0.47898417 -0.47898417 -0.47898417 -0.47898417 1.6740681 -0.47898417 -0.47898417
1.4479072 -0.47898417 -0.47898417 -0.47898417 -0.47898417 -0.47898417 1.6740681 -0.47898417 -0.47898417 -0.47898417
-0.47898417 -0.47898417 -0.47898417 -0.47898417 -0.47898417 1.6740681 -0.47898417 -0.47898417 -0.47898417 -0.47898417
-0.47898417 -0.47898417 -0.47898417 -0.47898417 1.6740681 -0.47898417 -0.47898417 -0.47898417 -0.47898417 -0.47898417
-0.47898417 -0.47898417 -0.47898417 1.6740681 -0.47898417 -0.47898417 -0.47898417 -0.47898417 -0.47898417 -0.47898417
-0.47898417 -0.47898417 1.6740681 -0.47898417 -0.47898417 -0.47898417 -0.47898417 -0.47898417 -0.47898417 2.6058513
-0.47898417 1.6740681 -0.47898417 -0.47898417 -0.47898417 -0.47898417 -0.47898417 -0.47898417 2.6058513 -0.47898417
1.6740681 -0.47898417 -0.47898417 -0.47898417 -0.47898417 -0.47898417 -0.47898417 2.6058513 -0.47898417 -0.47898417
-0.47898417 -0.47898417 -0.47898417 -0.47898417 -0.47898417 -0.47898417 2.6058513 -0.47898417 -0.47898417 -0.47898417
-0.47898417 -0.47898417 -0.47898417 -0.47898417 -0.47898417 2.6058513 -0.47898417 -0.47898417 -0.47898417 -0.47898417
-0.47898417 -0.47898417 -0.47898417 -0.47898417 2.6058513 -0.47898417 -0.47898417 -0.47898417 -0.47898417 -0.47898417
-0.47898417 -0.47898417 -0.47898417 2.6058513 -0.47898417 -0.47898417 -0.47898417 -0.47898417 -0.47898417 -0.47898417
-0.47898417 -0.47898417 2.6058513 -0.47898417 -0.47898417 -0.47898417 -0.47898417 -0.47898417 -0.47898417 1.9364148999999997
-0.47898417 2.6058513 -0.47898417 -0.47898417 -0.47898417 -0.47898417 -0.47898417 -0.47898417 1.9364148999999997 -0.47898417
2.6058513 -0.47898417 -0.47898417 -0.47898417 -0.47898417 -0.47898417 -0.47898417 1.9364148999999997 -0.47898417 -0.47898417
-0.47898417 -0.47898417 -0.47898417 -0.47898417 -0.47898417 -0.47898417 1.9364148999999997 -0.47898417 -0.47898417 -0.47898417
-0.47898417 -0.47898417 -0.47898417 -0.47898417 -0.47898417 1.9364148999999997 -0.47898417 -0.47898417 -0.47898417 -0.47898417
-0.47898417 -0.47898417 -0.47898417 -0.47898417 1.9364148999999997 -0.47898417 -0.47898417 -0.47898417 -0.47898417 -0.47898417
-0.47898417 -0.47898417 -0.47898417 1.9364148999999997 -0.47898417 -0.47898417 -0.47898417 -0.47898417 -0.47898417 -0.47898417
-0.47898417 -0.47898417 1.9364148999999997 -0.47898417 -0.47898417 -0.47898417 -0.47898417 -0.47898417 -0.47898417 -0.47898417
-0.47898417 1.9364148999999997 -0.47898417 -0.47898417 -0.47898417 -0.47898417 -0.47898417 -0.47898417 -0.47898417 -0.47898417
1.9364148999999997 -0.47898417 -0.47898417 -0.47898417 -0.47898417 -0.47898417 -0.47898417 -0.47898417 -0.47898417 -0.47898417
-0.47898417 -0.47898417 -0.47898417 -0.47898417 -0.47898417 -0.47898417 -0.47898417 -0.47898417 -0.47898417 1.9997398999999998
-0.47898417 -0.47898417 -0.47898417 -0.47898417 -0.47898417 -0.47898417 -0.47898417 -0.47898417 1.9997398999999998 -0.47898417
-0.47898417 -0.47898417 -0.47898417 -0.47898417 -0.47898417 -0.47898417 -0.47898417 1.9997398999999998 -0.47898417 -0.47898417
-0.47898417 -0.47898417 -0.47898417 -0.47898417 -0.47898417 -0.47898417 1.9997398999999998 -0.47898417 -0.47898417 -0.47898417
-0.47898417 -0.47898417 -0.47898417 -0.47898417 -0.47898417 1.9997398999999998 -0.47898417 -0.47898417 -0.47898417 -0.47898417
-0.47898417 -0.47898417 -0.47898417 -0.47898417 1.9997398999999998 -0.47898417 -0.47898417 -0.47898417 -0.47898417 -0.47898417
-0.47898417 -0.47898417 -0.47898417 1.9997398999999998 -0.47898417 -0.47898417 -0.47898417 -0.47898417 -0.47898417 -0.47898417
-0.47898417 -0.47898417 1.9997398999999998 -0.47898417 -0.47898417 -0.47898417 -0.47898417 -0.47898417 -0.47898417 -0.47898417
-0.47898417 1.9997398999999998 -0.47898417 -0.47898417 -0.47898417 -0.47898417 -0.47898417 -0.47898417 -0.47898417 -0.47898417
1.9997398999999998 -0.47898417 -0.47898417 -0.47898417 -0.47898417 -0.47898417 -0.47898417 -0.47898417 -0.47898417 -0.47898417
-0.47898417 -0.47898417 -0.47898417 -0.47898417 -0.47898417 -0.47898417 -0.47898417 -0.47898417 -0.47898417 -0.47898417
-0.47898417 -0.47898417 -0.47898417 -0.47898417 -0.47898417 -0.47898417 -0.47898417 -0.47898417 -0.47898417 -0.47898417
-0.47898417 -0.47898417 -0.47898417 -0.47898417 -0.47898417 -0.47898417 -0.47898417 -0.47898417 -0.47898417 -0.47898417
-0.47898417 -0.47898417 -0.47898417 -0.47898417 -0.47898417 -0.47898417 -0.47898417 -0.47898417 -0.47898417 1.4750465
-0.47898417 -0.47898417 -0.47898417 -0.47898417 -0.47898417 -0.47898417 -0.47898417 -0.47898417 1.4750465 -0.47898417
-0.47898417 -0.47898417 -0.47898417 -0.47898417 -0.47898417 -0.47898417 -0.47898417 1.4750465 -0.47898417 -0.47898417
-0.47898417 -0.47898417 -0.47898417 -0.47898417 -0.47898417 -0.47898417 1.4750465 -0.47898417 -0.47898417 -0.47898417
-0.47898417 -0.47898417 -0.47898417 -0.47898417 -0.47898417 1.4750465 -0.47898417 -0.47898417 -0.47898417 -0.47898417
-0.47898417 -0.47898417 -0.47898417 -0.47898417 1.4750465 -0.47898417 -0.47898417 -0.47898417 -0.47898417 -0.47898417
-0.47898417 -0.47898417 -0.47898417 1.4750465 -0.47898417 -0.47898417 -0.47898417 -0.47898417 -0.47898417 -0.47898417
-0.47898417 -0.47898417 1.4750465 -0.47898417 -0.47898417 -0.47898417 -0.47898417 -0.47898417 -0.47898417 -0.47898417
-0.47898417 1.4750465 -0.47898417 -0.47898417 -0.47898417 -0.47898417 -0.47898417 -0.47898417 -0.47898417 1.5655108999999998
1.4750465 -0.47898417 -0.47898417 -0.47898417 -0.47898417 -0.47898417 -0.47898417 -0.47898417 1.5655108999999998 1.5836038000000001
-0.47898417 -0.47898417 -0.47898417 -0.47898417 -0.47898417 -0.47898417 -0.47898417 1.5655108999999998 1.5836038000000001 2.3254117
-0.47898417 -0.47898417 -0.47898417 -0.47898417 -0.47898417 -0.47898417 1.5655108999999998 1.5836038000000001 2.3254117 -0.47898417
-0.47898417 -0.47898417 -0.47898417 -0.47898417 -0.47898417 1.5655108999999998 1.5836038000000001 2.3254117 -0.47898417 -0.47898417
-0.47898417 -0.47898417 -0.47898417 -0.47898417 1.5655108999999998 1.5836038000000001 2.3254117 -0.47898417 -0.47898417 -0.47898417
-0.47898417 -0.47898417 -0.47898417 1.5655108999999998 1.5836038000000001 2.3254117 -0.47898417 -0.47898417 -0.47898417 -0.47898417
-0.47898417 -0.47898417 1.5655108999999998 1.5836038000000001 2.3254117 -0.47898417 -0.47898417 -0.47898417 -0.47898417 -0.47898417
-0.47898417 1.5655108999999998 1.5836038000000001 2.3254117 -0.47898417 -0.47898417 -0.47898417 -0.47898417 -0.47898417 -0.47898417
1.5655108999999998 1.5836038000000001 2.3254117 -0.47898417 -0.47898417 -0.47898417 -0.47898417 -0.47898417 -0.47898417 -0.47898417
1.5836038000000001 2.3254117 -0.47898417 -0.47898417 -0.47898417 -0.47898417 -0.47898417 -0.47898417 -0.47898417 -0.47898417
2.3254117 -0.47898417 -0.47898417 -0.47898417 -0.47898417 -0.47898417 -0.47898417 -0.47898417 -0.47898417 -0.47898417
-0.47898417 -0.47898417 -0.47898417 -0.47898417 -0.47898417 -0.47898417 -0.47898417 -0.47898417 -0.47898417 -0.47898417
-0.47898417 -0.47898417 -0.47898417 -0.47898417 -0.47898417 -0.47898417 -0.47898417 -0.47898417 -0.47898417 1.4840928999999998
-0.47898417 -0.47898417 -0.47898417 -0.47898417 -0.47898417 -0.47898417 -0.47898417 -0.47898417 1.4840928999999998 -0.47898417
-0.47898417 -0.47898417 -0.47898417 -0.47898417 -0.47898417 -0.47898417 -0.47898417 1.4840928999999998 -0.47898417 -0.47898417
-0.47898417 -0.47898417 -0.47898417 -0.47898417 -0.47898417 -0.47898417 1.4840928999999998 -0.47898417 -0.47898417 -0.47898417
-0.47898417 -0.47898417 -0.47898417 -0.47898417 -0.47898417 1.4840928999999998 -0.47898417 -0.47898417 -0.47898417 -0.47898417
-0.47898417 -0.47898417 -0.47898417 -0.47898417 1.4840928999999998 -0.47898417 -0.47898417 -0.47898417 -0.47898417 -0.47898417
-0.47898417 -0.47898417 -0.47898417 1.4840928999999998 -0.47898417 -0.47898417 -0.47898417 -0.47898417 -0.47898417 -0.47898417
-0.47898417 -0.47898417 1.4840928999999998 -0.47898417 -0.47898417 -0.47898417 -0.47898417 -0.47898417 -0.47898417 -0.47898417
-0.47898417 1.4840928999999998 -0.47898417 -0.47898417 -0.47898417 -0.47898417 -0.47898417 -0.47898417 -0.47898417 -0.47898417
1.4840928999999998 -0.47898417 -0.47898417 -0.47898417 -0.47898417 -0.47898417 -0.47898417 -0.47898417 -0.47898417 -0.47898417
-0.47898417 -0.47898417 -0.47898417 -0.47898417 -0.47898417 -0.47898417 -0.47898417 -0.47898417 -0.47898417 -0.47898417
-0.47898417 -0.47898417 -0.47898417 -0.47898417 -0.47898417 -0.47898417 -0.47898417 -0.47898417 -0.47898417 -0.47898417
-0.47898417 -0.47898417 -0.47898417 -0.47898417 -0.47898417 -0.47898417 -0.47898417 -0.47898417 -0.47898417 1.8459505
-0.47898417 -0.47898417 -0.47898417 -0.47898417 -0.47898417 -0.47898417 -0.47898417 -0.47898417 1.8459505 -0.47898417
-0.47898417 -0.47898417 -0.47898417 -0.47898417 -0.47898417 -0.47898417 -0.47898417 1.8459505 -0.47898417 -0.47898417
-0.47898417 -0.47898417 -0.47898417 -0.47898417 -0.47898417 -0.47898417 1.8459505 -0.47898417 -0.47898417 -0.47898417
-0.47898417 -0.47898417 -0.47898417 -0.47898417 -0.47898417 1.8459505 -0.47898417 -0.47898417 -0.47898417 2.5153868999999998
-0.47898417 -0.47898417 -0.47898417 -0.47898417 1.8459505 -0.47898417 -0.47898417 -0.47898417 2.5153868999999998 -0.47898417
-0.47898417 -0.47898417 -0.47898417 1.8459505 -0.47898417 -0.47898417 -0.47898417 2.5153868999999998 -0.47898417 1.6197895
-0.47898417 -0.47898417 1.8459505 -0.47898417 -0.47898417 -0.47898417 2.5153868999999998 -0.47898417 1.6197895 -0.47898417
-0.47898417 1.8459505 -0.47898417 -0.47898417 -0.47898417 2.5153868999999998 -0.47898417 1.6197895 -0.47898417 -0.47898417
1.8459505 -0.47898417 -0.47898417 -0.47898417 2.5153868999999998 -0.47898417 1.6197895 -0.47898417 -0.47898417 -0.47898417
-0.47898417 -0.47898417 -0.47898417 2.5153868999999998 -0.47898417 1.6197895 -0.47898417 -0.47898417 -0.47898417 -0.47898417
-0.47898417 -0.47898417 2.5153868999999998 -0.47898417 1.6197895 -0.47898417 -0.47898417 -0.47898417 -0.47898417 -0.47898417
-0.47898417 2.5153868999999998 -0.47898417 1.6197895 -0.47898417 -0.47898417 -0.47898417 -0.47898417 -0.47898417 2.2168544
2.5153868999999998 -0.47898417 1.6197895 -0.47898417 -0.47898417 -0.47898417 -0.47898417 -0.47898417 2.2168544 2.2892259999999998
-0.47898417 1.6197895 -0.47898417 -0.47898417 -0.47898417 -0.47898417 -0.47898417 2.2168544 2.2892259999999998 -0.47898417
1.6197895 -0.47898417 -0.47898417 -0.47898417 -0.47898417 -0.47898417 2.2168544 2.2892259999999998 -0.47898417 -0.47898417
-0.47898417 -0.47898417 -0.47898417 -0.47898417 -0.47898417 2.2168544 2.2892259999999998 -0.47898417 -0.47898417 -0.47898417
-0.47898417 -0.47898417 -0.47898417 -0.47898417 2.2168544 2.2892259999999998 -0.47898417 -0.47898417 -0.47898417 -0.47898417
-0.47898417 -0.47898417 -0.47898417 2.2168544 2.2892259999999998 -0.47898417 -0.47898417 -0.47898417 -0.47898417 -0.47898417
-0.47898417 -0.47898417 2.2168544 2.2892259999999998 -0.47898417 -0.47898417 -0.47898417 -0.47898417 -0.47898417 -0.47898417
-0.47898417 2.2168544 2.2892259999999998 -0.47898417 -0.47898417 -0.47898417 -0.47898417 -0.47898417 -0.47898417 -0.47898417
2.2168544 2.2892259999999998 -0.47898417 -0.47898417 -0.47898417 -0.47898417 -0.47898417 -0.47898417 -0.47898417 -0.47898417
2.2892259999999998 -0.47898417 -0.47898417 -0.47898417 -0.47898417 -0.47898417 -0.47898417 -0.47898417 -0.47898417 -0.47898417
-0.47898417 -0.47898417 -0.47898417 -0.47898417 -0.47898417 -0.47898417 -0.47898417 -0.47898417 -0.47898417 -0.47898417
-0.47898417 -0.47898417 -0.47898417 -0.47898417 -0.47898417 -0.47898417 -0.47898417 -0.47898417 -0.47898417 -0.47898417
-0.47898417 -0.47898417 -0.47898417 -0.47898417 -0.47898417 -0.47898417 -0.47898417 -0.47898417 -0.47898417 -0.47898417
-0.47898417 -0.47898417 -0.47898417 -0.47898417 -0.47898417 -0.47898417 -0.47898417 -0.47898417 -0.47898417 -0.47898417
-0.47898417 -0.47898417 -0.47898417 -0.47898417 -0.47898417 -0.47898417 -0.47898417 -0.47898417 -0.47898417 1.8188112
-0.47898417 -0.47898417 -0.47898417 -0.47898417 -0.47898417 -0.47898417 -0.47898417 -0.47898417 1.8188112 -0.47898417
-0.47898417 -0.47898417 -0.47898417 -0.47898417 -0.47898417 -0.47898417 -0.47898417 1.8188112 -0.47898417 -0.47898417
-0.47898417 -0.47898417 -0.47898417 -0.47898417 -0.47898417 -0.47898417 1.8188112 -0.47898417 -0.47898417 -0.47898417
-0.47898417 -0.47898417 -0.47898417 -0.47898417 -0.47898417 1.8188112 -0.47898417 -0.47898417 -0.47898417 -0.47898417
-0.47898417 -0.47898417 -0.47898417 -0.47898417 1.8188112 -0.47898417 -0.47898417 -0.47898417 -0.47898417 2.3344581
-0.47898417 -0.47898417 -0.47898417 1.8188112 -0.47898417 -0.47898417 -0.47898417 -0.47898417 2.3344581 -0.47898417
-0.47898417 -0.47898417 1.8188112 -0.47898417 -0.47898417 -0.47898417 -0.47898417 2.3344581 -0.47898417 -0.47898417
-0.47898417 1.8188112 -0.47898417 -0.47898417 -0.47898417 -0.47898417 2.3344581 -0.47898417 -0.47898417 -0.47898417
1.8188112 -0.47898417 -0.47898417 -0.47898417 -0.47898417 2.3344581 -0.47898417 -0.47898417 -0.47898417 -0.47898417
-0.47898417 -0.47898417 -0.47898417 -0.47898417 2.3344581 -0.47898417 -0.47898417 -0.47898417 -0.47898417 -0.47898417
-0.47898417 -0.47898417 -0.47898417 2.3344581 -0.47898417 -0.47898417 -0.47898417 -0.47898417 -0.47898417 -0.47898417
-0.47898417 -0.47898417 2.3344581 -0.47898417 -0.47898417 -0.47898417 -0.47898417 -0.47898417 -0.47898417 -0.47898417
-0.47898417 2.3344581 -0.47898417 -0.47898417 -0.47898417 -0.47898417 -0.47898417 -0.47898417 -0.47898417 -0.47898417
2.3344581 -0.47898417 -0.47898417 -0.47898417 -0.47898417 -0.47898417 -0.47898417 -0.47898417 -0.47898417 -0.47898417
-0.47898417 -0.47898417 -0.47898417 -0.47898417 -0.47898417 -0.47898417 -0.47898417 -0.47898417 -0.47898417 -0.47898417
-0.47898417 -0.47898417 -0.47898417 -0.47898417 -0.47898417 -0.47898417 -0.47898417 -0.47898417 -0.47898417 2.2349473
-0.47898417 -0.47898417 -0.47898417 -0.47898417 -0.47898417 -0.47898417 -0.47898417 -0.47898417 2.2349473 -0.47898417
-0.47898417 -0.47898417 -0.47898417 -0.47898417 -0.47898417 -0.47898417 -0.47898417 2.2349473 -0.47898417 -0.47898417
-0.47898417 -0.47898417 -0.47898417 -0.47898417 -0.47898417 -0.47898417 2.2349473 -0.47898417 -0.47898417 -0.47898417
-0.47898417 -0.47898417 -0.47898417 -0.47898417 -0.47898417 2.2349473 -0.47898417 -0.47898417 -0.47898417 -0.47898417
-0.47898417 -0.47898417 -0.47898417 -0.47898417 2.2349473 -0.47898417 -0.47898417 -0.47898417 -0.47898417 -0.47898417
-0.47898417 -0.47898417 -0.47898417 2.2349473 -0.47898417 -0.47898417 -0.47898417 -0.47898417 -0.47898417 -0.47898417
-0.47898417 -0.47898417 2.2349473 -0.47898417 -0.47898417 -0.47898417 -0.47898417 -0.47898417 -0.47898417 -0.47898417
-0.47898417 2.2349473 -0.47898417 -0.47898417 -0.47898417 -0.47898417 -0.47898417 -0.47898417 -0.47898417 -0.47898417
2.2349473 -0.47898417 -0.47898417 -0.47898417 -0.47898417 -0.47898417 -0.47898417 -0.47898417 -0.47898417 1.8640433999999997
-0.47898417 -0.47898417 -0.47898417 -0.47898417 -0.47898417 -0.47898417 -0.47898417 -0.47898417 1.8640433999999997 -0.47898417
-0.47898417 -0.47898417 -0.47898417 -0.47898417 -0.47898417 -0.47898417 -0.47898417 1.8640433999999997 -0.47898417 -0.47898417
-0.47898417 -0.47898417 -0.47898417 -0.47898417 -0.47898417 -0.47898417 1.8640433999999997 -0.47898417 -0.47898417 2.2982723999999997
-0.47898417 -0.47898417 -0.47898417 -0.47898417 -0.47898417 1.8640433999999997 -0.47898417 -0.47898417 2.2982723999999997 -0.47898417
-0.47898417 -0.47898417 -0.47898417 -0.47898417 1.8640433999999997 -0.47898417 -0.47898417 2.2982723999999997 -0.47898417 -0.47898417
-0.47898417 -0.47898417 -0.47898417 1.8640433999999997 -0.47898417 -0.47898417 2.2982723999999997 -0.47898417 -0.47898417 -0.47898417
-0.47898417 -0.47898417 1.8640433999999997 -0.47898417 -0.47898417 2.2982723999999997 -0.47898417 -0.47898417 -0.47898417 2.2801795
-0.47898417 1.8640433999999997 -0.47898417 -0.47898417 2.2982723999999997 -0.47898417 -0.47898417 -0.47898417 2.2801795 1.6016966000000001
1.8640433999999997 -0.47898417 -0.47898417 2.2982723999999997 -0.47898417 -0.47898417 -0.47898417 2.2801795 1.6016966000000001 2.7325014
-0.47898417 -0.47898417 2.2982723999999997 -0.47898417 -0.47898417 -0.47898417 2.2801795 1.6016966000000001 2.7325014 2.5334798
-0.47898417 2.2982723999999997 -0.47898417 -0.47898417 -0.47898417 2.2801795 1.6016966000000001 2.7325014 2.5334798 1.9545077000000002
2.2982723999999997 -0.47898417 -0.47898417 -0.47898417 2.2801795 1.6016966000000001 2.7325014 2.5334798 1.9545077000000002 -0.47898417
-0.47898417 -0.47898417 -0.47898417 2.2801795 1.6016966000000001 2.7325014 2.5334798 1.9545077000000002 -0.47898417 -0.47898417
-0.47898417 -0.47898417 2.2801795 1.6016966000000001 2.7325014 2.5334798 1.9545077000000002 -0.47898417 -0.47898417 1.4750465
-0.47898417 2.2801795 1.6016966000000001 2.7325014 2.5334798 1.9545077000000002 -0.47898417 -0.47898417 1.4750465 -0.47898417
2.2801795 1.6016966000000001 2.7325014 2.5334798 1.9545077000000002 -0.47898417 -0.47898417 1.4750465 -0.47898417 -0.47898417
1.6016966000000001 2.7325014 2.5334798 1.9545077000000002 -0.47898417 -0.47898417 1.4750465 -0.47898417 -0.47898417 -0.47898417
2.7325014 2.5334798 1.9545077000000002 -0.47898417 -0.47898417 1.4750465 -0.47898417 -0.47898417 -0.47898417 2.0540186
2.5334798 1.9545077000000002 -0.47898417 -0.47898417 1.4750465 -0.47898417 -0.47898417 -0.47898417 2.0540186 -0.47898417
1.9545077000000002 -0.47898417 -0.47898417 1.4750465 -0.47898417 -0.47898417 -0.47898417 2.0540186 -0.47898417 -0.47898417
-0.47898417 -0.47898417 1.4750465 -0.47898417 -0.47898417 -0.47898417 2.0540186 -0.47898417 -0.47898417 2.7596407000000003
-0.47898417 1.4750465 -0.47898417 -0.47898417 -0.47898417 2.0540186 -0.47898417 -0.47898417 2.7596407000000003 -0.47898417
1.4750465 -0.47898417 -0.47898417 -0.47898417 2.0540186 -0.47898417 -0.47898417 2.7596407000000003 -0.47898417 -0.47898417
-0.47898417 -0.47898417 -0.47898417 2.0540186 -0.47898417 -0.47898417 2.7596407000000003 -0.47898417 -0.47898417 3.2481484
-0.47898417 -0.47898417 2.0540186 -0.47898417 -0.47898417 2.7596407000000003 -0.47898417 -0.47898417 3.2481484 2.2620866000000004
-0.47898417 2.0540186 -0.47898417 -0.47898417 2.7596407000000003 -0.47898417 -0.47898417 3.2481484 2.2620866000000004 2.2892259999999998
2.0540186 -0.47898417 -0.47898417 2.7596407000000003 -0.47898417 -0.47898417 3.2481484 2.2620866000000004 2.2892259999999998 -0.47898417
-0.47898417 -0.47898417 2.7596407000000003 -0.47898417 -0.47898417 3.2481484 2.2620866000000004 2.2892259999999998 -0.47898417 -0.47898417
-0.47898417 2.7596407000000003 -0.47898417 -0.47898417 3.2481484 2.2620866000000004 2.2892259999999998 -0.47898417 -0.47898417 1.8188112
2.7596407000000003 -0.47898417 -0.47898417 3.2481484 2.2620866000000004 2.2892259999999998 -0.47898417 -0.47898417 1.8188112 -0.47898417
-0.47898417 -0.47898417 3.2481484 2.2620866000000004 2.2892259999999998 -0.47898417 -0.47898417 1.8188112 -0.47898417 -0.47898417
-0.47898417 3.2481484 2.2620866000000004 2.2892259999999998 -0.47898417 -0.47898417 1.8188112 -0.47898417 -0.47898417 -0.47898417
3.2481484 2.2620866000000004 2.2892259999999998 -0.47898417 -0.47898417 1.8188112 -0.47898417 -0.47898417 -0.47898417 -0.47898417
2.2620866000000004 2.2892259999999998 -0.47898417 -0.47898417 1.8188112 -0.47898417 -0.47898417 -0.47898417 -0.47898417 -0.47898417
2.2892259999999998 -0.47898417 -0.47898417 1.8188112 -0.47898417 -0.47898417 -0.47898417 -0.47898417 -0.47898417 1.9906935000000001
-0.47898417 -0.47898417 1.8188112 -0.47898417 -0.47898417 -0.47898417 -0.47898417 -0.47898417 1.9906935000000001 -0.47898417
-0.47898417 1.8188112 -0.47898417 -0.47898417 -0.47898417 -0.47898417 -0.47898417 1.9906935000000001 -0.47898417 -0.47898417
1.8188112 -0.47898417 -0.47898417 -0.47898417 -0.47898417 -0.47898417 1.9906935000000001 -0.47898417 -0.47898417 1.8730898
-0.47898417 -0.47898417 -0.47898417 -0.47898417 -0.47898417 1.9906935000000001 -0.47898417 -0.47898417 1.8730898 2.1625758
-0.47898417 -0.47898417 -0.47898417 -0.47898417 1.9906935000000001 -0.47898417 -0.47898417 1.8730898 2.1625758 -0.47898417
-0.47898417 -0.47898417 -0.47898417 1.9906935000000001 -0.47898417 -0.47898417 1.8730898 2.1625758 -0.47898417 1.9635542000000001
-0.47898417 -0.47898417 1.9906935000000001 -0.47898417 -0.47898417 1.8730898 2.1625758 -0.47898417 1.9635542000000001 2.2620866000000004
-0.47898417 1.9906935000000001 -0.47898417 -0.47898417 1.8730898 2.1625758 -0.47898417 1.9635542000000001 2.2620866000000004 3.3295663999999996
1.9906935000000001 -0.47898417 -0.47898417 1.8730898 2.1625758 -0.47898417 1.9635542000000001 2.2620866000000004 3.3295663999999996 1.6197895
-0.47898417 -0.47898417 1.8730898 2.1625758 -0.47898417 1.9635542000000001 2.2620866000000004 3.3295663999999996 1.6197895 -0.47898417
-0.47898417 1.8730898 2.1625758 -0.47898417 1.9635542000000001 2.2620866000000004 3.3295663999999996 1.6197895 -0.47898417 -0.47898417
1.8730898 2.1625758 -0.47898417 1.9635542000000001 2.2620866000000004 3.3295663999999996 1.6197895 -0.47898417 -0.47898417 2.2259008999999996
2.1625758 -0.47898417 1.9635542000000001 2.2620866000000004 3.3295663999999996 1.6197895 -0.47898417 -0.47898417 2.2259008999999996 -0.47898417
-0.47898417 1.9635542000000001 2.2620866000000004 3.3295663999999996 1.6197895 -0.47898417 -0.47898417 2.2259008999999996 -0.47898417 -0.47898417
1.9635542000000001 2.2620866000000004 3.3295663999999996 1.6197895 -0.47898417 -0.47898417 2.2259008999999996 -0.47898417 -0.47898417 -0.47898417
2.2620866000000004 3.3295663999999996 1.6197895 -0.47898417 -0.47898417 2.2259008999999996 -0.47898417 -0.47898417 -0.47898417 -0.47898417
3.3295663999999996 1.6197895 -0.47898417 -0.47898417 2.2259008999999996 -0.47898417 -0.47898417 -0.47898417 -0.47898417 -0.47898417
1.6197895 -0.47898417 -0.47898417 2.2259008999999996 -0.47898417 -0.47898417 -0.47898417 -0.47898417 -0.47898417 -0.47898417
-0.47898417 -0.47898417 2.2259008999999996 -0.47898417 -0.47898417 -0.47898417 -0.47898417 -0.47898417 -0.47898417 -0.47898417
-0.47898417 2.2259008999999996 -0.47898417 -0.47898417 -0.47898417 -0.47898417 -0.47898417 -0.47898417 -0.47898417 -0.47898417
2.2259008999999996 -0.47898417 -0.47898417 -0.47898417 -0.47898417 -0.47898417 -0.47898417 -0.47898417 -0.47898417 -0.47898417
-0.47898417 -0.47898417 -0.47898417 -0.47898417 -0.47898417 -0.47898417 -0.47898417 -0.47898417 -0.47898417 -0.47898417
-0.47898417 -0.47898417 -0.47898417 -0.47898417 -0.47898417 -0.47898417 -0.47898417 -0.47898417 -0.47898417 -0.47898417
-0.47898417 -0.47898417 -0.47898417 -0.47898417 -0.47898417 -0.47898417 -0.47898417 -0.47898417 -0.47898417 -0.47898417
-0.47898417 -0.47898417 -0.47898417 -0.47898417 -0.47898417 -0.47898417 -0.47898417 -0.47898417 -0.47898417 -0.47898417
-0.47898417 -0.47898417 -0.47898417 -0.47898417 -0.47898417 -0.47898417 -0.47898417 -0.47898417 -0.47898417 -0.47898417
-0.47898417 -0.47898417 -0.47898417 -0.47898417 -0.47898417 -0.47898417 -0.47898417 -0.47898417 -0.47898417 -0.47898417
-0.47898417 -0.47898417 -0.47898417 -0.47898417 -0.47898417 -0.47898417 -0.47898417 -0.47898417 -0.47898417 -0.47898417
-0.47898417 -0.47898417 -0.47898417 -0.47898417 -0.47898417 -0.47898417 -0.47898417 -0.47898417 -0.47898417 -0.47898417
-0.47898417 -0.47898417 -0.47898417 -0.47898417 -0.47898417 -0.47898417 -0.47898417 -0.47898417 -0.47898417 -0.47898417
-0.47898417 -0.47898417 -0.47898417 -0.47898417 -0.47898417 -0.47898417 -0.47898417 -0.47898417 -0.47898417 -0.47898417
-0.47898417 -0.47898417 -0.47898417 -0.47898417 -0.47898417 -0.47898417 -0.47898417 -0.47898417 -0.47898417 -0.47898417
-0.47898417 -0.47898417 -0.47898417 -0.47898417 -0.47898417 -0.47898417 -0.47898417 -0.47898417 -0.47898417 -0.47898417
-0.47898417 -0.47898417 -0.47898417 -0.47898417 -0.47898417 -0.47898417 -0.47898417 -0.47898417 -0.47898417 -0.47898417
-0.47898417 -0.47898417 -0.47898417 -0.47898417 -0.47898417 -0.47898417 -0.47898417 -0.47898417 -0.47898417 -0.47898417
-0.47898417 -0.47898417 -0.47898417 -0.47898417 -0.47898417 -0.47898417 -0.47898417 -0.47898417 -0.47898417 -0.47898417
