0.10818871855735779 0.10922366380691528
0.10799574851989746 0.1085917204618454
0.10777606070041656 0.11702559888362885
0.10046889632940292 0.22945243120193481
0.09497250616550446 0.10400489717721939
0.08993656933307648 0.09070197492837906
0.08621925860643387 0.09754813462495804
0.08500151336193085 0.0880042240023613
0.08352068811655045 0.08961234241724014
0.07878953963518143 0.07881072908639908
0.07635316252708435 0.07818107306957245
0.07296163588762283 0.09371383488178253
0.06536595523357391 0.08762365579605103
0.06489865481853485 0.06498377025127411
0.06482481956481934 0.06644872575998306
0.06299103796482086 0.07216562330722809
0.06256590783596039 0.06667425483465195
0.060151126235723495 0.06111360713839531
0.059566691517829895 0.064821258187294
0.058414965867996216 0.07112647593021393
0.057678040117025375 0.0597495399415493
0.05617605522274971 0.0589958056807518
0.05451605096459389 0.07267353683710098
0.05352581664919853 0.07656823098659515
0.05169711634516716 0.05344336852431297
0.05167451873421669 0.06435468792915344
0.049728769809007645 0.07776618003845215
0.04956022650003433 0.056215785443782806
0.04907527565956116 0.04987773299217224
0.04904353618621826 0.06252019852399826
0.04904215410351753 0.04969635605812073
0.04897168651223183 0.05689422786235809
0.04893774911761284 0.06768640875816345
0.04893161356449127 0.05526336282491684
0.048470743000507355 0.05072159320116043
0.04802315682172775 0.04985613003373146
0.04776983708143234 0.050876691937446594
0.04771461710333824 0.05244629457592964
0.04765992611646652 0.06625722348690033
0.047565724700689316 0.058431535959243774
0.04737978056073189 0.047730010002851486
0.047136954963207245 0.06737552583217621
0.04676206782460213 0.049782197922468185
0.0467565543949604 0.058188460767269135
0.045895036309957504 0.04916210472583771
0.04582354053854942 0.07349631190299988
0.04575648903846741 0.06273499876260757
0.045730333775281906 0.057389575988054276
0.04554168879985809 0.0600152388215065
0.045400261878967285 0.08639832586050034
0.04539177566766739 0.06132827326655388
0.04518651217222214 0.06181994453072548
0.04491093382239342 0.06178140640258789
0.044895388185977936 0.05228955298662186
0.04476315528154373 0.04502773657441139
0.04458964243531227 0.049721118062734604
0.044545978307724 0.09842146933078766
0.04425176978111267 0.04564524069428444
0.04323853924870491 0.04489569738507271
0.042890358716249466 0.06586301326751709
0.042874448001384735 0.049205146729946136
0.042810335755348206 0.04325343668460846
0.04279085993766785 0.05153072625398636
0.042749326676130295 0.04624461382627487
0.04258156195282936 0.07875189185142517
0.04248006269335747 0.07127328962087631
0.042404577136039734 0.04739055782556534
0.0423489511013031 0.08123497664928436
0.04201209172606468 0.04357622191309929
0.041638877242803574 0.05077730119228363
0.04140549525618553 0.0982348695397377
0.041403912007808685 0.04218996688723564
0.04130483791232109 0.04926169663667679
0.04107687622308731 0.06813925504684448
0.04101589694619179 0.08355267345905304
0.04098447784781456 0.07892975211143494
0.04085488244891167 0.041648343205451965
0.040771231055259705 0.04197057709097862
0.0405203253030777 0.050343189388513565
0.04045497626066208 0.0650671049952507
0.04034675285220146 0.04925721138715744
0.04034584388136864 0.052282921969890594
0.040161263197660446 0.06223098561167717
0.03992504999041557 0.05365552753210068
0.03992106392979622 0.08046269416809082
0.039494529366493225 0.08205056190490723
0.03947979584336281 0.04384975507855415
0.03926917538046837 0.05064257234334946
0.03914182633161545 0.060367144644260406
0.03908126801252365 0.05438174307346344
0.03900369256734848 0.04438300430774689
0.03874233737587929 0.03932207450270653
0.038595765829086304 0.051246412098407745
0.03852198272943497 0.03927569091320038
0.03835172951221466 0.08691525459289551
0.03833218291401863 0.03907705098390579
0.03821956738829613 0.05177687108516693
0.038107309490442276 0.04219603165984154
0.03810639679431915 0.038306139409542084
0.038029514253139496 0.04230504855513573
0.037904515862464905 0.04113856330513954
0.03781864419579506 0.0748371109366417
0.03776009753346443 0.05445081740617752
0.03768980875611305 0.051191940903663635
0.03763311728835106 0.05459113046526909
0.037483952939510345 0.041648995131254196
0.037442538887262344 0.08320837467908859
0.037328753620386124 0.042271655052900314
0.0373210646212101 0.043027956038713455
0.037165429443120956 0.03860541805624962
0.03712622821331024 0.04862004518508911
0.03677867725491524 0.04085966572165489
0.0367499403655529 0.03899657353758812
0.03674846515059471 0.045386552810668945
0.03666450455784798 0.06887319684028625
0.03651800379157066 0.06416859477758408
0.03649101033806801 0.04004818946123123
0.036490775644779205 0.057149309664964676
0.0364784337580204 0.03813604637980461
0.036432188004255295 0.0364876464009285
0.036137282848358154 0.03685932233929634
0.03609033301472664 0.03875567391514778
0.03600834682583809 0.0650893971323967
0.03563534468412399 0.05711431801319122
0.035131603479385376 0.06752775609493256
0.035113777965307236 0.057068780064582825
0.035080887377262115 0.03691229224205017
0.03490873798727989 0.0354616679251194
0.03484174981713295 0.0947398692369461
0.03477564454078674 0.042694028466939926
0.03472365066409111 0.034846171736717224
0.034655652940273285 0.041142623871564865
0.03443775326013565 0.03455966338515282
0.03437981382012367 0.035426199436187744
0.03433385491371155 0.04934118688106537
0.03429189696907997 0.04061061143875122
0.034270208328962326 0.035551320761442184
0.03420257568359375 0.055148761719465256
0.033923547714948654 0.03717361018061638
0.03340024873614311 0.040937576442956924
0.03333953768014908 0.03571366146206856
0.03330383449792862 0.03541408106684685
0.03292188048362732 0.033993352204561234
0.03262384235858917 0.033755235373973846
0.03259986639022827 0.03648829832673073
0.03227725997567177 0.038513459265232086
0.03141748905181885 0.033616695553064346
0.03137708455324173 0.03150201961398125
0.031136609613895416 0.039565227925777435
0.03104935586452484 0.0368628054857254
0.030873792245984077 0.0387786328792572
0.030829688534140587 0.03435875102877617
0.03026748262345791 0.030486131086945534
0.030254153534770012 0.032790347933769226
0.029991304501891136 0.038430631160736084
0.029649341478943825 0.032275136560201645
0.02958865649998188 0.039094001054763794
0.029036741703748703 0.04533804580569267
0.0290006585419178 0.029321040958166122
0.028824174776673317 0.029210731387138367
0.02841542847454548 0.030871404334902763
0.02839900553226471 0.03536975756287575
0.02794347144663334 0.034233398735523224
0.027517318725585938 0.02859688177704811
0.027416659519076347 0.030660409480333328
0.027270600199699402 0.0359993614256382
0.027181843295693398 0.028794221580028534
0.02699202485382557 0.02716243825852871
0.026193546131253242 0.03413351625204086
0.02546333149075508 0.034837521612644196
0.02540380321443081 0.027036147192120552
0.025400402024388313 0.02838684804737568
0.02536415494978428 0.025621110573410988
0.02465507760643959 0.02617364376783371
0.024647168815135956 0.028154311701655388
0.024605926126241684 0.027760576456785202
0.02358773723244667 0.027085736393928528
0.022418135777115822 0.023746544495224953
0.022148316726088524 0.024496085941791534
0.02213163860142231 0.022607963532209396
0.021952351555228233 0.021991055458784103
0.01918899640440941 0.022037312388420105
0.019151953980326653 0.022446805611252785
0.018921315670013428 0.02118637226521969
0.018488680943846703 0.02144746296107769
0.018031541258096695 0.019763721153140068
0.017892979085445404 0.020684026181697845
0.016270995140075684 0.019210778176784515
0.015299366787075996 0.015418698079884052
0.013861126266419888 0.014017898589372635
0.0117126340046525 0.01505672000348568
0.01119063887745142 0.01181770022958517
