0.08563794940710068 0.08631301671266556
0.07785752415657043 0.07969628274440765
0.07680504769086838 0.10024329274892807
0.07655812054872513 0.07857481390237808
0.07625731825828552 0.07811245322227478
0.07517167180776596 0.07536285370588303
0.07384172081947327 0.08386282622814178
0.07064109295606613 0.07202174514532089
0.0693989098072052 0.0854184702038765
0.06918534636497498 0.07158379256725311
0.06805560737848282 0.08210974931716919
0.0678669810295105 0.07612769305706024
0.06678017228841782 0.07739027589559555
0.06481996178627014 0.08508135378360748
0.06470189243555069 0.0659840777516365
0.06282322108745575 0.07616759836673737
0.06253589689731598 0.0690559595823288
0.061589933931827545 0.07794807106256485
0.060699962079524994 0.07104501873254776
0.06043941527605057 0.07187345623970032
0.060249511152505875 0.0632028877735138
0.06008971109986305 0.060351647436618805
0.05884711816906929 0.0949179157614708
0.05882160738110542 0.05969956889748573
0.057926710695028305 0.05891450121998787
0.05788009986281395 0.06318018585443497
0.05745046213269234 0.0623110756278038
0.05700458586215973 0.06422946602106094
0.056841328740119934 0.06371528655290604
0.0567924939095974 0.06590081006288528
0.0563199445605278 0.06022745743393898
0.056063465774059296 0.058308348059654236
0.05573282763361931 0.065739706158638
0.055719975382089615 0.06154985353350639
0.05561552569270134 0.06748325377702713
0.0551464706659317 0.07996153086423874
0.05495123192667961 0.06417673826217651
0.0549420565366745 0.05803387984633446
0.05435343459248543 0.07049811631441116
0.054284434765577316 0.07298808544874191
0.054256901144981384 0.0770145133137703
0.054138801991939545 0.06789039820432663
0.0538659505546093 0.06735431402921677
0.05369401350617409 0.060003481805324554
0.05329219996929169 0.06483512371778488
0.0532776340842247 0.05564955249428749
0.05325687304139137 0.057601407170295715
0.05325377359986305 0.054915595799684525
0.05324341729283333 0.05478233844041824
0.052598901093006134 0.07150084525346756
0.05222982168197632 0.06420953571796417
0.05191045626997948 0.05578910559415817
0.05155276879668236 0.05311882495880127
0.05122590437531471 0.08350467681884766
0.0508972592651844 0.05923246219754219
0.05066932737827301 0.053150638937950134
0.05064774677157402 0.05873164162039757
0.05060972645878792 0.06086313724517822
0.05035698041319847 0.07792887836694717
0.05006156116724014 0.05776970833539963
0.050001028925180435 0.057923346757888794
0.04999791830778122 0.06826584786176682
0.04968703165650368 0.05485255643725395
0.049376413226127625 0.0753556564450264
0.04932452738285065 0.05535898730158806
0.04921786114573479 0.05251818522810936
0.04920190945267677 0.0506882481276989
0.04915623739361763 0.06391074508428574
0.04915497452020645 0.05968673527240753
0.04869230464100838 0.05142482370138168
0.04840170219540596 0.061917901039123535
0.04836933687329292 0.05453484132885933
0.04821353778243065 0.06146761029958725
0.048157379031181335 0.05065647512674332
0.04808798059821129 0.05474095046520233
0.0480026975274086 0.05592062324285507
0.04789550602436066 0.05799999088048935
0.047748226672410965 0.05156015604734421
0.04769982025027275 0.054033659398555756
0.047644078731536865 0.06426669657230377
0.04735080897808075 0.05736100301146507
0.04731854051351547 0.047888047993183136
0.046943046152591705 0.05041279271245003
0.04680764302611351 0.05207701399922371
0.04667230695486069 0.0706358477473259
0.04631512239575386 0.04892265424132347
0.04627362638711929 0.05482527241110802
0.04618288204073906 0.04947008937597275
0.046028804033994675 0.04844711348414421
0.045990895479917526 0.04638785868883133
0.04573395848274231 0.048308517783880234
0.04570082575082779 0.06386174261569977
0.04555661976337433 0.05372351035475731
0.04551256448030472 0.05061808601021767
0.04530851170420647 0.08278550952672958
0.04523495212197304 0.06454506516456604
0.04519280046224594 0.06959608197212219
0.045093223452568054 0.046168722212314606
0.045053426176309586 0.05116782709956169
0.044972289353609085 0.06521318107843399
0.04485548660159111 0.049982476979494095
0.044747501611709595 0.048784274607896805
0.04462725669145584 0.061568114906549454
0.04461151361465454 0.04842376708984375
0.04452724754810333 0.055792830884456635
0.04442112147808075 0.05072500929236412
0.04441016912460327 0.0651344433426857
0.044397301971912384 0.04788276180624962
0.04435128718614578 0.049673572182655334
0.0440816730260849 0.07920335978269577
0.043639685958623886 0.047598373144865036
0.043484605848789215 0.04693572595715523
0.0434744767844677 0.06879670172929764
0.04333034157752991 0.07915402948856354
0.0431465245783329 0.07476940006017685
0.04296771064400673 0.06043383479118347
0.042925745248794556 0.046042367815971375
0.042786821722984314 0.04803872108459473
0.04276644065976143 0.06881462782621384
0.042753711342811584 0.05311710387468338
0.04266716539859772 0.04581761732697487
0.04240930825471878 0.07553721964359283
0.04229752719402313 0.04376873001456261
0.04224969446659088 0.054152712225914
0.041851405054330826 0.05558279529213905
0.04181865602731705 0.04663459211587906
0.04181061312556267 0.09765567630529404
0.04163939878344536 0.08842000365257263
0.041512008756399155 0.04182411730289459
0.04128151759505272 0.04390693083405495
0.041263192892074585 0.04666340723633766
0.04105263203382492 0.0428360253572464
0.04102715477347374 0.041514407843351364
0.04100961238145828 0.046059321612119675
0.04097582772374153 0.041152555495500565
0.040892343968153 0.04781347140669823
0.04080023616552353 0.06691098213195801
0.04064140096306801 0.05487537756562233
0.040617771446704865 0.06218321993947029
0.04060576483607292 0.048816874623298645
0.04050499573349953 0.08672086149454117
0.040482863783836365 0.04108100384473801
0.04044950753450394 0.057590872049331665
0.04034041985869408 0.052113473415374756
0.04026540368795395 0.05569636821746826
0.03993188589811325 0.04323184862732887
0.03989996016025543 0.04382406175136566
0.03967946767807007 0.04542440548539162
0.03965088725090027 0.0489017553627491
0.03948872163891792 0.05322732403874397
0.03945539519190788 0.04857516661286354
0.03939720615744591 0.0675688311457634
0.03933586925268173 0.040530525147914886
0.03928525000810623 0.051243215799331665
0.03914598003029823 0.08443623036146164
0.03887998312711716 0.041007149964571
0.038786593824625015 0.04440033808350563
0.0386468730866909 0.07194755226373672
0.03862661495804787 0.06127874553203583
0.03858735039830208 0.038644611835479736
0.038584306836128235 0.04710225760936737
0.03854773938655853 0.03911244869232178
0.03853515908122063 0.04633508622646332
0.03849901631474495 0.07809292525053024
0.03845889866352081 0.08406389504671097
0.03845273330807686 0.05080056190490723
0.03840036317706108 0.05432857573032379
0.03817244619131088 0.07251741737127304
0.0380142405629158 0.038861099630594254
0.03792159631848335 0.038043659180402756
0.03772616758942604 0.04387228190898895
0.03744365647435188 0.04254808649420738
0.037095338106155396 0.04767275229096413
0.03689825162291527 0.037616461515426636
0.03664098680019379 0.04122292995452881
0.03662380576133728 0.04208887740969658
0.036414846777915955 0.03889195993542671
0.03637056052684784 0.048377543687820435
0.036223188042640686 0.04111049324274063
0.036044854670763016 0.046590328216552734
0.035918429493904114 0.0377536304295063
0.03589636832475662 0.07399963587522507
0.03581395000219345 0.04740887135267258
0.03570544719696045 0.048305951058864594
0.03568132594227791 0.060491785407066345
0.03566763177514076 0.036464184522628784
0.03555886447429657 0.03623688220977783
0.03495760262012482 0.04695012792944908
0.03473889082670212 0.04067552834749222
0.03467916324734688 0.0471666045486927
0.034651946276426315 0.0371403694152832
0.03452874720096588 0.04208404943346977
0.03435768559575081 0.04608924686908722
0.034154657274484634 0.03780447691679001
0.03409915789961815 0.04711231589317322
0.03386083245277405 0.04010026529431343
0.033602651208639145 0.03750275447964668
0.033473316580057144 0.051528941839933395
0.03337104991078377 0.03354281559586525
0.03335990756750107 0.03582719713449478
0.03334395959973335 0.041388578712940216
0.03319288045167923 0.037103425711393356
0.03313836827874184 0.04291918873786926
0.033122431486845016 0.03516143187880516
0.03308505192399025 0.035773396492004395
0.03303337097167969 0.035697951912879944
0.03276067227125168 0.04331478103995323
0.032627031207084656 0.0495852455496788
0.03216707706451416 0.032861266285181046
0.03214932233095169 0.034813761711120605
0.03209288418292999 0.04332548379898071
0.03163205832242966 0.03451063856482506
0.0315864272415638 0.0453985333442688
0.03148144856095314 0.03646386042237282
0.031180884689092636 0.03463131561875343
0.031157905235886574 0.04518813639879227
0.030832691118121147 0.031590551137924194
0.030697841197252274 0.037497587502002716
0.030199367552995682 0.03453601151704788
0.030051523819565773 0.03671799600124359
0.02995416522026062 0.031140601262450218
0.02992171049118042 0.048783428966999054
0.029664963483810425 0.03389620780944824
0.029571067541837692 0.03128056600689888
0.02914576046168804 0.04566945880651474
0.02904038317501545 0.03715138137340546
0.028365440666675568 0.03290572389960289
0.027840128168463707 0.029802870005369186
0.0275636725127697 0.03711352124810219
0.02712317556142807 0.028866510838270187
0.027002695947885513 0.03742079809308052
0.026813995093107224 0.0303404089063406
0.026690136641263962 0.029978005215525627
0.026614079251885414 0.041045986115932465
0.026533491909503937 0.030743874609470367
0.025991851463913918 0.03503447771072388
0.024159032851457596 0.025604888796806335
0.022605417296290398 0.022844703868031502
0.02255866676568985 0.02332712709903717
0.022266391664743423 0.02296152524650097
0.022194910794496536 0.022994933649897575
0.021596012637019157 0.022054186090826988
0.021557774394750595 0.022865483537316322
0.020767692476511 0.02109520696103573
0.01902071386575699 0.020575150847434998
0.018619513139128685 0.02120913937687874
0.018506797030568123 0.019899729639291763
0.018199337646365166 0.021747881546616554
0.017339175567030907 0.02358419820666313
0.016059143468737602 0.017275067046284676
0.014724178239703178 0.01480130571871996
