0.0755530595779419 0.08899175375699997
0.07259096950292587 0.07493961602449417
0.07052966207265854 0.0935739204287529
0.06965256482362747 0.07015450298786163
0.0691264271736145 0.07317709177732468
0.06736131012439728 0.07732375711202621
0.0627278983592987 0.06533452123403549
0.06132492423057556 0.062950998544693
0.060929276049137115 0.06313252449035645
0.060852061957120895 0.06258546561002731
0.06003107875585556 0.07169902324676514
0.059307750314474106 0.060519203543663025
0.05913892760872841 0.07075992226600647
0.05832664296030998 0.06221825256943703
0.05725110322237015 0.0641656443476677
0.057164404541254044 0.06041426211595535
0.05680306628346443 0.08068141341209412
0.0567086897790432 0.05779888853430748
0.05665761977434158 0.061437658965587616
0.05649423971772194 0.059115972369909286
0.056235313415527344 0.05995212122797966
0.055326394736766815 0.05880540609359741
0.05518984794616699 0.05916919186711311
0.054878197610378265 0.056440047919750214
0.054836150258779526 0.067437082529068
0.054717957973480225 0.07221340388059616
0.05436734855175018 0.058101288974285126
0.05389349162578583 0.058209922164678574
0.053804654628038406 0.06053990125656128
0.05353982746601105 0.05883244425058365
0.052971016615629196 0.054619885981082916
0.052935391664505005 0.062312401831150055
0.05265628919005394 0.05559516325592995
0.05263640731573105 0.05732816085219383
0.05247499793767929 0.05559346824884415
0.052435293793678284 0.060087915509939194
0.05236296355724335 0.05525887757539749
0.05223299190402031 0.07411433756351471
0.05212173983454704 0.05490348860621452
0.05199510231614113 0.0522187314927578
0.051947273313999176 0.06371906399726868
0.05164829641580582 0.053063105791807175
0.051476407796144485 0.054207880049943924
0.05132554471492767 0.0518757700920105
0.05068856477737427 0.05563303828239441
0.05065173655748367 0.06609755754470825
0.050559740513563156 0.05741288140416145
0.05028882622718811 0.058550529181957245
0.050164397805929184 0.05106363072991371
0.04987223818898201 0.062437962740659714
0.0495576374232769 0.0619712732732296
0.04955675080418587 0.06912655383348465
0.04927045851945877 0.055644892156124115
0.04896453395485878 0.06359490752220154
0.048929158598184586 0.058673467487096786
0.04885971546173096 0.05965900421142578
0.04879522696137428 0.05753624811768532
0.048779770731925964 0.061391547322273254
0.048745810985565186 0.05586560443043709
0.048475004732608795 0.06766333431005478
0.04832487553358078 0.050260402262210846
0.048186045140028 0.05677502974867821
0.047905415296554565 0.04841393604874611
0.047738973051309586 0.05494411289691925
0.04770386964082718 0.04805324971675873
0.04734712839126587 0.07707701623439789
0.047297876328229904 0.06953258067369461
0.0471871942281723 0.05005134642124176
0.046929724514484406 0.05626905709505081
0.04684567078948021 0.05094078555703163
0.04670995473861694 0.05269472673535347
0.04654442146420479 0.05393559858202934
0.04651729762554169 0.04766473174095154
0.04649294912815094 0.06186088174581528
0.04644661024212837 0.08036845922470093
0.04639044404029846 0.048953283578157425
0.04636244475841522 0.07633516192436218
0.04615539684891701 0.05158548057079315
0.04609118774533272 0.062026966363191605
0.04591396078467369 0.08273696899414062
0.045740772038698196 0.07910990715026855
0.04568362981081009 0.04575140029191971
0.04562792927026749 0.06547156721353531
0.04550746828317642 0.0714612677693367
0.04544796422123909 0.07377920299768448
0.045433398336172104 0.04944920539855957
0.04543129354715347 0.04722195863723755
0.04536379501223564 0.06108226627111435
0.045343898236751556 0.07685401290655136
0.0452631413936615 0.06578614562749863
0.04512874037027359 0.05790509656071663
0.04508494958281517 0.06637270003557205
0.045040346682071686 0.05296808108687401
0.044962454587221146 0.0616951584815979
0.04490815848112106 0.06083888188004494
0.044754546135663986 0.059797607362270355
0.04458252713084221 0.06252158433198929
0.04444218426942825 0.054426271468400955
0.04431883990764618 0.06769371777772903
0.044230375438928604 0.046312350779771805
0.04402155056595802 0.04600321128964424
0.04392220824956894 0.046020910143852234
0.0438382625579834 0.04937628284096718
0.043811772018671036 0.04493352770805359
0.043524809181690216 0.047538552433252335
0.04344800114631653 0.08263878524303436
0.04331066086888313 0.06341313570737839
0.04324348270893097 0.04945638030767441
0.04316580295562744 0.0532754622399807
0.04310409352183342 0.050625063478946686
0.04305779188871384 0.04892140254378319
0.04297441989183426 0.05444284901022911
0.04294012486934662 0.04335480555891991
0.042851001024246216 0.05274823680520058
0.042813945561647415 0.047237034887075424
0.04281343147158623 0.044250138103961945
0.04279126599431038 0.04358281195163727
0.04278642684221268 0.050752028822898865
0.0427747443318367 0.0742279514670372
0.04256991669535637 0.04909241944551468
0.04251830279827118 0.05117010697722435
0.04249710962176323 0.06006161868572235
0.042486049234867096 0.04287976399064064
0.04230629280209541 0.05436117202043533
0.04229667782783508 0.04584218189120293
0.042289745062589645 0.04434483125805855
0.04217809811234474 0.05831758677959442
0.042176321148872375 0.0464419424533844
0.042151130735874176 0.04354589432477951
0.04212773218750954 0.049343228340148926
0.04209597408771515 0.05486920848488808
0.042060840874910355 0.05934982746839523
0.04201251640915871 0.05691521614789963
0.04193921759724617 0.053662676364183426
0.04192511364817619 0.057252537459135056
0.04188072308897972 0.04616646096110344
0.04180125892162323 0.06340546905994415
0.04175673425197601 0.046087633818387985
0.041687607765197754 0.06979698687791824
0.041651464998722076 0.05018499866127968
0.0415450781583786 0.04173721373081207
0.04150670766830444 0.05576873570680618
0.041458819061517715 0.05165121704339981
0.041397012770175934 0.07046869397163391
0.041284672915935516 0.05720633640885353
0.04122936353087425 0.042792659252882004
0.04122437909245491 0.07136522233486176
0.041155070066452026 0.045091986656188965
0.04100155457854271 0.043248847126960754
0.04097556322813034 0.05092586576938629
0.04086465761065483 0.04792279750108719
0.04085444658994675 0.053983304649591446
0.04084472358226776 0.049934178590774536
0.04070308804512024 0.05698319897055626
0.04053657501935959 0.04609481245279312
0.040517859160900116 0.05763503909111023
0.04049260541796684 0.04810917377471924
0.04048871994018555 0.0631566271185875
0.040487807244062424 0.08292895555496216
0.040321845561265945 0.04205520823597908
0.04004713520407677 0.04202990233898163
0.04000459238886833 0.056931931525468826
0.04000057280063629 0.04663566127419472
0.03998058661818504 0.05238007381558418
0.03996472805738449 0.04131275415420532
0.03992370516061783 0.04277317598462105
0.0398925356566906 0.06685499846935272
0.03975899890065193 0.1052706241607666
0.03974733501672745 0.06475945562124252
0.03954879194498062 0.04919279366731644
0.039544638246297836 0.04625098779797554
0.03953093662858009 0.05746489018201828
0.03943191096186638 0.054601337760686874
0.03935503959655762 0.0654219463467598
0.03930273652076721 0.04437125474214554
0.03928833082318306 0.049403999000787735
0.039224326610565186 0.052048664540052414
0.03917776793241501 0.07004855573177338
0.039164185523986816 0.047327227890491486
0.03911244496703148 0.03976402059197426
0.03908088058233261 0.04413994029164314
0.0390486866235733 0.0422508530318737
0.039028942584991455 0.18411140143871307
0.03881191089749336 0.042568158358335495
0.03877008333802223 0.03983340784907341
0.03875246271491051 0.054525431245565414
0.03848455101251602 0.042109910398721695
0.03829781338572502 0.04082566872239113
0.0382818765938282 0.044507838785648346
0.03822799026966095 0.04535968229174614
0.03817218542098999 0.040709368884563446
0.038041211664676666 0.04261218383908272
0.037765003740787506 0.06835941970348358
0.03775174915790558 0.03900054469704628
0.03768027201294899 0.038258567452430725
0.03756553679704666 0.057664189487695694
0.037503864616155624 0.03860694169998169
0.037408497184515 0.04012570157647133
0.037395671010017395 0.046728696674108505
0.03735578805208206 0.0594470240175724
0.03735489398241043 0.04298429191112518
0.037329357117414474 0.038556914776563644
0.03718326613306999 0.06512115150690079
0.037162940949201584 0.057769421488046646
0.03716058284044266 0.03807402774691582
0.037146590650081635 0.03776644170284271
0.03712503984570503 0.04775088652968407
0.0370723120868206 0.04170829430222511
0.03700190410017967 0.06657359004020691
0.036940351128578186 0.07188259810209274
0.03692013397812843 0.04330124706029892
0.03692000359296799 0.04748872295022011
0.036754049360752106 0.04319894686341286
0.03667830675840378 0.05314859747886658
0.036661237478256226 0.044703543186187744
0.036474861204624176 0.047036778181791306
0.03634517639875412 0.03797163814306259
0.03633139282464981 0.04853791743516922
0.036297086626291275 0.045534200966358185
0.036291707307100296 0.04419722780585289
0.03626517206430435 0.060454126447439194
0.0362083837389946 0.038587890565395355
0.03613967075943947 0.04084690287709236
0.035939767956733704 0.06894949823617935
0.03593951091170311 0.07165118306875229
0.03586141765117645 0.0627753809094429
0.035851843655109406 0.039960410445928574
0.03584912046790123 0.04227863997220993
0.035808924585580826 0.037890881299972534
0.03560056537389755 0.03652305155992508
0.03547590225934982 0.037057261914014816
0.0353887639939785 0.040414657443761826
0.03538684919476509 0.044011440128088
0.0350080244243145 0.03905394300818443
0.03481630980968475 0.059448521584272385
0.03475942462682724 0.03595547005534172
0.034572262316942215 0.03793437406420708
0.0344986617565155 0.03596442565321922
0.03441876545548439 0.043196991086006165
0.03384295850992203 0.03452020138502121
0.03362344577908516 0.05017729848623276
0.0334833487868309 0.03688393160700798
0.033482085913419724 0.03890120983123779
0.03319833427667618 0.034995146095752716
0.03292769193649292 0.05435354635119438
0.03246292099356651 0.03830903396010399
0.031806714832782745 0.03374166786670685
0.031756073236465454 0.037087686359882355
0.03174440562725067 0.033487435430288315
0.031049413606524467 0.031727276742458344
0.030736040323972702 0.039748016744852066
0.03045482560992241 0.0333348773419857
0.03011794574558735 0.031146226450800896
0.029895208775997162 0.030122727155685425
0.029607553035020828 0.03634439408779144
0.029413413256406784 0.029605982825160027
0.029373127967119217 0.03408261761069298
0.029332462698221207 0.02971269004046917
0.028824318200349808 0.03536175936460495
0.02870623767375946 0.02974032424390316
0.028462059795856476 0.028540421277284622
0.02818993106484413 0.02861831709742546
0.028066569939255714 0.03131997957825661
0.027008330449461937 0.033204544335603714
0.02633010409772396 0.03199915215373039
0.026244649663567543 0.03067750670015812
0.025471068918704987 0.025753604248166084
0.024848468601703644 0.03322480991482735
0.02437513880431652 0.02553645335137844
0.023611092939972878 0.02718534506857395
0.02317037060856819 0.034908439964056015
0.023160092532634735 0.028538066893815994
0.022456524893641472 0.023725587874650955
0.02235671691596508 0.028351914137601852
0.02143114060163498 0.022940589115023613
0.02061384730041027 0.02212030254304409
0.019667919725179672 0.019839225336909294
0.015231971628963947 0.015487306751310825
0.009818623773753643 0.009910739958286285
