0.07809172570705414 0.08433058112859726
0.06819837540388107 0.07219016551971436
0.06611912697553635 0.06639852374792099
0.06609725952148438 0.07222601026296616
0.0646294578909874 0.07788348942995071
0.0630766972899437 0.06512992829084396
0.06197421997785568 0.06469894200563431
0.061926405876874924 0.06269510835409164
0.06139753758907318 0.06825002282857895
0.06113690137863159 0.06430086493492126
0.06031089648604393 0.07975911349058151
0.05965593084692955 0.06627919524908066
0.05964465066790581 0.06841534376144409
0.05950847268104553 0.06092406436800957
0.05815557390451431 0.07089369744062424
0.058033861219882965 0.06093289330601692
0.05756226181983948 0.0716373547911644
0.0572008416056633 0.05819663777947426
0.057184796780347824 0.07159978151321411
0.056812625378370285 0.06025690585374832
0.056587349623441696 0.05662599578499794
0.0563296340405941 0.060939207673072815
0.05612149462103844 0.05897747352719307
0.05516241490840912 0.06960063427686691
0.05459250509738922 0.05748999863862991
0.054534368216991425 0.054545268416404724
0.05440383777022362 0.057258300483226776
0.05398537218570709 0.05822315067052841
0.05392534285783768 0.06183654069900513
0.05368104204535484 0.05839875340461731
0.053244322538375854 0.07211622595787048
0.05303096026182175 0.05828207731246948
0.05262984707951546 0.07127414643764496
0.05252891778945923 0.05689974129199982
0.05246170237660408 0.06124291568994522
0.05240624397993088 0.0633266344666481
0.05224739387631416 0.05260404199361801
0.0520024448633194 0.05362336337566376
0.05196758359670639 0.05406583473086357
0.05164509266614914 0.05345136299729347
0.0513308160007 0.062476254999637604
0.05127760022878647 0.05562661215662956
0.05113339424133301 0.058002620935440063
0.05086521431803703 0.051240429282188416
0.05063075199723244 0.06106795743107796
0.0504811629652977 0.05967128649353981
0.05042172595858574 0.0716882199048996
0.050383735448122025 0.05719449371099472
0.05033697187900543 0.05560474842786789
0.05027686804533005 0.05479956418275833
0.05008992925286293 0.05360734090209007
0.050004202872514725 0.051287680864334106
0.049907151609659195 0.056715235114097595
0.049881912767887115 0.06168706342577934
0.04978806897997856 0.0536118745803833
0.04963666945695877 0.06806205213069916
0.04947718232870102 0.0732850506901741
0.04919305071234703 0.05014912039041519
0.0491836778819561 0.05126461759209633
0.049177445471286774 0.05322117358446121
0.04914802312850952 0.051628097891807556
0.049133915454149246 0.06333219259977341
0.04910796508193016 0.06327788531780243
0.04903814196586609 0.05047256872057915
0.049038052558898926 0.0632246658205986
0.048902496695518494 0.05196953937411308
0.048897381871938705 0.0596277080476284
0.048826467245817184 0.05139363184571266
0.04874012619256973 0.06486522406339645
0.048722025007009506 0.05241613835096359
0.04825028404593468 0.07168374210596085
0.04821675270795822 0.05033949390053749
0.04807807132601738 0.04939926043152809
0.04802795872092247 0.05176978558301926
0.04794612154364586 0.07667991518974304
0.047794561833143234 0.05257267504930496
0.04778433218598366 0.05147949233651161
0.047780055552721024 0.08391498029232025
0.04774310439825058 0.0579482764005661
0.04760457202792168 0.050483882427215576
0.04756203293800354 0.062398090958595276
0.04744700342416763 0.07498757541179657
0.04742785915732384 0.07748144119977951
0.04702860116958618 0.048507753759622574
0.04684430733323097 0.06671594083309174
0.046841949224472046 0.06431388854980469
0.046552982181310654 0.05987311527132988
0.04636131599545479 0.05552801862359047
0.04629945009946823 0.06583859771490097
0.04625042527914047 0.054024096578359604
0.046058785170316696 0.04699656739830971
0.04603984206914902 0.06350284069776535
0.04578704759478569 0.07731139659881592
0.04555296525359154 0.05242634192109108
0.04553358629345894 0.0599062442779541
0.045434433966875076 0.06289292871952057
0.04537704214453697 0.047255028039216995
0.04510927200317383 0.050947293639183044
0.045060399919748306 0.04991571232676506
0.04501746967434883 0.0946868360042572
0.04497745633125305 0.045157596468925476
0.04492973908782005 0.05249408632516861
0.0448940135538578 0.045330535620450974
0.04465048387646675 0.04864821955561638
0.044641535729169846 0.04495006054639816
0.044492121785879135 0.0482039712369442
0.044336237013339996 0.05184808373451233
0.04429340735077858 0.044404275715351105
0.04425836727023125 0.04774562269449234
0.04420767351984978 0.062216028571128845
0.044144973158836365 0.044973790645599365
0.044129956513643265 0.04703821986913681
0.04408342391252518 0.04458530619740486
0.04404255002737045 0.04726538807153702
0.04386778548359871 0.04434310644865036
0.043764352798461914 0.04946241155266762
0.04366045445203781 0.04579531028866768
0.0436200350522995 0.07532122731208801
0.04360474646091461 0.07389984279870987
0.043565649539232254 0.06021899729967117
0.04355418682098389 0.07356296479701996
0.04348684474825859 0.05831772834062576
0.04344574734568596 0.04445309564471245
0.04297215864062309 0.05363067612051964
0.04280116409063339 0.07078815996646881
0.04260227456688881 0.06282613426446915
0.04256442189216614 0.055041275918483734
0.04255354404449463 0.05763839930295944
0.04245211184024811 0.053174927830696106
0.04235212132334709 0.04638964310288429
0.04233182966709137 0.06399090588092804
0.04219371825456619 0.050530027598142624
0.04209570214152336 0.04484420642256737
0.04198487848043442 0.04499850794672966
0.04192688688635826 0.043006282299757004
0.04188140109181404 0.08907093107700348
0.04188048839569092 0.052250929176807404
0.04187397658824921 0.05208880081772804
0.0418357215821743 0.08094538748264313
0.04181661456823349 0.045161593705415726
0.041809093207120895 0.08072695881128311
0.041763998568058014 0.04884662479162216
0.04171596094965935 0.04842326417565346
0.041669730097055435 0.05462685599923134
0.041579898446798325 0.04625639691948891
0.04147345945239067 0.07247680425643921
0.0412718765437603 0.23284152150154114
0.04116470739245415 0.08110588043928146
0.04115191102027893 0.042589183896780014
0.04112953320145607 0.055361513048410416
0.0411030650138855 0.04520772770047188
0.040956392884254456 0.04502487927675247
0.0409066416323185 0.062056541442871094
0.0405895859003067 0.047844745218753815
0.040325019508600235 0.04158882051706314
0.040272533893585205 0.06033772975206375
0.04026080295443535 0.05037552863359451
0.04002105072140694 0.04361109808087349
0.03993111103773117 0.0511777326464653
0.0398753359913826 0.04761001467704773
0.039709750562906265 0.04333045706152916
0.03964284062385559 0.041083525866270065
0.03961885720491409 0.047921329736709595
0.039295416325330734 0.05761009827256203
0.03928209841251373 0.03990929573774338
0.039253056049346924 0.059194110333919525
0.03923860564827919 0.044685978442430496
0.03922883793711662 0.04188725724816322
0.039168450981378555 0.04845045506954193
0.039112914353609085 0.05875520035624504
0.03904924541711807 0.04306542128324509
0.039039768278598785 0.03905652090907097
0.03894559293985367 0.04702784866094589
0.03885028138756752 0.04398847743868828
0.03876851126551628 0.047981489449739456
0.03870387002825737 0.06203078478574753
0.038607243448495865 0.04940081760287285
0.03851363807916641 0.040209170430898666
0.03832949697971344 0.06714073568582535
0.0382147952914238 0.0680742934346199
0.03807289898395538 0.04294593259692192
0.03806184604763985 0.04217158257961273
0.03771643713116646 0.09775379300117493
0.03746693581342697 0.04415728524327278
0.03742537647485733 0.0587783008813858
0.03737339377403259 0.03851715102791786
0.0373031422495842 0.03866029903292656
0.03708811104297638 0.05201100558042526
0.03703318163752556 0.04889228940010071
0.036983221769332886 0.04460912197828293
0.03676939010620117 0.06203925609588623
0.0367448665201664 0.038884956389665604
0.03673401474952698 0.038934264332056046
0.036681611090898514 0.03982456028461456
0.03666890785098076 0.0442461334168911
0.03665369749069214 0.03845212236046791
0.03657590597867966 0.03658541291952133
0.036508020013570786 0.04017975181341171
0.03632540628314018 0.0540400967001915
0.03622479736804962 0.05718442425131798
0.03617668151855469 0.036543767899274826
0.03599918261170387 0.039483312517404556
0.03590141609311104 0.04363040253520012
0.035789795219898224 0.04304322600364685
0.03577564284205437 0.04057342931628227
0.035265494138002396 0.03581451252102852
0.035243820399045944 0.03767184168100357
0.03520113602280617 0.040601108223199844
0.03514659404754639 0.03853072226047516
0.03501978516578674 0.035909079015254974
0.035013239830732346 0.03837808594107628
0.034623876214027405 0.055133119225502014
0.03455248475074768 0.045044057071208954
0.03443693742156029 0.04333009570837021
0.03432612121105194 0.034880176186561584
0.0342409573495388 0.045865822583436966
0.03414096310734749 0.03905632719397545
0.033950403332710266 0.052771419286727905
0.03373262658715248 0.04095141217112541
0.03348756581544876 0.08151807636022568
0.03332984447479248 0.06558527052402496
0.03299374505877495 0.035146065056324005
0.03268112614750862 0.04191775992512703
0.03258593752980232 0.03890744596719742
0.03257575258612633 0.03861936554312706
0.032563596963882446 0.033183082938194275
0.03254556283354759 0.04209228232502937
0.03243238478899002 0.037653300911188126
0.032425086945295334 0.033612485975027084
0.03240102529525757 0.032965295016765594
0.03222357854247093 0.0348520502448082
0.03194773197174072 0.03289124742150307
0.031945809721946716 0.03240989148616791
0.03182869032025337 0.03319917246699333
0.031668443232774734 0.031922727823257446
0.03140251338481903 0.04089327156543732
0.03130528703331947 0.03897955268621445
0.03099886327981949 0.038258809596300125
0.03076682612299919 0.0358857661485672
0.030558915808796883 0.04911273717880249
0.03035283274948597 0.044903334230184555
0.03020731545984745 0.03355231136083603
0.029932281002402306 0.0322534441947937
0.029873641207814217 0.03632115572690964
0.02939557284116745 0.03129081800580025
0.029275095090270042 0.03258323669433594
0.029054982587695122 0.042081568390131
0.028360867872834206 0.03221702575683594
0.028216278180480003 0.03148838132619858
0.02816195972263813 0.029957402497529984
0.028058327734470367 0.030776601284742355
0.027824189513921738 0.032033585011959076
0.02747173234820366 0.03036164492368698
0.02736799418926239 0.036407727748155594
0.026756158098578453 0.031125925481319427
0.02615000307559967 0.030563317239284515
0.025786815211176872 0.027647480368614197
0.02571076527237892 0.030796300619840622
0.025471258908510208 0.030020928010344505
0.025203600525856018 0.031179727986454964
0.02480647899210453 0.033957526087760925
0.024777812883257866 0.026617025956511497
0.024457555264234543 0.025312336161732674
0.02360811084508896 0.02531946823000908
0.021012770012021065 0.024580763652920723
0.020832277834415436 0.023097282275557518
0.019246725365519524 0.02198747545480728
0.015695268288254738 0.015951955690979958
0.015385366976261139 0.017432227730751038
