0.07820678502321243 0.08342988044023514
0.0696089044213295 0.07695172727108002
0.06871378421783447 0.06892102211713791
0.06843294948339462 0.07244572043418884
0.06838411092758179 0.07811268419027328
0.06603211164474487 0.07504598051309586
0.06381911039352417 0.06894819438457489
0.06334400922060013 0.06938430666923523
0.06311344355344772 0.06383588910102844
0.06287480145692825 0.06885580718517303
0.0615534745156765 0.06265030801296234
0.06152917072176933 0.06535637378692627
0.06144629791378975 0.06673534214496613
0.0584370493888855 0.06008942425251007
0.05753296613693237 0.06418029963970184
0.057407960295677185 0.06697394698858261
0.0570991113781929 0.05841111019253731
0.057013384997844696 0.057111237198114395
0.05644317716360092 0.05752265453338623
0.05609818175435066 0.05734340101480484
0.05579620599746704 0.07043515145778656
0.054874125868082047 0.05748328939080238
0.05466337502002716 0.06126612797379494
0.05345219746232033 0.06469063460826874
0.053418613970279694 0.058867212384939194
0.05337190255522728 0.06146891042590141
0.05319507047533989 0.06990858912467957
0.05244052782654762 0.05529264733195305
0.052376747131347656 0.0699228048324585
0.051957182586193085 0.05702250450849533
0.05185432359576225 0.08606862276792526
0.05173999071121216 0.05596180260181427
0.051675695925951004 0.05532138794660568
0.05101329833269119 0.05241210386157036
0.05066752806305885 0.0570489801466465
0.05025983229279518 0.059054818004369736
0.050120532512664795 0.054826293140649796
0.050020430237054825 0.06224880740046501
0.04989137127995491 0.05253135412931442
0.04982081055641174 0.0706501230597496
0.04979629069566727 0.05739491060376167
0.049750346690416336 0.05813577026128769
0.04945502430200577 0.06333206593990326
0.04932742938399315 0.07063236087560654
0.04930384084582329 0.07327976077795029
0.049147963523864746 0.06339666247367859
0.049121636897325516 0.05060683563351631
0.049029842019081116 0.05679549649357796
0.048759669065475464 0.061785463243722916
0.04875209182500839 0.04937475547194481
0.04865800216794014 0.04865804314613342
0.048533983528614044 0.05900390446186066
0.04828815907239914 0.06052283197641373
0.04814859852194786 0.05089997500181198
0.047995105385780334 0.06286190450191498
0.04785892739892006 0.069735586643219
0.047663915902376175 0.048312969505786896
0.047393590211868286 0.059287481009960175
0.04730421304702759 0.050601549446582794
0.047165609896183014 0.05111827701330185
0.047163717448711395 0.04908429831266403
0.04712478443980217 0.05052096024155617
0.04711887612938881 0.0577039010822773
0.046951986849308014 0.06140531599521637
0.04675489291548729 0.05242159962654114
0.0463077612221241 0.05241097882390022
0.0462491512298584 0.06317877024412155
0.046247709542512894 0.050928398966789246
0.0462406687438488 0.08387894183397293
0.04621215537190437 0.0720919817686081
0.04614974185824394 0.052441854029893875
0.046101100742816925 0.06779921054840088
0.045861441642045975 0.062099337577819824
0.04571794345974922 0.04962457716464996
0.0455581396818161 0.060931093990802765
0.045527271926403046 0.05826301872730255
0.0453200563788414 0.04594706371426582
0.04529479146003723 0.05688970908522606
0.04529118537902832 0.04972993582487106
0.044752899557352066 0.07562761008739471
0.044708002358675 0.04935718700289726
0.044706035405397415 0.052189335227012634
0.044402774423360825 0.0642438530921936
0.04436292126774788 0.06417166441679001
0.044339653104543686 0.04667862877249718
0.04425918683409691 0.05026407539844513
0.04421011731028557 0.08032122254371643
0.04394141584634781 0.07025434076786041
0.043940357863903046 0.05062698572874069
0.04392866790294647 0.06441430747509003
0.04380341246724129 0.04492912068963051
0.04378693178296089 0.07533533126115799
0.04352445900440216 0.08115199208259583
0.043468791991472244 0.0679025873541832
0.04337981715798378 0.05134744569659233
0.04333219304680824 0.06196681037545204
0.0431988500058651 0.057237204164266586
0.0431893989443779 0.0736692026257515
0.043184034526348114 0.07439437508583069
0.04318375885486603 0.04791026934981346
0.04311249405145645 0.04878277704119682
0.043053194880485535 0.07425443083047867
0.04299844801425934 0.05161752179265022
0.04298163205385208 0.0438869372010231
0.04293184354901314 0.06947258859872818
0.04292943701148033 0.044500984251499176
0.04281855747103691 0.05887889489531517
0.042692434042692184 0.052816420793533325
0.042454641312360764 0.07299171388149261
0.04241742193698883 0.06238841265439987
0.0423334501683712 0.08667272329330444
0.04227593541145325 0.07088395208120346
0.042226485908031464 0.07088875770568848
0.04222099110484123 0.04858357459306717
0.042170844972133636 0.04632383957505226
0.042049359530210495 0.04286322370171547
0.041987475007772446 0.0431547537446022
0.04198697581887245 0.04774811118841171
0.04197961091995239 0.04816139489412308
0.04192352294921875 0.04267297685146332
0.04190009459853172 0.05767446756362915
0.0418839305639267 0.04660879820585251
0.0418013371527195 0.04830249398946762
0.0417306087911129 0.04366401210427284
0.04147505387663841 0.05373890697956085
0.04137282818555832 0.06746140867471695
0.041192278265953064 0.042567793279886246
0.041192032396793365 0.04445710405707359
0.041135650128126144 0.06816740334033966
0.040950335562229156 0.04687973111867905
0.04086816683411598 0.07915723323822021
0.04084019362926483 0.06401048600673676
0.040786661207675934 0.05010290443897247
0.04075096175074577 0.042704854160547256
0.04072277992963791 0.046717025339603424
0.040308982133865356 0.04304109886288643
0.04022904112935066 0.23571084439754486
0.04015282541513443 0.04461335390806198
0.04010101035237312 0.04154015704989433
0.04005400091409683 0.05578560382127762
0.03987470269203186 0.04183279350399971
0.03967249020934105 0.05214870348572731
0.03957914933562279 0.045847319066524506
0.039465367794036865 0.05640702694654465
0.039260175079107285 0.07866980880498886
0.03925410658121109 0.04638930782675743
0.03911881893873215 0.05589132010936737
0.03893653675913811 0.04014207795262337
0.03887665271759033 0.07607761770486832
0.038872115314006805 0.04347097501158714
0.0388520322740078 0.06415760517120361
0.03869883343577385 0.04363580420613289
0.03858383372426033 0.0530320480465889
0.03852769359946251 0.0753367468714714
0.03851334750652313 0.04571038484573364
0.03832601010799408 0.07621025294065475
0.03819809854030609 0.04190387576818466
0.03819422423839569 0.04792140796780586
0.03797353059053421 0.0644669160246849
0.03788395971059799 0.04114778712391853
0.03762572631239891 0.04384485259652138
0.037614431232213974 0.08773308992385864
0.03753775730729103 0.037557464092969894
0.03751290589570999 0.06049603596329689
0.037499770522117615 0.06810134649276733
0.03747986629605293 0.03774075582623482
0.037439338862895966 0.08270085602998734
0.03733474761247635 0.03962766379117966
0.03723067417740822 0.037276726216077805
0.03710221126675606 0.03836796432733536
0.03708462044596672 0.058948028832674026
0.0370178185403347 0.045011669397354126
0.036992158740758896 0.047616276890039444
0.03695646673440933 0.041373927146196365
0.036771226674318314 0.040789611637592316
0.036770302802324295 0.04684186726808548
0.036760859191417694 0.0880747064948082
0.03658541664481163 0.05716012790799141
0.036503247916698456 0.04442153871059418
0.03637778013944626 0.036946289241313934
0.03636859729886055 0.04016869515180588
0.03632218763232231 0.06578943878412247
0.03615143150091171 0.037466391921043396
0.03614896535873413 0.039954788982868195
0.036089956760406494 0.04942275211215019
0.03597638010978699 0.05420606583356857
0.035868268460035324 0.0443183071911335
0.03573252633213997 0.04354114830493927
0.03572460636496544 0.061892181634902954
0.035540200769901276 0.050354089587926865
0.03544781729578972 0.03672504797577858
0.035041604191064835 0.038956694304943085
0.034932952374219894 0.03500611335039139
0.0348464697599411 0.03637287765741348
0.0347772054374218 0.038715239614248276
0.034761201590299606 0.03858746960759163
0.0346694178879261 0.0456269271671772
0.03440007194876671 0.03904447704553604
0.034228187054395676 0.04008030146360397
0.03372859209775925 0.038644056767225266
0.03370849788188934 0.03384409844875336
0.033689770847558975 0.04028655216097832
0.03355252742767334 0.03783317282795906
0.03347067907452583 0.0404275581240654
0.033368006348609924 0.037392329424619675
0.03323141857981682 0.03821244463324547
0.03321489319205284 0.04135168343782425
0.03315548971295357 0.03730058670043945
0.03306962177157402 0.0353570394217968
0.03284795209765434 0.04244033619761467
0.0326802134513855 0.042536187916994095
0.03257922828197479 0.03440117463469505
0.03257182240486145 0.04011773690581322
0.03239418938755989 0.037968020886182785
0.032174356281757355 0.04437275230884552
0.03186308592557907 0.032025113701820374
0.03180551901459694 0.03271178901195526
0.0314255990087986 0.03262779116630554
0.03123699687421322 0.03125907853245735
0.031152991577982903 0.04255504533648491
0.030790075659751892 0.036066342145204544
0.030710743740200996 0.0339740514755249
0.030692556872963905 0.05200394243001938
0.030459851026535034 0.038902267813682556
0.030271785333752632 0.03264525532722473
0.02976144477725029 0.03690238296985626
0.02965470775961876 0.0324571318924427
0.029129885137081146 0.02939675748348236
0.028597110882401466 0.0384092703461647
0.028550229966640472 0.03368900716304779
0.028173619881272316 0.03238343819975853
0.028161603957414627 0.0379239059984684
0.028152747079730034 0.03237219154834747
0.02809787727892399 0.031085049733519554
0.027717653661966324 0.03653750568628311
0.027192329987883568 0.029351038858294487
0.026541991159319878 0.034817177802324295
0.026367908343672752 0.030400803312659264
0.026225509122014046 0.029079655185341835
0.025526149198412895 0.026175780221819878
0.024659069254994392 0.02703704871237278
0.02456134557723999 0.03512609750032425
0.024340447038412094 0.025194285437464714
0.024013174697756767 0.02620469219982624
0.022436734288930893 0.023584244772791862
0.022093024104833603 0.0235588401556015
0.02155030146241188 0.024045459926128387
0.020418625324964523 0.020829418674111366
0.019746944308280945 0.023567311465740204
0.016304966062307358 0.016858337447047234
